-20,-0.965051240502327
-19.9845921080858,-0.946202114448311
-19.9687662592697,-0.927692709750096
-19.9525484493661,-0.909515055484539
-19.935962865846,-0.891660728683632
-19.9190319899198,-0.874120987015748
-19.9017767020589,-0.85688687924083
-19.8842163878127,-0.839949336617163
-19.8663690416514,-0.823299248162973
-19.8482513672519,-0.806927522366028
-19.8298788731789,-0.790825137617168
-19.8112659633191,-0.774983183337118
-19.7924260217339,-0.759392893480695
-19.7733714918158,-0.744045673843961
-19.7541139497974,-0.728933124369996
-19.734664172772,-0.714047057447583
-19.7150322014579,-0.699379513022522
-19.6952273979881,-0.684922771191488
-19.6752584990293,-0.670669362820556
-19.6551336645485,-0.656612078622254
-19.6348605225414,-0.64274397703375
-19.6144462100336,-0.629058391162119
-19.5938974106511,-0.615548934998661
-19.5732203890408,-0.602209509050992
-19.5524210224059,-0.589034305497481
-19.5315048294022,-0.576017812932364
-19.5104769966233,-0.563154820740115
-19.4893424028846,-0.550440423113589
-19.4681056414991,-0.53787002271112
-19.446771040723,-0.525439333932484
-19.4253426825305,-0.513144385781835
-19.4038244198668,-0.500981524276835
-19.3822198925124,-0.488947414356895
-19.3605325416821,-0.477039041239219
-19.3387656234674,-0.465253711169087
-19.3169222212253,-0.453589051510085
-19.295005257004,-0.442043010120666
-19.2730175020882,-0.430613853965334
-19.2509615867408,-0.419300166911637
-19.2288400092084,-0.408100846667961
-19.206655144053,-0.397015100821708
-19.1844092498672,-0.386042441942632
-19.1621044764239,-0.375182681721883
-19.139742871307,-0.364435924123557
-19.1173263860657,-0.353802557532103
-19.0948568819323,-0.343283245885863
-19.0723361351365,-0.332878918794105
-19.0497658418511,-0.322590760642165
-19.0271476227958,-0.312420198696648
-19.0044830275279,-0.302368890230008
-18.9817735384433,-0.292438708691113
-18.9590205745102,-0.282631728955643
-18.9362254947562,-0.272950211697231
-18.9133896015273,-0.26339658692711
-18.8905141435362,-0.253973436756653
-18.8676003187154,-0.244683477443509
-18.8446492768888,-0.235529540787995
-18.8216621222762,-0.226514554952018
-18.7986399158427,-0.21764152477795
-18.7755836775024,-0.208913511689597
-18.7524943881896,-0.200333613261646
-18.7293729918038,-0.19190494254765
-18.7062203970396,-0.183630607259821
-18.6830374791085,-0.175513688896452
-18.6598250813595,-0.16755722191488
-18.6365840168071,-0.159764173049251
-18.61331506957,-0.152137420873219
-18.5900189962301,-0.144679735707899
-18.5666965271139,-0.137393759974958
-18.5433483675029,-0.130281989093714
-18.5199751987775,-0.123346753019452
-18.4965776794988,-0.116590198517905
-18.4731564464308,-0.110014272267997
-18.4497121155095,-0.103620704881506
-18.4262452827591,-0.09741099592431
-18.4027565251614,-0.091386400019336
-18.379246401479,-0.0855479141062794
-18.3557154530368,-0.0798962659276234
-18.3321642044631,-0.0744319038044881
-18.3085931643935,-0.0691549877594214
-18.2850028261399,-0.0640653820364504
-18.2613936683251,-0.0591626490615565
-18.2377661554878,-0.054446044879297
-18.214120738657,-0.0499145160935904
-18.1904578558992,-0.0455666983327555
-18.166777932839,-0.041400916250809
-18.1430813831556,-0.0374151850688256
-18.1193686090556,-0.0336072136518806
-18.095640001724,-0.0299744091087971
-18.0718959417541,-0.0265138828936604
-18.0481367995582,-0.0232224583798624
-18.0243629357596,-0.0200966798693869
-18.0005747015666,-0.0171328229921529
-17.9767724391305,-0.0143269064425854
-17.9529564818877,-0.0116747049931952
-17.9291271548862,-0.00917176371786961
-17.905284775099,-0.00681341335088934
-17.8814296517235,-0.00459478670136536
-17.8575620864682,-0.00251083603693696
-17.8336823738277,-0.000556351345187403
-17.8097908013456,0.00127402062363417
-17.7858876498673,0.00298575663332881
-17.7619731937819,0.00458443666238834
-17.7380477012548,0.00607572313621987
-17.7141114344505,0.00746533980114094
-17.6901646497466,0.00875905035225636
-17.6662075979402,0.00996263692857544
-17.6422405244447,0.0110818785893452
-17.6182636694806,0.0121225298855153
-17.5942772682582,0.0130902996395389
-17.5702815511534,0.0139908300453325
-17.546276743877,0.0148296761982004
-17.5222630676381,0.0156122861618545
-17.4982407393011,0.0163439816763744
-17.4742099715369,0.0170299396070567
-17.4501709729692,0.0176751742296158
-17.4261239483153,0.0182845204421752
-17.402069098522,0.0188626179889174
-17.3780066208965,0.0194138967742164
-17.3539367092337,0.0199425633395657
-17.329859553938,0.0204525885687007
-17.3057753421422,0.0209476966790115
-17.2816842578217,0.0214313555497321
-17.2575864819049,0.0219067684294861
-17.2334821923812,0.0223768670576404
-17.209371564404,0.0228443062256036
-17.1852547703915,0.02331145979577
-17.1611319801245,0.0237804181872863
-17.1370033608402,0.0242529873292836
-17.1128690773247,0.0247306890737027
-17.0887292920014,0.025214763051409
-17.0645841650175,0.0257061699470114
-17.0404338543285,0.0262055961596736
-17.0162785157791,0.0267134598093598
-16.9921183031832,0.0272299180403483
-16.967953368401,0.0277548755666135
-16.943783861414,0.0282879943967913
-16.9196099303989,0.0288287046699893
-16.8954317217985,0.0293762165277064
-16.8712493803918,0.0299295329416209
-16.847063049362,0.0304874634120333
-16.8228728703628,0.0310486384473248
-16.7986789835836,0.0316115247309589
-16.7744815278126,0.0321744408793217
-16.7502806404995,0.0327355736910734
-16.7260764578161,0.0332929947867187
-16.7018691147157,0.0338446775357584
-16.6776587449919,0.0343885141681018
-16.6534454813359,0.0349223329663862
-16.6292294553926,0.0354439154364466
-16.6050107978162,0.0359510133544347
-16.5807896383246,0.0364413655909459
-16.5565661057526,0.0369127146149889
-16.5323403281054,0.0373628225837003
-16.5081124326096,0.03778948692732
-16.4838825457655,0.0381905553431123
-16.4596507933969,0.0385639401165677
-16.4354173007016,0.0389076316933503
-16.4111821923009,0.0392197114310129
-16.3869455922882,0.0394983634654411
-16.3627076242778,0.0397418856332782
-16.338468411453,0.0399486993981747
-16.3142280766135,0.0401173587355392
-16.2899867422231,0.0402465579375217
-16.265744530457,0.0403351383071595
-16.2415015632482,0.040382093717917
-16.2172579623343,0.0403865750222225
-16.1930138493042,0.04034789329996
-16.1687340276775,0.040292657602108
-16.1444542060507,0.0402476444610528
-16.120174384424,0.0402126636359928
-16.0958945627972,0.0401876915628967
-16.0716147411705,0.0401728689261412
-16.0473349195438,0.0401684971668525
-16.023055097917,0.0401750339665642
-15.9987752762903,0.0401930877505255
-15.9744954546635,0.040223411260325
-15.9502156330368,0.0402668942504074
-15.92593581141,0.0403245553675296
-15.9016559897833,0.0403975332761996
-15.8773761681565,0.0404870770966495
-15.8530963465298,0.0405945362248981
-15.828816524903,0.0407213496069383
-15.8045367032763,0.0408690345410481
-15.7802568816495,0.0410391750836448
-15.7559770600228,0.0412334101350048
-15.731697238396,0.0414534212815362
-15.7074174167693,0.0417009204711476
-15.6831375951425,0.0419776375975994
-15.6588577735158,0.0422853080685784
-15.634577951889,0.0426256604306168
-15.6102981302623,0.0430004041219118
-15.5860183086355,0.0434112174216052
-15.5617384870088,0.0438597356611956
-15.537458665382,0.0443475397605015
-15.5131788437553,0.0448761451470059
-15.4888990221285,0.0454469911135315
-15.4646192005018,0.0460614306650484
-15.440339378875,0.0467207209010529
-15.4160595572483,0.0474260139754065
-15.3917797356216,0.0481783486708301
-15.3674999139948,0.0489786426204534
-15.3432200923681,0.0498276852039597
-15.3189402707413,0.0507261311409841
-15.2946604491146,0.0516744947995501
-15.2703806274878,0.0526731452325179
-15.2461008058611,0.0537223019502867
-15.2218209842343,0.054822031433387
-15.1975411626076,0.0559722443841518
-15.1732613409808,0.05717269371239
-15.1489815193541,0.0584229732459322
-15.1247016977273,0.0597225171531133
-15.1004218761006,0.0610706000606952
-15.0761420544738,0.0624663378474715
-15.0518622328471,0.06390868909081
-15.0275824112203,0.0653964571407308
-15.0033025895936,0.0669282927937598
-14.9790227679668,0.0685026975367778
-14.9547429463401,0.070118027329386
-14.9304631247133,0.0717724968919333
-14.9061833030866,0.0734641844653068
-14.8819034814598,0.0751910370078504
-14.8576236598331,0.0769508757943489
-14.8333438382063,0.078741402381888
-14.8090640165796,0.0805602049075379
-14.7847841949529,0.0824047646832226
-14.7605043733261,0.0842724630537811
-14.7362245516994,0.0861605884850986
-14.7119447300726,0.0880663438502475
-14.6876649084459,0.0899868538828186
-14.6633850868191,0.0919191727680065
-14.6391052651924,0.093860291843516
-14.6148254435656,0.0958071473839566
-14.5905456219389,0.0977566284440553
-14.5662658003121,0.099705584737724
-14.5419859786854,0.101650834531735
-14.5177061570586,0.103589172534468
-14.4934263354319,0.105517377761852
-14.4691465138051,0.107432221364264
-14.4448666921784,0.109330474399638
-14.4205868705516,0.111208915539508
-14.3963070489249,0.113064338696005
-14.3720272272981,0.114893560558997
-14.3477474056714,0.116693428033633
-14.3234675840446,0.118460825569392
-14.2991877624179,0.120192682372473
-14.2749079407911,0.121885979493914
-14.2506281191644,0.123537756786181
-14.2263482975376,0.125145119721192
-14.2020684759109,0.126705246062765
-14.1777886542842,0.128215392386339
-14.1535088326574,0.129672900438567
-14.1292290110307,0.1310752033289
-14.1049491894039,0.132419831544785
-14.0806693677772,0.133704418781353
-14.0563895461504,0.134926707575767
-14.0321097245237,0.136084554735488
-14.0078299028969,0.137175936548834
-13.9835500812702,0.138198953765237
-13.9592702596434,0.13915183633163
-13.9349904380167,0.140032947870445
-13.9107106163899,0.140840789883731
-13.8864307947632,0.141574005667069
-13.8621509731364,0.1422313839161
-13.8378711515097,0.142811862007825
-13.8135913298829,0.143314528938206
-13.7893115082562,0.143738627897195
-13.7650316866294,0.144083558462013
-13.7407518650027,0.144348878389414
-13.7164720433759,0.144534304987768
-13.6921922217492,0.144639716050109
-13.6679124001224,0.144665150329827
-13.6436325784957,0.144610807541471
-13.6193527568689,0.144477047870102
-13.5950729352422,0.144264390973944
-13.5707931136154,0.143973514466553
-13.5465132919887,0.143605251866469
-13.5222334703619,0.143160590004348
-13.4979536487352,0.142640665879749
-13.4736738271085,0.142046762962262
-13.4493940054817,0.141380306934269
-13.425114183855,0.14064286087555
-13.4008343622282,0.13983611989296
-13.3765545406015,0.138961905201615
-13.3522747189747,0.138022157667365
-13.327994897348,0.137018930823786
-13.3037150757212,0.135954383380461
-13.2794352540945,0.134830771242907
-13.2551554324677,0.13365043906814
-13.230875610841,0.132415811383463
-13.2065957892142,0.131129383299672
-13.1823159675875,0.129793710853365
-13.1580361459607,0.128411401016448
-13.133756324334,0.126985101414244
-13.1094765027072,0.125517489796678
-13.0851966810805,0.124011263309957
-13.0609168594537,0.122469127618859
-13.036637037827,0.120893785932145
-13.0123572162002,0.119287927985801
-12.9880773945735,0.117654219040615
-12.9637975729467,0.115995288952147
-12.93951775132,0.114313721372253
-12.9152379296933,0.112612043142147
-12.8909581080665,0.11089271393736
-12.8666782864398,0.109158116224929
-12.842398464813,0.10741054559276
-12.8181186431863,0.105652201510241
-12.7938388215595,0.10388517857792
-12.7695589999328,0.102111458322396
-12.745279178306,0.100332901590447
-12.7209993566793,0.0985512415939081
-12.6967195350525,0.0967680776538965
-12.6724397134258,0.0949848696896625
-12.648159891799,0.0932029334936763
-12.6238800701723,0.091423436830512
-12.5996002485455,0.0896473963927357
-12.5753204269188,0.0878756756423261
-12.551040605292,0.0861089835612142
-12.5267607836653,0.0843478743293326
-12.5024809620385,0.0825927479431577
-12.4782011404118,0.0808438517821428
-12.453921318785,0.079101283124712
-12.4296414971583,0.0773649926096518
-12.4053616755315,0.0756347886328379
-12.3810818539048,0.0739103426633174
-12.356802032278,0.0721911954568509
-12.3325222106513,0.0704767641391757
-12.3082423890245,0.0687663501254915
-12.2839625673978,0.0670591478370581
-12.2596827457711,0.0653542541703528
-12.2354029241443,0.0636506786690154
-12.2111231025176,0.0619473543438403
-12.1868432808908,0.0602431490813996
-12.1625634592641,0.0585368775775282
-12.1382836376373,0.0568273137279108
-12.1140038160106,0.0551132034044024
-12.0897239943838,0.0533932775425294
-12.0654441727571,0.0516662654628644
-12.0411643511303,0.0499309083466895
-12.0168845295036,0.0481859727845557
-11.9926047078768,0.0464302643150462
-11.9683248862501,0.0446626408702593
-11.9440450646233,0.0428820260442536
-11.9197652429966,0.041087422100958
-11.8954854213698,0.039277922638831
-11.8712055997431,0.0374527248308682
-11.8469257781163,0.0356111411603952
-11.8226459564896,0.0337526105754303
-11.7983661348628,0.0318767089872617
-11.7740863132361,0.0299831590422213
-11.7498064916093,0.0280718390994547
-11.7255266699826,0.0261427913517432
-11.7012468483558,0.0241962290311206
-11.6769670267291,0.0222325426461046
-11.6526872051024,0.0202523052028077
-11.6284073834756,0.0182562763679691
-11.6041275618489,0.0162454055380213
-11.5798477402221,0.0142208337846399
-11.5555679185954,0.0121838946537769
-11.5312880969686,0.0101361138019098
-11.5070082753419,0.00807920746011108
-11.4827284537151,0.00601507972350607
-11.4584486320884,0.00394581867070062
-11.4341688104616,0.00187369132478252
-11.4098889888349,-0.000198862525517957
-11.3856091672081,-0.00226923761902537
-11.3613293455814,-0.0043346715974176
-11.3370495239546,-0.00639225442376901
-11.3127697023279,-0.00843893879909352
-11.2884898807011,-0.0104715515255056
-11.2642100590744,-0.0124868057587799
-11.2399302374476,-0.0144813140875751
-11.2156504158209,-0.0164516023714468
-11.1913705941941,-0.0183941242650263
-11.1670907725674,-0.0203052763514315
-11.1428109509406,-0.0221814138041148
-11.1185311293139,-0.0240188664929822
-11.0942513076871,-0.025813955447749
-11.0699714860604,-0.027563009589148
-11.0456916644336,-0.0292623826368029
-11.0214118428069,-0.0309084701013177
-10.9971320211802,-0.0324977262674341
-10.9728521995534,-0.03402668107497
-10.9485723779267,-0.0354919568046769
-10.9242925562999,-0.0368902844771357
-10.9000127346732,-0.0382185198743484
-10.8757329130464,-0.0394736590957607
-10.8514530914197,-0.0406528535630581
-10.8271732697929,-0.0417534243911966
-10.8028934481662,-0.0427728760467358
-10.7786136265394,-0.0437089092186203
-10.7543338049127,-0.044559432831068
-10.7300539832859,-0.0453225751331503
-10.7057741616592,-0.0459966938049503
-10.6814943400324,-0.0465803850258343
-10.6572145184057,-0.0470724914563195
-10.6329346967789,-0.047472109091245
-10.6086548751522,-0.0477785929483974
-10.5843750535254,-0.0479915615633774
-10.5600952318987,-0.0481109002682679
-10.5358154102719,-0.0481367632385404
-10.5115355886452,-0.0480695742995706
-10.4872557670184,-0.0479100264910737
-10.4629759453917,-0.0476590803946849
-10.4386961237649,-0.0473179612367488
-10.4144163021382,-0.046888154785098
-10.3901364805115,-0.0463714020651654
-10.3658566588847,-0.0457696929271368
-10.341576837258,-0.0450852585019748
-10.3172970156312,-0.0443205625899979
-10.2930171940045,-0.043478292031244
-10.2687373723777,-0.0425613461120479
-10.244457550751,-0.0415728250671015
-10.2201777291242,-0.0405160177406998
-10.1958979074975,-0.0393943884748967
-10.1716180858707,-0.0382115632958709
-10.147338264244,-0.0369713154729191
-10.1230584426172,-0.0356775505271436
-10.0987786209905,-0.0343342907690579
-10.0744987993637,-0.0329456594460064
-10.050218977737,-0.0315158645814672
-10.0259391561102,-0.0300491825889816
-10.0016593344835,-0.0285499417436357
-9.97737951285674,-0.0270225055937101
-9.95309969122999,-0.0254712563943264
-9.92881986960324,-0.0239005786436565
-9.90454004797649,-0.0223148428005552
-9.88026022634974,-0.0207183892603227
-9.855980404723,-0.0191155126627424
-9.83170058309625,-0.0175104466035813
-9.8074207614695,-0.0159073488174167
-9.78314093984275,-0.0143102868959846
-9.758861118216,-0.0127232246022701
-9.73458129658925,-0.0111500088363009
-9.71030147496251,-0.00959435730409625
-9.68602165333576,-0.00805984693650377
-9.66174183170901,-0.0065499030997474
-9.63746201008226,-0.00506778963446096
-9.61318218845551,-0.00361659975481537
-9.58890236682877,-0.00219924783410728
-9.56462254520202,-0.000818462097891937
-9.54034272357527,0.000523221759546
-9.51606290194852,0.00182346602485808
-9.49178308032177,0.00308013547611202
-9.46750325869503,0.00429130095387983
-9.44322343706828,0.00545524199772103
-9.41894361544153,0.00657044855769096
-9.39466379381478,0.00763562179516716
-9.37038397218803,0.00864967399175024
-9.34610415056129,0.00961172758922615
-9.32182432893454,0.0105211133875662
-9.29754450730779,0.0113773679316542
-9.27326468568104,0.0121802301208671
-9.24898486405429,0.0129296370787686
-9.22470504242755,0.013625719322997
-9.2004252208008,0.0142687952779348
-9.17614539917405,0.0148593651749203
-9.1518655775473,0.0153981043866094
-9.12758575592055,0.0158858562436009
-9.10330593429381,0.0163236243826208
-9.07902611266706,0.0167125646764053
-9.05474629104031,0.0170539767959406
-9.03046646941356,0.0173492954559251
-9.00618664778681,0.0176000813942069
-8.98190682616007,0.01780801213555
-8.95762700453332,0.0179748725893882
-8.93334718290657,0.0181025455302678
-8.90906736127982,0.0181930020084655
-8.88478753965307,0.0182482917368152
-8.86050771802632,0.0182705334981071
-8.83622789639958,0.0182619056155561
-8.81194807477283,0.0182246365267852
-8.78766825314608,0.0181609954995665
-8.76338843151933,0.0180732835252199
-8.73910860989258,0.0179638244231122
-8.71482878826584,0.0178349561871485
-8.69054896663909,0.0176890226025245
-8.66626914501234,0.0175283651583335
-8.64198932338559,0.0173553152789189
-8.61770950175885,0.0171721868941444
-8.5934296801321,0.016981269366048
-8.56914985850535,0.0167848207866661
-8.5448700368786,0.0165850616591747
-8.52059021525185,0.0163841689719211
-8.4963103936251,0.0161842706724146
-8.47203057199836,0.0159874405459337
-8.44775075037161,0.0157956935010936
-8.42347092874486,0.0156109812625171
-8.39919110711811,0.0154351884686727
-8.37491128549136,0.0152701291709899
-8.35063146386462,0.0151175437285501
-8.32635164223787,0.0149790960909724
-8.30207182061112,0.014856371460582
-8.27779199898437,0.0147508743235642
-8.25351217735762,0.0146640268385668
-8.22923235573088,0.0145971675701203
-8.20495253410413,0.0145515505532964
-8.18067271247738,0.0145283446752173
-8.15639289085063,0.0145286333583608
-8.13211306922388,0.0145534145300651
-8.10783324759714,0.0146036008622312
-8.08355342597039,0.0146800202649289
-8.05927360434364,0.0147834166174365
-8.03499378271689,0.0149144507201765
-8.01071396109014,0.0150737014510345
-7.98643413946339,0.0152616671096691
-7.96215431783665,0.0154787669336187
-7.9378744962099,0.0157253427702832
-7.91359467458315,0.0160016608891967
-7.8893148529564,0.0163079139193981
-7.86503503132965,0.0166442228971507
-7.84075520970291,0.0170106394097423
-7.81647538807616,0.0174071478216126
-7.79219556644941,0.0178336675695967
-7.76791574482266,0.018290055514636
-7.74363592319591,0.0187761083378841
-7.71935610156917,0.019291564969718
-7.69507627994242,0.0198361090407604
-7.67079645831567,0.0204093713446035
-7.64651663668892,0.0210109323025182
-7.62223681506218,0.021640324421013
-7.59795699343543,0.0222970347336821
-7.57367717180868,0.0229805072193526
-7.54939735018193,0.0236901451890932
-7.52511752855518,0.0244253136351994
-7.50083770692843,0.0251853415358032
-7.47655788530169,0.0259695241092843
-7.45227806367494,0.0267771250131794
-7.42799824204819,0.027607378482794
-7.40371842042144,0.0284594914052268
-7.37943859879469,0.0293326453250139
-7.35515877716795,0.0302259983780928
-7.3308789555412,0.0311386871512777
-7.30659913391445,0.0320698284649248
-7.2823193122877,0.0330185210769558
-7.25803949066095,0.0339838473068926
-7.23375966903421,0.0349648745790473
-7.20947984740746,0.0359606568844966
-7.18520002578071,0.0369702361619618
-7.16092020415396,0.0379926435982028
-7.13664038252721,0.0390269008490214
-7.11236056090046,0.040072021182457
-7.08808073927372,0.0411270105462363
-7.06380091764697,0.0421908685620128
-7.03952109602022,0.0432625894493987
-7.01524127439347,0.0443411628832424
-6.99096145276672,0.0454255747880421
-6.96668163113998,0.0465148080738028
-6.94240180951323,0.0476078433180382
-6.91812198788648,0.048703659398984
-6.89384216625973,0.0498012340854239
-6.86956234463298,0.0508995445888251
-6.84528252300624,0.0519975680837403
-6.82100270137949,0.0530942822026398
-6.79672287975274,0.0541886655115068
-6.77244305812599,0.0552796979726308
-6.74816323649924,0.0563663614010955
-6.7238834148725,0.0574476399214461
-6.69960359324575,0.0585225204309578
-6.675323771619,0.0595899930757904
-6.65104394999225,0.0606490517461267
-6.6267641283655,0.06169869459612
-6.60248430673875,0.0627379245941577
-6.57820448511201,0.0637657501085503
-6.55392466348526,0.064781185533304
-6.52964484185851,0.0657832519581174
-6.50536502023176,0.0667709778861748
-6.48108519860502,0.0677434000026797
-6.45680537697827,0.0686995639964062
-6.43252555535152,0.0696385254358275
-6.40824573372477,0.070559350700637
-6.38396591209802,0.0714611179686982
-6.35968609047128,0.0723429182576677
-6.33540626884453,0.0732038565197246
-6.31112644721778,0.0740430527870341
-6.28684662559103,0.0748596433647684
-6.26256680396428,0.0756527820677207
-6.23828698233753,0.0764216414957906
-6.21400716071079,0.077165414342891
-6.18972733908404,0.0778833147331471
-6.16544751745729,0.0785745795776325
-6.14116769583054,0.0792384699443231
-6.1168878742038,0.0798742724334582
-6.09260805257705,0.0804813005500832
-6.0683282309503,0.0810588960652248
-6.04404840932355,0.0816064303569108
-6.0197685876968,0.0821233057221111
-5.99548876607005,0.0826089566506424
-5.97120894444331,0.0830628510521434
-5.94692912281656,0.0834844914274065
-5.92264930118981,0.0838734159756337
-5.89836947956306,0.0842291996295707
-5.87408965793631,0.0845514550109707
-5.84980983630957,0.0848398332994295
-5.82553001468282,0.0850940250083282
-5.80125019305607,0.0853137606623976
-5.77697037142932,0.0854988113722873
-5.75269054980257,0.0856489893024591
-5.72841072817583,0.08576414802973
-5.70413090654908,0.0858441827908543
-5.67985108492233,0.0858890306186329
-5.65557126329558,0.0858986703671765
-5.63129144166883,0.085873122628102
-5.60701162004209,0.0858124495406009
-5.58273179841534,0.0857167544994651
-5.55845197678859,0.0855861817662841
-5.53417215516184,0.0854209159901162
-5.50989233353509,0.0852211816449715
-5.48561251190834,0.084987242392418
-5.4613326902816,0.0847194003785155
-5.43705286865485,0.0844179954750816
-5.4127730470281,0.0840834044759943
-5.38849322540135,0.083716040259817
-5.36421340377461,0.0833163509304904
-5.33993358214786,0.0828848189481607
-5.31565376052111,0.0824219602623963
-5.29137393889436,0.0819283234600821
-5.26709411726761,0.0814044889401593
-5.24281429564086,0.0808510681271162
-5.21853447401412,0.0802687027346977
-5.19425465238737,0.0796580640907258
-5.16997483076062,0.0790198525331803
-5.14569500913387,0.0783547968868059
-5.12141518750712,0.0776636540284763
-5.09713536588038,0.0769472085483824
-5.07285554425363,0.076206272512812
-5.04857572262688,0.0754416853328765
-5.02429590100013,0.0746543137420229
-5.00001607937338,0.0738450518835583
-4.97573625774664,0.0730148215077294
-4.95145643611989,0.0721645722761512
-4.92717661449314,0.071295282169588
-4.90289679286639,0.0704079579932758
-4.87861697123964,0.0695036359721471
-4.8543371496129,0.068583382426508
-4.83005732798615,0.0676482945169346
-4.8057775063594,0.0666995010454241
-4.78149768473265,0.0657381632981684
-4.7572178631059,0.0647654759137465
-4.73293804147916,0.0637826677590611
-4.70865821985241,0.0627910027939971
-4.68437839822566,0.0617917809045787
-4.66009857659891,0.0607863386833533
-4.63581875497216,0.059776050134854
-4.61153893334542,0.0587623272833034
-4.58725911171867,0.0577466206592273
-4.56297929009192,0.0567304196413612
-4.53869946846517,0.0557152526301611
-4.51441964683842,0.0547026870293848
-4.49013982521168,0.0536943290125862
-4.46586000358493,0.0526918230519788
-4.44158018195818,0.051696851187963
-4.41730036033143,0.0507111320186826
-4.39302053870468,0.049736419390277
-4.36874071707793,0.0487745007700099
-4.34446089545119,0.0478271952861927
-4.32018107382444,0.0468963514207553
-4.29590125219769,0.0459838443424516
-4.27162143057094,0.0450915728709979
-4.24734160894419,0.0442214560649217
-4.22306178731745,0.0433754294285253
-4.1987819656907,0.0425554407361322
-4.17450214406395,0.0417634454746548
-4.1502223224372,0.0410014019084888
-4.12594250081045,0.0402712657737778
-4.10166267918371,0.0395749846121767
-4.07738285755696,0.0389144917573569
-4.05310303593021,0.0382916999906098
-4.02882321430346,0.0377084948850001
-4.00454339267671,0.0371667278605701
-3.98026357104997,0.0366682089760761
-3.95598374942322,0.0362146994856254
-3.93170392779647,0.0358079041913552
-3.90742410616972,0.0354494636259272
-3.88314428454297,0.0351409461010848
-3.85886446291623,0.0348838396608096
-3.83458464128948,0.0346795439797061
-3.81030481966273,0.0345293622491072
-3.78602499803598,0.0344344930950293
-3.76174517640923,0.0343960225734801
-3.73746535478249,0.0344149162897303
-3.71318553315574,0.0344920116889908
-3.68890571152899,0.0346280105664739
-3.66462588990224,0.0348234718450519
-3.64034606827549,0.0350788046686569
-3.61606624664875,0.0353942618591853
-3.591786425022,0.0357699337839725
-3.56750660339525,0.0362057426798891
-3.5432267817685,0.0367014374787914
-3.51894696014175,0.0372565891774161
-3.494667138515,0.0378705867928772
-3.47038731688826,0.0385426339426806
-3.44610749526151,0.0392717460856599
-3.42182767363476,0.040056748457432
-3.39754785200801,0.0408962747309222
-3.37326803038126,0.0417887664292069
-3.34898820875452,0.0427324731143944
-3.32470838712777,0.043725453372529
-3.30042856550102,0.0447655766105886
-3.27614874387427,0.0458505256775509
-3.25186892224752,0.0469778003172848
-3.22758910062078,0.048144721456677
-3.20330927899403,0.0493484363279691
-3.17902945736728,0.050585924419785
-3.15474963574053,0.0518540042467912
-3.13046981411378,0.0531493409233882
-3.10618999248704,0.0544684545223073
-3.08191017086029,0.0558077291945033
-3.05763034923354,0.0571634230223345
-3.03335052760679,0.0585316785737149
-3.00907070598004,0.0599085341207543
-2.9847908843533,0.0612899354823848
-2.96051106272655,0.0626717484466436
-2.9362312410998,0.064049771724653
-2.91195141947305,0.0654197503849516
-2.8876715978463,0.0667773897136897
-2.86339177621956,0.0681183694433414
-2.83911195459281,0.0694383582900223
-2.81483213296606,0.0707330287372429
-2.79055231133931,0.0719980720020112
-2.76627248971256,0.0732292131176122
-2.74199266808581,0.0744222260661674
-2.71771284645907,0.0755729488932164
-2.69343302483232,0.0766772987360725
-2.66915320320557,0.0777312866975881
-2.64487338157882,0.0787310324972354
-2.62059355995207,0.0796727788320471
-2.59631373832533,0.0805529053809836
-2.57203391669858,0.0813679423876889
-2.54775409507183,0.0821145837583457
-2.52347427344508,0.0827896996134587
-2.49919445181833,0.0833903482348425
-2.47491463019159,0.0839137873518738
-2.45063480856484,0.0843574847141596
-2.42635498693809,0.0847191279011594
-2.40207516531134,0.0849966333229567
-2.37779534368459,0.0851881543702852
-2.35351552205785,0.0852920886760489
-2.3292357004311,0.0853070844549161
-2.30495587880435,0.0852320458920722
-2.2806760571776,0.0850661375568829
-2.25639623555085,0.0848087878219925
-2.23211641392411,0.0844596912732482
-2.20783659229736,0.0840188101007739
-2.18355677067061,0.0834863744664687
-2.15927694904386,0.0828628818481644
-2.13499712741711,0.082149095365607
-2.11071730579037,0.0813460410982924
-2.08643748416362,0.0804550044099705
-2.06215766253687,0.0794775252992998
-2.03787784091012,0.078415392800655
-2.01359801928337,0.0772706384634522
-1.98931819765663,0.0760455289425188
-1.96503837602988,0.074742557735988
-1.94075855440313,0.07336443611091
-1.91647873277638,0.0719140832602404
-1.89219891114963,0.0703946157380503
-1.86791908952289,0.0688093362227082
-1.84363926789614,0.0671617216603927
-1.81935944626939,0.0654554108435821
-1.79507962464264,0.0636941914811515
-1.77079980301589,0.0618819868183522
-1.74651998138914,0.0600228418662807
-1.7222401597624,0.0581209093014296
-1.69796033813565,0.0561804350965825
-1.6736805165089,0.054205743944655
-1.64940069488215,0.0522012245370939
-1.6251208732554,0.0501713147581569
-1.60084105162866,0.0481204868557883
-1.57656123000191,0.0460532326489084
-1.55228140837516,0.0439740488297596
-1.52800158674841,0.0418874224184955
-1.50372176512166,0.0397978164255102
-1.47944194349492,0.0377096557750573
-1.45516212186817,0.0356273135415608
-1.43088230024142,0.0335550975476606
-1.40660247861467,0.0314972373705011
-1.38232265698792,0.029457871800075
-1.35804283536118,0.0274410367905972
-1.33376301373443,0.0254506539429255
-1.30948319210768,0.0234905195529931
-1.28520337048093,0.0215642942580731
-1.26092354885418,0.0196754933095123
-1.23664372722744,0.0178274774973268
-1.21236390560069,0.0160234447488045
-1.18808408397394,0.0142664224199997
-1.16380426234719,0.0125592602957653
-1.13952444072044,0.0109046243107604
-1.1152446190937,0.00930499100070892
-1.09096479746695,0.0077626426900885
-1.0666849758402,0.00627966341940611
-1.04240515421345,0.00485793561228359
-1.0181253325867,0.00349913747974223
-0.993845510959955,0.00220474115634828
-0.969565689333207,0.000976011560276636
-0.945285867706459,-0.000185994033135711
-0.921006046079711,-0.00128042571712694
-0.896726224452963,-0.00230663999353287
-0.872446402826215,-0.0032641981441698
-0.848166581199467,-0.0041528639525845
-0.823886759572719,-0.00497260079697374
-0.799606937945971,-0.00572356813671948
-0.775327116319223,-0.00640611741649462
-0.751047294692475,-0.00702078741325207
-0.726767473065727,-0.00756829905263515
-0.702487651438979,-0.00804954972242823
-0.67820782981223,-0.00846560711161991
-0.653928008185482,-0.00881770260446496
-0.629648186558734,-0.00910722425962834
-0.605368364931986,-0.00933570940506201
-0.581088543305238,-0.00950483687971722
-0.55680872167849,-0.0096164189535379
-0.532528900051742,-0.00967239295740893
-0.508249078424994,-0.00967481265486661
-0.483969256798246,-0.00962583938740694
-0.459689435171498,-0.00952773302516741
-0.43540961354475,-0.00938284275460895
-0.411129791918002,-0.009193597734589
-0.386849970291254,-0.00896249765190558
-0.362570148664506,-0.00869210320700278
-0.338290327037758,-0.00838502656006772
-0.31401050541101,-0.00804392176722185
-0.289730683784262,-0.00767147523591477
-0.265450862157514,-0.00727039622797648
-0.241171040530766,-0.00684340743806809
-0.216891218904017,-0.00639323567450385
-0.192611397277269,-0.00592260266859206
-0.168331575650521,-0.00543421603776982
-0.144051754023773,-0.00493076042688063
-0.119771932397025,-0.00441488885097535
-0.0954921107702772,-0.00388921426199933
-0.0712122891435292,-0.00335630136067068
-0.0469324675167811,-0.00281865867375553
-0.0226526458900331,-0.00227873091580733
0.001627175736715,-0.00173889165326346
0.0259069973634631,-0.00120143628758559
0.0501868189902111,-0.000668575372889446
0.0744666406169592,-0.000142428282245324
0.0987464622437072,0.000374982764461365
0.123026283870455,0.00088173829953473
0.147306105497203,0.00137602682308915
0.171585927123951,0.00185614962638417
0.195865748750699,0.0023205252153217
0.220145570377448,0.00276769332791008
0.244425392004196,0.0031963185408537
0.268705213630944,0.00360519346177852
0.292985035257692,0.00399324150493736
0.31726485688444,0.00435951924956042
0.341544678511188,0.00470321838131301
0.365824500137936,0.00502366721858642
0.390104321764684,0.00532033182658125
0.414384143391432,0.00559281672332899
0.43866396501818,0.00584086518293962
0.462943786644928,0.00606435914244996
0.487223608271676,0.00626331871967246
0.511503429898424,0.00643790135040905
0.535783251525172,0.00658840055428188
0.56006307315192,0.0067152443392512
0.584342894778668,0.00681899325562557
0.608622716405416,0.00690033811102233
0.632902538032164,0.00696009735830174
0.657182359658912,0.00699921416897682
0.68146218128566,0.00701875320498536
0.705742002912409,0.00701989710200704
0.730021824539157,0.00700394267771111
0.754301646165905,0.00697229687843339
0.778581467792653,0.00692647247780437
0.802861289419401,0.00686808354078861
0.827141111046149,0.00679884066644964
0.851420932672897,0.006720546022534
0.875700754299645,0.00663508818466942
0.899980575926393,0.00654443679261542
0.924260397553141,0.00645063703558063
0.948540219179889,0.00635580397815507
0.972820040806637,0.00626211673789116
0.997099862433385,0.00617181252502474
1.02137968406013,0.0060871805542625
1.04565950568688,0.00601055583798392
1.06993932731363,0.00594431286963015
1.09421914894038,0.00589085920548637
1.11849897056713,0.00585262895251979
1.14277879219387,0.00583207616942801
1.16705861382062,0.0058316681875864
1.19133843544737,0.00585387885817826
1.21561825707412,0.00590118173144835
1.23989807870087,0.00597604317376062
1.26417790032761,0.00608091542796161
1.28845772195436,0.00621822962247185
1.31273754358111,0.00639038873455015
1.33701736520786,0.00659976051330501
1.36129718683461,0.00684867036827564
1.38557700846135,0.00713939422977049
1.4098568300881,0.0074741513876356
1.43413665171485,0.00785509731573616
1.4584164733416,0.0082843164901641
1.48269629496835,0.00876381521003468
1.50697611659509,0.00929551443069965
1.53125593822184,0.00988124262028105
1.55553575984859,0.0105227286516046
1.57981558147534,0.0112215947428832
1.60409540310209,0.0119793494618522
1.62837522472883,0.0127973808094786
1.65265504635558,0.013676949400843
1.67693486798233,0.0146191817623094
1.70121468960908,0.0156250637656342
1.72549451123583,0.0166954342212099
1.74977433286257,0.0178309786541642
1.77405415448932,0.0190322232885278
1.79833397611607,0.0202995292661189
1.82261379774282,0.0216330871281498
1.84689361936957,0.0230329115888173
1.87117344099632,0.024498836631276
1.89545326262306,0.026030510957384
1.91973308424981,0.0276273938234405
1.94401290587656,0.0292887512947737
1.96829272750331,0.0310136529524781
1.99257254913006,0.0328009690858099
2.0168523707568,0.0346493684037227
2.04113219238355,0.03655731629874
2.0654120140103,0.0385230736958039
2.08969183563705,0.0405446965179009
2.1139716572638,0.0426200357991327
2.13825147889054,0.0447467384744715
2.16253130051729,0.0469222488736971
2.18681112214404,0.0491438109449783
2.21109094377079,0.0514084712312056
2.23537076539754,0.0537130826195379
2.25965058702428,0.0560543088816767
2.28393040865103,0.0584286300191519
2.30821023027778,0.0608323484243991
2.33249005190453,0.0632615958646477
2.35676987353128,0.0657123412916388
2.38104969515802,0.0681803994759729
2.40532951678477,0.0706614404604801
2.42960933841152,0.0731509998224238
2.45388916003827,0.0756444897296357
2.47816898166502,0.0781372107708568
2.50244880329176,0.0806243645356614
2.52672862491851,0.083101066914405
2.55100844654526,0.0855623620837001
2.57528826817201,0.0880032371380146
2.59956808979876,0.0904186373231556
2.6238479114255,0.092803481822677
2.64812773305225,0.0951526800436725
2.672407554679,0.0974611483440271
2.69668737630575,0.0997238271390339
2.7209671979325,0.101935698321379
2.74524701955924,0.104091802924886
2.76952684118599,0.106187258959142
2.79380666281274,0.108217279339192
2.81808648443949,0.110177189831986
2.84236630606624,0.112062446939132
2.86664612769299,0.113868655633863
2.89092594931973,0.115591586868921
2.91520577094648,0.117227194771326
2.93948559257323,0.1187716334398
2.96376541419998,0.120221273260888
2.98804523582673,0.121572716660614
3.01232505745347,0.122822813209837
3.03660487908022,0.123968674003296
3.06088470070697,0.125007685234692
3.08516452233372,0.125937520892985
3.10944434396047,0.126756154508443
3.13372416558721,0.127461869880797
3.15800398721396,0.128053270726099
3.18228380884071,0.128529289183626
3.20656363046746,0.128889193129246
3.23084345209421,0.129132592247149
3.25512327372095,0.129259442817689
3.2794030953477,0.129270051185185
3.30368291697445,0.129165075875944
3.3279627386012,0.12894552834338
3.35224256022795,0.128612772323934
3.37652238185469,0.128168521794415
3.40080220348144,0.127614837528477
3.42508202510819,0.126954122257013
3.44936184673494,0.12618911444438
3.47364166836169,0.125322880699426
3.49792148998843,0.124358806847299
3.52220131161518,0.123300587694857
3.54648113324193,0.122152215529204
3.57076095486868,0.120917967395352
3.59504077649543,0.119602391205227
3.61932059812218,0.118210290736182
3.64360041974892,0.116746709582766
3.66788024137567,0.115216914130757
3.69216006300242,0.11362637562731
3.71643988462917,0.111980751425489
3.74071970625592,0.110285865485456
3.76499952788266,0.108547688218083
3.78927934950941,0.106772315759782
3.81355917113616,0.104965948769889
3.83783899276291,0.103134870843928
3.86211881438966,0.101285426637578
3.8863986360164,0.099423999797143
3.91067845764315,0.0975569907927228
3.9349582792699,0.0956907947502371
3.95923810089665,0.0938317793778054
3.9835179225234,0.0919862630808853
4.00779774415014,0.0901604933589396
4.03207756577689,0.0883606255743017
4.05635738740364,0.0865927021813301
4.08063720903039,0.0848626325009298
4.10491703065714,0.0831761731220694
4.12919685228388,0.081538909008087
4.15347667391063,0.0799562353813633
4.17775649553738,0.0784333404553886
4.20203631716413,0.0769751890783823
4.22631613879088,0.0755865073474875
4.25059596041762,0.0742717682471633
4.27487578204437,0.0730351783598064
4.29915560367112,0.0718806656908519
4.32343542529787,0.070811868644683
4.34771524692462,0.0698321261816594
4.37199506855136,0.0689444691804785
4.39627489017811,0.0681516130239538
4.42055471180486,0.0674559514201699
4.44483453343161,0.066859551464881
4.46911435505836,0.0663641499449954
4.49339417668511,0.0659711508770699
4.51767399831185,0.0656816242689506
4.5419538199386,0.0654963060870704
4.56623364156535,0.0654155994064918
4.5905134631921,0.0654395767155666
4.61479328481885,0.0655679833421283
4.63907310644559,0.0658002419634402
4.66335292807234,0.0661354581577253
4.68763274969909,0.0665724269510182
4.71191257132584,0.0671096403093297
4.73619239295259,0.0677452955227044
4.76047221457933,0.068477304424714
4.78475203620608,0.069303303388252
4.80903185783283,0.0702206640362113
4.83331167945958,0.0712265046037234
4.85759150108633,0.0723177018871362
4.88187132271307,0.0734909037137939
4.90615114433982,0.0747425418659748
4.93043096596657,0.0760688453920192
4.95471078759332,0.0774658542377549
4.97899060922007,0.0789294331317787
5.00327043084681,0.0804552856589802
5.02755025247356,0.0820389684578852
5.05183007410031,0.0836759054789316
5.07610989572706,0.0853614022426669
5.10038971735381,0.0870906600390434
5.12466953898055,0.0888587900114739
5.1489493606073,0.0906608270720754
5.17322918223405,0.0924917435975449
5.1975090038608,0.0943464628583603
5.22178882548755,0.0962198721374551
5.24606864711429,0.0981068354981457
5.27034846874104,0.100002206164879
5.29462829036779,0.101900838484276
5.31890811199454,0.103797599437947
5.34318793362129,0.105687379682641
5.36746775524804,0.107565104097364
5.39174757687478,0.109425741821268
5.41602739850153,0.111264315770147
5.44030722012828,0.113075911623455
5.46458704175503,0.114855686277709
5.48886686338177,0.116598875765987
5.51314668500852,0.118300802646953
5.53742650663527,0.119956882870402
5.56170632826202,0.121562632129672
5.58598614988877,0.123113671714452
5.61026597151552,0.124605733880445
5.63454579314226,0.126034666755012
5.65882561476901,0.127396438800374
5.68310543639576,0.128687142858052
5.70738525802251,0.129902999800094
5.73166507964926,0.131040361814176
5.755944901276,0.132095715350863
5.78022472290275,0.133065683762261
5.8045045445295,0.133947029661845
5.82878436615625,0.134736657035547
5.853064187783,0.135431613134087
5.87734400940974,0.136029090176217
5.90162383103649,0.136526426891826
5.92590365266324,0.136921109932907
5.95018347428999,0.137210775179137
5.97446329591674,0.137393208963278
5.99874311754348,0.137466349239841
6.02302293917023,0.137428286718473
6.04730276079698,0.137277265981255
6.07158258242373,0.13701168660076
6.09586240405048,0.136630104273097
6.12014222567723,0.136131231977499
6.14442204730397,0.13551394117119
6.16870186893072,0.134777263025356
6.19298169055747,0.133920389705119
6.21726151218422,0.132942675693435
6.24154133381096,0.131843639155854
6.26582115543771,0.13062296334018
6.29010097706446,0.129280498002176
6.31438079869121,0.12781626084569
6.33866062031796,0.126230438962934
6.36294044194471,0.124523390258114
6.38722026357145,0.122695644835294
6.4115000851982,0.12074790632921
6.43577990682495,0.11868105315583
6.4600597284517,0.116496139657745
6.48433955007845,0.114194397118062
6.50861937170519,0.111777234615252
6.53289919333194,0.109246239690536
6.55717901495869,0.10660317879879
6.58145883658544,0.103849997513616
6.60573865821218,0.100988820457257
6.63001847983893,0.0980219509262951
6.65429830146568,0.0949518701847248
6.67857812309243,0.0917812363968613
6.70285794471918,0.0885128831737742
6.72713776634593,0.085149817708425
6.75141758797267,0.0816952184764529
6.77569740959942,0.0781524324815969
6.79997723122617,0.074524972027018
6.82425705285292,0.070816510996305
6.84853687447967,0.0670308806306684
6.87281669610641,0.0631720647917432
6.89709651773316,0.0592441947024998
6.92137633935991,0.0552515431619841
6.94565616098666,0.0511985182329454
6.96993598261341,0.0470896564048345
6.99421580424015,0.042929615238144
7.0184956258669,0.0387231654995801
7.04277544749365,0.0344751828010834
7.0670552691204,0.030190638759216
7.09133509074715,0.0258745916948841
7.11561491237389,0.0215321768967364
7.13989473400064,0.0171685964748461
7.16417455562739,0.0127891088344153
7.18845437725414,0.00839901780222144
7.21273419888089,0.0040036614413189
7.23701402050764,-0.000391599407895724
7.26129384213438,-0.0047813928197744
7.28557366376113,-0.00916034766605836
7.30985348538788,-0.0135231056445895
7.33413330701463,-0.0178643334080179
7.35841312864138,-0.0221787347451203
7.38269295026812,-0.0264610627663293
7.40697277189487,-0.0307061320443632
7.43125259352162,-0.0349088306604462
7.45553241514837,-0.0390641321065221
7.47981223677512,-0.0431671069940905
7.50409205840186,-0.0472129345208372
7.52837188002861,-0.0511969136470758
7.55265170165536,-0.0551144739351735
7.57693152328211,-0.0589611860065771
7.60121134490886,-0.0627327715727881
7.62549116653561,-0.066425112998638
7.64977098816235,-0.0700342623584744
7.6740508097891,-0.0735564499483719
7.69833063141585,-0.0769880922202034
7.7226104530426,-0.0803257991063412
7.74689027466934,-0.0835663807068669
7.77117009629609,-0.0867068533144441
7.79544991792284,-0.0897444447554253
7.81972973954959,-0.0926765990292869
7.84400956117634,-0.095500980232113
7.86828938280308,-0.098215475753529
7.89256920442983,-0.100818198740217
7.91684902605658,-0.103307489822884
7.94112884768333,-0.105681918107296
7.96540866931008,-0.107940281433673
7.98968849093682,-0.110081605912405
8.01396831256357,-0.112105144747583
8.03824813419032,-0.114010376363316
8.06252795581707,-0.115797001851109
8.08680777744382,-0.117464941759772
8.11108759907057,-0.119014332252329
8.13536742069731,-0.120445520657221
8.15964724232406,-0.12175906044373
8.18392706395081,-0.122955705653929
8.20820688557756,-0.124036404825645
8.23248670720431,-0.125002294442863
8.25676652883105,-0.125854691951639
8.2810463504578,-0.126595088381015
8.30532617208455,-0.127225140609593
8.3296059937113,-0.127746663319247
8.35388581533805,-0.128161620678096
8.37816563696479,-0.128472117795148
8.40244545859154,-0.128680391989106
8.42672528021829,-0.128788803913569
8.45100510184504,-0.128799828580433
8.47528492347179,-0.128716046322506
8.49956474509853,-0.128540133735423
8.52384456672528,-0.128274854637685
8.54812438835203,-0.127923051086264
8.57240420997878,-0.127487634483523
8.59668403160553,-0.126971576809411
8.62096385323228,-0.126377902010864
8.64524367485902,-0.125709677578189
8.66952349648577,-0.124970006335927
8.69380331811252,-0.124162018473241
8.71808313973927,-0.123288863836428
8.74236296136601,-0.122353704503498
8.76664278299276,-0.121359707658206
8.79092260461951,-0.120310038778188
8.81520242624626,-0.11920785514923
8.83948224787301,-0.118056299715009
8.86376206949975,-0.116858495269009
8.8880418911265,-0.115617538992772
8.91232171275325,-0.114336497342087
8.93660153438,-0.113018401280365
8.96088135600675,-0.111666241856097
8.9851611776335,-0.110282966119139
9.00944099926024,-0.108871473368523
9.03372082088699,-0.107434611722623
9.05800064251374,-0.105975175000762
9.08228046414049,-0.104495899903841
9.10656028576724,-0.1029994634802
9.13084010739398,-0.101488480861762
9.15511992902073,-0.0999655032545606
9.17939975064748,-0.0984330161669808
9.20367957227423,-0.0968934378584933
9.22795939390098,-0.0953491179913031
9.25223921552772,-0.0938023364671764
9.27651903715447,-0.0922553024317495
9.30079885878122,-0.0907101534288479
9.32507868040797,-0.0891689546877507
9.34935850203472,-0.0876336985269137
9.37363832366146,-0.0861063038583993
9.39791814528821,-0.0845886157781486
9.42219796691496,-0.0830824052282431
9.44647778854171,-0.0815893687184448
9.47075761016846,-0.0801111280955357
9.4950374317952,-0.0786492303503068
9.51931725342195,-0.0772051474534332
9.5435970750487,-0.0757802762129194
9.56787689667545,-0.0743759381472719
9.5921567183022,-0.0729933793700471
9.61643653992894,-0.0716337704829124
9.64071636155569,-0.0702982064758189
9.66499618318244,-0.0689877066343229
9.68927600480919,-0.0677032144554583
9.71355582643594,-0.0664455975748764
9.73783564806268,-0.0652156477091855
9.76211546968943,-0.0640140806185517
9.78639529131618,-0.0628415360956339
9.81067511294293,-0.0616985779878248
9.83495493456968,-0.0605856942605342
9.85923475619643,-0.0595032971098819
9.88351457782317,-0.0584517231336554
9.90779439944992,-0.0574312335697293
9.93207422107667,-0.0564420146113365
9.95635404270342,-0.0554841778086226
9.98063386433017,-0.0545577605658151
10.0049136859569,-0.0536627267430846
10.0291935075837,-0.052798967371787
10.0534733292104,-0.0519663014912504
10.0777531508372,-0.0511644771146163
10.1020329724639,-0.050393172330478
10.1263127940907,-0.0496519965461764
10.1505926157174,-0.0489404918776411
10.1748724373441,-0.0482581346896078
10.1991522589709,-0.0476043372889089
10.2234320805976,-0.0469784497723529
10.2477119022244,-0.046379762029475
10.2719917238511,-0.0458075058991882
10.2962715454779,-0.0452608574780922
10.3205513671046,-0.0447389395769306
10.3448311887314,-0.0442408243204352
10.3691110103581,-0.0437655358845746
10.3933908319849,-0.0433120533640508
10.4176706536116,-0.0428793137617618
10.4419504752384,-0.0424662150909038
10.4662302968651,-0.0420716195794127
10.4905101184919,-0.0416943569655636
10.5147899401186,-0.0413332278727667
10.5390697617454,-0.0409870072509208
10.5633495833721,-0.0406544478711205
10.5876294049989,-0.040334283860066
10.6119092266256,-0.0400252342601949
10.6361890482524,-0.0397260066013467
10.6604688698791,-0.0394353004696839
10.6847486915059,-0.0391518110596239
10.7090285131326,-0.0388742326946853
10.7333083347594,-0.0386012623034104
10.7575881563861,-0.0383316028368939
10.7818679780129,-0.038063966614912
10.8061477996396,-0.0377970785882064
10.8304276212663,-0.0375296795051167
10.8547074428931,-0.0372605289714714
10.8789872645198,-0.0369884083934267
10.9032670861466,-0.0367121237937692
10.9275469077733,-0.0364305084930775
10.9518267294001,-0.0361424256480343
10.9761065510268,-0.0358467706401068
11.0003863726536,-0.035542473308739
11.0246661942803,-0.035228500024128
11.0489460159071,-0.0349038555955679
11.0732258375338,-0.0345675850122317
11.0975056591606,-0.0342187750141194
11.1217854807873,-0.0338565554917154
11.1460653024141,-0.0334801007136597
11.1703451240408,-0.0330886303824548
11.1946249456676,-0.0326814105188747
11.2189047672943,-0.0322577541763333
11.2431845889211,-0.0318170219869851
11.2674644105478,-0.0313586225417874
11.2917442321746,-0.0308820126071278
11.3160240538013,-0.0303866971809423
11.3403038754281,-0.0298722293914932
11.3645836970548,-0.0293382102421643
11.3888635186816,-0.0287842882057583
11.4131433403083,-0.0282101586718591
11.437423161935,-0.0276155632508483
11.4617029835618,-0.0270002889381611
11.4859828051885,-0.0263641671423229
11.5102626268153,-0.0257070725802479
11.534542448442,-0.0250289220432035
11.5588222700688,-0.024329673036764
11.5831020916955,-0.0236093222979985
11.6073819133223,-0.022867904193076
11.631661734949,-0.0221054889984257
11.6559415565758,-0.0213221810685806
11.6802213782025,-0.0205181168938547
11.7045011998293,-0.0196934630510785
11.728781021456,-0.0188484140507321
11.7530608430828,-0.0179831900839982
11.7773406647095,-0.0170980346734888
11.8016204863363,-0.0161932122317029
11.825900307963,-0.0152690055316333
11.8501801295898,-0.0143257130943727
11.8744599512165,-0.0133636464990607
11.8987397728433,-0.0123831276210681
11.92301959447,-0.0113844858049274
11.9472994160968,-0.0103680549791828
11.9715792377235,-0.00933417072104378
11.9958590593503,-0.0082831672794776
12.020138880977,-0.00721537456615115
12.0444187026037,-0.00613111512443462
12.0686985242305,-0.00503070108748462
12.0929783458572,-0.00391443113722974
12.117258167484,-0.00278258747686889
12.1415379891107,-0.00163543283025516
12.1658178107375,-0.000473207482256557
12.1900976323642,0.00070387362515089
12.214377453991,0.00189562372570368
12.2386572756177,0.0031018869747159
12.2629370972445,0.00432254109169774
12.2872169188712,0.00555749988311544
12.311496740498,0.00680671562848412
12.3357765621247,0.00807018131290597
12.3600563837515,0.00934793268922848
12.3843362053782,0.0106400501532002
12.408616027005,0.0119466604153537
12.4328958486317,0.01326793795385
12.4571756702585,0.0146041062331813
12.4814554918852,0.0159554386744456
12.505735313512,0.0173222593638844
12.5300151351387,0.0187049434874986
12.5542949567655,0.0201039174808394
12.5785747783922,0.0215196588844842
12.602854600019,0.0229526958972652
12.6271344216457,0.0244036066209889
12.6514142432725,0.025873017992176
12.6756940648992,0.0273616043982294
12.6999738865259,0.0288700859774105
12.7242537081527,0.0303992266040318
12.7485335297794,0.031949831562354
12.7728133514062,0.0335227449147864
12.7970931730329,0.03511884657211
12.8213729946597,0.0367390490755458
12.8456528162864,0.0383842941025776
12.8699326379132,0.0400555487104584
12.8942124595399,0.0417538013332919
12.9184922811667,0.0434800575504407
12.9427721027934,0.0452353356457723
12.9670519244202,0.0470206619788752
12.9913317460469,0.048837066190861
13.0156115676737,0.0506855762686822
13.0398913893004,0.0525672134930396
13.0641712109272,0.0544829872959012
13.0884510325539,0.0564338900544066
13.1127308541807,0.0584208918484729
13.1370106758074,0.0604449352097406
13.1612904974342,0.0625069298896054
13.1855703190609,0.0646077476739598
13.2098501406877,0.0667482172719307
13.2341299623144,0.0689291193053333
13.2584097839412,0.071151181424786
13.2826896055679,0.0734150735774468
13.3069694271946,0.0757214034501424
13.3312492488214,0.078070712110293
13.3555290704481,0.0804634698654877
13.3798088920749,0.0829000723608602
13.4040887137016,0.0853808369315698
13.4283685353284,0.0879059992257221
13.4526483569551,0.0904757101109948
13.4769281785819,0.0930900328760789
13.5012080002086,0.0957489407358321
13.5254878218354,0.0984523146467936
13.5497676434621,0.10119994143744
13.5740474650889,0.10399151225531
13.5983272867156,0.106826621330895
13.6226071083424,0.109704765056017
13.6468869299691,0.112625341372326
13.6711667515959,0.11558764946353
13.6954465732226,0.118590889743093
13.7197263948494,0.121634164127364
13.7440062164761,0.124716476582495
13.7682860381029,0.127836733932068
13.7925658597296,0.130993746911045
13.8168456813564,0.134186231450598
13.8411255029831,0.137412810177469
13.8654053246099,0.140672014110786
13.8896851462366,0.143962284538829
13.9139649678634,0.147281975057866
13.9382447894901,0.15062935375517
13.9625246111168,0.154002605518388
13.9868044327436,0.157399834453755
14.0110842543703,0.160819066396143
14.0353640759971,0.164258251494603
14.0596438976238,0.16771526685787
14.0839237192506,0.171187919245314
14.1082035408773,0.174673947789926
14.1324833625041,0.178171026741159
14.1567631841308,0.181676768216809
14.1810430057576,0.185188724954521
14.2053228273843,0.18870439305502
14.2296026490111,0.192221214710679
14.2538824706378,0.195736580914619
14.2781622922646,0.199247834147094
14.3024421138913,0.20275227103745
14.3267219355181,0.206247145001495
14.3510017571448,0.209729668855561
14.3752815787716,0.213197017409945
14.3995614003983,0.216646330045729
14.4238412220251,0.220074713280174
14.4481210436518,0.223479243327011
14.4724008652786,0.226856968658875
14.4966806869053,0.230204912580006
14.5209605085321,0.233520075817974
14.5452403301588,0.236799439143775
14.5695201517855,0.240039966029946
14.5937999734123,0.243238605356635
14.618079795039,0.246392294175534
14.6423596166658,0.249497960541529
14.6666394382925,0.252552526421606
14.6909192599193,0.255552910690145
14.715199081546,0.258496032219147
14.7394789031728,0.261378813071213
14.7637587247995,0.264198181802252
14.7880385464263,0.266951076879915
14.812318368053,0.269634450222658
14.8365981896798,0.272245270863167
14.8608780113065,0.274780528738601
14.8851578329333,0.277237238608772
14.90943765456,0.279612444101993
14.9337174761868,0.281903221886876
14.9579972978135,0.284106685966934
14.9822771194403,0.286219992093334
15.006556941067,0.28824034228972
15.0308367626938,0.290164989481561
15.0551165843205,0.291991242221084
15.0793964059473,0.293716469497485
15.103676227574,0.295338105620829
15.1279560492008,0.296853655166794
15.1522358708275,0.298260697968326
15.1765156924542,0.299556894139178
15.200795514081,0.300739989113388
15.2250753357077,0.301807818683944
15.2493551573345,0.302758314023127
15.2736349789612,0.303589506666478
15.297914800588,0.304299533441857
15.3221946222147,0.304886641324744
15.3464744438415,0.305349192200719
15.3707542654682,0.305685667516018
15.395034087095,0.305894672797115
15.4193139087217,0.305974942020471
15.4435937303485,0.305925341813947
15.4678735519752,0.30574487547177
15.492153373602,0.305432686765566
15.5164331952287,0.304988063534601
15.5407130168555,0.304410441039176
15.5649928384822,0.303699405061989
15.589272660109,0.30285469474325
15.6135524817357,0.301876205136386
15.6378323033625,0.300763989472277
15.6621121249892,0.299518261121173
15.686391946616,0.298139395242666
15.7106717682427,0.296627930115379
15.7349515898695,0.294984568139348
15.7592314114962,0.293210176505435
15.783511233123,0.291305787527447
15.8077910547497,0.289272598634042
15.8320708763764,0.287111972018822
15.8563506980032,0.284825433948433
15.8806305196299,0.282414673729781
15.9049103412567,0.279881542338811
15.9291901628834,0.277228050714593
15.9534699845102,0.274456367723672
15.9777498061369,0.271568817800846
16.0020296277637,0.268567878273705
16.0263094493904,0.265456176379296
16.0505892710172,0.262236485982358
16.0748690926439,0.258911724005495
16.0991489142707,0.255484946582534
16.1234287358974,0.251959344947164
16.1477085575242,0.248338241069636
16.1719883791509,0.244625083055007
16.1962682007777,0.240823440316951
16.2204743641046,0.236909948642523
16.244719136633,0.232861179187903
16.2689640571312,0.228681024162645
16.2932090041414,0.224373470917494
16.3174538561228,0.219942596146219
16.3416984914049,0.215392560020461
16.3659427881408,0.210727600205523
16.3901866242604,0.205952025772826
16.4144298774234,0.201070211024649
16.4386724249713,0.196086589246516
16.4629141438804,0.191005646402386
16.4871549107133,0.18583191478741
16.5113946015704,0.180569966652692
16.5356330920408,0.175224407815993
16.5598702571533,0.169799871271866
16.5841059713255,0.164301010814155
16.6083401083138,0.158732494683223
16.6325725411617,0.15309899924965
16.6568031421479,0.147405202745538
16.6810317827334,0.141655779053841
16.7052583335078,0.135855391565496
16.7294826641349,0.13000868711343
16.7537046432971,0.124120289991771
16.7779241386388,0.118194796067931
16.8021410167094,0.112236766994468
16.8263551429041,0.10625072452697
16.8505663814042,0.100241144953458
16.8747745951163,0.0942124536401654
16.8989796456096,0.0881690196978528
16.9231813930522,0.082115150772185
16.9473796961459,0.0760550879610724
16.9715744120593,0.0699930008612862
16.9957653963594,0.0639329827460962
17.0199525029413,0.057879045875146
17.0441355839565,0.0518351169372895
17.0683144897389,0.0458050326266575
17.092489068729,0.0397925353517929
17.116659167396,0.0338012690773254
17.1408246301576,0.0278347752972995
17.1649852992976,0.0218964891389843
17.1891410148814,0.0159897355957056
17.2132916146682,0.0101177258870416
17.2374369340214,0.00428355394450874
17.2615768058155,-0.00150980697926852
17.2857110603408,-0.00725950758004294
17.3098395252042,-0.0129628256522984
17.3339620252279,-0.0186171691227551
17.3580783823434,-0.024220078969318
17.3821884154832,-0.0297692320277776
17.4062919404681,-0.0352624436885374
17.4303887698909,-0.0406976704855969
17.454478712996,-0.0460730125799646
17.4785615755543,-0.0513867161395727
17.5026371597347,-0.0566371756176911
17.5267052639698,-0.0618229359317066
17.5507656828172,-0.0669426945440217
17.5748182068156,-0.0719953034466948
17.5988626223355,-0.0769797710512996
17.622898711424,-0.0818952639853347
17.646926251644,-0.0867411087963653
17.6709450159066,-0.0915167935649124
17.6949547722974,-0.0962219694269531
17.7189552838954,-0.100856452006711
17.7429463085852,-0.105420222760259
17.766927598861,-0.109913430230267
17.7908989016225,-0.114336391212046
17.8148599579629,-0.118689591830854
17.8388105029472,-0.122973688530223
17.8627502653818,-0.127189508970869
17.8866789675736,-0.131338052839525
17.9105963250789,-0.135420492566809
17.9345020464412,-0.139438173953017
17.958395832918,-0.14339261670046
17.9822773781938,-0.147285514850714
18.0061463680822,-0.151118737124872
18.0300024802126,-0.154894327164593
18.0538453837036,-0.158614503671444
18.0776747388205,-0.162281660441698
18.101490196617,-0.165898366293428
18.1252913985602,-0.169467364882391
18.1490779761366,-0.172991574402827
18.1728495504401,-0.176474087168943
18.1966057317391,-0.179918169072484
18.2203461190227,-0.183327258911396
18.2440702995238,-0.18670496758424
18.2677778482182,-0.19005507714463
18.2914683272988,-0.193381539709615
18.3151412856219,-0.196688476215577
18.3387962581251,-0.199980175014917
18.3624327652147,-0.203261090306486
18.3860503121207,-0.206535840392465
18.4096483882168,-0.209809205754215
18.4332264663043,-0.213086126939418
18.4567840018561,-0.216371702252746
18.4803204322196,-0.219671185242267
18.5038351757745,-0.222989981973819
18.5273276310439,-0.226333648085725
18.5507971757541,-0.229707885616417
18.5742431658404,-0.233118539597871
18.5976649343956,-0.236571594408166
18.6210617905555,-0.240073169877005
18.64443301832,-0.243629517138728
18.6677778753016,-0.247247014228067
18.6910955913989,-0.250932161414881
18.714385367389,-0.254691576275076
18.7376463734313,-0.258531988496181
18.7608777474794,-0.262460234417297
18.7840785935905,-0.266483251304661
18.8072479801277,-0.270608071365653
18.8303849378451,-0.27484181550579
18.8534884578483,-0.279191686835164
18.8765574894182,-0.283664963932785
18.899590937691,-0.288268993879362
18.9225876611792,-0.293011185071384
18.9455464691238,-0.297898999831626
18.9684661186624,-0.302939946833687
18.9913453117987,-0.308141573360674
19.0141826921572,-0.313511457420717
19.0369768415053,-0.319057199744623
19.0597262760216,-0.324786415693635
19.082429442292,-0.330706727107911
19.1050847130062,-0.336825754128985
19.1276903823324,-0.343151107032038
19.1502446609388,-0.349690378106368
19.1727456706324,-0.356451133624828
19.1951914385804,-0.363440905945302
19.2175798910759,-0.370667185789374
19.2399088468064,-0.378137414745261
19.2621760095797,-0.385858978043655
19.2843789604561,-0.393839197656471
19.3065151492308,-0.402085325769388
19.328581885205,-0.410604538679558
19.350576327178,-0.419403931169831
19.372495472584,-0.428490511410158
19.3943361456911,-0.43787119643546
19.4160949847699,-0.44755280824704
19.4377684281302,-0.457542070581353
19.4593526989127,-0.467845606385582
19.4808437885117,-0.478469936033695
19.502237438491,-0.489421476309209
19.5235291208408,-0.500706540171586
19.5447140164083,-0.512331337311525
19.5657869913168,-0.524301975486035
19.5867425711705,-0.53662446260653
19.6075749128218,-0.549304709531706
19.6282777734565,-0.562348533490689
19.6488444767314,-0.575761662030311
19.6692678756748,-0.589549737341893
19.6895403120383,-0.603718320776621
19.7096535717652,-0.618272897302821
19.7295988362232,-0.633218879591348
19.7493666288288,-0.648561611334953
19.7689467566833,-0.664306369311372
19.7883282468384,-0.680458363585351
19.8074992768193,-0.697022735109005
19.8264470990682,-0.714004549819477
19.8451579590255,-0.731408788144877
19.8636170066614,-0.749240328610864
19.8818082014158,-0.767503923988814
19.8997142107083,-0.786204168141445
19.9173163024773,-0.805345451404601
19.9345942326045,-0.824931901999932
19.9515261286208,-0.844967310613704
19.9680883717996,-0.865455034921759
19.9842554806524,-0.886397880521404
20,-0.907797954496091
