0.597866634028274
0.599186732730399
0.600495490652289
0.601789860947384
0.60306697361869
0.604324151894355
0.605558927169932
0.606769052422133
0.607952514010691
0.609107541797406
0.610232617524538
0.611326481408188
0.612388136916121
0.613416853713504
0.614412168774073
0.61537388566825
0.616302072053506
0.617197055405703
0.618059417043179
0.618889984507714
0.619689822378281
0.620460221604409
0.621202687456038
0.621918926195838
0.622610830587987
0.623280464364343
0.623930045774704
0.624561930352437
0.625178593030109
0.625782609741878
0.626376638650321
0.626963401135045
0.627545662678956
0.628126213785424
0.62870785105585
0.629293358552407
0.62988548956501
0.630486948895004
0.631100375760678
0.631728327421685
0.632373263610773
0.633037531852135
0.633723353736159
0.634432812210589
0.63516783993816
0.635930208760786
0.636721520300417
0.637543197716888
0.63839647863351
0.639282409231939
0.640201839509032
0.641155419680064
0.642143597704923
0.643166617906705
0.644224520645649
0.645317143005513
0.646444120444425
0.647604889357857
0.648798690497813
0.650024573189431
0.651281400284102
0.652567853786815
0.65388244109472
0.655223501783877
0.656589214881716
0.657977606563878
0.659386558215792
0.660813814801434
0.662256993484296
0.663713592448429
0.665180999870637
0.666656502998231
0.668137297290376
0.669620495584642
0.671103137254136
0.672582197324239
0.674054595521639
0.675517205231857
0.676966862344875
0.678400373971648
0.679814527017328
0.68120609659972
0.682571854304058
0.683908576267388
0.6852130510878
0.686482087555465
0.687712522203786
0.688901226680148
0.69004511493659
0.691141150241382
0.692186352012865
0.693177802477132
0.694112653151136
0.694988131152683
0.695801545338485
0.696550292271094
0.697231862015064
0.697843843762211
0.698383931285266
0.69884992821871
0.699239753165022
0.699551444624062
0.69978316574287
0.69993320888273
0.7
0.699982102836955
0.699878222918646
0.699687211351644
0.69940806842049
0.699039946977581
0.698582155622334
0.698034161665459
0.697395593874295
0.696666244995265
0.695846074049559
0.694935208398278
0.693933945573238
0.692842754869685
0.691662278697015
0.690393333683497
0.689036911530689
0.687594179612932
0.686066481316812
0.684455336114982
0.682762439368
0.68098966184715
0.6791390489703
0.677212819741933
0.675213365387491
0.67314324767106
0.67100519688439
0.668802109494085
0.666537045432747
0.664213225018789
0.661834025488677
0.65940297712451
0.656923758959078
0.654400194040045
0.651836244234496
0.649236004555
0.646603696988485
0.643943663809622
0.641260360361207
0.638558347285098
0.635842282188682
0.633116910733712
0.630387057136492
0.627657614070985
0.624933531969394
0.622219807718057
0.61952147275024
0.616843580541443
0.614191193517213
0.611569369388134
0.608983146931613
0.606437531245236
0.603937478501845
0.60148788024195
0.599093547244699
0.59675919302421
0.594489417003689
0.592288687425228
0.59016132405857
0.58811148077727
0.586143128075565
0.58426003560387
0.582465754804963
0.580763601736708
0.579156640170404
0.577647665056564
0.576239186452083
0.574933414004235
0.573732242087808
0.572637235691825
0.571649617151752
0.570770253821819
0.569999646780032
0.569337920655708
0.568784814665854
0.568339674942487
0.568001448228048
0.56776867701043
0.567639496162909
0.567611631147316
0.567682397831385
0.567848703963197
0.568107052337206
0.568453545677452
0.568883893254402
0.569393419242308
0.569977072814333
0.570629439962787
0.571344757021955
0.572116925861028
0.57293953070484
0.5738058565304
0.574708908977723
0.575641435704275
0.5765959491035
0.577564750299479
0.578539954321802
0.579513516357364
0.580477258968934
0.581422900164201
0.582342082193473
0.583226400949462
0.584067435838534
0.584856779989606
0.5855860706644
0.586247019731218
0.586831444063568
0.587331295725098
0.587738691803177
0.588045943755219
0.5882455861344
0.588330404564811
0.588293462840215
0.588128129025501
0.587828100445526
0.587387427452365
0.586800535868888
0.586062248014156
0.585167802224133
0.584112870789799
0.582893576243693
0.581506505935229
0.579948724844755
0.578217786596166
0.57631174263787
0.57422914957199
0.571969074621786
0.569531099237318
0.566915320849252
0.564122352790446
0.561153322414351
0.55800986744833
0.554694130628723
0.551208752672594
0.547556863648829
0.543742072818278
0.539768457019038
0.535640547678756
0.531363316540749
0.526942160195025
0.522382883508675
0.517691682052737
0.512875123624386
0.507940128964269
0.502893951768879
0.497744158097145
0.4924986052689
0.487165420350522
0.481752978320054
0.47626988000027
0.470724929843786
0.465127113649268
0.459485576282275
0.453809599468233
0.448108579718668
0.44239200644515
0.436669440308468
0.430950491843535
0.425244800393471
0.419562013379274
0.413911765924654
0.408303660848962
0.402747249034869
0.397252010171561
0.391827333868829
0.386482501132645
0.3812266661886
0.37606883863614
0.371017865913809
0.366082416053772
0.361270960702808
0.356591758386723
0.352052837995732
0.347661982469877
0.343426712665831
0.339354271389642
0.335451607583878
0.331725360662323
0.328181844990773
0.324827034518398
0.321666547570701
0.318705631822018
0.31594914947282
0.313401562664616
0.311066919172916
0.308948838426427
0.307050497908245
0.305374620002171
0.303923459354361
0.302698790827085
0.301701898127439
0.300933563199187
0.300394056470537
0.30008312805434
0.3
0.300143359698098
0.30051135453938
0.301101587929242
0.30191111675716
0.302936450417575
0.304173551474627
0.305617838057746
0.307264188068554
0.309106945271764
0.311139927333921
0.31335643586385
0.315749268497772
0.318310733060189
0.321032663819013
0.323906439840025
0.326923005431866
0.330072892658356
0.333346245880229
0.3367328482735
0.340222150256753
0.343803299744827
0.347465174131784
0.351196413891909
0.354985457673823
0.358820578749832
0.362689922670477
0.366581545963016
0.37048345570234
0.37438364977382
0.37827015763973
0.38213108141441
0.385954637048235
0.389729195416789
0.393443323109464
0.397085822711067
0.400645772370833
0.404112564455696
0.407475943088496
0.410726040377202
0.41385341114803
0.416849066003477
0.419704502535789
0.422411734537048
0.424963319058892
0.427352381187719
0.429572636414976
0.431618410496691
0.433484656711628
0.435166970443207
0.43666160102652
0.437965460818236
0.439076131463769
0.439991867352743
0.440711596270239
0.441234917267575
0.441562095792267
0.441694056132153
0.4416323712435
0.44137925004694
0.440937522288387
0.44031062107445
0.439502563203275
0.438517927422121
0.437361830752283
0.436039903030084
0.434558259819692
0.432923473859233
0.431142545206315
0.42922287025238
0.427172209777514
0.424998656218291
0.422710600321093
0.420316697352021
0.417825833032203
0.415247089363914
0.41258971050861
0.409863068872787
0.40707663155155
0.404239927273052
0.401362513979526
0.398453947172729
0.395523749143082
0.392581379193028
0.389636204955883
0.386697474902127
0.383774292115503
0.380875589411697
0.378010105862776
0.375186364781027
0.372412653206485
0.369697002933259
0.36704717310086
0.364470634368156
0.361974554679333
0.359565786623394
0.357250856381308
0.355035954247942
0.352926926709364
0.350929270050063
0.349048125459055
0.347288275598672
0.345654142595253
0.344149787406643
0.342778910517701
0.341544853911593
0.340450604261635
0.339498797285865
0.338691723204136
0.338031333235538
0.337519247072211
0.337156761264051
0.336944858447553
0.336884217350857
0.336975223506123
0.337217980599509
0.337612322388306
0.338157825114162
0.338853820340803
0.339699408144213
0.340693470582864
0.341834685375335
0.343121539712452
0.344552344131031
0.346125246376333
0.347838245180539
0.349689203884907
0.351675863833821
0.353795857469698
0.356046721058754
0.35842590697892
0.360930795502819
0.363558706010696
0.366306907570501
0.369172628825123
0.372153067129915
0.375245396887316
0.378446777029463
0.381754357604316
0.385165285425855
0.38867670875455
0.39228578098032
0.395989663286762
0.399785526282414
0.403670550592236
0.407641926410268
0.411696852022596
0.415832531318138
0.420046170313458
0.424334972726589
0.428696134643772
0.433126838331904
0.437624245258329
0.442185488388258
0.446807663838517
0.451487821974364
0.456222958043735
0.461010002450326
0.465845810773368
0.470727153647637
0.475650706622147
0.480613040119962
0.485610609624598
0.490639746220474
0.495696647615772
0.500777369775792
0.505877819293505
0.510993746621278
0.516120740283967
0.521254222188359
0.526389444137723
0.531521485652614
0.536645253190437
0.541755480846471
0.546846732608196
0.551913406222943
0.556949738726203
0.561949813664421
0.566907570031929
0.571816812926969
0.576671225916574
0.581464385084647
0.586189774721941
0.590840804601054
0.595410828764046
0.599893165735103
0.604281120055886
0.608568005027047
0.612747166525906
0.616812007757698
0.620756014786186
0.624572782678959
0.628256042093463
0.631799686121909
0.635197797206723
0.638444673933214
0.641534857502744
0.644463157687938
0.647224678071371
0.649814840370737
0.652229407656874
0.654464506275927
0.656516646293657
0.658382740288142
0.660060120327002
0.661546552976615
0.662840252203602
0.66393989004292
0.664844604922266
0.665554007548852
0.66606818428203
0.666387697933395
0.666513585954894
0.666447355994829
0.666190978821388
0.665746878633291
0.665117920797079
0.664307397070421
0.663319008390329
0.662156845324208
0.660825366300121
0.659329373750248
0.657673988318229
0.655864621296693
0.653906945475661
0.65180686459557
0.649570481610272
0.647204065975378
0.644714020185741
0.642106845792504
0.639389109135056
0.63656740702625
0.633648332630455
0.630638441773261
0.627544219919123
0.624372050048718
0.621128181661512
0.617818701120938
0.614449503549732
0.611026266471502
0.607554425381514
0.604039151415183
0.600485331266826
0.596897549494172
0.593280073325895
0.589636840070331
0.585971447203607
0.582287145194902
0.578586833105583
0.574873056977691
0.571148011005941
0.567413541466123
0.563671153351781
0.559922019650509
0.556166993171222
0.552406620814595
0.548641160160606
0.544870598229984
0.541094672260415
0.537312892323809
0.533524565597868
0.529728822093679
0.525924641631265
0.522110881846985
0.518286307010422
0.514449617424029
0.510599479176337
0.506734554018904
0.502853529138516
0.49895514659927
0.495038232234153
0.491101723772478
0.487144697997879
0.483166396741629
0.479166251527442
0.475143906696794
0.471099240857821
0.467032386515995
0.462943747760847
0.458834015899854
0.454704182948027
0.450555552899678
0.446389750726933
0.442208729067874
0.438014772585324
0.433810499995256
0.429598863781329
0.425383147629029
0.421166961629174
0.416954235315961
0.412749208619191
0.408556420823704
0.404380697641216
0.400227136510704
0.396101090253053
0.392008149213876
0.387954122035169
0.383945015201762
0.37998701151237
0.376086447627412
0.372249790846766
0.368483615270129
0.36479457749096
0.361189391971915
0.357674806245491
0.354257576078295
0.350944440731094
0.347742098439614
0.344657182233167
0.341696236199621
0.338865692296197
0.336171847796114
0.333620843451457
0.331218642442841
0.328971010176644
0.326883494980961
0.324961409742007
0.323209814513654
0.321633500124217
0.320236972796563
0.319024439790208
0.317999796067389
0.317166611979153
0.316528121962363
0.31608721423425
0.31584642146768
0.315807912427743
0.315973484548531
0.316344557428105
0.316922167219532
0.317706961896549
0.318699197373755
0.319898734463246
0.321305036652112
0.322917168688274
0.324733795965485
0.326753184702057
0.32897320291169
0.331391322168769
0.334004620174398
0.336809784133285
0.339803114955138
0.342980532297532
0.346337580470039
0.349869435221793
0.353570911436406
0.357436471759297
0.361460236182921
0.365635992615015
0.36995720845384
0.374417043192457
0.379008362071187
0.383723750793831
0.388555531318644
0.393495778729803
0.398536339189005
0.403668848959996
0.408884754491381
0.414175333534948
0.419531717268161
0.424944913380431
0.430405830073429
0.435905300916102
0.441434110485377
0.44698302071382
0.452542797855953
0.458104239975587
0.463658204847539
0.469195638158604
0.474707601884721
0.480185302714058
0.485620120379316
0.491003635757026
0.496327658587109
0.501584254662439
0.506765772335895
0.511864868191169
0.516874531723743
0.521788108879772
0.526599324303271
0.531302302145933
0.535891585299118
0.540362152914048
0.544709436083923
0.548929331570594
0.553018213468399
0.556972942708861
0.560790874321939
0.564469862382468
0.568008262584053
0.571404932397082
0.5746592287824
0.577771003447536
0.580740595648041
0.583568822552325
0.586256967204298
0.588806764133956
0.591220382681689
0.593500408117437
0.595649820650684
0.597671972441648
0.599570562737672
0.601349611271751
0.603013430072151
0.604566593843188
0.606013909087266
0.60736038214724
0.608611186355938
0.60977162848624
0.610847114700405
0.611843116201323
0.612765134791066
0.613618668543402
0.614409177796988
0.615142051674546
0.615822575330723
0.616455898127288
0.617047002929139
0.61760067670803
0.618121482633307
0.618613733820054
0.61908146889515
0.619528429530801
0.619958040083162
0.620373389460902
0.620777215334922
0.621171890786103
0.621559413472972
0.62194139738561
0.622319067236084
0.622693255519313
0.62306440226155
0.623432557456796
0.623797386174491
0.624158176304858
0.624513848891424
0.624862970983603
0.625203770925883
0.625534155984248
0.625851732195062
0.626153826306833
0.62643750967121
0.626699623926283
0.626936808302874
0.627145528373146
0.627322106050518
0.62746275064077
0.627563590736284
0.627620706738769
0.627630163790618
0.627588044891225
0.627490483972268
0.62733369870519
0.62711402281483
0.6268279376755
0.626472102969673
0.626043386194945
0.625538890811954
0.624955982834504
0.624292315673216
0.62354585305555
0.622714889857906
0.621798070699734
0.620794406165002
0.619703286532869
0.61852449291697
0.617258205731127
0.615905010418441
0.614465900400493
0.612942277223604
0.611335947899597
0.609649119459167
0.607884390756573
0.606044741584782
0.604133519180247
0.602154422215991
0.600111482400483
0.598009043817728
0.595851740160876
0.593644470027418
0.591392370458423
0.589100788917272
0.586775253914728
0.584421444496929
0.582045158820891
0.579652282048229
0.577248753792084
0.574840535354579
0.572433576992476
0.57003378544716
0.567646991971522
0.565278921080889
0.562935160247854
0.560621130751755
0.558342059882776
0.556102954688217
0.553908577434605
0.551763422944064
0.549671697946901
0.547637302574844
0.54566381410096
0.543754473013137
0.541912171488363
0.540139444314962
0.538438462289799
0.536811028097213
0.535258574656499
0.533782165905116
0.532382499965745
0.531059914627006
0.529814395050185
0.528645583597902
0.527552791665437
0.526535013381467
0.525590941032459
0.524718982053916
0.523917277422261
0.52318372127331
0.522515981567226
0.52191152161543
0.521367622282326
0.520881404673736
0.520449853124756
0.520069838302161
0.519738140240529
0.519451471136846
0.519206497735388
0.518999863143032
0.518828207924812
0.518688190340274
0.518576505592925
0.518489903977704
0.518425207824738
0.518379327151527
0.518349273950101
0.518332175050245
0.518325283514701
0.518325988536961
0.518331823826855
0.518340474483446
0.518349782368582
0.518357750007795
0.518362543057881
0.518362491392376
0.518356088867157
0.518341991838482
0.518319016514798
0.518286135231617
0.518242471745603
0.518187295649619
0.518120016014991
0.518040174370482
0.517947437129495
0.517841587577933
0.517722517534769
0.517590218795996
0.517444774470039
0.517286350309185
0.517115186137013
0.516931587466397
0.516735917396367
0.51652858886913
0.516310057360891
0.516080814071916
0.515841379672617
0.515592298653382
0.515334134316619
0.515067464440002
0.514792877630389
0.514510970378395
0.514222344814247
0.513927607156376
0.513627366835392
0.513322236267599
0.513012831244231
0.512699771895114
0.512383684178614
0.512065201843492
0.511744968802816
0.511423641855289
0.511101893685395
0.510780416070602
0.510459923221511
0.51014115517933
0.509824881194437
0.509511903009909
0.509203057974969
0.508899221915042
0.508601311687756
0.508310287357511
0.508027153925294
0.507752962555107
0.507488811243663
0.507235844885882
0.506995254695017
0.50676827694306
0.506556190994159
0.506360316611224
0.506182010523529
0.5060226622509
0.505883689187938
0.505766530959588
0.505672643067151
0.505603489851492
0.505560536807637
0.505545242292102
0.505559048671166
0.505603372964691
0.505679597046116
0.505789057464726
0.505933034961233
0.5061127437521
0.506329320661757
0.506583814184966
0.506877173564065
0.507210237967515
0.507583725857308
0.507998224633103
0.508454180640682
0.508951889631264
0.509491487756573
0.510072943182179
0.510696048398699
0.511360413306829
0.512065459148084
0.512810413348381
0.513594305336478
0.514415963393599
0.515274012584547
0.516166873814194
0.517092764046474
0.518049697716025
0.519035489355366
0.520047757453087
0.521083929551001
0.52214124858056
0.523216780431198
0.52430742273559
0.525409914849226
0.526520848994193
0.527636682529653
0.528753751304334
0.529868284039291
0.530976417682486
0.53207421367017
0.53315767502389
0.534222764206038
0.535265421651345
0.536281584886545
0.537267208145709
0.538218282384361
0.539130855591638
0.54000105329628
0.54082509915928
0.541599335543556
0.542320243949053
0.542984465200233
0.543588819272065
0.544130324640256
0.544606217041741
0.545013967532294
0.545351299729521
0.545616206131584
0.545806963404646
0.545922146535344
0.545960641748492
0.545921658094833
0.545804737618803
0.545609764022158
0.545336969745738
0.544986941398724
0.544560623472439
0.54405932028396
0.543484696103628
0.542838773429876
0.542123929384559
0.541342890212271
0.540498723877721
0.539594830766237
0.538634932503723
0.53762305892383
0.536563533221741
0.535460955345587
0.53432018368821
0.533146315153489
0.531944663682841
0.530720737338559
0.529480214051372
0.528228916149866
0.526972783799062
0.525717847484534
0.52447019968672
0.523235965897603
0.522021275138476
0.520832230143187
0.519674877375741
0.518555177054654
0.517478973358726
0.516451964989969
0.515479676269316
0.514567428939292
0.513720314845144
0.512943169661993
0.512240547830303
0.511616698855548
0.51107554512024
0.510620661347724
0.510255255847166
0.509982153658286
0.509803781702468
0.509722156034171
0.509738871273101
0.509855092283471
0.510071548152067
0.510388528501779
0.510805882161972
0.511323018201596
0.511938909315488
0.512652097538941
0.513460702250536
0.514362430408493
0.515354588951547
0.516434099281761
0.517597513733767
0.51884103392287
0.520160530853301
0.521551566657735
0.523009417830153
0.524529099806161
0.52610539273814
0.527732868307065
0.529405917408532
0.531118778547508
0.532865566774501
0.534640302995318
0.536436943487193
0.538249409455909
0.540071616471433
0.541897503623593
0.543721062244284
0.545536364048558
0.547337588553696
0.549119049642759
0.550875221147256
0.552600761332176
0.554290536175744
0.555939641345722
0.557543422783781
0.559097495819354
0.560597762744362
0.562040428790131
0.563422016457708
0.564739378162467
0.565989707163393
0.567170546756603
0.568279797721523
0.569315724016594
0.570276956729466
0.571162496294197
0.571971712995186
0.572704345784226
0.573360499443278
0.573940640131344
0.574445589359112
0.574876516439939
0.575234929470163
0.5755226648959
0.575741875727124
0.575895018463345
0.575984838798254
0.576014356173654
0.575986847255622
0.575905828408388
0.575775037243687
0.57559841332562
0.575380078113105
0.575124314224044
0.574835544107275
0.574518308210239
0.574177242732097
0.573817057053793
0.573442510938193
0.573058391594978
0.572669490706455
0.572280581511689
0.571896396047508
0.571521602645821
0.571160783787346
0.570818414412188
0.570498840787723
0.570206260033874
0.569944700405062
0.569718002426848
0.569529800983468
0.569383508450151
0.569282298961148
0.569229093900862
0.569226548701253
0.569277041023841
0.569382660399101
0.569545199389797
0.56976614633796
0.570046679747644
0.570387664347426
0.570789648867844
0.571252865559629
0.571777231468736
0.5723623514739
0.57300752308175
0.57371174296355
0.574473715206439
0.575291861240674
0.576164331393068
0.577089018005441
0.578063570045805
0.579085409129104
0.580151746853822
0.581259603350775
0.582405826930923
0.583587114710326
0.584800034082343
0.58604104490011
0.587306522226135
0.588592779500775
0.589896091977275
0.591212720268236
0.592538933846652
0.593871034344259
0.595205378490737
