0.469149761678295
0.474317473241523
0.479436836978244
0.484501356348465
0.489504701033014
0.49444071722182
0.499303437541026
0.504087090609679
0.508786110216446
0.513395144106376
0.517909062367281
0.522322965404731
0.526632191494116
0.530832323897602
0.534919197533185
0.538888905182456
0.542737803223085
0.546462516871476
0.550059944920592
0.55352726395749
0.55686193204482
0.5600616918503
0.563124573208115
0.566048895096213
0.568833267013671
0.571476589742684
0.573978055480226
0.576337147325176
0.578553638107591
0.580627588547899
0.582559344735092
0.584349534914475
0.585999065577216
0.587509116845858
0.588881137151982
0.590116837204515
0.591218183249588
0.592187389625469
0.593026910618846
0.593739431631632
0.59432785967048
0.594795313174341
0.595145111198568
0.595380761977404
0.595505950889959
0.595524527858157
0.595440494208461
0.595257989032501
0.594981275084988
0.594614724260478
0.594162802693637
0.59363005553059
0.593021091421751
0.592340566789136
0.591593169923573
0.590783604969396
0.58991657585617
0.588996770238623
0.588028843507348
0.587017402933895
0.585966992014606
0.584882075077934
0.583767022220034
0.582626094633076
0.581463430390059
0.580283030748787
0.579088747036277
0.57788426817298
0.576673108894009
0.575458598722009
0.57424387174331
0.57303185723576
0.571825271192964
0.570626608785705
0.569438137797093
0.568261893063401
0.5670996719478
0.56595303086915
0.564823282902805
0.563711496464984
0.562618495086748
0.561544858278004
0.560490923476249
0.559456789069089
0.55844231847384
0.557447145251887
0.556470679229925
0.55551211359476
0.554570432923134
0.553644422102942
0.552732676097452
0.551833610499594
0.55094547281919
0.550066354442147
0.549194203197153
0.548326836462348
0.547461954741804
0.546597155639476
0.545729948156541
0.544857767236854
0.543977988484468
0.543087942976991
0.542184932098768
0.541266242318708
0.540329159838822
0.539370985041315
0.538389046664313
0.537380715639014
0.536343418524171
0.535274650477366
0.534171987706451
0.533033099348798
0.531855758730586
0.530637853963182
0.52937739783878
0.528072536992706
0.5267215603052
0.525322906521029
0.523875171070781
0.522377112083288
0.520827655584109
0.519225899880429
0.517571119137998
0.515862766160833
0.514100474389257
0.512284059136478
0.510413518088183
0.508489031093586
0.506510959279992
0.504479843526096
0.502396402332056
0.500261529126712
0.498076289054211
0.495841915283777
0.493559804887293
0.491231514329922
0.488858754619021
0.486443386156236
0.48398741333683
0.481492978939053
0.478962358344744
0.476397953630363
0.47380228756529
0.471177997551638
0.468527829536887
0.465854631927558
0.463161349528797
0.460451017531331
0.457726755563658
0.454991761823769
0.452249307301052
0.449502730095464
0.446755429837524
0.444010862209336
0.441272533563565
0.438543995634306
0.435828840330946
0.433130694603616
0.430453215366545
0.427800084463758
0.425175003659909
0.422581689637873
0.420023868983828
0.417505273140093
0.415029633305886
0.412600675266482
0.410222114131897
0.407897648967263
0.405630957298501
0.403425689478582
0.401285462901777
0.399213856055631
0.397214402403034
0.395290584089609
0.393445825474747
0.39168348648781
0.390006855814436
0.388419143921331
0.386923475931454
0.385522884365041
0.38422030176543
0.383018553232084
0.381920348886562
0.380928276300371
0.380044792916659
0.379272218500513
0.378612727655155
0.378068342443655
0.37764092515768
0.377332171276502
0.377143602660728
0.377076561026147
0.377132201743628
0.377311488011107
0.37761518544347
0.378043857125425
0.378597859171392
0.379277336834959
0.38008222120854
0.381012226551635
0.382066848283437
0.383245361672538
0.384546821253171
0.385970060993802
0.387513695239932
0.389176120448855
0.390955517729695
0.392849856197441
0.394856897145024
0.39697419903254
0.399199123287829
0.401528840907603
0.403960339843299
0.406490433150856
0.409115767878704
0.411832834663397
0.414637977997665
0.417527407131124
0.420497207559562
0.423543353054648
0.426661718182081
0.429848091252679
0.433098187647705
0.436407663456841
0.439772129364776
0.443187164720194
0.446648331719288
0.450151189634613
0.453691309019194
0.457264285815397
0.460865755298041
0.464491405781664
0.468136992022758
0.471798348249034
0.475471400749571
0.479152179961816
0.482836831993959
0.486521629524173
0.490202982021477
0.493877445236707
0.49754172991601
0.501192709693625
0.504827428125259
0.508443104828197
0.512037140699327
0.51560712218748
0.519150824601878
0.522666214443958
0.526151450755434
0.529604885481098
0.533025062850466
0.536410717788034
0.539760773367425
0.543074337330204
0.546350697695434
0.549589317491237
0.552789828644563
0.555952025070147
0.559075855004044
0.562161412631403
0.565208929061928
0.568218762710071
0.571191389140139
0.574127390439285
0.577027444183769
0.579892312065807
0.582722828249935
0.58551988752889
0.588284433349703
0.59101744578097
0.593719929492023
0.596392901814133
0.59903738095278
0.601654374418575
0.604244867742503
0.606809813538909
0.609350120976958
0.611866645718335
0.614360180375607
0.616831445542016
0.619281081439584
0.621709640228249
0.624117579014358
0.626505253592299
0.628872912948341
0.631220694550897
0.633548620446543
0.63585659417611
0.638144398520232
0.640411694078716
0.642658018683194
0.6448827876377
0.647085294777025
0.649264714328189
0.651420103555869
0.653550406168464
0.655654456457411
0.657730984138628
0.659778619861442
0.661795901347105
0.663781280116079
0.665733128760598
0.667649748716705
0.669529378487911
0.671370202270968
0.673170358932814
0.674927951286757
0.676641055615163
0.678307731385551
0.679926031106814
0.681494010272502
0.683009737338531
0.684471303683425
0.68587683350015
0.68722449356983
0.688512502869076
0.689739141964287
0.690902762148109
0.692001794275244
0.693034757256934
0.694000266175713
0.694897039984419
0.695723908755933
0.696479820452651
0.697163847187355
0.697775190949764
0.698313188775791
0.698777317339208
0.699167196948173
0.699482594931776
0.699723428404474
0.699889766398967
0.699981831360726
0.7
0.699944803499725
0.699816927080278
0.699617208924536
0.699346638469131
0.699006354070195
0.698597640054243
0.698121923167125
0.697580768436247
0.69697587446342
0.696309068167892
0.695582299001142
0.694797632657126
0.693957244303569
0.693063411361899
0.69211850586521
0.69112498642549
0.690085389843061
0.689002322392814
0.687878450823425
0.686716493107193
0.685519208979527
0.68428939030838
0.683029851335094
0.681743418829112
0.680432922199922
0.679101183610296
0.677751008135462
0.676385174013205
0.675006423030078
0.67361745108888
0.672220899002326
0.670819343557316
0.669415288893561
0.668011158239301
0.666609286045677
0.665211910559799
0.663821166874837
0.662439080493427
0.661067561438401
0.659708398942312
0.658363256744394
0.657033669020564
0.655721036968742
0.654426626068258
0.653151564028361
0.651896839436915
0.650663301116262
0.649451658189004
0.648262480852055
0.647096201852898
0.645953118657443
0.644833396294376
0.643737070856342
0.642664053633851
0.641614135853415
0.640586993987141
0.639582195596936
0.638599205672556
0.637637393419105
0.63669603944618
0.635774343307803
0.634871431339558
0.633986364736993
0.633118147817407
0.632265736405629
0.631428046283337
0.630603961640873
0.629792343470406
0.628992037839693
0.628201883986592
0.627420722175865
0.62664740126174
0.625880785902062
0.625119763372789
0.62436324993487
0.623610196709375
0.622859595020899
0.622110481173853
0.621361940631174
0.620613111570184
0.619863187795828
0.619111420997225
0.61835712233928
0.617599663387146
0.616838476367274
0.616073053774902
0.615302947343734
0.614527766399507
0.613747175624778
0.612960892267794
0.6121686828335
0.611370359299612
0.610565774905209
0.609754819563366
0.608937414952981
0.608113509348068
0.607283072245356
0.606446088853081
0.60560255450525
0.604752469066508
0.603895831392924
0.603032633913595
0.602162857396901
0.601286465963603
0.600403402406656
0.599513583874766
0.598616897973264
0.597713199331898
0.596802306684658
0.595884000501806
0.59495802120891
0.594024068021973
0.593081798421649
0.592130828283283
0.591170732672958
0.590201047313095
0.589221270714427
0.588230866964414
0.58722926915549
0.586215883429945
0.585190093611854
0.584151266390321
0.583098757012429
0.582031915438813
0.580950092909681
0.579852648864463
0.578738958154193
0.577608418482106
0.576460458004997
0.575294543025454
0.574110185703414
0.572906951714326
0.57168446778086
0.570442429005321
0.569180605930862
0.567898851261207
0.566597106170817
0.565275406140334
0.563933886255616
0.562572785912748
0.561192452876017
0.559793346640933
0.558376041059954
0.55694122619451
0.555489709363236
0.554022415362917
0.552540385845478
0.551044777841341
0.549536861426587
0.548018016538488
0.546489728951114
0.544953585429753
0.543411268089768
0.541864547992206
0.540315278014875
0.538765385043722
0.537216861535009
0.535671756504137
0.53413216600172
0.532600223141853
0.531078087751271
0.52956793571125
0.528071948066697
0.526592299978815
0.525131149599047
0.523690626942666
0.522272822840397
0.520879778045837
0.519513472575179
0.518175815353871
0.516868634242356
0.515593666510005
0.514352549822737
0.513146813805765
0.511977872238271
0.510847015931896
0.509755406339501
0.508704069934975
0.507693893398894
0.506725619638615
0.505799844665028
0.504917015341704
0.504077428015622
0.50328122803213
0.502528410130302
0.501818819708459
0.501152154943426
0.500527969741075
0.499945677489953
0.499404555584355
0.498903750678106
0.498442284625585
0.498019061062243
0.497632872572987
0.497282408393436
0.496966262586168
0.496682942631648
0.496430878371724
0.496208431242159
0.496013903729899
0.495845548990444
0.495701580560916
0.495580182105105
0.495479517127996
0.495397738598904
0.495332998424457
0.495283456715145
0.495247290792051
0.495222703883579
0.495207933465541
0.495201259201744
0.49520101044625
0.495205573272708
0.49521339700049
0.495223000191865
0.495232976098937
0.495241997543659
0.49524882121874
0.495252291401762
0.495251343079195
0.495245004481246
0.495232399032593
0.495212746727932
0.495185364944952
0.495149668710802
0.495105170441254
0.495051479174691
0.494988299325605
0.494915428984577
0.49483275779369
0.494740264427926
0.49463801371445
0.494526153422665
0.494404910758577
0.494274588597426
0.494135561488559
0.493988271466359
0.493833223700515
0.49367098201825
0.493502164330096
0.493327437989699
0.493147515116742
0.49296314791056
0.492775123980379
0.49258426171631
0.492391405723382
0.492197422338936
0.492003195251741
0.491809621239191
0.491617606036896
0.49142806035306
0.491241896038024
0.491060022417517
0.490883342796292
0.490712751137131
0.490549128918553
0.490393342173018
0.490246238706041
0.490108645495343
0.489981366267982
0.489865179252427
0.489760835101623
0.489669054982335
0.489590528825453
0.489525913731415
0.489475832524542
0.489440872449809
0.489421584005408
0.489418479904432
0.489432034159009
0.48946268128036
0.489510815588435
0.489576790625038
0.489660918664651
0.489763470317548
0.489884674220139
0.49002471680794
0.490183742166963
0.490361851959788
0.490559105423022
0.490775519433284
0.4910110686393
0.491265685658117
0.491539261333847
0.491831645057736
0.492142645148709
0.492472029293908
0.492819525049007
0.493184820398411
0.49356756437569
0.493967367744829
0.49438380374309
0.494816408886461
0.495264683838842
0.495728094346222
0.496206072237283
0.496698016491898
0.497203294379133
0.497721242666386
0.498251168901392
0.498792352768798
0.499344047523103
0.499905481499685
0.500475859705682
0.501054365492416
0.501640162311016
0.502232395552781
0.502830194475762
0.503432674218845
0.50403893790449
0.504648078831036
0.505259182755245
0.505871330265459
0.506483599245396
0.507095067428206
0.507704815039983
0.508311927531375
0.508915498395429
0.509514632069116
0.510108446915352
0.510696078281543
0.511276681629894
0.511849435733872
0.512413545934271
0.512968247447382
0.513512808716778
0.514046534799151
0.5145687707736
0.515078905162666
0.51557637335232
0.516060660997021
0.516531307394872
0.516987908816864
0.517430121773182
0.517857666198599
0.518270328538089
0.518667964713006
0.519050502947448
0.519417946433878
0.519770375816561
0.520107951471101
0.520430915558159
0.520739593829462
0.521034397164354
0.521315822815515
0.521584455343027
0.521840967216699
0.522086119067513
0.522320759570227
0.522545824940501
0.522762338031479
0.522971407016535
0.523174223646808
0.523372061074302
0.523566271233615
0.523758281777819
0.523949592566617
0.524141771707601
0.5243364511543
0.524535321867568
0.524740128549865
0.524952663964979
0.525174762858736
0.525408295499279
0.525655160858416
0.525917279458477
0.526196585911856
0.526495021183155
0.526814524606322
0.527157025691562
0.527524435758943
0.527918639437573
0.528341486070918
0.528794781070279
0.529280277259602
0.529799666255717
0.530354569928624
0.53094653198677
0.531577009732184
0.532247366030004
0.532958861536223
0.533712647226519
0.53450975726771
0.535351102271789
0.5362374629706
0.537169484347052
0.538147670256361
0.53917237856815
0.540243816857375
0.541362038668974
0.542526940377953
0.543738258663212
0.544995568609997
0.546298282452292
0.547645648962877
0.549036753495164
0.550470518677319
0.551945705755625
0.553460916580518
0.555014596225378
0.556605036224823
0.558230378416193
0.559888619364892
0.561577615351545
0.56329508789634
0.56503862979362
0.566805711627687
0.568593688738962
0.570399808608046
0.572221218623956
0.574054974201699
0.575898047213645
0.577747334698575
0.57959966781205
0.581451820981746
0.583300521231578
0.585142457638924
0.586974290889896
0.588792662898435
0.590594206456042
0.592375554880116
0.59413335163015
0.595864259862461
0.597564971895607
0.599232218560184
0.600862778408326
0.602453486759782
0.604001244563108
0.605503027052058
0.606955892178812
0.608356988807145
0.609703564650074
0.610992973937773
0.61222268480282
0.61339028637087
0.614493495545864
0.615530163479686
0.616498281716932
0.617395988005994
0.618221571768133
0.618973479216541
0.619650318117574
0.620250862186438
0.620774055109622
0.621219014186214
0.621585033580141
0.621871587175059
0.622078331023412
0.622205105380828
0.622251936316746
0.622219036891873
0.62210680789278
0.621915838113797
0.621646904176186
0.621300969874553
0.620879185040525
0.62038288391392
0.619813583011957
0.619172978487575
0.618462942968561
0.617685521870063
0.616842929174068
0.615937542670656
0.614971898657268
0.613948686093848
0.612870740213514
0.611741035590452
0.610562678668909
0.609338899759532
0.608073044511853
0.606768564874404
0.605429009556774
0.60405801401088
0.602659289951732
0.601236614441134
0.599793818560885
0.598334775705254
0.596863389525699
0.595383581563914
0.593899278612441
0.592414399845044
0.590932843761954
0.589458474997846
0.587995111042955
0.586546508930143
0.585116351942836
0.583708236400654
0.582325658581173
0.580972001837551
0.57965052397275
0.578364344931737
0.577116434873342
0.575909602683382
0.574746484990213
0.573629535743042
0.572561016412103
0.571542986868188
0.570577296997018
0.569665579101541
0.568809241142474
0.56800946086423
0.567267180849926
0.566583104545229
0.565957693286702
0.56539116436577
0.564883490154695
0.564434398315891
0.564043373110698
0.563709657818215
0.563432258269219
0.56320994749439
0.563041271480187
0.56292455601978
0.562857914640438
0.562839257582808
0.562866301801503
0.562936581950611
0.563047462311867
0.563196149617643
0.563379706715421
0.563595067015157
0.563839049655915
0.564108375323449
0.564399682645917
0.56470954509088
0.565034488282938
0.565371007658063
0.565715586367723
0.566064713343411
0.56641490143015
0.566762705495958
0.567104740423216
0.567437698887257
0.567758368827448
0.568063650516492
0.568350573134618
0.568616310756845
0.56885819766352
0.569073742886842
0.569260643909159
0.569416799432361
0.569540321141713
0.56962954439203
0.569683037749004
0.569699611323944
0.569678323845976
0.569618488421962
0.569519676940925
0.569381723086677
0.56920472392948
0.568989040074996
0.568735294356424
0.568444369063515
0.568117401710093
0.567755779349763
0.567361131457509
0.566935321403018
0.566480436549536
0.56599877702001
0.565492843180074
0.56496532189498
0.564419071625
0.563857106430838
0.563282578967376
0.562698762550426
0.562109032387146
0.561516846066237
0.56092572340907
0.560339225787369
0.55976093501696
0.559194431940427
0.558643274814204
0.558110977617676
0.557600988403241
0.557116667806992
0.556661267839685
0.55623791107697
0.555849570366466
0.555499049167193
0.555188962634065
0.55492171955671
0.554699505257746
0.554524265550869
0.554397691853732
0.554321207544591
0.55429595564518
0.554322787905196
0.554402255356269
0.554534600395276
0.554719750448553
0.55495731325983
0.555246573835751
0.555586493073635
0.555975708086768
0.556412534233024
0.556894968843064
0.557420696634854
0.557987096791747
0.558591251672059
0.559229957108893
0.559899734250051
0.560596842879276
0.561317296151759
0.562056876669016
0.562811153810801
0.563575502234807
0.564345121448518
0.565115056351773
0.565880218643389
0.566635408980642
0.567375339776506
0.568094658516318
0.568787971473063
0.569449867698647
0.570074943167454
0.57065782494814
0.571193195279984
0.571675815431163
0.572100549218138
0.572462386067774
0.572756463506939
0.57297808896811
0.573122760803877
0.573186188408173
0.5731643113476
0.573053317412157
0.572849659501199
0.5725500712673
0.57215158144797
0.571651526822759
0.571047563741137
0.57033767817463
0.569520194254992
0.56859378126853
0.567557459085244
0.56641060200988
0.565152941050511
0.563784564608641
0.562305917603111
0.560717799048195
0.559021358114172
0.557218088706305
0.555309822605494
0.553298721220879
0.551187266011331
0.548978247638958
0.546674753923606
0.544280156672625
0.541798097465074
0.539232472473834
0.536587416412979
0.533867285700982
0.531076640933133
0.528220228758668
0.525302963259769
0.522329906930639
0.51930625135534
0.516237297683037
0.513128436998692
0.509985130686083
0.506812890878389
0.503617261089397
0.500403797115726
0.497178048297379
0.493945539220328
0.490711751940914
0.487482108807456
0.48426195594978
0.48105654750233
0.477871030621223
0.474710431350014
0.471579641383172
0.46848340577028
0.46542631159785
0.462412777679437
0.459447045278426
0.45653316988155
0.453675014034863
0.450876241247639
0.448140310963448
0.445470474591594
0.442869772586145
0.440341032554075
0.437886868368454
0.435509680257376
0.433211655834269
0.430994772030533
0.428860797887044
0.426811298157043
0.424847637669211
0.42297098639648
0.421182325173196
0.419482452000785
0.417871988879998
0.416351389106173
0.414920944962734
0.413580795747382
0.412330936065057
0.41117122432185
0.410101391354522
0.409121049131166
0.408229699459885
0.40742674264398
0.406711486024211
0.40608315235106
0.405540887932613
0.405083770506708
0.404710816789218
0.404420989653909
0.404213204903015
0.404086337591615
0.404039227872994
0.404070686336382
0.404179498812802
0.404364430629148
0.404624230295056
0.404957632611585
0.405363361195141
0.405840130414493
0.406386646743002
0.407001609532437
0.407683711218806
0.408431636974585
0.409244063825488
0.410119659253512
0.411057079311325
0.412054966276258
0.413111945875016
0.414226624112919
0.415397583743842
0.416623380419177
0.417902538555961
0.41923354696592
0.420614854288435
0.422044864271484
0.423521930945323
0.42504435373416
0.426610372551255
0.428218162922813
0.42986583118576
0.431551409803881
0.433272852846062
0.435028031669345
0.436814730848301
0.438630644390826
0.44047337227886
0.442340417370793
0.444229182700406
0.446136969205152
0.448060973914399
0.449998288625992
0.451945899097069
0.453900684772651
0.455859419072908
0.45781877025745
0.459775302882302
0.461725479862506
0.463665665150574
0.46559212703824
0.467501042086166
0.469388499683496
0.471250507236325
0.473082995981396
0.47488182741854
0.476642800352619
0.47836165853302
0.480034098875997
0.481655780252527
0.483222332821686
0.484729367886965
0.486172488250401
0.487547299036927
0.488849418958893
0.490074491988373
0.491218199402587
0.49227627216555
0.493244503606976
0.494118762357413
0.494895005496719
0.495569291871156
0.496137795532744
0.496596819252955
0.496942808061468
0.497172362759439
0.497282253355701
0.497269432373399
0.497131047973868
0.496864456844044
0.496467236793392
0.49593719900627
0.495272399895742
0.494471152505248
0.493532037405137
0.492453913031914
0.491235925419131
0.489877517270234
0.488378436325237
0.486738742974984
0.484958817078824
0.483039363943924
0.480981419426988
0.478786354122032
0.476455876600897
0.473992035676457
0.471397221661999
0.468674166603883
0.465825943468474
0.46285596426835
0.45976797711691
0.456566062204828
0.453254626696125
0.449838398546101
0.446322419247872
0.442712035518765
0.439012889942378
0.435230910586609
0.431372299622416
0.42744352097248
0.423451287023207
0.4194025444377
0.415304459111326
0.411164400315377
0.406989924077968
0.402788755854748
0.398568772545232
0.394337983913474
0.39010451347453
0.385876578910506
0.381662472082124
0.37747053870349
0.373309157749228
0.369186720664278
0.365111610447454
0.361092180680317
0.357136734573059
0.353253504098869
0.349450629287714
0.345736137749602
0.342117924496187
0.338603732128078
0.335201131453402
0.33191750260108
0.328760016689895
0.325735618111796
0.322851007485033
0.320112625329586
0.317526636514062
0.315098915519778
0.312835032564024
0.310740240620804
0.308819463373347
0.30707728412874
0.305517935720927
0.30414529142417
0.302962856894927
0.301973763155933
0.301180760632096
0.300586214243728
0.300192099558555
0.3
0.300011105105324
0.30022620982347
0.300645714838831
0.301269627903674
0.302097566158663
0.303128759417799
0.304362054391135
0.305795919815957
0.30742845246454
0.30925738399436
0.31128008860455
0.313493591460588
0.31589457784759
0.318479403011288
0.321244102644618
0.324184403977015
0.32729573742288
0.330573248745282
0.334011811690808
0.337606041051508
0.341350306110181
0.345238744425655
0.349265275915445
0.353423617193931
0.357707296125235
0.362109666551121
0.366623923155475
0.37124311642838
0.375960167694218
0.380767884169886
0.385658974020789
0.390626061383994
0.395661701329658
0.40075839473354
0.405908603035183
0.411104762858011
0.416339300469308
0.421604646059618
0.42689324782269
0.432197585818558
0.437510185603718
0.442823631613648
0.448130580284094
0.453423772898572
0.458696048150472
