0.581263190630775
0.582471234198034
0.583579207810121
0.584585287610045
0.585488040872562
0.586286424382962
0.586979780875799
0.587567833591211
0.588050679018326
0.588428777906496
0.588702944635695
0.588874335047136
0.588944432844158
0.588915034681398
0.588788234067343
0.588566404211334
0.588252179951099
0.587848438900692
0.587358281961476
0.586785013340381
0.586132120220087
0.58540325222514
0.584602200826146
0.583732878821311
0.582799300030589
0.581805559332704
0.58075581316932
0.579654260633732
0.578505125253711
0.577312637569583
0.576081018599436
0.574814464273474
0.573517130909236
0.572193121788578
0.570846474886271
0.569481151788718
0.568101027829891
0.566709883460131
0.56531139685213
0.563909137737219
0.562506562454284
0.56110701018311
0.559713700324015
0.558329730976198
0.556958078458493
0.555601597808174
0.55426302418626
0.552944975111362
0.551649953438681
0.550380350996237
0.549138452786873
0.547926441662052
0.546746403371943
0.545600331895769
0.544490134956914
0.543417639628742
0.542384597939541
0.541392692388322
0.540443541287465
0.5395387038532
0.538679684970691
0.537867939566957
0.537104876531859
0.536391862134992
0.535730222894214
0.535121247859916
0.534566190287588
0.53406626867996
0.533622667188651
0.533236535373915
0.532908987329556
0.53264110018833
0.532433912031024
0.532288419229939
0.532205573264436
0.532186277052688
0.532231380849508
0.532341677765299
0.532517898965467
0.532760708613327
0.533070698622231
0.533448383284712
0.533894193847527
0.53440847310182
0.534991470057122
0.535643334766577
0.536364113368734
0.537153743408394
0.538012049495495
0.538938739356881
0.539933400331039
0.540995496350658
0.542124365452134
0.543319217845108
0.544579134568702
0.545903066754579
0.547289835510192
0.548738132428818
0.550246520726212
0.551813436997084
0.553437193578091
0.555115981497865
0.556847873988657
0.558630830528719
0.560462701379421
0.5623412325766
0.564264071331562
0.566228771793746
0.568232801124225
0.570273545827028
0.572348318283723
0.574454363435841
0.576588865559481
0.578748955076909
0.580931715351006
0.583134189410151
0.585353386553393
0.587586288788623
0.589829857059814
0.592081037223231
0.594336765736772
0.596593975031215
0.598849598537096
0.601100575346129
0.603343854491441
0.605576398836427
0.607795188567607
0.609997224292432
0.612179529748514
0.614339154136196
0.61647317409155
0.618578695321958
0.620652853931101
0.622692817464604
0.624695785711561
0.626658991300796
0.628579700133824
0.630455211699137
0.632282859314596
0.634060010346299
0.635784066453361
0.637452463908551
0.639062674044642
0.640612203875713
0.642098596941441
0.643519434420665
0.644872336558229
0.646154964446281
0.647365022197929
0.648500259547364
0.649558474906348
0.650537518902351
0.651435298418657
0.652249781151428
0.652979000693146
0.653621062146042
0.654174148263083
0.654636526107975
0.655006554219405
0.655282690258451
0.655463499111888
0.6555476614179
0.655533982474675
0.655421401486482
0.655209001096165
0.654896017147619
0.654481848616778
0.653966067644929
0.653348429603954
0.652628883119254
0.651807579972855
0.650884884806374
0.649861384541385
0.648737897433071
0.647515481672112
0.646195443449411
0.644779344398579
0.643269008332131
0.641666527189003
0.639974266113387
0.638194867587906
0.636331254547901
0.634386632407946
0.632364489936743
0.63026859892218
0.628103012574539
0.625872062622617
0.623580355064791
0.621232764544817
0.618834427330283
0.616390732880181
0.613907313996876
0.611390035566826
0.608844981903624
0.606278442716347
0.603696897735531
0.601107000038505
0.598515558125073
0.59592951680361
0.593355936956505
0.590801974262394
0.588274856960779
0.585781862752278
0.583330294934945
0.580927457883625
0.578580631985274
0.576297048148362
0.574083862008989
0.571948127959999
0.569896773132287
0.56793657145944
0.566074117958038
0.56431580335613
0.562667789201734
0.561135983581656
0.55972601757838
0.558443222589493
0.557292608629804
0.556278843731304
0.555406234550224
0.55467870828384
0.55409979599235
0.553672617413182
0.553399867346528
0.553283803681842
0.553326237125487
0.553528522679849
0.553891552914036
0.554415753055846
0.555101077924195
0.555947010710566
0.556952563607497
0.558116280271676
0.559436240098963
0.56091006427867
0.562534923584783
0.564307547852626
0.566224237080678
0.568280874089078
0.57047293865878
0.572795523068316
0.575243348938907
0.577810785293102
0.580491867727371
0.583280318595042
0.586169568092787
0.589152776141448
0.592222854950354
0.595372492153488
0.598594174405793
0.601880211328606
0.605222759694653
0.608613847745149
0.612045399534326
0.615509259200083
0.618997215063421
0.622501023463738
0.626012432241983
0.629523203788965
0.633025137581709
0.636510092136678
0.639970006314764
0.643396919919208
0.646782993533943
0.650120527556218
0.653401980383689
0.6566199857224
0.659767368988178
0.6628371627799
0.66582262140873
0.66871723447287
0.671514739472435
0.674209133463847
0.676794683757506
0.679265937666526
0.681617731317906
0.683845197540721
0.685943772848676
0.687909203536744
0.689737550913543
0.691425195692693
0.692968841567526
0.694365517994352
0.695612582209945
0.696707720509037
0.697648948807496
0.698434612516432
0.699063385751884
0.699534269903899
0.699846591587886
0.7
0.699994463697212
0.699830266821453
0.699508004786061
0.699028579441527
0.698393193736433
0.697603345888393
0.6966608230789
0.695567694685137
0.69432630506119
0.692939265880606
0.691409448051921
0.689739973218731
0.687934204855902
0.685995738973895
0.683928394443597
0.681736202954814
0.679423398622392
0.676994407255044
0.674453835303109
0.671806458502854
0.669057210236369
0.66621116962767
0.663273549397239
0.660249683498898
0.657145014564602
0.653965081184369
0.650715505050229
0.647401977994567
0.644030248954732
0.64060611089706
0.637135387734656
0.633623921274229
0.630077558228115
0.626502137328124
0.62290347657825
0.6192873606833
0.615659528690378
0.612025661879677
0.60839137194033
0.604762189466083
0.601143552804302
0.597540797290284
0.593959144897102
0.590403694329177
0.586879411585534
0.5833911210163
0.579943496893313
0.576541055513015
0.573188147846811
0.569888952751151
0.56664747074643
0.563467518370741
0.560352723111346
0.557306518913642
0.554332142264326
0.551432628842522
0.548610810729752
0.545869314166959
0.543210557844239
0.540636751706638
0.538149896257242
0.535751782336959
0.533443991358787
0.531227895973064
0.529104661139186
0.527075245578544
0.525140403583061
0.523300687153593
0.521556448442667
0.519907842476572
0.518354830132582
0.516897181348221
0.515534478540796
0.514266120217044
0.513091324754516
0.512009134338383
0.511018419039467
0.510117881021649
0.509306058869215
0.50858133202716
0.507941925350015
0.507385913757263
0.506911226995856
0.506515654512781
0.506196850442868
0.505952338719151
0.50577951831506
0.50567566862942
0.50563795502669
0.505663434546084
0.505749061794073
0.505891695035327
0.506088102497361
0.506334968903961
0.506628902251959
0.506966440844975
0.507344060596454
0.50775818261262
0.508205181063917
0.508681391351051
0.509183118568992
0.509706646269163
0.510248245516648
0.510804184235557
0.51137073683178
0.511944194078238
0.512520873243457
0.513097128439932
0.513669361164261
0.514234030996612
0.514787666422615
0.515326875736483
0.515848357979956
0.516348913867671
0.51682545664586
0.517275022827817
0.517694782746522
0.518082050862145
0.518434295759942
0.518749149772304
0.51902441815757
0.519258087767539
0.519448335135601
0.519593533917972
0.519692261621701
0.519743305554988
0.519745667937796
0.5196985701139
0.519601455809239
0.519453993385834
0.519256077045476
0.519007826942937
0.518709588174492
0.518361928614086
0.51796563557649
0.517521711294101
0.517031367201804
0.516496017032233
0.515917268731951
0.515296915217395
0.514636923997772
0.513939425700465
0.513206701542806
0.512441169802184
0.511645371344377
0.510821954277596
0.509973657806991
0.509103295371186
0.508213737148726
0.507307892028114
0.506388689140294
0.50545905905695
0.504521914761863
0.503580132505637
0.502636532656502
0.501693860661465
0.50075476823287
0.499821794875415
0.49889734986787
0.497983694812121
0.49708292685977
0.496196962723396
0.495327523575648
0.494476120934785
0.493644043629996
0.49283234593395
0.49204183694357
0.49127307128302
0.490526341195464
0.489801670082243
0.489098807539928
0.488417225937162
0.487756118564467
0.487114399381283
0.486490704375445
0.485883394541303
0.48529056047357
0.48471002856504
0.48413936878747
0.483575904026214
0.483016720930798
0.482458682235405
0.481898440495438
0.481332453178785
0.480756999043325
0.480168195725507
0.479562018458586
0.478934319833312
0.478280850508572
0.47759728077465
0.476879222867499
0.476122253928624
0.475321939501871
0.474473857455728
0.473573622217447
0.472616909203624
0.471599479330652
0.47051720348775
0.469366086855081
0.468142292949748
0.466842167283217
0.465462260514959
0.463999350988775
0.462450466540454
0.460812905467951
0.459084256558339
0.457262418069215
0.455345615566099
0.453332418521646
0.451221755587163
0.449012928451961
0.446705624211554
0.444299926171486
0.441796323019786
0.439195716307561
0.43649942618411
0.433709195340148
0.430827191120226
0.427856005773262
0.424798654818136
0.421658573509685
0.418439611398941
0.415146024990251
0.411782468506841
0.408353982785419
0.404865982329618
0.401324240561258
0.397734873317661
0.394104320652444
0.390439327006321
0.386746919823438
0.383034386697566
0.379309251140979
0.375579247077151
0.371852292166234
0.368136460079771
0.364439951848061
0.360771066410046
0.357138170501433
0.353549668021947
0.350013969027116
0.346539458493718
0.343134465010943
0.339807229551433
0.336565874477568
0.333418372938674
0.330372518814202
0.327435897356339
0.324615856682992
0.321919480268546
0.319353560575353
0.316924573963482
0.314638657009891
0.312501584360958
0.310518748234155
0.308695139675734
0.30703533167155
0.305543464197744
0.304223231286897
0.303077870173647
0.302110152571583
0.301322378120659
0.300716370031496
0.300293472939781
0.300054552970695
0.3
0.300129732085116
0.300443202026399
0.300939406005984
0.301616894238968
0.302473783559693
0.30350777185424
0.30471615423938
0.306095840877919
0.307643376310956
0.309354960178912
0.311226469195515
0.313253480232181
0.315431294364495
0.317754961727869
0.320219307025866
0.322818955532241
0.325548359426417
0.328401824301938
0.331373535688373
0.33445758542921
0.337647997761415
0.34093875494657
0.344323822308713
0.34779717254023
0.351352809144283
0.354984788890243
0.358687243167377
0.362454398131557
0.366280593549856
0.37016030025865
0.374088136161923
0.378058880708097
0.382067487795448
0.386109097068255
0.390179043577896
0.394272865795244
0.398386311972755
0.402515344866482
0.406656144839857
0.410805111382313
0.414958863086624
0.419114236139166
0.423268281386991
0.427418260054706
0.431561638192497
0.43569607994426
0.439819439731563
0.443929753455145
0.448025228820662
0.452104234899591
0.456165291039333
0.460207055238898
0.464228312107795
0.468227960526163
0.472205001123558
0.47615852369234
0.480087694649174
0.483991744654911
0.487869956498975
0.491721653349509
0.495546187464849
0.499342929455598
0.503111258179537
0.506850551344109
0.510560176883117
0.514239485165788
0.517887802087484
0.521504423082172
0.525088608087395
0.528639577482952
0.532156509014923
0.535638535707098
0.539084744752401
0.542494177367595
0.545865829585495
0.549198653950202
0.552491562072479
0.555743427994572
0.558953092306351
0.562119366947925
0.565241040627722
0.568316884779579
0.571345659977706
0.574326122724443
0.577257032522612
0.580137159142008
0.58296528998814
0.58574023748081
0.588460846350443
0.591126000761332
0.593734631173015
0.596285720854006
0.598778311965859
0.601211511140166
0.603584494476427
0.605896511894861
0.60814689078497
0.610335038898047
0.61246044643979
0.614522687327561
0.616521419585709
0.618456384861511
0.62032740705371
0.622134390055208
0.623877314621131
0.625556234383094
0.627171271040062
0.628722608765477
0.630210487879411
0.63163519784311
0.632997069641499
0.634296467626845
0.635533780903744
0.636709414341889
0.637823779308582
0.638877284217557
0.639870324994468
0.640803275562163
0.641676478450653
0.642490235637486
0.643244799723917
0.64394036555098
0.644577062357121
0.64515494657566
0.645673995365817
0.646134100965604
0.646535065948405
0.646876599457735
0.647158314486453
0.647379726257704
0.647540251755206
0.647639210440147
0.64767582618115
0.647649230412509
0.647558466524314
0.647402495476313
0.647180202615496
0.646890405665524
0.646531863844433
0.646103288055616
0.645603352085971
0.645030704734578
0.644383982785248
0.643661824727018
0.642862885118207
0.641985849482026
0.641029449615168
0.639992479185195
0.638873809488139
0.637672405234396
0.636387340228954
0.635017812811109
0.633563160919245
0.63202287664789
0.630396620167167
0.628684232878844
0.626885749688512
0.625001410279836
0.623031669284331
0.620977205248639
0.618838928310734
0.616617986506731
0.614315770641023
0.611933917664088
0.609474312514476
0.606939088394042
0.604330625458317
0.601651547916889
0.598904719551686
0.596093237673927
0.593220425553216
0.590289823364573
0.587305177711064
0.584270429790996
0.581189702289249
0.5780672850822
0.574907619854611
0.571715283734979
0.568494972062826
0.565251480407413
0.56198968596224
0.55871452844342
0.555430990622606
0.552144078626567
0.548858802135769
0.545580154613433
0.542313093694559
0.539062521861326
0.535833267527198
0.532630066647019
0.529457544964429
0.526320201001175
0.523222389885414
0.520168308107948
0.517161979286674
0.514207241010383
0.511307732823565
0.508466885404142
0.505687910976177
0.502973794989666
0.500327289089639
0.49775090538705
0.495246912034426
0.492817330100029
0.490463931725475
0.488188239543414
0.485991527323987
0.483874821811575
0.481838905706661
0.479884321741659
0.478011377794243
0.476220152977121
0.474510504639276
0.472882076210532
0.471334305818816
0.469866435607678
0.468477521680528
0.467166444597538
0.465931920351273
0.464772511747772
0.463686640121
0.462672597310227
0.461728557831936
0.46085259118031
0.460042674193041
0.459296703422196
0.458612507453014
0.457987859116846
0.457420487547808
0.456908090036174
0.456448343634968
0.456038916479572
0.455677478783507
0.455361713476705
0.455089326455642
0.45485805641761
0.454665684254075
0.454510041980631
0.45438902118335
0.45430058096347
0.454242755364311
0.45421366026606
0.454211499735656
0.45423457182045
0.454281273775637
0.454350106716643
0.454439679688799
0.454548713147664
0.454676041844458
0.45482061711204
0.454981508547992
0.455157905092447
0.455349115499535
0.455554568202582
0.45577381057465
0.456006507587536
0.456252439874049
0.456511501200279
0.456783695356533
0.457069132477857
0.457368024807377
0.457680681918183
0.458007505412125
0.458348983116637
0.45870568280355
0.459078245456769
0.459467378118694
0.459873846348186
0.460298466325885
0.460742096645572
0.461205629833048
0.461689983636693
0.462196092136349
0.462724896719436
0.463277336975247
0.463854341560069
0.464456819087214
0.46508564909706
0.465741673162883
0.466425686188494
0.467138427953522
0.46788057496155
0.468652732645216
0.469455427980859
0.470289102563249
0.471154106188482
0.472050690990207
0.472979006170992
0.473939093366885
0.47493088267911
0.475954189402341
0.477008711474227
0.478094027665795
0.479209596527076
0.480354756096882
0.481528724380097
0.482730600590212
0.483959367149235
0.48521389243148
0.48649293423229
0.487795143937385
0.489119071363436
0.490463170235563
0.491825804262912
0.493205253769264
0.494599722831769
0.496007346877543
0.497426200684875
0.498854306733378
0.500289643845398
0.501730156059586
0.503173761676576
0.504618362416319
0.506061852626719
0.507502128483829
0.508937097124969
0.510364685657691
0.511782849989554
0.51318958342605
0.514582924986874
0.515960967393816
0.517321864687042
0.518663839430158
0.519985189468378
0.521284294208165
0.522559620390855
0.523809727337024
0.525033271642593
0.526229011311905
0.527395809317139
0.528532636577512
0.529638574355612
0.53071281607194
0.531754668542275
0.532763552645801
0.533739003434955
0.534680669700779
0.535588313010075
0.536461806232879
0.537301131580748
0.538106378178015
0.53887773918957
0.539615508529843
0.540320077178573
0.540991929129575
0.541631636999142
0.542239857320984
0.542817325554641
0.543364850834245
0.543883310484292
0.544373644328802
0.544836848819833
0.545273971010942
0.545686102400696
0.5460743726709
0.546439943343756
0.546784001381769
0.547107752753812
0.547412415990491
0.547699215751638
0.547969376428616
0.548224115803964
0.548464638790858
0.548692131274873
0.548907754080565
0.549112637085509
0.549307873504527
0.549494514367006
0.549673563210321
0.5498459710125
0.550012631387349
0.55017437606525
0.550331970682805
0.550486110904285
0.550637418897604
0.550786440187048
0.550933640904443
0.551079405459623
0.551224034650148
0.551367744229022
0.551510663947782
0.551652837090765
0.551794220514483
0.551934685204042
0.552074017356226
0.552211919996419
0.552348015133792
0.552481846456343
0.552612882564245
0.552740520736761
0.552864091224562
0.552982862055805
0.553096044340709
0.553202798055691
0.553302238284447
0.553393441889618
0.553475454584998
0.553547298374639
0.553607979321645
0.553656495606055
0.553691845827976
0.553713037509063
0.553719095742654
0.55370907194028
0.553682052620027
0.55363716818027
0.553573601600707
0.553490597011387
0.553387468069598
0.553263606084037
0.553118487825727
0.552951682965537
0.552762861079089
0.552551798161179
0.552318382593615
0.552062620512668
0.551784640525011
0.551484697724181
0.551163176963175
0.55082059534277
0.55045760387952
0.550074988322161
0.549673669090177
0.549254700313715
0.548819267959659
0.548368687034587
0.547904397861407
0.54742796143272
0.546941053850297
0.54644545986649
0.545943065549788
0.545435850103172
0.544925876870186
0.544415283569844
0.5439062718075
0.543401095914529
0.542902051175213
0.542411461504317
0.541931666643695
0.54146500895059
0.541013819854258
0.540580406060948
0.54016703559021
0.539775923727872
0.539409218982801
0.53906898913578
0.538757207469428
0.538475739268042
0.538226328675621
0.538010585999028
0.537829975541384
0.537685804048272
0.537579209846247
0.537511152749503
0.537482404806346
0.537493541952409
0.537544936632362
0.537636751446279
0.537768933870761
0.537941212098616
0.538153092034195
0.538403855474617
0.538692559500009
0.539018037088668
0.539378898965745
0.539773536686693
0.540200126949459
0.540656637122117
0.541140831965582
0.541650281524122
0.542182370149701
0.542734306619776
0.543303135302068
0.543885748314101
0.544478898619917
0.545079214001429
0.545683211837357
0.546287314618617
0.546887866125435
0.547481148188332
0.548063397952473
0.548630825562707
0.549179632184942
0.549706028278271
0.550206252031485
0.550676587877319
0.551113384997833
0.55151307573486
0.551872193820327
0.552187392342497
0.552455461365737
0.552673345123314
0.552838158704861
0.552947204162579
0.55299798596287
0.552988225712961
0.552915876095085
0.552779133944018
0.552576452407062
0.552306552129099
0.551968431408847
0.551561375276221
0.551084963444413
0.550539077094231
0.549923904452163
0.549239945127675
0.548488013179394
0.547669238883997
0.546785069185954
0.545837266810626
0.544827908027727
0.543759379056717
0.542634371110387
0.541455874077705
0.540227168851884
0.538951818314681
0.537633656993063
0.536276779409645
0.534885527153675
0.533464474704794
0.532018414047382
0.530552338118925
0.52907142314155
0.527581009891593
0.526086583967835
0.524593755124775
0.523108235742987
0.521635818514229
0.520182353424458
0.518753724123225
0.517355823773044
0.515994530477211
0.514675682389099
0.513405052610192
0.512188323987937
0.511031063927887
0.509938699337473
0.508916491821117
0.50796951324813
0.507102621816017
0.506320438732222
0.505627325637181
0.505027362890536
0.504524328840686
0.504121680195336
0.503822533607425
0.503629648586769
0.503545411842828
0.503571823158405
0.503710482887591
0.503962581164123
0.504328888898371
0.504809750632585
0.505405079314749
0.506114353041565
0.506936613810679
0.507870468311378
0.508914090771724
0.510065227868455
0.511321205694117
0.512678938763813
0.514134941031853
0.515685338876399
0.517325885998162
0.519051980167345
0.520858681741386
0.522740733864829
0.524692584251859
0.526708408441754
0.528782134407895
0.530907468392015
0.533077921827205
0.53528683920589
0.537527426742539
0.539792781675473
0.542075922047641
0.544369816802906
0.546667416032046
0.54896168120153
0.551245615198066
0.553512292022999
0.55575488597288
0.557966700145878
0.560141194118134
0.562272010639734
0.564353001206505
0.566378250371442
0.568342098668057
0.57023916402732
0.572064361580073
0.573812921747717
0.575480406535523
0.57706272395512
0.578556140515258
