0.177817853611205
0.177442942248227
0.177062391862757
0.176677444963463
0.176289285676408
0.17589903322629
0.175507736109727
0.175116366999669
0.174725818412967
0.174336899165818
0.173950331634269
0.173566749829231
0.173186698287713
0.172810631774229
0.172438915778652
0.172071827789328
0.171709559313005
0.171352218606246
0.170999834076481
0.170652358304831
0.17030967263734
0.169971592286343
0.169637871879449
0.169308211390051
0.16898226238041
0.168659634486292
0.168339902070808
0.168022610974551
0.16770728528941
0.167393434084411
0.167080558013785
0.166768155739909
0.166455730107066
0.166142794005796
0.165828875872139
0.165513524771134
0.165196315019457
0.164876850308119
0.164554767292416
0.164229738623012
0.163901475398799
0.163569729029175
0.163234292500321
0.162895001047043
0.162551732238549
0.162204405493158
0.161852981043301
0.161497458378182
0.161137874197054
0.160774299911191
0.160406838737261
0.16003562242877
0.15966080769573
0.159282572365391
0.158901111339016
0.158516632401062
0.15812935193782
0.157739490622618
0.157347269123982
0.156952903891846
0.156556603074917
0.156158562619737
0.155758962598838
0.155357963811749
0.154955704698492
0.154552298600702
0.154147831400649
0.153742359563321
0.153335908601393
0.152928471977449
0.152520010452301
0.152110451882722
0.151699691466472
0.151287592427201
0.150873987126696
0.150458678587145
0.150041442401548
0.14962202900628
0.149200166286105
0.148775562478633
0.148347909342451
0.147916885550869
0.147482160271452
0.147043396890292
0.146600256839278
0.146152403484448
0.14569950603386
0.145241243424264
0.144777308147188
0.144307409976771
0.143831279563887
0.143348671863601
0.142859369365839
0.142363185102312
0.141859965406022
0.141349592403238
0.140831986221445
0.140307106900458
0.139774955997639
0.139235577881808
0.13868906071407
0.138135537117232
0.137575184538822
0.137008225315789
0.136434926451882
0.135855599121249
0.135270597914159
0.134680319842722
0.134085203126171
0.13348572577661
0.132882404007183
0.132275790485253
0.131666472453582
0.131055069742544
0.130442232696141
0.12982864003408
0.129214996671394
0.128602031516053
0.127990495263832
0.1273811582083
0.12677480808225
0.126172247945306
0.125574294130647
0.124981774262095
0.124395525350969
0.123816391980365
0.123245224582755
0.122682877815127
0.122130209034263
0.121588076873277
0.121057339919097
0.120538855489349
0.120033478505945
0.119542060461684
0.119065448475344
0.118604484430003
0.118160004188792
0.117732836881808
0.117323804257619
0.116933720092584
0.116563389651076
0.116213609189702
0.115885165498619
0.115578835473169
0.115295385709146
0.115035572115189
0.114800139535918
0.114589821379596
0.114405339244208
0.114247402535946
0.114116708074154
0.114013939676778
0.113939767720361
0.113894848668517
0.113879824562714
0.11389532246903
0.113941953874356
0.114020314025326
0.114130981203024
0.114274515926349
0.114451460076713
0.114662335936663
0.114907645134932
0.115187867490471
0.115503459748149
0.115854854199076
0.116242457178906
0.116666647438052
0.117127774378502
0.117626156152843
0.118162077622249
0.118735788171517
0.119347499380778
0.119997382555245
0.12068556611632
0.121412132859461
0.122177117086541
0.122980501622845
0.123822214731401
0.124702126940008
0.125620047799032
0.126575722590753
0.127568829013811
0.128598973868895
0.129665689774451
0.130768431943543
0.131906575055241
0.133079410255917
0.134286142327497
0.135525887061141
0.136797668875801
0.138100418721778
0.139432972309553
0.140794068703923
0.14218234932274
0.143596357378291
0.145034537797643
0.146495237656018
0.147976707154526
0.149477101170336
0.150994481403663
0.152526819141806
0.154071998655877
0.155627821240939
0.157192009904997
0.158762214706726
0.160336018736047
0.161910944725727
0.163484462276141
0.16505399566925
0.16661693224181
0.168170631281904
0.169712433407083
0.171239670376898
0.172749675287363
0.174239793089988
0.175707391373638
0.177149871343417
0.178564678927413
0.179949315939187
0.181301351221671
0.182618431696464
0.18389829324155
0.185138771320149
0.186337811283782
0.187493478273688
0.18860396664646
0.189667608852153
0.190682883696152
0.191648423919728
0.192563023038441
0.193425641382283
0.194235411286771
0.194991641389831
0.195693819995495
0.196341617471823
0.196934887657224
0.197473668256299
0.197958180213442
0.198388826059687
0.198766187235544
0.199091020399847
0.199364252741817
0.19958697632063
0.199760441463659
0.199886049261227
0.199965343202099
0.2
0.199991819667155
0.199942714896162
0.199854699816359
0.199729878195288
0.199570431159746
0.199378604514347
0.199156695738376
0.198907040744054
0.198632000481086
0.198333947473571
0.198015252375956
0.197678270634781
0.197325329342372
0.196958714367592
0.196580657846991
0.196193326117533
0.195798808169196
0.195399104692484
0.194996117791992
0.194591641432848
0.194187352682033
0.193784803801317
0.193385415242904
0.192990469592778
0.19260110650039
0.192218318626596
0.191842948634786
0.191475687242965
0.191117072347187
0.190767489219237
0.190427171773935
0.190096204893849
0.189774527791656
0.189461938383003
0.18915809863539
0.188862540851558
0.188574674839061
0.188293795911223
0.188019093658591
0.187749661424352
0.187484506411993
0.187222560348862
0.186962690625216
0.186703711824927
0.186444397561184
0.186183492528448
0.18591972468051
0.185651817443781
0.185378501875012
0.18509852867339
0.184810679958462
0.184513780727541
0.184206709909156
0.18388841093268
0.18355790173849
0.183214284157811
0.18285675259677
0.18248460196504
0.182097234795765
0.18169416751016
0.181275035787171
0.180839599005867
0.180387743735684
0.179919486257187
0.179434974103644
0.17893448662128
0.178418434553548
0.177887358662083
0.177341927404117
0.176782933692884
0.176211290774072
0.175628027257392
0.175034281348003
0.174431294327647
0.17382040334002
0.173203033538993
0.172580689661833
0.171954947092553
0.171327442482938
0.170699864000561
0.170073941274408
0.169451435109364
0.168834127040998
0.168223808801659
0.16762227176808
0.167031296459273
0.166452642151793
0.165888036677234
0.165339166464303
0.164807666884959
0.164295112960974
0.163803010483871
0.163332787597611
0.162885786889629
0.162463258031915
0.162066351009817
0.161696109972154
0.161353467732106
0.161039240944147
0.160754125978164
0.160498695507707
0.160273395825231
0.160078544893081
0.159914331134967
0.159780812968701
0.159677919077074
0.159605449409938
0.159563076906809
0.159550349925651
0.159566695359925
0.159611422422487
0.159683727071558
0.159782697050637
0.159907317511076
0.160056477182933
0.160228975056733
0.160423527535958
0.160638776017371
0.160873294853739
0.161125599651159
0.161394155851027
0.161677387544698
0.161973686467199
0.162281421114844
0.162598945930436
0.162924610498815
0.163256768694973
0.163593787726706
0.163934057013907
0.164275996847137
0.164618066769015
0.164958773623289
0.165296679218195
0.165630407552875
0.165958651558217
0.166280179306463
0.166593839647383
0.166898567232583
0.167193386893737
0.167477417345042
0.167749874185072
0.16801007217834
0.168257426802279
0.168491455050929
0.168711775492402
0.168918107583
0.169110270246824
0.169288179735563
0.169451846789028
0.169601373122683
0.169736947273983
0.169858839844641
0.169967398180926
0.170063040538807
0.170146249785005
0.170217566688869
0.170277582863333
0.170326933416079
0.170366289374288
0.170396349948109
0.170417834699083
0.170431475680297
0.170438009614946
0.170438170179298
0.170432680454754
0.170422245611834
0.170407545886481
0.170389229906079
0.170367908419159
0.170344148478774
0.170318468125215
0.170291331609
0.17026314519
0.170234253543299
0.170204936796808
0.170175408220019
0.170145812577467
0.170116225154695
0.170086651458677
0.170057027588965
0.170027221270191
0.169997033531175
0.16996620101064
0.169934398864643
0.169901244246199
0.169866300323264
0.169829080797369
0.169789054881666
0.169745652694047
0.169698271018364
0.169646279384526
0.169589026416522
0.169525846396085
0.169456065988855
0.169379011079479
0.169294013662078
0.169200418732955
0.16909759113319
0.168984922289997
0.168861836807205
0.168727798857111
0.168582318328084
0.168424956684706
0.168255332499893
0.16807312662127
0.167878086937109
0.167670032710302
0.167448858452091
0.167214537310688
0.166967123953283
0.166706756923415
0.166433660459144
0.166148145760868
0.165850611701055
0.165541544971514
0.165221519667066
0.164891196307697
0.164551320304345
0.164202719876448
0.163846303432243
0.163483056425529
0.163114037705205
0.162740375376378
0.162363262194127
0.161983950513242
0.161603746819275
0.161224005868171
0.160846124463539
0.160471534902241
0.160101698120538
0.159738096574379
0.159382226888722
0.159035592311897
0.15869969501204
0.158376028253554
0.158066068492295
0.157771267428872
0.157493044059962
0.157232776767982
0.156991795489703
0.156771374004593
0.156572722383632
0.15639697963926
0.156245206616803
0.156118379167294
0.156017381640987
0.155943000740072
0.155895919768145
0.155876713312775
0.155885842396183
0.155923650127435
0.155990357887745
0.156086062078482
0.156210731459166
0.156364205100299
0.15654619097311
0.156756265195338
0.156993871949001
0.157258324082665
0.157548804407105
0.157864367689409
0.158203943346578
0.158566338835449
0.158950243731474
0.159354234484409
0.159776779834415
0.160216246867498
0.160670907684537
0.161138946653563
0.161618468210365
0.162107505168022
0.162604027491625
0.163105951490285
0.163611149374595
0.164117459124043
0.16462269460554
0.165124655881221
0.165621139641107
0.166109949694075
0.166588907448902
0.16705586231602
0.167508701959997
0.167945362332729
0.168363837417862
0.168762188618125
0.169138553719
0.169491155364538
0.169818308984091
0.170118430112321
0.170390041048969
0.17063177680961
0.170842390323792
0.1710207568427
0.171165877524615
0.171276882172945
0.171353031108501
0.171393716164764
0.171398460802268
0.171366919345629
0.171298875354318
0.171194239145743
0.171053044496635
0.170875444555972
0.170661707009684
0.170412208544067
0.170127428661107
0.169807942904796
0.169454415562778
0.169067591912436
0.168648290084594
0.168197392621411
0.167715837807728
0.167204610857029
0.166664735034298
0.166097262798396
0.165503267046041
0.164883832538235
0.1642400475878
0.163572996083857
0.162883749925386
0.162173361931643
0.161442859292188
0.160693237613543
0.159925455613305
0.159140430505758
0.158339034115843
0.157522089750807
0.15669036985102
0.155844594433429
0.154985430332978
0.154113491239156
0.153229338516727
0.152333482791752
0.151426386276233
0.150508465797322
0.149580096489976
0.148641616105334
0.147693329881059
0.14673551591438
0.145768430973767
0.144792316680969
0.143807405991805
0.142813929901348
0.141812124297346
0.140802236884596
0.139784534102729
0.138759307960401
0.137726882710181
0.136687621290529
0.135641931464072
0.13459027158492
0.133533155931939
0.132471159549726
0.131404922544328
0.130335153786645
0.129262633982665
0.128188218076316
0.127112836957603
0.126037498455768
0.12496328760443
0.123891366172901
0.12282297146507
0.121759414394372
0.120702076850221
0.119652408377962
0.118611922200696
0.117582190617243
0.116564839815996
0.115561544149355
0.114574019917872
0.113604018717033
0.11265332040282
0.111723725734756
0.110817048757017
0.10993510897943
0.109079723420738
0.10825269857638
0.107455822372328
0.106690856165084
0.105959526846032
0.105263519105766
0.104604467910997
0.103983951243122
0.103403483143625
0.10286450710721
0.102368389858965
0.101916415547099
0.101509780377787
0.101149587713609
0.100836843651954
0.100572453094696
0.100357216315458
0.100191826025947
0.100076864938248
0.10001280381558
0.1
0.10003869640184
0.100129020932381
0.100270986358391
0.100464490554733
0.100709317129311
0.101005136393126
0.101351506647241
0.10174787575792
0.102193582991185
0.10268786107841
0.103229838485438
0.103818541858918
0.104452898625186
0.105131739718925
0.105853802421076
0.106617733287918
0.107422091155884
0.108265350209493
0.109145903102604
0.110062064126168
0.111012072418506
0.111994095216984
0.113006231152665
0.114046513592058
0.115112914032415
0.11620334555913
0.11731566637557
0.118447683417193
0.119597156062912
0.120761799957491
0.121939290959141
0.123127269226516
0.124323343458961
0.125525095303082
0.126730083937618
0.127935850847079
0.129139924792797
0.130339826987865
0.13153307648001
0.132717195743732
0.13388971648011
0.135048185619577
0.136190171519689
0.137313270346592
0.138415112625464
0.139493369941801
0.140545761772051
0.141570062418819
0.14256410802268
0.143525803619681
0.144453130210827
0.145344151807323
0.146197022413106
0.147009992904307
0.147781417763687
0.148509761626905
0.14919360559669
0.149831653280574
0.15042273650786
0.150965820681983
0.151460009725276
0.151904550574456
0.152298837186899
0.152642414019871
0.152934978947443
0.1531763855827
0.153366644976111
0.153505926664504
0.153594559048968
0.153633029084114
0.15362198126552
0.153562215906703
0.153454686701665
0.153300497573889
0.153100898817492
0.152857282541195
0.152571177430596
0.152244242849108
0.15187826230259
0.151475136297332
0.1510368746254
0.150565588115551
0.150063479891833
0.149532836185611
0.14897601675005
0.148395444929059
0.147793597435238
0.147172993893572
0.14653618620933
0.145885747819981
0.145224262891765
0.144554315522007
0.143878479008185
0.143199305244284
0.142519314303978
0.141840984268814
0.141166741357697
0.140498950411741
0.139839905785883
0.139191822695622
0.138556829063882
0.137936957909278
0.13733414031308
0.13675019899796
0.136186842547102
0.135645660287686
0.135128117857956
0.134635553472236
0.134169174893381
0.13373005711719
0.133319140768489
0.132937231203746
0.132584998310447
0.132262976988902
0.131971568297857
0.131711041241191
0.131481535169145
0.131283062764011
0.131115513576999
0.130978658080139
0.130872152194587
0.130795542254577
0.13074827036455
0.130729680105675
0.130739022547027
0.130775462516212
0.130838085084067
0.130925902218339
0.131037859561892
0.131172843291946
0.131329687018206
0.13150717867934
0.131704067399187
0.131919070266229
0.132150879002249
0.132398166488639
0.132659593121561
0.132933812969987
0.133219479713536
0.133515252339996
0.13381980058538
0.13413181010228
0.134449987345173
0.134773064164122
0.135099802100968
0.135428996384651
0.135759479624641
0.136090125203648
0.136419850372738
0.136747619053757
0.137072444355464
0.137393390811118
0.137709576346305
0.138020173986632
0.138324413315563
0.138621581693013
0.13891102524557
0.139192149639166
0.139464420644874
0.139727364508149
0.139980568131376
0.140223679078998
0.140456405413805
0.140678515372225
0.140889836885642
0.141090256953954
0.141279720876752
0.141458231346669
0.141625847408718
0.141782683288674
0.141928907092938
0.142064739381777
0.14219045161733
0.142306364487483
0.142412846106435
0.142510310092699
0.142599213525273
0.14268005477888
0.142753371239392
0.142819736900975
0.142879759846921
0.142934079616752
0.142983364462825
0.143028308500414
0.143069628756063
0.143108062119829
0.143144362207965
0.143179296143454
0.143213641262746
0.14324818175794
0.14328370526452
0.143320999405598
0.143360848304389
0.143404029077371
0.143451308321223
0.143503438607204
0.143561154997103
0.143625171595266
0.14369617815152
0.143774836729941
0.143861778458536
0.143957600374879
0.144062862382595
0.144178084333404
0.144303743249097
0.144440270697451
0.144588050335584
0.144747415633724
0.144918647791742
0.145101973860113
0.145297565076252
0.145505535426371
0.14572594044222
0.14595877624116
0.146203978817197
0.146461423589637
0.146730925215109
0.147012237667751
0.147305054591358
0.147609009926312
0.147923678813093
0.148248578773136
0.14858317116675
0.148926862926751
0.149279008565329
0.149638912450589
0.150005831348021
0.150378977220982
0.150757520283072
0.151140592294005
0.151527290089353
0.151916679333172
0.152307798481228
0.152699662941151
0.153091269414479
0.153481600404137
0.153869628869516
0.154254323009885
0.154634651155526
0.15500958674457
0.155378113362252
0.155739229817981
0.156091955234489
0.15643533412218
0.156768441410838
0.157090387409976
0.15740032266839
0.157697442702938
0.157980992566184
0.158250271222371
0.158504635701248
0.158743504999528
0.158966363700288
0.159172765281378
0.15936233508496
0.159534772921568
0.159689855283682
0.159827437145633
0.159947453328753
0.160049919413085
0.160134932179545
0.160202669569285
0.160253390150105
0.160287432082963
0.160305211585122
0.160307220890009
0.160294025707579
0.16026626219273
0.160224633433154
0.16016990547183
0.160102902883166
0.16002450392556
0.159935635296771
0.159837266521992
0.159730404007839
0.159616084798576
0.159495370073735
0.159369338428877
0.159239078983468
0.159105684361789
0.158970243594317
0.158833834988196
0.158697519016162
0.158562331273664
0.158429275553815
0.158299317089347
0.158173376009811
0.158052321060959
0.157936963631495
0.157828052130295
0.157726266754714
0.157632214687765
0.157546425758864
0.157469348599397
0.157401347320707
0.157342698738273
0.157293590161761
0.157254117766492
0.157224285557615
0.157204004933926
0.157193094853989
0.1571912826029
0.157198205153828
0.157213411114331
0.157236363243481
0.157266441522032
0.157302946754247
0.15734510467664
0.157392070545767
0.157442934174339
0.157496725382368
0.157552419827799
0.157608945179104
0.157665187590661
0.157719998440416
0.157772201288272
0.15782059901293
0.157863981084462
0.157901130929754
0.157930833348064
0.157951881934318
0.157963086468384
0.157963280229395
0.15795132719524
0.157926129088568
0.157886632232058
0.157831834177244
0.157760790072898
0.157672618740746
0.157566508428256
0.157441722210174
0.157297603012637
0.157133578235795
0.156949163953108
0.156743968667736
0.156517696608759
0.156270150552286
0.156001234154908
0.155710953789354
0.155399419874615
0.155066847695276
0.154713557707267
0.154339975329676
0.153946630224821
0.153534155071213
0.153103283836548
0.152654849560346
0.152189781658272
0.15170910276265
0.151213925115986
0.150705446536692
0.150184945978426
0.149653778706598
0.149113371117697
0.148565215228968
0.148010862867789
0.147451919591714
0.146890038371588
0.146326913071398
0.145764271759542
0.145203869887021
0.144647483368572
0.144096901603086
0.14355392046967
0.143020335335424
0.142497934110506
0.141988490385211
0.141493756682681
0.141015457859491
0.140555284684721
0.140114887626205
0.139695870870532
0.139299786601056
0.138928129555595
0.138582331882883
0.138263758313975
0.137973701661946
0.137713378660254
0.137483926147157
0.137286397600655
0.137121760025498
0.13699089119103
0.136894577215987
0.13683351049386
0.136808287950171
0.136819409620965
0.136867277540036
0.136952194920918
0.137074365618501
0.137233893854247
0.137430784188489
0.137664941723066
0.137936172517733
0.138244184204217
0.138588586782619
0.138968893585915
0.139384522399709
0.139834796725961
0.140318947181281
0.14083611302237
0.141385343793322
0.141965601091781
0.142575760453203
0.143214613354814
0.143880869343072
0.144573158290668
0.145290032791083
0.14602997070061
0.146791377839369
0.147572590864214
0.148371880327508
0.14918745393646
0.150017460028115
0.15085999127508
0.151713088636648
0.152574745569197
0.153442912508483
0.15431550163484
0.155190391930221
0.156065434533621
0.156938458398592
0.157807276253448
0.158669690861287
0.159523501573271
0.160366511164653
0.161196532938922
0.162011398081209
0.162808963237798
0.163587118294242
0.164343794320348
0.165076971646108
0.165784688028692
0.166465046866828
0.167116225415461
0.167736482950436
0.16832416883024
0.168877730399563
0.169395720677677
0.169876805773379
0.170319771967586
0.17072353240462
0.171087133333764
0.171409759843877
0.1716907410357
0.171929554578985
0.172125830604672
0.172279354886136
0.172390071267814
0.172458083304487
0.172483655079867
0.172467211179106
0.172409335796127
0.172310770963428
0.172172413898971
0.171995313472017
0.171780665797153
0.171529808973203
0.17124421699118
0.170925492842812
0.170575360868346
0.170195658389315
0.169788326678544
0.169355401325869
0.168899002063792
0.168421322122405
0.167924617187503
0.167411194039633
0.166883398954957
0.166343605951176
0.165794204963288
0.165237590034665
0.164676147608807
0.164112245006113
0.163548219168179
0.16298636574944
0.162428928632486
0.161878089939108
0.16133596060413
0.16080457157342
0.160285865681177
0.159781690254767
0.159293790488087
0.158823803616794
0.158373253920739
0.15794354857083
0.157535974329286
0.157151695103989
0.156791750349496
0.156457054299306
0.156148396006295
0.155866440160967
0.155611728650297
0.155384682813674
0.155185606346795
0.15501468879932
0.154872009607883
0.154757542602551
0.154671160922147
0.15461264227204
0.154581674457007
0.154577861121638
0.154600727631463
0.154649727029509
0.154724246005274
0.154823610816165
0.154947093105197
0.155093915563045
0.155263257387527
0.155454259498909
0.155666029475265
0.155897646178158
0.156148164045251
0.156416617032851
0.156702022197864
0.157003382915
0.157319691731329
0.157649932866252
0.157993084370633
0.158348119964085
0.158714010574208
0.159089725605802
0.15947423397179
0.159866504920558
0.160265508696832
0.160670217074878
0.161079603803739
0.161492645004564
0.161908319559559
0.162325609531059
0.162743500647374
0.163160982889751
0.163577051211781
0.163990706419165
0.164400956233799
0.164806816561864
0.165207312980977
0.165601482456608
0.165988375292981
0.166367057318549
0.166736612301098
0.167096144582495
0.167444781918265
0.167781678502575
0.168106018154878
0.168417017640532
0.168713930094186
0.16899604851166
0.169262709273523
0.16951329566157
0.169747241328008
0.169964033676312
0.170163217112517
0.170344396126079
0.170507238160406
0.170651476234715
0.17077691128092
0.170883414161912
0.17097092734058
0.171039466172478
0.171089119798851
0.171120051620927
0.171132499340776
0.171126774558674
0.17110326192159
0.171062417822237
0.17100476865287
0.170930908622709
0.170841497152433
0.17073725586353
0.170618965184404
0.170487460598924
0.170343628566567
0.170188402146348
0.170022756359374
0.169847703327041
0.169664287223609
0.169473579083121
0.169276671501374
0.169074673273918
0.168868704010809
0.168659888768202
0.168449352735689
0.168238216016781
0.168027588537995
0.167818565119716
0.167612220739443
0.167409606015159
0.16721174293353
0.167019620844372
0.166834192739495
0.166656371830597
0.166487028437443
0.166326987194113
0.16617702457778
0.166037866761199
0.165910187787026
0.165794608059131
0.16569169314342
0.165601952868188
0.165525840711874
0.165463753464153
0.165416031144712
0.16538295716274
0.16536475869916
0.165361607292925
0.165373619612296
0.165400858391887
0.165443333516412
0.165501003232445
0.165573775470143
0.165661509257673
0.165764016212111
0.165881062091696
0.166012368395621
0.166157613998873
0.16631643681107
0.166488435449702
0.166673170919643
0.16687016829225
0.167078918378777
0.167298879394177
0.167529478608633
0.167770113985331
0.168020155804048
0.168278948271065
0.168545811116741
0.168820041182749
0.169100914001548
0.169387685371052
0.16967959292776
0.169975857721777
0.17027568579717
0.170578269781088
0.170882790484841
0.171188418519967
0.171494315931895
0.171799637853505
0.172103534180388
0.17240515126914
0.172703633659526
0.172998125820804
0.173287773921958
0.173571727625073
0.173849141900531
0.174119178862201
0.174381009620302
0.174633816149143
0.174876793166483
0.175109150020861
0.175330112582825
0.175538925135631
0.175734852260662
0.175917180712472
0.176085221278095
0.176238310614982
0.176375813061675
0.176497122415105
0.17660166366819
0.176688894701202
0.176758307920218
0.176809431835786
0.176841832574828
0.176855115318663
0.176848925659964
0.17682295087142
0.176776921078813
0.17671061033132
0.176623837561838
0.176516467430345
0.176388411043443
0.176239626543511
0.176070119561236
0.175879943525694
0.175669199826644
0.175438037824293
0.175186654702447
0.174915295161718
0.17462425095032
0.174313860230878
0.173984506782716
0.17363661904013
0.173270668968304
0.172887170779716
0.172486679495086
0.172069789354177
0.171637132083004
0.171189375025247
0.170727219146888
0.170251396924216
0.169762670126499
0.169261827505581
0.168749682405579
0.168227070306655
0.16769484631746
0.167153882631315
0.166605065961571
0.166049294971638
0.165487477715222
0.164920529101967
0.164349368403347
0.163774916812954
0.163198095074545
0.16261982119018
0.162041008219618
0.161462562180804
0.160885380059788
0.16031034793685
0.159738339233879
0.159170213086336
0.158606812841278
0.158048964681139
0.157497476371134
0.156953136126406
0.156416711593325
0.155888948937809
0.155370572032042
0.154862281729698
0.154364755218682
0.153878645439483
0.153404580556569
0.152943163469832
0.152494971352886
0.152060555205142
0.151640439404896
0.151235121251288
0.150845070483872
0.150470728769621
0.150112509148589
0.149770795430957
0.149445941540019
0.149138270797526
0.148848075149935
0.14857561433623
0.148321115000264
0.148084769752852
0.14786673619111
0.147667135884788
0.147486053341544
0.147323534965094
0.147179588022157
0.147054179635769
0.146947235824075
0.146858640604958
0.146788235187836
0.146735817274653
0.146701140492437
0.14668391397988
0.146683802150031
0.146700424650606
0.146733356542382
0.146782128714835
0.146846228556506
0.146925100895595
0.147018149224007
0.147124737215517
0.147244190545918
0.147375799019981
0.147518819006884
0.147672476182377
0.147835968572517
0.148008469890298
0.148189133152914
0.148377094563928
0.148571477641103
0.148771397567364
0.148975965739095
0.149184294483035
0.149395501910206
0.149608716872846
0.149823083988059
0.150037768690095
0.15025196227158
0.15046488687295
0.150675800378567
0.150884001177721
0.151088832748794
0.15128968802543
0.151486013504519
0.151677313057199
0.151863151405877
0.152043157232518
0.152217025886002
0.152384521659334
0.152545479610767
0.152699806906476
0.152847483666289
0.152988563298036
0.153123172310369
0.153251509598312
0.153373845200293
0.153490518530023
0.153601936091121
0.153708568686968
0.153810948142708
0.153909663560658
0.154005357134556
0.154098719552009
0.154190485018216
0.154281425937411
0.154372347291592
0.154464080758766
0.154557478615312
0.154653407468965
0.15475274187043
0.15485635785268
0.154965126447605
0.155079907229802
0.155201541937017
0.155330848215929
0.155468613540813
0.155615589350928
0.155772485450428
0.155939964712175
0.15611863812396
0.156309060212546
0.156511724877453
0.156727061662699
0.156955432490764
0.157197128878899
0.157452369653637
0.157721299174947
0.158003986077075
0.158300422528629
0.158610524010051
0.158934129602283
0.159271002776198
0.159620832668293
0.159983235824275
0.160357758388533
0.160743878714118
0.161141010364782
0.161548505477876
0.161965658454525
0.162391709941451
0.162825851067193
0.163267227894197
0.163714946047442
0.164168075479784
0.164625655334198
0.165086698863439
0.165550198368392
0.166015130117502
0.166480459211156
0.166945144356689
0.167408142521786
0.167868413436495
0.168324923916645
0.168776651984381
0.169222590764537
0.169661752138769
0.17009317014264
0.170515904094256
0.170929041446377
0.171331700357366
0.171723031979634
0.172102222467495
0.172468494709465
0.172821109793025
0.173159368212613
0.17348261083421
0.173790219632168
0.174081618216001
0.174356272166605
0.17461368920281
0.174853419200338
0.175075054085975
0.175278227630283
0.175462615162273
0.175627933229229
0.175773939224351
0.175900431003995
0.176007246515112
0.176094263452002
0.176161398959765
0.176208609399822
0.176235890190654
0.176243275734502
0.176230839438165
0.176198693833341
0.176146990799127
0.176075921886433
0.175985718741153
0.175876653620048
0.175749039990483
0.175603233202358
0.175439631217984
0.175258675383148
0.175060851220339
0.17484668922302
0.174616765628014
0.174371703141533
0.174112171593109
0.173838888490767
0.173552619450176
0.17325417847025
0.172944428027801
0.17262427896428
0.172294690138487
0.171956667820327
0.171611264802201
0.171259579206532
0.170902752970119
0.170541969988547
0.170178453906651
0.169813465544146
0.16944829994878
0.169084283072913
0.168722768073043
0.168365131235627
0.168012767536404
0.16766708584438
0.167329503785578
0.167001442285561
0.166684319813615
0.16637954635518
0.166088517142739
0.165812606178753
0.165553159587406
0.165311488834857
0.165088863860282
0.164886506162331
0.164705581887535
0.164547194968801
0.164412380363323
0.164302097439988
0.164217223566751
0.164158547948355
0.164126765764291
0.164122472655946
0.164146159610532
0.164198208287601
0.164278886831756
0.164388346212584
0.164526617129865
0.164693607518787
0.16488910068625
0.165112754105386
0.165364098891173
0.16564253997557
0.165947356995902
0.166277705905359
0.166632621309492
0.167011019527486
0.167411702371808
0.167833361634688
0.16827458426467
0.16873385821138
0.169209578911633
0.169700056385074
0.170203522902846
0.170718141188224
0.171242013103854
0.171773188776223
0.172309676104243
0.172849450595449
0.173390465470257
0.173930661972103
0.174467979819023
0.175000367730444
0.175525793961595
0.176042256777077
0.176547794794713
0.177040497130917
0.177518513279414
0.177980062656254
0.178423443745679
0.178847042783543
0.179249341917605
0.179628926787138
0.179984493467916
0.180314854732682
0.18061894558171
0.180895828003008
0.181144694926978
0.181364873346009
0.181555826575453
0.181717155638619
0.181848599764922
0.181950035996887
0.182021477908505
0.182063073444208
0.182075101894571
0.182057970031621
0.182012207433272
0.18193846103293
0.181837488936548
0.181710153555401
0.181557414108446
0.181380318553393
0.181179995010307
0.180957642745868
0.180714522790039
0.180451948260009
0.180171274468707
0.179873888896948
0.179561201109332
0.179234632694404
0.178895607309148
0.178545540906858
0.178185832225499
