0.173358360679889
0.171916765848695
0.170449986584051
0.168960325195947
0.167450084268097
0.165921558733923
0.164377028427446
0.162818751137936
0.161248956191695
0.159669838578783
0.15808355363704
0.156492212300385
0.154897876913129
0.153302557607007
0.151708209232818
0.150116728834011
0.148529953645302
0.146949659595495
0.145377560290085
0.143815306446059
0.142264485748471
0.140726623096008
0.139203181200743
0.137695561505748
0.136205105383056
0.134733095573787
0.133280757831894
0.131849262733113
0.13043972761115
0.129053218584003
0.127690752634487
0.126353299710583
0.125041784812995
0.123757090039441
0.122500056557489
0.12127148648029
0.120072144622265
0.118902760114654
0.117764027863762
0.116656609837764
0.115581136170979
0.114538206077559
0.11352838856957
0.112552222977363
0.111610219273005
0.110702858200243
0.109830591217062
0.108993840259277
0.108192997335815
0.10742842396831
0.106700450489403
0.106009375215641
0.105355463512156
0.104738946767274
0.104160021296022
0.103618847191928
0.103115547146832
0.102650205258389
0.102222865844742
0.101833532285417
0.101482165906834
0.101168684930021
0.100892963497123
0.100654830792187
0.10045407027042
0.100290419008804
0.100163567189509
0.100073157726055
0.100018786040705
0.1
0.100016300013899
0.100067139302475
0.100151924332708
0.100270015426567
0.100420727540293
0.1006033312136
0.100817053686441
0.101061080180006
0.101334555337763
0.101636584821593
0.10196623705746
0.102322545124522
0.102704508781202
0.103111096621402
0.10354124835388
0.103993877197631
0.104467872386105
0.104962101773094
0.105475414533163
0.106006643949623
0.106554610283154
0.107118123714296
0.107695987353191
0.108287000310023
0.108889960819711
0.109503669414439
0.110126932137613
0.110758563792739
0.111397391220638
0.112042256598169
0.112692020751405
0.113345566475839
0.11400180185583
0.114659663574962
0.115318120208508
0.115976175488557
0.11663287153171
0.117287292018576
0.117938565313557
0.118585867512674
0.119228425406438
0.119865519344006
0.120496485984173
0.121120720918022
0.121737681147446
0.122346887403173
0.122947926285448
0.12354045221011
0.124124189142543
0.124698932101832
0.125264548417387
0.125820978720512
0.126368237653596
0.126906414280157
0.127435672179535
0.127956249210924
0.128468456932394
0.128972679661823
0.129469373168021
0.129959062981953
0.130442342319776
0.130919869611353
0.13139236563011
0.131860610222416
0.132325438637182
0.132787737459003
0.133248440150988
0.133708522216276
0.134168995990296
0.134630905078842
0.135095318460242
0.135563324272988
0.136036023313442
0.136514522271317
0.136999926733785
0.137493333992035
0.137995825687055
0.13850846033415
0.139032265768313
0.139568231554957
0.140117301412654
0.140680365696442
0.141258253991819
0.141851727870827
0.14246147386254
0.143088096690796
0.143732112832164
0.144393944446831
0.145073913734403
0.145772237765411
0.146489023837699
0.147224265404776
0.147977838620631
0.148749499542492
0.149538882029521
0.150345496371487
0.151168728677115
0.152007841047044
0.152861972551139
0.15373014102448
0.154611245690482
0.155504070613574
0.156407288977564
0.157319468179355
0.158239075721094
0.15916448587723
0.160093987106264
0.161025790170466
0.161958036920325
0.162888809694275
0.163816141278214
0.164738025363662
0.165652427438073
0.166557296035984
0.167450574275291
0.168330211599173
0.169194175640932
0.170040464126543
0.170867116727795
0.17167222677782
0.172453952760427
0.17321052948509
0.173940278860612
0.174641620182533
0.175313079852105
0.175953300448274
0.176561049078422
0.17713522493873
0.177674866020777
0.178179154907452
0.178647423608277
0.179079157391835
0.179473997581051
0.179831743285566
0.180152352054211
0.180435939439669
0.180682777476603
0.180893292083796
0.181068059410141
0.181207801153429
0.18131337888985
0.181385787460761
0.181426147471526
0.181435696965051
0.18141578233984
0.18136784858904
0.181293428942823
0.181194134001633
0.181071640452104
0.180927679460962
0.180764024844747
0.180582481114809
0.180384871497714
0.180173026030884
0.179948769832039
0.179713911638804
0.179470232711715
0.179219476189841
0.178963336983344
0.178703452281677
0.178441392749647
0.178178654476585
0.177916651736124
0.177656710605987
0.17740006348856
0.177147844564136
0.176901086199581
0.176660716325907
0.176427556788926
0.17620232266795
0.175985622548441
0.175777959725687
0.175579734308179
0.175391246181311
0.175212698784583
0.175044203648541
0.174885785631517
0.174737388790666
0.174598882817079
0.174470069960798
0.17435069236845
0.174240439753975
0.174138957321504
0.174045853858951
0.17396070992114
0.17388308602249
0.173812530761149
0.173748588799209
0.173690808626971
0.173638750043295
0.17359199128868
0.173550135772827
0.17351281834405
0.173479711053803
0.173450528375816
0.173425031845766
0.173403034093955
0.173384402250015
0.173369060705262
0.173356993224701
0.173348244406965
0.17334292049644
0.173341189557534
0.173343281026323
0.173349484659745
0.173360148906906
0.173375678731042
0.173396532914101
0.173423220878803
0.173456299065419
0.173496366902322
0.173544062410659
0.173600057484289
0.173665052886395
0.173739773004031
0.173824960401245
0.173921370210435
0.174029764400264
0.174150905956822
0.174285553012853
0.174434452957793
0.174598336559149
0.174777912123455
0.17497385972269
0.175186825509741
0.175417416144179
0.175666193347513
0.17593366860499
0.176220298029226
0.17652647739925
0.176852537387171
0.17719873898347
0.177565269131039
0.177952236577411
0.178359667954254
0.17878750409307
0.179235596586143
0.179703704602121
0.180191491966151
0.180698524515209
0.181224267740092
0.181768084726514
0.182329234408766
0.182906870150436
0.183500038667723
0.18410767931183
0.184728623727817
0.18536159590797
0.186005212658305
0.18665798449713
0.187318317004614
0.187984512642111
0.188654773059381
0.189327201906982
0.189999808169838
0.19067051003637
0.19133713931554
0.191997446411837
0.19264910586543
0.193289722461638
0.193916837910408
0.194527938092748
0.195120460866976
0.195691804423393
0.196239336171436
0.196760402138705
0.197252336856446
0.197712473701202
0.198138155657449
0.198526746461172
0.198875642079598
0.199182282477648
0.199444163617318
0.199658849632001
0.199823985113989
0.19993730744987
0.199996659135552
0.2
0.199945419264717
0.199831147364437
0.199655567453499
0.199417226521966
0.199114846045777
0.198747332096022
0.19831378483389
0.197813507319913
0.197246013568819
0.19661103578462
0.195908530714398
0.19513868506377
0.194301919921889
0.193398894149386
0.1924305066885
0.191397897760991
0.190302448926084
0.189145781977652
0.187929756667038
0.186656467245321
0.185328237826321
0.18394761657919
0.182517368767017
0.181040468655349
0.179520090321907
0.177959597405946
0.176362531842645
0.174732601634549
0.173073667718355
0.171389729991244
0.169684912566354
0.167963448331989
0.16622966289355
0.164487957981094
0.162742794408702
0.160998674674562
0.159260125292787
0.157531678949449
0.155817856576182
0.154123149434954
0.152452001307206
0.150808790879616
0.149197814417152
0.14762326881195
0.146089235093902
0.144599662485622
0.143158353080827
0.141768947221025
0.140434909640901
0.139159516447898
0.137945842996263
0.136796752710317
0.135714886905988
0.13470265565364
0.133762229719189
0.132895533614217
0.13210423977954
0.131389763920341
0.130753261504678
0.130195625430889
0.129717484863261
0.129319205229223
0.129000889365433
0.128762379794386
0.128603262107613
0.128522869426262
0.128520287904781
0.128594363238661
0.128743708132678
0.128966710681914
0.129261543613961
0.129626174337151
0.130058375736475
0.130555737655978
0.131115679003905
0.131735460414704
0.132412197400196
0.133142873920763
0.133924356306289
0.134753407455869
0.135626701244872
0.136540837067936
0.137492354446718
0.13847774763189
0.13949348012983
0.140535999085747
0.141601749456583
0.142687187908988
0.143788796379873
0.144903095239576
0.146026656000493
0.14715611351711
0.1482881776267
0.149419644183567
0.150547405443506
0.151668459759212
0.152779920551583
0.153879024526262
0.154963139109343
0.156029769080825
0.157076562389207
0.158101315135466
0.159101975719612
0.160076648147891
0.161023594503695
0.161941236590057
0.162828156756455
0.163683097927301
0.164504962854055
0.165292812617259
0.16604586440893
0.166763488629659
0.167445205338383
0.168090680096104
0.168699719247825
0.169272264689552
0.16980838816949
0.170308285174312
0.170772268452851
0.171200761230462
0.171594290167859
0.17195347811828
0.17227903673645
0.172571758991987
0.172832511638647
0.173062227689094
0.173261898942817
0.173432568612354
0.173575324090161
0.173691289895333
0.173781620835986
0.173847495419434
0.173890109538451
0.173910670457905
0.173910391121896
0.173890484797396
0.173852160066149
0.173796616172462
0.173725038730438
0.173638595790243
0.173538434259265
0.17342567667046
0.173301418286892
0.173166724528512
0.173022628704528
0.172870130032452
0.172710191922948
0.172543740508108
0.172371663389647
0.172194808582793
0.172013983631383
0.171829954869764
0.171643446807626
0.171455141614791
0.171265678684232
0.171075654253204
0.17088562106423
0.170696088049873
0.170507520027616
0.170320337393717
0.170134915807679
0.169951585861744
0.169770632732734
0.169592295816425
0.169416768347483
0.169244197010751
0.169074681552309
0.168908274401182
0.16874498031483
0.168584756063574
0.168427510170838
0.168273102727544
0.168121345300111
0.167972000952285
0.167824784401482
0.167679362330371
0.167535353874148
0.167392331303323
0.167249820920817
0.16710730419086
0.166964219115496
0.166819961872576
0.166673888726865
0.166525318223404
0.166373533669586
0.166217785909494
0.166057296391032
0.165891260523218
0.165718851317772
0.165539223305888
0.165351516717783
0.165154861909404
0.164948384017508
0.164731207821272
0.164502462785703
0.164261288259354
0.164006838796361
0.16373828957047
0.163454841846733
0.163155728474747
0.162840219365866
0.162507626915664
0.162157311332086
0.16178868582926
0.161401221646783
0.160994452854509
0.160567980903422
0.160121478884088
0.159654695455423
0.159167458408121
0.15865967782899
0.158131348834684
0.157582553845874
0.157013464375714
0.156424342309555
0.155815540656209
0.155187503754634
0.154540766923664
0.153875955546382
0.153193783584776
0.152495051524566
0.15178064375434
0.151051525387518
0.150308738539965
0.149553398080483
0.148786686875647
0.14800985055467
0.147224191824087
0.146431064365916
0.145631866356705
0.144828033648361
0.14402103265485
0.143212352991794
0.142403499918559
0.141595986634626
0.140791326483889
0.139991025121878
0.139196572701898
0.138409436136534
0.137631051491014
0.136862816564423
0.136106083713822
0.135362152974829
0.134632265530283
0.133917597576156
0.133219254630955
0.132538266331506
0.131875581754186
0.131232065296477
0.130608493149157
0.13000555038454
0.129423828680994
0.128863824698565
0.12832593911493
0.127810476325165
0.127317644803037
0.126847558115682
0.126400236577788
0.125975609525727
0.12557351818659
0.125193719111797
0.124835888140006
0.124499624849355
0.124184457454854
0.123889848102933
0.123615198511795
0.123359855903462
0.123123119171115
0.122904245223688
0.122702455448586
0.122516942232967
0.122346875484174
0.122191409090686
0.122049687266371
0.121920850722762
0.121804042616677
0.121698414223542
0.121603130290407
0.121517374026647
0.121440351694839
0.121371296769077
0.121309473633122
0.121254180796123
0.121204753609175
0.121160566471607
0.121121034521576
0.121085614811209
0.121053806972098
0.12102515338237
0.120999238851792
0.120975689846277
0.120954173277814
0.120934394890067
0.120916097273735
0.120899057549143
0.120883084756423
0.120868016996017
0.120853718364099
0.120840075728797
0.120826995393854
0.120814399696587
0.120802223586629
0.120790411231125
0.120778912690636
0.120767680708188
0.120756667651598
0.120745822646495
0.120735088934384
0.120724401486695
0.120713684902072
0.120702851610253
0.120691800401792
0.120680415298664
0.120668564776502
0.120656101344893
0.120642861487895
0.120628665962706
0.120613320450342
0.120596616548266
0.120578333091188
0.120558237782791
0.120536089117955
0.120511638572142
0.120484633032055
0.120454817439462
0.120421937618216
0.120385743253004
0.12034599098724
0.120302447606768
0.120254893275647
0.120203124790269
0.120146958818358
0.120086235090056
0.120020819509231
0.119950607154363
0.119875525139868
0.119795535310413
0.119710636742689
0.11962086803122
0.119526309336974
0.119427084179912
0.119323360959024
0.119215354185846
0.119103325419995
0.118987583897694
0.118868486846777
0.118746439484035
0.118621894693131
0.118495352383569
0.11836735853332
0.118238503919789
0.118109422545681
0.117980789768092
0.117853320140828
0.117727764981385
0.117604909675438
0.117485570732862
0.117370592610395
0.117260844317031
0.117157215819022
0.117060614262129
0.116971960029359
0.116892182652949
0.116822216599821
0.116762996950079
0.116715454988442
0.11668051372877
0.11665908339202
0.116652056858167
0.116660305112756
0.116684672708833
0.116725973265128
0.116784985021367
0.11686244647165
0.11695905209682
0.117075448216689
0.117212228982945
0.117369932533395
0.117549037328049
0.117749958687276
0.117973045551953
0.118218577485113
0.118486761934062
0.118777731771361
0.119091543132277
0.119428173565479
0.11978752051272
0.120169400132103
0.120573546478224
0.120999611051039
0.121447162723645
0.121915688057458
0.122404592011286
0.122913199048773
0.123440754646463
0.123986427202397
0.124549310342736
0.125128425621351
0.125722725604701
0.126331097331679
0.126952366135395
0.127585299811155
0.128228613112255
0.128880972552536
0.129541001492145
0.130207285480468
0.130878377827946
0.131552805376307
0.132229074434843
0.132905676848626
0.133581096163077
0.134253813848123
0.134922315544206
0.135585097291839
0.136240671706061
0.136887574057186
0.137524368219588
0.138149652450941
0.138762064965361
0.139360289265243
0.13994305919823
0.140509163707739
0.1410574512477
0.141586833834688
0.142096290713374
0.142584871614223
0.143051699585478
0.14349597338482
0.143916969419497
0.144314043227257
0.144686630493953
0.145034247607296
0.145356491749773
0.145653040537251
0.145923651213183
0.14616815941164
0.146386477505464
0.146578592558845
0.146744563906262
0.146884520382305
0.146998657229045
0.147087232709629
0.147150564458413
0.14718902559933
0.147203040665248
0.14719308135182
0.147159662139794
0.147103335819873
0.147024688954091
0.146924337307204
0.146802921280906
0.14666110138271
0.146499553760138
0.146318965829424
0.146120032026339
0.145903449704961
0.145669915208248
0.145420120132254
0.145154747803633
0.144874469987869
0.144579943843375
0.144271809134309
0.143950685712619
0.143617171277576
0.14327183941876
0.142915237946284
0.142547887509914
0.142170280506692
0.141782880274727
0.141386120569
0.140980405313281
0.1405661086207
0.140143575074016
0.139713120255307
0.139275031513607
0.138829568957928
0.138376966662174
0.13791743406763
0.137451157568028
0.136978302261585
0.136499013853989
0.136013420695906
0.135521635938353
0.135023759789105
0.134519881853238
0.134010083540911
0.133494440525579
0.132973025235996
0.132445909365572
0.131913166382973
0.131374874028165
0.130831116778555
0.130281988270315
0.129727593660507
0.129168051916218
0.128603498017494
0.128034085061589
0.12745998625672
0.12688139679433
0.126298535589643
0.125711646881185
0.125121001680836
0.124526899066932
0.123929667313915
0.123329664853044
0.122727281059744
0.122122936864218
0.12151708518305
0.120910211170634
0.120302832290343
0.119695498206485
0.119088790499152
0.118483322205143
0.117879737189176
0.117278709350595
0.1166809416717
0.116087165114735
0.115498137375345
0.114914641501067
0.11433748438404
0.113767495137679
0.113205523367502
0.112652437346625
0.112109122106699
0.111576477455153
0.111055415929632
0.11054686070042
0.110051743431407
0.109571002109863
0.109105578854865
0.108656417713699
0.108224462455007
0.107810654366745
0.10741593006634
0.107041219329628
0.106687442944375
0.106355510593335
0.106046318770956
0.105760748737046
0.105499664509833
0.105263910900127
0.105054311587513
0.104871667238824
0.104716753668525
0.104590320040098
0.104493087107032
0.10442574549168
0.104388953999926
0.104383337969455
0.104409487649313
0.10446795660846
0.104559260171127
0.104683873876986
0.104842231964428
0.105034725875604
0.105261702782328
0.105523464132429
0.105820264216701
0.106152308757189
0.106519753518181
0.106922702941907
0.107361208811636
0.107835268945469
0.108344825924832
0.108889765862234
0.109469917213502
0.110085049640235
0.110734872928731
0.111419035972116
0.112137125822814
0.112888666822819
0.11367311981956
0.114489881475335
0.115338283678494
0.116217593064621
0.117127010656035
0.118065671627896
0.119032645209163
0.120026934726487
0.121047477799019
0.122093146691832
0.123162748835475
0.124255027518817
0.12536866276209
0.126502272376613
0.127654413217335
0.128823582633899
0.130008220125477
0.131206709204148
0.132417379471071
0.133638508909141
0.134868326395263
0.136105014434687
0.137346712119216
0.138591518310349
0.139837495047622
0.141082671181601
0.142325046230023
0.143562594454649
0.144793269155341
0.146015007176719
0.147225733621644
0.148423366764425
0.149605823155403
0.150771022907116
0.151916895150823
0.153041383650645
0.154142452561058
0.155218092311851
0.156266325603096
0.157285213491036
0.158272861544234
0.1592274260477
0.160147120231237
0.161030220496749
0.161875072617876
0.162680097884055
0.163443799159956
0.164164766830217
0.164841684598587
0.165473335109933
0.166058605363074
0.166596491882248
0.167086105614943
0.167526676524128
0.167917557843403
0.168258229964351
0.16854830392644
0.168787524481088
0.16897577270313
0.169113068124733
0.169199570368905
0.169235580262103
0.169221540407999
0.169158035207243
0.169045790311069
0.168885671499696
0.168678682979797
0.168425965098712
0.168128791476574
0.167788565561077
0.167406816613207
0.166985195135811
0.166525467760462
0.166029511611509
0.165499308169596
0.164936936660167
0.164344566995559
0.163724452302163
0.163078921066826
0.162410368939089
0.161721250228061
0.16101406913461
0.160291370761185
0.159555731942889
0.158809751944433
0.15805604306828
0.157297221219647
0.156535896474123
0.155774663693344
0.155016093233654
0.154262721791784
0.153517043430446
0.15278150082535
0.152058476773461
0.151350286000444
0.150659167303151
0.149987276060692
0.149336677145217
0.148709338260925
0.148107123737103
0.147531788798234
0.146984974331298
0.14646820216753
0.145982870892919
0.145530252198837
0.145111487781244
0.144727586794055
0.144379423859436
0.144067737635036
0.143793129935528
0.143556065403243
0.143356871720256
0.143195740351943
0.143072727809827
0.142987757419466
0.142940621577205
0.142930984477824
0.142958385293468
0.143022241782745
0.143121854307509
0.14325641023364
0.143424988691028
0.143626565667061
0.143860019407062
0.144124136094466
0.144417615782967
0.14473907855241
0.145087070859892
0.145460072057338
0.145856501046686
0.146274723043836
0.146713056422626
0.147169779610265
0.147643138005965
0.148131350894895
0.148632618330016
0.149145127954932
0.149667061741516
0.150196602616748
0.150731940954026
0.151271280905033
0.151812846549191
0.152354887838715
0.152895686318356
0.15343356060004
0.153966871573811
0.154494027337736
0.155013487830728
0.155523769153622
0.156023447565254
0.156511163141744
0.156985623088715
0.157445604697716
0.157889957939725
0.158317607690214
0.158727555581933
0.159118881483237
0.159490744601499
0.159842384212834
0.160173120021139
0.160482352151131
0.160769560781833
0.161034305428656
0.161276223883951
0.161495030827556
0.161690516120553
0.161862542797042
0.162011044770307
0.162136024271273
0.162237549038592
0.162315749281078
0.162370814434492
0.162402989735877
0.162412572639753
0.162399909101413
0.16236538975348
0.162309446002526
0.162232546073172
0.162135191027496
0.162017910787777
0.161881260190732
0.161725815101231
0.161552168613203
0.161360927364918
0.161152707995114
0.160928133765546
0.160687831374347
0.160432427983319
0.160162548480651
0.159878812998849
0.159581834705685
0.159272217883822
0.158950556312437
0.158617431961679
0.158273414008107
0.157919058176506
0.157554906410525
0.157181486871625
0.156799314262713
0.156408890469751
0.156010705511484
0.155605238784339
0.155192960586442
0.154774333901749
0.154349816422366
0.153919862784434
0.153484926990331
0.153045464987637
0.152601937373128
0.152154812188237
0.151704567770805
0.151251695626713
0.150796703284039
0.150340117091809
0.14988248492521
0.149424378759311
0.148966397073891
0.148509167052923
0.148053346543628
0.147599625741718
0.147148728571548
0.14670141373239
0.146258475384808
0.145820743454255
0.145389083532434
0.144964396360618
0.144547616883043
0.144139712862566
0.143741683055021
0.143354554943052
0.1429793820346
0.142617240735639
0.142269226811153
0.141936451452658
0.141620036974741
0.14132111216713
0.141040807332603
0.140780249044588
0.140540554661563
0.140322826638297
0.140128146676516
0.139957569759744
0.139812118118821
0.139692775175903
0.139600479515582
0.139536118932171
0.139500524602092
0.139494465429744
0.139518642614203
0.139573684482625
0.139660141634254
0.139778482436647
0.139929088912891
0.140112253055531
0.140328173599422
0.140576953281963
0.140858596615124
0.141173008189462
0.141519991525837
0.141899248486014
0.142310379248684
0.142752882852726
0.143226158304889
0.143729506244415
0.14426213115264
0.144823144091206
0.145411565948355
0.146026331168796
0.146666291938971
0.147330222796115
0.148016825626477
0.148724735015318
0.149452523909004
0.150198709547513
0.150961759624193
0.151740098628446
0.1525321143263
0.153336164333573
0.154150582736423
0.154973686714614
0.155803783123734
0.156639174993912
0.157478167904173
0.158319076193581
0.159160228972561
0.159999975900327
0.160836692697137
0.161668786363074
0.162494700078206
0.163312917762285
0.164121968275538
0.164920429245578
0.165706930508949
0.166480157159331
0.167238852197885
0.167981818784605
0.168707922092851
0.169416090772393
0.17010531802933
0.170774662334068
0.171423247771206
0.172050264047586
0.17265496617699
0.173236673861885
0.173794770594348
0.174328702499725
0.174837976947756
0.175322160956792
0.175780879417384
0.176213813161879
0.17662069690676
0.177001317094365
0.177355509660164
0.177683157751234
0.177984189420645
0.178258575321495
0.178506326423031
0.178727491769914
0.178922156304068
0.179090438766877
0.179232489697588
0.179348489541878
0.179438646882479
0.179503196801626
0.179542399382989
0.179556538358511
0.179545919903407
0.179510871580391
0.179451741432037
0.179368897218065
0.179262725792311
0.179133632612177
0.178982041371481
0.178808393745923
0.178613149238732
0.178396785112641
0.178159796393019
0.17790269592589
0.177626014473628
0.177330300830407
0.177016121938964
0.176684062989927
0.17633472748492
0.175968737244762
0.17558673234453
0.175189370957816
0.174777329093404
0.174351300208651
0.173911994685155
0.173460139153804
0.17299647565801
0.172521760645825
0.172036763783703
0.17154226658687
0.17103906086365
0.170527946973497
0.170009731901058
0.169485227151161
0.168955246472258
0.168420603418433
0.167882108762728
0.167340567776979
0.166796777395851
0.166251523285003
0.165705576835475
0.16515969210833
0.164614602755312
0.164071018942776
0.163529624307344
0.162991072972702
0.162455986657517
0.161924951904795
0.161398517462893
0.160877191848051
0.160361441117493
0.159851686881081
0.159348304578015
0.158851622043259
0.158361918386242
0.157879423201919
0.157404316131501
0.156936726787173
0.156476735051807
0.156024371761217
0.15557961977286
0.155142415421031
0.154712650354792
0.154290173750838
0.153874794889607
0.153466286078965
0.153064385905982
0.15266880279354
0.152279218835001
0.151895293876753
0.151516669815396
0.151142975073462
0.15077382921511
0.150408847661083
0.150047646460435
0.149689847075248
0.149335081133597
0.148982995105566
0.14863325485714
0.148285550037195
0.147939598253784
0.147595148997253
0.147251987269561
0.146909936881464
0.146568863381867
0.146228676586747
0.145889332678498
0.145550835850307
0.145213239474239
0.144876646776075
0.144541211004459
0.144207135086653
0.143874670768054
0.143544117237534
0.143215819245656
0.14289016472775
0.142567581948694
0.142248536191039
0.141933526012702
0.14162307910483
0.141317747784629
0.141018104161737
0.140724735020303
0.140438236462037
0.140159208358295
0.139888248661549
0.139625947628518
0.139372882008599
0.139129609252191
0.138896661793921
0.13867454146569
0.138463714093894
0.138264604334067
0.138077590794622
0.137903001499281
0.13774110973527
0.137592130331335
0.137456216406267
0.137333456624773
0.137223872993381
0.137127419224579
0.137043979692552
0.136973368998884
0.136915332161312
0.136869545433214
0.136835617755979
0.136813092840811
0.136801451870911
0.136800116809364
0.136808454292598
0.136825780083848
0.136851364055896
0.13688443566737
0.13692418989214
0.136969793557016
0.137020392038822
0.137075116268347
0.137133089985374
0.137193437186261
0.137255289703227
0.137317794852741
0.137380123089139
0.137441475598882
0.13750109177074
0.137558256477542
0.137612307106125
0.137662640273621
0.137708718170267
0.137750074471529
0.137786319765422
0.137817146444493
0.137842333016001
0.137861747788271
0.137875351896104
0.137883201633296
0.137885450065878
0.137882347905438
0.137874243627896
0.137861582829228
0.137844906815901
0.137824850434077
0.137802139147922
0.1377775853836
0.137752084161652
0.137726608046372
0.137702201446548
0.137679974307341
0.137661095238209
0.137646784126526
0.13763830429086
0.137636954231763
0.137644059041306
0.13766096153545
0.13768901317567
0.137729564848001
0.137783957568832
0.137853513187351
0.137939525154537
0.138043249427918
0.138165895580173
0.138308618177771
0.138472508493553
0.138658586614198
0.138867794000126
0.139100986551479
0.139358928229464
0.139642285277594
0.139951621082232
0.140287391706451
0.140649942125467
0.141039503186078
0.141456189306428
0.141899996926308
0.142370803711987
0.142868368513433
0.143392332065666
0.143942218420045
0.144517437085517
0.145117285854343
0.145740954281587
0.146387527782741
0.147055992309414
0.147745239558882
0.148454072669725
0.149181212352646
0.149925303402984
0.150684921539363
0.151458580511442
0.152244739418789
0.153041810182545
0.153848165111757
0.154662144506994
0.15548206424523
0.156306223291717
0.157132911087002
0.15796041475995
0.158787026120909
0.159611048392763
0.160430802641552
0.161244633872629
0.162050916762796
0.162848061003575
0.163634516235574
0.164408776558839
0.165169384608984
0.165914935193796
0.16664407848981
0.16735552280297
0.168048036901976
0.168720451937089
0.169371662961063
0.170000630072432
0.170606379204587
0.171188002586795
0.171744658905691
0.17227557319763
0.172780036503677
0.173257405319936
0.173707100876346
0.174128608277019
0.174521475534668
0.174885312530677
0.175219789930977
0.175524638086041
0.175799645941118
0.176044659980326
0.17625958322534
0.176444374306405
0.176599046620083
0.176723667584736
0.176818358001257
0.176883291522955
0.176918694235003
0.176924844340331
0.176902071945498
0.176850758936874
0.176771338934435
0.176664297307753
0.176530171236294
0.176369549793985
0.176183074036246
0.175971437066253
0.175735384056179
0.175475712198536
0.175193270562542
0.174888959830593
0.174563731890559
0.174218589260556
0.173854584324217
0.173472818356176
0.173074440319464
0.172660645418849
0.17223267339664
0.17179180656029
0.171339367533989
0.170876716729537
0.170405249534887
0.169926393221915
0.169441603578155
0.168952361270315
0.168460167950447
0.167966542118521
0.167473014757875
0.166981124762581
0.166492414178055
0.166008423278315
0.165530685505096
0.16506072229556
0.164600037826558
0.164150113704357
0.163712403629374
0.163288328065833
0.162879268946324
0.16248656444106
0.162111503821167
0.1617553224447
0.161419196893168
0.161104240285288
0.160811497793477
0.160541942387213
0.160296470825955
0.160075899922749
0.159880963098076
0.159712307241875
0.159570489900039
0.159455976800081
0.159369139729117
0.159310254775738
0.159279500945923
0.159276959161715
0.159302611650063
0.159356341727968
0.15943793398887
0.159547074894092
0.159683353772066
0.15984626422701
0.160035205957711
0.160249486986054
0.160488326293888
0.160750856865769
0.161036129133999
0.161343114821179
0.16167071117424
0.162017745582507
0.162382980570837
0.162765119157263
0.163162810562741
0.163574656258695
0.163999216335951
0.164435016176417
0.164880553406485
0.165334305108633
0.165794735265065
0.166260302404548
0.166729467420794
0.167200701527955
0.167672494315975
0.168143361865771
0.168611854881541
0.169076566794901
0.169536141793192
0.169989282722092
0.170434758810756
0.170871413166115
0.171298169981714
0.171714041405605
0.172118134011443
0.172509654816987
0.172887916794805
0.173252343821116
0.173602475010413
0.173937968385772
0.174258603837624
0.174564285327237
0.174855042295189
0.175131030239722
0.175392530435057
0.175639948765396
0.175873813656545
0.176094773093653
0.176303590720587
0.176501141023744
0.176688403610685
0.176866456601735
0.17703646916056
0.177199693197629
0.177357454288329
0.177511141855219
0.177662198671396
0.177812109749143
0.177962390684829
0.178114575537367
0.178270204323283
0.178430810216659
0.178597906546604
0.178772973688674
0.178957445949521
0.179152698546099
0.179360034781902
0.179580673522926
0.179815737075329
0.18006623956508
0.180333075917282
0.180617011529283
0.180918672727212
0.181238538090251
0.181576930720727
0.181934011531151
0.182309773611645
0.182704037732817
0.183116449030237
0.183546474907249
0.183993404183036
0.18445634750272
0.184934239015967
0.18542583932013
0.185929739653514
0.186444367314022
0.186967992268303
0.187498734906687
0.188034574889765
0.188573361023505
0.189112822091448
0.189650578564805
0.19018415510428
0.190710993761265
0.191228467780709
0.191733895903508
0.192224557062757
0.192697705365648
0.193150585251234
0.193580446713654
0.193984560480853
0.194360233040123
0.194704821404129
0.195015747514267
0.195290512182261
0.195526708475808
0.195722034459691
0.195874305210141
0.195981464027155
0.196041592776991
0.196052921305017
0.196013835867425
0.195922886538979
0.195778793562794
0.195580452617126
0.195326938983144
0.195017510606611
0.194651610055239
0.194228865382055
0.193749089913479
0.193212280988736
0.192618617684802
0.191968457568121
0.191262332520846
0.190500943695334
0.1896851556559
0.188815989771542
0.187894616927316
0.186922349625352
0.185900633549075
0.184831038666093
0.183715249946388
0.182555057772905
0.181352348121479
0.180109092586152
0.178827338324466
0.177509197995244
0.176156839758745
