0.625081319776511
0.625826461980871
0.626635126093731
0.627504376454096
0.628431074048781
0.629411892083203
0.630443332334051
0.631521742195283
0.632643332325552
0.6338041948024
0.635000321686352
0.636227623896458
0.637481950297792
0.638759106901029
0.640054876074358
0.641365035668754
0.642685377958952
0.644011728304308
0.645339963436147
0.646666029281105
0.647985958233346
0.649295885792387
0.65059206648752
0.651870889014493
0.653128890515092
0.654362769935634
0.655569400405952
0.656745840586347
0.657889344936007
0.65899737286266
0.660067596719539
0.661097908622228
0.662086426064417
0.663031496318139
0.663931699610535
0.66478585107564
0.665593001486028
0.666352436775404
0.667063676369282
0.667726470346823
0.668340795462591
0.66890685006246
0.66942504793314
0.669896011129708
0.670320561830238
0.670699713270928
0.671034659819181
0.671326766245798
0.67157755626075
0.671788700380047
0.671962003193792
0.672099390107813
0.67220289363312
0.672274639298954
0.672316831266314
0.672331737719612
0.672321676114446
0.672288998359506
0.67223607601023
0.672165285551095
0.672078993842314
0.671979543805264
0.67186924041917
0.67175033709942
0.671625022525469
0.671495407983474
0.671363515285791
0.671231265326081
0.67110046732519
0.670972808819079
0.670849846436019
0.670732997505926
0.670623532540229
0.670522568615979
0.670431063693091
0.670349811888619
0.670279439726951
0.670220403379608
0.67017298690316
0.67013730147852
0.670113285649619
0.670100706554254
0.670099162134697
0.670108084310546
0.670126743091284
0.670154251601109
0.670189571983867
0.670231522151334
0.670278783333738
0.670329908387271
0.670383330809428
0.670437374409411
0.670490263577484
0.67054013409416
0.6705850444174
0.670622987383679
0.670651902256776
0.670669687056564
0.670674211098826
0.670663327676342
0.670634886811022
0.67058674800689
0.670516792934067
0.670422937974732
0.670303146563208
0.670155441253923
0.669977915452961
0.669768744751279
0.669526197800362
0.669248646674147
0.668934576664411
0.668582595460529
0.668191441668412
0.667759992627694
0.667287271490642
0.666772453530917
0.666214871655073
0.665614021094658
0.66496956326176
0.66428132875597
0.663549319515828
0.662773710112943
0.661954848192058
0.661093254065318
0.660189619473885
0.659244805534798
0.658259839895516
0.657235913122965
0.656174374357989
0.655076726269982
0.653944619350014
0.652779845583993
0.651584331550305
0.65036013098893
0.64910941689115
0.647834473160798
0.646537685899327
0.645221534368019
0.643888581681163
0.642541465284276
0.641182887271176
0.639815604593108
0.638442419212149
0.637066168249746
0.635689714179536
0.63431593511157
0.632947715212724
0.631587935305461
0.630239463684248
0.628905147185861
0.627587802546508
0.626290208075324
0.625015095670214
0.623765143198423
0.622542967260547
0.621351116353003
0.62019206444037
0.619068204945402
0.617981845161052
0.616935201085481
0.615930392677876
0.614969439529877
0.614054256944661
0.613186652413236
0.612368322475196
0.611600849949281
0.610885701517383
0.610224225644324
0.609617650814672
0.609067084067214
0.608573509807273
0.608137788877062
0.607760657864506
0.607442728631532
0.607184488043704
0.606986297884207
0.60684839493655
0.606770891221983
0.606753774379411
0.606796908177571
0.606900033151316
0.607062767356095
0.607284607236947
0.607564928610657
0.607902987762017
0.608297922657357
0.608748754280736
0.609254388100197
0.609813615673423
0.610425116403884
0.611087459460041
0.611799105871521
0.612558410817153
0.613363626120536
0.614212902969234
0.615104294873844
0.616035760882973
0.61700516906965
0.618010300303849
0.619048852324615
0.620118444123783
0.621216620651464
0.622340857851383
0.623488568031752
0.624657105574727
0.625843772984656
0.627045827272244
0.628260486668548
0.629484937659383
0.630716342327228
0.631951845984305
0.633188585076908
0.634423695337674
0.635654320158995
0.636877619157548
0.638090776896729
0.639291011730847
0.640475584732196
0.641641808659689
0.642787056925541
0.643908772514682
0.64500447681008
0.646071778276065
0.647108380951022
0.648112092700543
0.649080833182231
0.650012641473924
0.650905683318078
0.651758257936474
0.652568804371229
0.65333590731034
0.654058302358635
0.654734880717981
0.655364693243963
0.655946953849927
0.656481042233206
0.656966505902564
0.657403061490327
0.65779059533722
0.65812916334269
0.658418990078271
0.658660467166425
0.658854150932111
0.659000759339165
0.65910116822827
0.659156406877873
0.659167652913809
0.659136226597576
0.659063584527125
0.658951312787696
0.658801119593513
0.658614827464152
0.65839436498198
0.658141758179258
0.65785912160531
0.657548649125497
0.657212604504694
0.656853311828467
0.656473145815179
0.656074522071948
0.655659887346546
0.655231709826184
0.654792469532537
0.654344648860444
0.653890723305451
0.653433152422779
0.652974371057458
0.652516780882275
0.652062742276871
0.651614566577873
0.651174508726339
0.650744760335111
0.650327443194944
0.649924603234523
0.649538204945788
0.649170126282318
0.648822154034996
0.64849597968578
0.648193195737156
0.647915292511825
0.647663655414364
0.647439562644042
0.647244183345664
0.647078576183319
0.646943688320164
0.646840354785983
0.646769298213093
0.646731128920409
0.646726345324898
0.646755334659462
0.646818373976293
0.646915631415078
0.647047167715921
0.647212937957655
0.647412793503121
0.647646484134116
0.64791366035998
0.648213875885108
0.648546590222139
0.64891117143904
0.649306899029775
0.64973296689977
0.650188486458749
0.650672489814948
0.6511839330659
0.651721699682169
0.652284603981383
0.652871394690735
0.653480758596799
0.654111324281948
0.654761665946949
0.655430307319363
0.65611572564728
0.656816355777554
0.657530594317229
0.658256803876144
0.658993317387847
0.65973844250498
0.660490466064162
0.661247658614175
0.662008279000007
0.662770578993906
0.663532807963318
0.664293217564171
0.665050066446709
0.665801624959824
0.666546179838712
0.667282038859658
0.668007535444909
0.668721033199901
0.669420930364647
0.670105664160777
0.670773715015726
0.671423610645724
0.6720539299797
0.672663306906902
0.673250433831949
0.673814065022226
0.674353019733898
0.67486618510448
0.675352518801645
0.675811051419963
0.676240888619381
0.67664121300145
0.677011285721652
0.677350447838503
0.677658121402478
0.677933810290132
0.678177100791038
0.678387661957322
0.678565245727555
0.678709686838594
0.678820902540533
0.678898892131277
0.6789437363283
0.678955596495892
0.678934713746614
0.678881407935731
0.67879607656714
0.678679193628586
0.678531308372995
0.678353044061331
0.678145096680645
0.677908233648945
0.67764329251611
0.677351179667426
0.677032869033436
0.676689400806673
0.676321880162597
0.675931475978676
0.675519419542137
0.67508700323345
0.674635579169286
0.674166557785349
0.673681406336496
0.673181647288598
0.672668856574139
0.67214466168125
0.671610739544132
0.671068814201435
0.670520654188299
0.669968069627462
0.669412908985081
0.668857055457755
0.668302422958737
0.667750951673376
0.667204603156631
0.666665354948801
0.666135194689656
0.665616113715705
0.665110100130494
0.664619131343502
0.664145166079362
0.663690135865691
0.663255936014783
0.662844416121593
0.66245737010794
0.662096525850385
0.661763534436863
0.661459959104748
0.661187263920436
0.660946802267754
0.660739805219391
0.660567369871991
0.660430447731533
0.660329833240963
0.660266152546706
0.660239852604644
0.660251190729173
0.660300224691164
0.660386803471871
0.66051055878003
0.660670897438582
0.660866994745535
0.661097788910511
0.661361976664414
0.661658010134487
0.661984095070798
0.662338190502868
0.662718009896897
0.663121023874782
0.663544464546008
0.663985331492545
0.664440399435231
0.664906227597817
0.66537917077202
0.665855392073655
0.666330877366397
0.666801451315891
0.667262795023183
0.667710465172595
0.668139914615653
0.668546514299353
0.668925576434233
0.669272378785465
0.669582189958532
0.669850295540323
0.670072024946525
0.670242778817316
0.670358056795573
0.670413485515148
0.670404846621437
0.670328104642342
0.670179434525074
0.669955248652901
0.669652223156074
0.669267323332696
0.668797827998327
0.66824135258745
0.667595870835824
0.666859734879813
0.66603169361734
0.665110909184775
0.664096971414989
0.662989910153809
0.661790205325073
0.660498794648414
0.659117078928571
0.657646924850443
0.656090665229994
0.654451096687558
0.652731474726764
0.650935506219198
0.649067339311897
0.647131550791621
0.645133130956566
0.643077466062549
0.640970318426615
0.638817804286417
0.6366263695284
0.634402763411779
0.63215401042836
0.629887380450339
0.627610357329317
0.625330606119657
0.623055939108128
0.620794280839261
0.618553632332124
0.616342034689124
0.614167532301057
0.612038135854846
0.60996178535128
0.607946313339595
0.605999408573894
0.60412858029328
0.602341123323147
0.600644084189383
0.599044228430415
0.597548009283981
0.596161537916503
0.594890555352798
0.593740406252929
0.592716014671144
0.591821861919231
0.591061966643444
0.590439867210239
0.58995860648186
0.58962071904808
0.589428220965516
0.589382602040793
0.589484820678685
0.589735301301182
0.590133934328432
0.590680078697699
0.591372566881996
0.592209712355988
0.593189319443179
0.594308695465404
0.595564665103309
0.596953586864885
0.598471371548317
0.600113502575451
0.601875058063138
0.603750734491638
0.605734871822161
0.607821479909635
0.610004266051717
0.61227666351126
0.61463186084655
0.617062831881969
0.619562366151083
0.62212309964462
0.624737545697325
0.627398125850205
0.630097200528275
0.632827099378367
0.635580151117064
0.638348712745062
0.641125197991391
0.643902104858766
0.646672042149853
0.649427754863362
0.652162148358542
0.654868311196727
0.657539536579099
0.660169342310557
0.662751489230575
0.665279998062997
0.667749164647879
0.670153573529525
0.672488109885869
0.674747969795067
0.676928668845678
0.679026049106898
0.681036284485048
0.682955884501708
0.684781696537577
0.68651090659423
0.68814103863333
0.689669952559661
0.691095840920307
0.692417224397613
0.693632946178052
0.694742165282799
0.695744348948758
0.696639264150857
0.697426968357774
0.698107799613734
0.698682366038821
0.699151534839241
0.699516420917282
0.699778375168354
0.699938972549479
0.7
0.699963444291171
0.699831479876626
0.699606456810716
0.699290888796251
0.698887441417479
0.698398920608142
0.697828261398298
0.69717851697734
0.696452848104285
0.695654512890125
0.694786856970769
0.693853304082986
0.692857347049864
0.691802539176595
0.690692486052013
0.6895308377463
0.688321281390573
0.687067534119881
0.685773336357313
0.684442445413682
0.683078629374428
0.681685661243141
0.680267313309405
0.678827351707467
0.677369531131626
0.675897589674157
0.674415243752013
0.672926183089535
0.671434065725841
0.669942513017494
0.66845510460942
0.666975373349811
0.665506800127893
0.664052808616891
0.662616759908262
0.661201947027256
0.659811589324008
0.658448826738643
0.657116713943273
0.655818214368128
0.654556194123447
0.653333415833047
0.652152532399648
0.651016080725998
0.649926475419637
0.648886002512584
0.647896813230424
0.646960917848103
0.646080179672144
0.64525630919105
0.644490858437208
0.643785215604741
0.643140599968365
0.642558057148476
0.642038454767308
0.64158247854016
0.641190628844357
0.640863217806744
0.640600366948252
0.640402005421308
0.640267868872698
0.640197498960939
0.640190243553284
0.640245257623264
0.640361504865143
0.640537760036908
0.640772612038478
0.641064467726742
0.641411556463869
0.641811935390115
0.642263495407188
0.642763967853091
0.643310931844377
0.643901822256904
0.64453393831157
0.645204452727168
0.645910421398418
0.646648793553571
0.647416422342644
0.648210075804424
0.649026448157956
0.64986217136216
0.65071382688578
0.651577957628773
0.652451079935737
0.653329695641972
0.654210304093182
0.655089414080831
0.655963555636552
0.656829291630896
0.657683229124016
0.658522030418563
0.659342423768142
0.66014121369805
0.660915290898704
0.661661641656054
0.662377356787395
0.663059640055221
0.663705816036139
0.664313337426203
0.664879791768472
0.66540290759287
0.665880559962712
0.666310775426307
0.666691736375962
0.667021784820368
0.667299425579758
0.667523328916273
0.6676923326148
0.667805443531879
0.667861838632344
0.667860865534987
0.667802042589761
0.66768505850988
0.667509771582594
0.667276208482475
0.666984562710671
0.666635192682925
0.666228619488068
0.665765524337376
0.665246745723526
0.664673276306012
0.664046259537822
0.66336698604592
0.662636889775718
0.66185754390734
0.66103065654898
0.660158066210291
0.659241737056372
0.658283753940696
0.65728631721331
0.656251737298732
0.655182429036444
0.654080905775526
0.65294977321403
0.651791722973033
0.650609525895073
0.649406025056791
0.648184128486148
0.646946801575538
0.645697059183496
0.644437957419454
0.643172585108214
0.64190405493332
0.640635494261488
0.63937003565345
0.638110807070174
0.636860921787189
0.635623468033806
0.634401498378214
0.633198018883754
0.632015978066049
0.630858255685092
0.629727651410702
0.628626873404049
0.627558526861993
0.626525102574855
0.625528965551816
0.62457234377139
0.623657317117272
0.62278580656229
0.621959563665141
0.621180160446031
0.62044897970819
0.619767205872547
0.619135816392547
0.618555573815119
0.618027018552279
0.61755046242561
0.617125983043048
0.616753419063923
0.616432366404142
0.616162175428747
0.615941949173895
0.615770542634565
0.615646563148138
0.615568371897368
0.615534086549301
0.615541585039406
0.615588510502628
0.615672277345396
0.615790078444729
0.615938893452758
0.616115498177073
0.61631647499958
0.616538224288952
0.616776976754383
0.617028806681332
0.617289645983238
0.617555298996953
0.617821457943899
0.618083718973705
0.618337598702533
0.618578551154279
0.618801985009586
0.619003281065006
0.61917780980284
0.6193209489711
0.619428101072718
0.61949471066366
0.619516281360785
0.619488392462395
0.619406715087143
0.619267027740529
0.619065231222429
0.618797362794002
0.61845960952788
0.618048320771659
0.617560019661415
0.616991413629099
0.616339403855315
0.615601093626895
0.614773795567021
0.613855037714105
0.612842568434361
0.611734360161773
0.610528611967973
0.609223750973334
0.607818432619223
0.606311539829862
0.604702181100457
0.602989687556178
0.601173609034108
0.599253709247368
0.597229960097213
0.595102535204961
0.592871802741016
0.590538317633083
0.588102813239742
0.585566192578951
0.582929519203688
0.58019400781877
0.577361014733988
0.574432028248937
0.571408659064371
0.568292630813582
0.56508577080511
0.56179000106518
0.558407329764531
0.554939843109866
0.55138969777498
0.547759113940813
0.544050369007196
0.540265792032067
0.536407758946345
0.532478688584667
0.528481039563778
0.524417308031618
0.520290026301178
0.516101762373993
0.511855120348878
0.507552741702193
0.503197307416657
0.498791540926623
0.494338211838786
0.489840140378689
0.485300202505139
0.48072133562682
0.476106544848105
0.471458909664368
0.466781591021019
0.46207783864515
0.457350998554092
0.452604520641394
0.447841966237822
0.443067015542926
0.438283474821593
0.433495283259807
0.428706519374567
0.42392140687459
0.419144319871037
0.414379787341033
0.409632496751161
0.404907296753391
0.400209198872032
0.395543378107119
0.390915172387302
0.38633008081349
0.38179376064339
0.377312022976374
0.372890827107939
0.368536273533104
0.364254595588523
0.360052149733633
0.355935404481822
0.351910928003253
0.347985374431514
0.344165468916655
0.340457991477234
0.336869759713756
0.333407610455169
0.330078380418864
0.32688888597282
0.323845902096096
0.320956140640688
0.318226228003866
0.31566268232538
0.313271890328352
0.311060083926261
0.309033316721106
0.307197440519619
0.305558081995306
0.30412061962409
0.302890161020423
0.301871520799039
0.30106919908489
0.300487360790481
0.300129815775647
0.3
0.300100957772754
0.300435325198521
0.301005314911012
0.301812702179436
0.302858812464796
0.304144510495363
0.305670190922373
0.307435770608525
0.309440682593232
0.311683871769839
0.314163792301238
0.31687840679154
0.31982518722275
0.323001117656823
0.326402698695018
0.330025953678287
0.333866436604424
0.337919241730042
0.342179014818023
0.346639965984075
0.351295884089319
0.356140152619519
0.361165766985639
0.366365353174907
0.371731187676406
0.377255218600554
0.382929087907484
0.388744154655502
0.39469151917727
0.40076204808833
0.406946400029876
0.41323505204541
0.419618326489029
0.426086418361536
0.432629422969461
0.439237363801273
0.445900220514653
0.452607956928634
0.459350548914723
0.466118012081741
0.472900429150133
0.479687976912835
0.486470952681491
0.493239800118844
0.499985134360527
0.506697766332245
0.513368726171429
0.519989285665912
0.526550979625988
0.533045626110426
0.539465345431481
0.545802577868904
0.552050100028114
0.558201039783326
0.564248889752283
0.570187519255506
0.576011184719459
0.58171453848986
0.587292636028426
0.592740941473652
0.598055331553723
0.603232097847369
0.608267947396267
0.613160001680557
0.61790579397699
0.622503265127248
0.626950757751913
0.631247008953477
0.635391141559474
0.639382653964421
0.64322140863652
0.646907619362123
0.650441837307584
0.653824935984425
0.657058095209502
0.660142784157186
0.663080743605315
0.665873967480799
0.668524683814311
0.671035335216307
0.673408558988776
0.675647166988514
0.677754125358391
0.679732534242954
0.681585607603853
0.683316653248895
0.68492905318614
0.686426244411237
0.687811700232305
0.689088912232006
0.690261372961149
0.691332559452196
0.692305917634465
0.693184847725715
0.693972690667184
0.694672715661075
0.695288108861087
0.695821963257844
0.696277269792077
0.696656909719348
0.696963648240806
0.697200129405307
0.697368872279
0.697472268369506
0.697512580282945
0.697491941583567
0.697412357817548
0.69727570865473
0.697083751094813
0.696838123677736
0.696540351631816
0.696191852887669
0.695793944881061
0.695347852063675
0.694854714037294
0.694315594224263
0.693731488985049
0.693103337092636
0.692432029472954
0.691718419120926
0.690963331102715
0.690167572556493
0.689331942606491
0.688457242108097
0.687544283145446
0.686593898207099
0.685606948970118
0.684584334627934
0.683526999702936
0.682435941290495
0.681312215687259
0.68015694436278
0.678971319239969
0.677756607256336
0.676514154184433
0.675245387696343
0.673951819663366
0.672635047688159
0.671296755872512
0.669938714829581
0.668562780954691
0.667170894973846
0.665765079793602
0.664347437680183
0.662920146799425
0.661485457152424
0.660045685944587
0.658603212428123
0.657160472259904
0.655719951418052
0.65428417972156
0.652855723997801
0.651437180942911
0.65003116971974
0.648640324337459
0.64726728585594
0.645914694456764
0.644585181421233
0.643281361053978
0.642005822588891
0.640761122112002
0.639549774533805
0.638374245641265
0.63723694425753
0.636140214535077
0.635086328405853
0.634077478209824
0.633115769521309
0.632203214190581
0.631341723616454
0.63053310226397
0.629779041439914
0.629081113337618
0.628440765361525
0.627859314741115
0.627337943443188
0.626877693391012
0.626479461998608
0.626143998028328
0.625871897779928
0.625663601619533
0.625519390857183
0.625439384982051
0.625423539264869
0.625471642737602
0.625583316560945
0.625758012790684
0.625995013554488
0.626293430651046
0.626652205583849
0.627070110042059
0.627545746841054
0.628077551335102
0.628663793314418
0.629302579398398
0.629991855936205
0.630729412425036
0.631512885455359
0.632339763191103
0.633207390391312
0.634112973978054
0.635053589153425
0.636026186066369
0.637027597027708
0.638054544269215
0.639103648239955
0.640171436430196
0.641254352710323
0.642348767169052
0.643450986432115
0.644557264439404
0.645663813655266
0.646766816683447
0.647862438254919
0.648946837553654
0.650016180842322
0.651066654346839
0.652094477355867
0.653095915488589
0.654067294081571
0.65500501164315
0.655905553321647
0.656765504331851
0.65758156328254
0.658350555346486
0.659069445213327
0.659735349764907
0.660345550412282
0.660897505033448
0.661388859451086
0.661817458390174
0.662181355856232
0.6624788248762
0.662708366545573
0.66286871832734
0.662958861550569
0.662978028059087
0.662925705963671
0.6628016444544
0.662605857633423
0.662338627332225
0.662000504881658
0.661592311807383
0.661115139428031
0.660570347338279
0.659959560764103
0.659284666782761
0.658547809405454
0.657751383526191
0.656898027746018
0.655990616087545
0.655032248620423
0.654026241024286
0.652976113121389
0.651885576416939
0.65075852069073
0.649598999689234
0.648411215972651
0.647199504976607
0.645968318353149
0.644722206660367
0.643465801474395
0.6422037970016
0.640940931272519
0.639681967002389
0.638431672206085
0.637194800657691
0.635976072286972
0.634780153606504
0.633611638264193
0.632475027816415
0.631374712816901
0.630314954315876
0.629299865862764
0.628333396104038
0.627419312065467
0.626561183205172
0.625762366320492
0.625025991387737
0.624354948409469
0.623751875339013
0.623219147146534
0.622758866085187
0.622372853209638
0.622062641192673
0.62182946847875
0.621674274806135
0.621597698121924
0.621600072906626
0.621681429917307
0.621841497350481
0.622079703418131
0.62239518032244
0.622786769607069
0.62325302885527
0.623792239697644
