0.847026140309892
0.846470381201064
0.845887948701581
0.845280551887097
0.844650424076943
0.844000300508867
0.843333391592119
0.842653352047886
0.841964246280298
0.841270510351027
0.840576910955621
0.839888501819962
0.839210577950493
0.838548628182022
0.837908286472091
0.837295282391034
0.836715391252226
0.836174384317765
0.835677979501225
0.835231792971563
0.834841292040987
0.834511749695193
0.834248201097168
0.834055402366255
0.833937791902932
0.833899454497153
0.833944088424778
0.8340749757029
0.834294955641423
0.834606401795278
0.835011202389795
0.835510744261178
0.836105900325189
0.836797020560192
0.837583926465981
0.838465908937332
0.839441729471208
0.840509624608911
0.841667313499391
0.842912008457129
0.844240428377568
0.845648814864735
0.847132950919377
0.848688182031306
0.850309439516663
0.851991265939024
0.85372784245266
0.85551301790636
0.85734033954701
0.859203085163183
0.861094296510318
0.863006813860244
0.864933311518941
0.866866334157174
0.86879833379905
0.870721707313487
0.872628834253058
0.874512114883674
0.876364008247148
0.878177070096859
0.879943990544658
0.881657631254861
0.883311062018866
0.884897596541656
0.886410827269448
0.887844659086099
0.889193341704764
0.890451500580907
0.891614166173133
0.892676801379735
0.89363532698125
0.894486144923028
0.895226159276734
0.895852794726013
0.896364012429292
0.896758323121857
0.897034797330016
0.897193072582286
0.897233357516102
0.897156432793569
0.896963648756082
0.896656919765289
0.89623871519667
0.895712047071892
0.895080454336967
0.89434798381493
0.893519167884142
0.892598998956221
0.891592900850932
0.890506697188816
0.889346576945894
0.888119057338101
0.886830944226091
0.885489290253497
0.884101350953393
0.882674539078413
0.881216377429517
0.879734450476596
0.878236355080674
0.876729650642342
0.875221809013898
0.873720164523463
0.872231864467701
0.870763820435784
0.869322660830531
0.867914684953262
0.86654581901657
0.865221574444027
0.863947008807522
0.862726689741584
0.861564662159621
0.86046441907943
0.859428876344772
0.858460351506191
0.857560547097769
0.856730538517231
0.85597076668491
0.855281035622718
0.854660515057694
0.854107748116105
0.853620664133763
0.853196596566513
0.852832305941961
0.852524007749964
0.852267405125348
0.852057726132393
0.851889765416965
0.851757929949429
0.851656288539933
0.851578624767796
0.851518492928992
0.851469276570537
0.851424249148398
0.85137663631671
0.851319679331136
0.851246699028359
0.851151159827447
0.851026733187424
0.850867359949132
0.850667310988571
0.850421245613644
0.850124267146635
0.849771975150957
0.849360513782719
0.848886615775444
0.848347641599608
0.847741613377536
0.847067243178127
0.846323955364664
0.845511902722158
0.844631976147752
0.843685807748166
0.842675767251333
0.841604951704665
0.840477168498991
0.839296911824417
0.838069332731405
0.836800203036404
0.835495873375597
0.834163225771958
0.832809621139054
0.831442842199085
0.830071032341864
0.828702630995109
0.827346306113928
0.82601088442829
0.824705280111059
0.823438422545546
0.822219183880279
0.821056307059607
0.819958335011916
0.81893354166264
0.817989865417172
0.817134845729471
0.81637556333608
0.815718584692887
0.815169911103845
0.814734932977799
0.814418389592095
0.814224334680746
0.814156108101283
0.814216313768959
0.81440680398049
0.814728670182967
0.815182240177639
0.815767081683911
0.816482012126798
0.817325114451895
0.818293758716435
0.819384629153623
0.820593756360776
0.821916554220129
0.82334786112499
0.824881985053223
0.826512752005192
0.828233557304179
0.83003741924396
0.831917034560579
0.833864835203132
0.835873045881528
0.837933741877163
0.840038906615175
0.842180488513879
0.844350456647815
0.84654085478509
0.848743853387091
0.850951799188512
0.853157262007861
0.855353078472507
0.85753239237773
0.859688691435593
0.861815840206594
0.863908109044489
0.865960198922234
0.867967262044365
0.869924918188023
0.871829266751107
0.873676894521434
0.875464879215106
0.877190788865453
0.87885267717564
0.880449074978308
0.881978977974177
0.883441830948353
0.884837508687978
0.886166293847685
0.887428852030007
0.888626204366314
0.889759697899797
0.890830974085543
0.891841935733568
0.892794712728849
0.893691626867684
0.8945351561522
0.895327898884323
0.896072537897074
0.896771805254644
0.897428447743264
0.898045193462613
0.898624719812315
0.89916962315019
0.899682390378443
0.900165372691055
0.900620761690558
0.901050568055277
0.901456602909396
0.901840462018072
0.902203512898599
0.902546884906784
0.90287146232542
0.903177880449555
0.903466524631488
0.903737532217432
0.903990797277958
0.90422597800609
0.904442506630497
0.90463960166705
0.904816282310284
0.904971384747358
0.905103580161093
0.905211394175805
0.90529322749002
0.905347377433951
0.905372060186673
0.905365433388449
0.905325618887419
0.905250725366818
0.905138870608878
0.904988203164352
0.904796923212037
0.904563302410348
0.904285702562775
0.903962592940487
0.903592566128174
0.903174352283058
0.902706831721524
0.902189045772654
0.901620205862759
0.900999700819479
0.900327102407803
0.899602169133194
0.89882484836861
0.897995276882355
0.897113779862098
0.896180868547027
0.895197236594607
0.894163755320879
0.893081467963375
0.891951583123657
0.890775467552045
0.889554638440333
0.888290755389216
0.88698561221579
0.885641128762873
0.884259342866146
0.882842402627244
0.881392559131111
0.879912159734177
0.87840364203642
0.876869528635235
0.875312422742322
0.87373500472678
0.872140029628283
0.870530325663887
0.868908793730794
0.867278407885463
0.865642216757105
0.864003345830932
0.862365000513935
0.860730469873584
0.859103130918102
0.857486453265995
0.855884004032889
0.854299452745481
0.852736576076215
0.851199262178224
0.849691514388711
0.848217454060468
0.846781322276119
0.845387480198107
0.844040407809836
0.842744700809855
0.841505065431816
0.840326310978222
0.839213339875788
0.838171135084627
0.837204744722197
0.836319263796036
0.83551981297634
0.834811514380136
0.83419946438272
0.833688703518594
0.833284183582818
0.832990732093695
0.832813014328411
0.832755493193697
0.832822387243067
0.833017627199738
0.833344811389089
0.833807160525614
0.834407472335911
0.835148076530427
0.836030790661855
0.837056877426372
0.838227003974948
0.839541203805052
0.840998841798082
0.842598582954334
0.844338365355388
0.846215377853349
0.848226042947739
0.850366005264291
0.852630125995978
0.855012483605962
0.857506381025487
0.860104359508052
0.862798219225312
0.865579046611375
0.868437248381339
0.871362592068529
0.874344252843966
0.87737086630241
0.880430586823158
0.88351115104165
0.886599945901166
0.889684080693333
0.89275046244287
0.895785873946793
0.898777053741858
0.901710777246943
0.904573938309793
0.907353630380325
0.910037226535669
0.912612457595231
0.915067487587135
0.917390985860093
0.919572195176547
0.921600995173214
0.923467960633172
0.925164414078523
0.926682472263408
0.928015086222772
0.929156074611583
0.930100150151054
0.930842939081654
0.93138099360597
0.931711797386761
0.931833764245516
0.931746230283358
0.931449439718242
0.930944524798927
0.930233480216333
0.929319132485796
0.928205104818665
0.926895778038114
0.925396248121531
0.923712280970032
0.921850265014512
0.919817162267026
0.91762045841647
0.915268112548753
0.912768507044335
0.910130398170774
0.907362867845471
0.904475276994924
0.901477220882495
0.898378486717893
0.895189013799487
0.891918856376209
0.888578149350491
0.885177076878575
0.881725843860761
0.87823465025304
0.87471366807408
0.871173020928843
0.867622765823142
0.864072877003066
0.860533231520134
0.857013596197937
0.853523615659212
0.85007280106421
0.846670519211804
0.843325981664097
0.840048233573015
0.836846141913121
0.833728382858046
0.830703428077818
0.827779529779989
0.824964704367946
0.822266714643869
0.819693050540377
0.817250908422669
0.814947169060577
0.812788374426234
0.810780703526504
0.808929947528956
0.807241484484586
0.805720253988785
0.804370732153245
0.803196907284779
0.802202256681815
0.801389724965171
0.800761704356365
0.80032001730416
0.800065901838416
0.8
0.800122349657082
0.800432379972327
0.800928910733218
0.801610155700125
0.802473730064852
0.803516662047728
0.804735408595027
0.806125875072218
0.807683438783509
0.809402976085895
0.811278892807753
0.813305157629144
0.815475338034676
0.817782638410914
0.820219939829842
0.822779841038393
0.825454700162026
0.828236676628049
0.83111777282178
0.834089875005674
0.837144793057648
0.84027429861953
0.843470161289
0.846724182537576
0.850028227092034
0.853374251575924
0.856754330270108
0.860160677915201
0.863585669542925
0.867021857386296
0.870461984978786
0.873898998608888
0.877326056347482
0.880736534910108
0.884124034653526
0.887482383035176
0.890805636884569
0.894088083846966
0.89732424336164
0.900508867529626
0.903636942209385
0.906703688653631
0.909704565967351
0.912635274626599
0.915491761250901
0.918270224770223
0.920967124071554
0.923579187151693
0.926103421742937
0.928537127318682
0.930877908327557
0.933123688449239
0.935272725613518
0.937323627477947
0.939275367019313
0.941127297861368
0.942879168936324
0.944531138061235
0.946083784002975
0.947538116607196
0.948895584577589
0.95015808051166
0.951327942827816
0.952407954255325
0.953401336602924
0.954311741572696
0.95514323744247
0.955900291501186
0.956587748186436
0.957210802940504
0.957774971869379
0.958286057357336
0.958750109856387
0.959173386134153
0.959562304324284
0.95992339617952
0.960263256977783
0.96058849357565
0.960905671140306
0.961221259120199
0.961541577035624
0.961872740683047
0.962220609351116
0.962590734641855
0.962988311477806
0.963418131855049
0.963884541873528
0.964391402540473
0.964942054800534
0.965539289198221
0.96618532052517
0.966881767747409
0.967629639447068
0.968429324949764
0.969280591244
0.970182585733317
0.971133844796479
0.972132308066381
0.973175338275603
0.974259746456157
0.975381822223776
0.976537368823609
0.977721742564995
0.978929896228545
0.980156425989394
0.981395621366613
0.982641517680536
0.983887950477347
0.985128611363845
0.986357104684779
0.987567004470637
0.988751911085035
0.989905507007917
0.991021611203365
0.992094231538718
0.993117614744721
0.994086293434258
0.994995129729489
0.995839355083747
0.996614605924808
0.997316954789928
0.997942936669821
0.998489570328256
0.998954374415644
0.999335378248529
0.999631127181786
0.999840682556155
0.999963616259951
1
0.999950389432486
0.99981580335895
0.999597698245679
0.999297938375601
0.998918761990013
0.998462743822556
0.997932754469181
0.997331917075032
0.996663561851593
0.995931178964762
0.995138370356157
0.99428880107569
0.993386150712743
0.992434065516087
0.991436111788521
0.990395731131218
0.989316198094623
0.988200580767725
0.987051704805555
0.985872121356177
0.984664079303547
0.983429502191802
0.982169970140315
0.980886706997933
0.979580572919717
0.978252062481207
0.976901308374429
0.97552809065755
0.974131851457229
0.972711714950229
0.971266512379818
0.969794811793939
0.968294952126938
0.966765081185909
0.965203197047303
0.963607192320159
0.961974900689996
0.960304145122711
0.958592787081255
0.956838776089963
0.955040198972439
0.953195328089062
0.95130266790951
0.949360999274153
0.94736942072545
0.945327386326284
0.94323473942598
0.94109174188594
0.93889909833469
0.936657975085858
0.934370013421221
0.932037337013596
0.92966255333987
0.92724874901188
0.924799479031056
0.922318750050619
0.919810997805682
0.91728105894572
0.914734137574652
0.912175766870182
0.909611766215405
0.907048194330999
0.904491298945183
0.901947463580264
0.899423152068688
0.896924851437669
0.89445901381949
0.892031998054325
0.88965001165395
0.887319053788093
0.885044859940611
0.882832848860582
0.880688072404012
0.878615168825832
0.876618320039625
0.874701213314773
0.87286700782807
0.871118306430054
0.869457132926069
0.86788491510919
0.86640247371732
0.865010017420854
0.863707143881019
0.862492846853037
0.861365529243476
0.860323021968093
0.859362608395861
0.858481054107352
0.857674641641685
0.856939209856442
0.856270197479744
0.855662690393418
0.855111472151279
0.854611077207262
0.854155846304644
0.853739983460136
0.853357613965223
0.853002842821848
0.852669813030373
0.852352763154568
0.852046083601076
0.851744371069167
0.851442480650345
0.851135575086229
0.850819170726744
0.850489179768562
0.850141948395579
0.849774290488423
0.849383516618102
0.848967458089346
0.848524485851438
0.848053524147724
