0.993677447528998
0.992460905404017
0.991141924350106
0.989722216004144
0.98820367602151
0.986588380239488
0.98487858022907
0.983076698243425
0.981185321581371
0.979207196393815
0.977145220970068
0.975002438548845
0.972782029705448
0.970487304371816
0.968121693549646
0.965688740778545
0.963192093421045
0.960635493824326
0.958022770414675
0.955357828775178
0.95264464275005
0.949887245610626
0.947089721308545
0.944256195831539
0.941390828666613
0.93849780436494
0.935581324192566
0.932645597841739
0.929694835169475
0.926733237923365
0.923764991409893
0.920794256057959
0.917825158830132
0.914861784436538
0.911908166311335
0.908968277319453
0.906046020171597
0.903145217538314
0.900269601868953
0.897422804938305
0.894608347162239
0.891829626743244
0.889089908727043
0.886392314071717
0.883739808850556
0.881135193728544
0.878581093869338
0.876079949444315
0.873634006927111
0.871245311365616
0.868915699828117
0.866646796220867
0.864440007670466
0.862296522655932
0.860217311062024
0.858203126307401
0.856254509678518
0.854371796973179
0.852555127526573
0.850804455657954
0.849119564538416
0.847500082440024
0.845945501284683
0.844455197368233
0.843028454092223
0.841664486493415
0.840362467320166
0.839121554366295
0.837940918737581
0.836819773694532
0.835757403688136
0.834753193183578
0.83380665485104
0.832917456692904
0.832085447673559
0.831310681421544
0.830593437584153
0.829934240431861
0.829333874333744
0.828793395755326
0.828314141466453
0.827897732688518
0.827546074956937
0.827261353525583
0.827046024194208
0.826902799496842
0.826834630247994
0.826844682503323
0.826936310051335
0.827113022611907
0.827378449975008
0.827736302368255
0.828190327394
0.828744263924951
0.829401793391124
0.830166488929763
0.83104176290327
0.832030813317709
0.833136569695951
0.834361638974658
0.835708252003099
0.837178211224116
0.838772840113593
0.84049293494453
0.842338719425618
0.844309802742239
0.846405141500443
0.848623006041978
0.850960951561394
0.853415794414921
0.855983593965752
0.858659640262027
0.861438447792655
0.864313755512686
0.867278533274634
0.870324994745611
0.873444616832677
0.876628165581016
0.879865728451932
0.883146752830506
0.886460090556772
0.88979404821967
0.893136442900427
0.896474663001727
0.899795733751541
0.903086386926173
0.906333134296329
0.909522344263268
0.912640321119606
0.915673386341592
0.918607961296815
0.921430650733776
0.924128326407676
0.926688210190436
0.929097956012446
0.931345729989026
0.933420288096043
0.935311050776563
0.937008173883767
0.938502615394409
0.939786197361644
0.940851662615776
0.941692725766009
0.942304118105118
0.942681626071668
0.942822122980255
0.942723593788824
0.942385152732451
0.941807053714637
0.940990693409199
0.939938607087619
0.93865445724742
0.937143015176105
0.935410135641629
0.933462724953747
0.931308702690131
0.928956957426498
0.926417296850547
0.923700392675011
0.920817720795193
0.917781497160931
0.914604609851788
0.911300547857574
0.907883327074061
0.904367414026239
0.900767647828988
0.897099160887912
0.893377298831857
0.889617540153701
0.885835416018019
0.882046430673662
0.878265982886824
0.874509288786302
0.870791306488025
0.867126662841057
0.863529582612565
0.860013820405329
0.856592595578371
0.853278530419704
0.850083591800153
0.847019036518798
0.844095360534003
0.841322252258986
0.838708550087536
0.836262204303477
0.833990243516546
0.83189874575729
0.829992814353863
0.828276558703963
0.826753080045092
0.825424462315427
0.82429176818549
0.823355040327026
0.822613307969781
0.8220645987788
0.821705956064317
0.821533461312955
0.821542262002901
0.821726604636753
0.822079872894082
0.822594630771563
0.823262670542016
0.824075065325271
0.825022226023894
0.82609396233595
0.827279547515746
0.828567786512583
0.829947087077556
0.831405533390195
0.832930961720885
0.834511037612352
0.836133334034714
0.837785409944415
0.839454888658349
0.841129535441344
0.84279733369822
0.844446559161497
0.846065851472612
0.847644282568543
0.849171421307038
0.850637393792239
0.852032938898104
0.853349458529508
0.854579062209703
0.855714605637539
0.856749722917725
0.857678852231832
0.85849725478574
0.859201026940074
0.859787105502709
0.860253266235777
0.860598115702709
0.860821076652564
0.86092236720831
0.860902974191716
0.860764620979181
0.860509730339158
0.860141382752134
0.859663270757511
0.859079649907608
0.858395286936928
0.857615405774225
0.8567456320357
0.855791936639589
0.85476057917553
0.853658051646621
0.852491023178221
0.85126628625579
0.849990705014976
0.848671166061384
0.8473145322458
0.84592759976402
0.84451705888974
0.843089458585294
0.841651175169386
0.840208385154492
0.838767042300436
0.837332858865746
0.835911290976011
0.834507527969431
0.833126485525127
0.831772802330421
0.830450839999839
0.829164685921914
0.827918158680214
0.826714815673029
0.825557962541881
0.824450664012692
0.823395755754906
0.822395856872994
0.821453382661193
0.820570557275512
0.819749426006472
0.818991866870883
0.818299601280443
0.817674203588118
0.817117109359125
0.816629622260859
0.816212919514219
0.815868055896377
0.815595966331095
0.815397467146117
0.815273256117097
0.815223911452914
0.815249889907515
0.815351524227679
0.815529020164043
0.815782453283755
0.816111765827178
0.816516763847942
0.816997114865551
0.817552346242848
0.818181844477475
0.818884855567508
0.819660486577451
0.820507708492673
0.821425360408976
0.822412155060491
0.823466685644514
0.82458743385746
0.825772779012912
0.827021008072057
0.828330326379565
0.829698868865457
0.831124711446468
0.832605882339838
0.834140372988954
0.835726148294437
0.837361155846443
0.839043333864304
0.840770617568231
0.842540943734314
0.844352253218246
0.846202491274261
0.84808960554321
0.850011541636295
0.851966236297899
0.85395160819081
0.855965546408764
0.858005896883195
0.860070446911959
0.862156908096273
0.86426289802663
0.866385921107842
0.868523348956266
0.870672400837571
0.872830124640158
0.874993378896635
0.877158816373009
0.879322869742028
0.881481739843099
0.883631387006529
0.885767525884601
0.887885624186691
0.88998090566095
0.892048357601773
0.894082743091505
0.896078618107749
0.898030353545607
0.899932162118649
0.901778130014996
0.903562253097113
0.905278477347495
0.906920743178915
0.908483033148903
0.909959422545212
0.91134413224342
0.912631583181057
0.913816451745541
0.914893725336987
0.915858757342139
0.916707320742925
0.917435659582762
0.918040537525748
0.918519282768308
0.918869828599198
0.919090748951615
0.919181288349626
0.919141385719455
0.918971691613048
0.918673578475771
0.91824914368056
0.91770120514594
0.917033289453679
0.916249612481652
0.915355052667506
0.914355117117154
0.913255900867647
0.912064039705125
0.91078665702396
0.909431305291723
0.908005902755088
0.90651866608335
0.90497803969802
0.903392622578413
0.901771093363772
0.900122134591999
0.898454356923435
0.896776224195291
0.895095980138654
0.893421577565735
0.891760610800752
0.890120252084212
0.888507192628122
0.886927588939638
0.885387014963901
0.883890420524186
0.882442096460193
0.881045646784294
0.879703968092054
0.878419236378312
0.877192901324801
0.876025688040562
0.874917606153426
0.873867966070478
0.872875402148533
0.871937902443175
0.871052844637412
0.87021703768924
0.869426768681935
0.868677854312097
0.867965696408799
0.867285340842941
0.86663153915917
0.865998812243745
0.865381515330386
0.864773903642539
0.864170197974306
0.86356464952353
0.862951603308711
0.862325559526451
0.861681232237369
0.861013604805712
0.860317981560487
0.859590035193582
0.85882584946226
0.858021956819253
0.857175370652623
0.856283611879201
0.855344729698951
0.854357316382523
0.853320516029844
0.852234027303207
0.851098100203338
0.849913527020695
0.848681627656129
0.84740422956444
0.846083642630688
0.844722629341751
0.843324370664097
0.841892428082491
0.840430702292898
0.838943389075847
0.837434932903457
0.835909978854041
0.834373323422249
0.832829864820068
0.831284553364388
0.829742342540259
0.828208141315469
0.826686768261654
0.825182908010077
0.823701070536677
0.822245553731387
0.820820409661404
0.819429414887606
0.818076045138258
0.816763454585062
0.815494459904382
0.814271529241669
0.81309677613075
0.811971958352453
0.810898481649966
0.809877408152273
0.808909469292904
0.807995082949949
0.807134374475729
0.806327201231549
0.805573180195345
0.804871718168498
0.804222044073381
0.803623242805696
0.803074290086055
0.802574087743677
0.802121498861917
0.801715382220628
0.801354625484059
0.801038176605012
0.800765072945963
0.800534467655388
0.800345652882158
0.800198079461751
0.800091372764624
0.800025344458326
0.8
0.800015541743774
0.800072367617087
0.800171065390192
0.800312402632807
0.800497312520027
0.80072687571514
0.801002298618845
0.801324888331615
0.801696024727691
0.802117130084609
0.802589636750653
0.803114953363534
0.803694430156538
0.804329323903034
0.805020763056456
0.805769713640569
0.806576946434188
0.807443005975722
0.808368181886348
0.809352482976773
0.810395614561991
0.811496959361881
0.812655562313683
0.813870119566165
0.815138971865568
0.816460102481027
0.817831139753177
0.819249364284872
0.82071172072844
0.822214834060442
0.823755030173491
0.82532836055604
0.826930630776002
0.82855743243325
0.830204178200123
0.831866139528548
0.833538486567706
0.835216329807762
0.836894762943178
0.838568906433877
0.840233951233981
0.841885202156118
0.843518120344237
0.84512836433939
0.846711829240794
0.848264683488349
0.849783402822399
0.851264801011353
0.852706056977488
0.854104737995218
0.855458818683917
0.856766695568268
0.858027197032697
0.859239588551859
0.860403573135951
0.86151928698697
0.862587290419433
0.86360855415571
0.864584441161414
0.865516684239595
0.866407359653118
0.867258857092007
0.868073846346184
0.86885524108323
0.869606160165279
0.870329886968332
0.871029827190816
0.871709465655862
0.872372322623179
0.873021910131565
0.873661688891737
0.874295026241444
0.874925155660755
0.875555138325151
0.87618782714785
0.876825833731039
0.877471498608664
0.878126865121793
0.878793657221641
0.879473261446008
0.88016671326251
0.880874687917503
0.881597495873626
0.882335082862178
0.883087034519898
0.883852585523898
0.884630633084132
0.885419754600784
0.886218229244805
0.887024063174266
0.887835018057766
0.888648642539336
0.889462306247526
0.890273235925073
0.891078553234893
0.891875313783385
0.892660546893256
0.893431295655218
0.894184656791016
0.894917819869047
0.895628105428112
0.896313001584414
0.896970198721158
0.897597621888889
0.898193460577289
0.898756195555165
0.899284622514217
0.899777872293267
0.900235427502411
0.900657135410434
0.901043217003167
0.901394272164776
0.90171128097763
0.90199560117889
0.902248961852875
0.902473453477013
0.902671514475489
0.902845914468145
0.902999734432447
0.903136344023226
0.903259376318098
0.903372700276001
0.90348039121187
0.903586699602233
0.903696018544347
0.903812850195526
0.903941771519614
0.904087399664343
0.904254357286632
0.904447238133159
0.904670573170833
0.904928797546492
0.905226218637553
0.905566985435719
0.905955059484525
0.906394187568897
0.906887876331218
0.907439368964041
0.908051624104908
0.908727297033916
0.909468723250165
0.910277904479131
0.911156497139712
0.912105803277325
0.913126763948231
0.914219955020328
0.915385585337244
0.916623497175577
0.917933168909857
0.919313719786156
0.92076391669328
0.922282182810187
0.923866607999618
0.925514960810882
0.927224701949184
0.928992999064876
0.930816742713306
0.932692563334602
0.93461684910254
0.936585764492626
0.938595269421521
0.940641138812881
0.942718982448517
0.944824264968445
0.946952325888772
0.949098399512478
0.951257634614883
0.95342511379298
0.95559587237569
0.957764916800594
0.959927242371619
0.962077850321552
0.964211764113049
0.966324044921932
0.968409806256987
0.970464227681066
0.972482567609021
0.974460175168715
0.976392501121982
0.978275107852763
0.980103678439701
0.981874024839963
0.983582095219937
0.985223980476514
0.98679591999979
0.988294306734099
0.989715691599151
0.99105678733661
0.992314471849685
0.993485791104006
0.994567961657426
0.995558372884156
0.996454588955107
0.997254350631316
0.997955576921164
0.998556366644782
0.999054999940755
0.999449939741273
0.999739833232321
0.999923513305725
1
0.99996850191737
0.999828417595204
0.999579336801737
0.999221041718536
0.998753507965968
0.998176905423073
0.997491598789912
0.996698147838741
0.995797307300347
