0.6147782908918
0.619019362535577
0.623218858999938
0.627370076540974
0.631466269638403
0.635500672995267
0.639466524237787
0.643357087197106
0.647165675650893
0.650885677399876
0.654510578552306
0.658033987888155
0.661449661174479
0.664751525303806
0.66793370212862
0.670990531866987
0.673916595957049
0.676706739241438
0.67935609136667
0.68186008728711
0.684214486768188
0.686415392789125
0.688459268751391
0.690342954405527
0.692063680415616
0.693619081487705
0.695007207995636
0.696226536045166
0.69727597592476
0.698154878899042
0.698863042308594
0.699400712947457
0.699768588697394
0.69996781840558
0.7
0.699867176844265
0.699571832340956
0.699116882799802
0.698505668594117
0.697741943635798
0.696829863205953
0.695773970184788
0.694579179730725
0.693250762464903
0.691794326223154
0.690215796443281
0.688521395260958
0.686717619392869
0.684811216890711
0.682809162854463
0.68071863419786
0.678546983563223
0.676301712486774
0.673990443919197
0.671620894209561
0.669200844663702
0.666738112790818
0.664240523354308
0.661715879344759
0.659171932994462
0.65661635695387
0.654056715750986
0.651500437654775
0.648954787063296
0.646426837536339
0.643923445590907
0.641451225375895
0.639016524339757
0.636625400001818
0.634283597934213
0.631996531057105
0.629769260344999
0.627606477036509
0.625512486433932
0.623491193372406
0.621546089431349
0.619680241953252
0.617896284926845
0.616196411783087
0.614582370143533
0.613055458551311
0.611616525205368
0.610265968708746
0.609003740831619
0.607829351279604
0.606741874447589
0.605739958129041
0.604821834140531
0.603985330811124
0.603227887276395
0.602546569507221
0.601938087994215
0.601398816999823
0.600924815281731
0.600511848183355
0.600155410980024
0.599850753362823
0.599592904936247
0.599376701600726
0.599196812686736
0.599047768703783
0.598923989564932
0.598819813145802
0.598729524036139
0.598647382342119
0.598567652398498
0.598484631251542
0.598392676776392
0.598286235296026
0.598159868573334
0.598008280052907
0.597826340234957
0.597609111070243
0.597351869271969
0.597050128448192
0.596699659966379
0.596296512470193
0.595837029977376
0.595317868496639
0.594736011110614
0.594088781481244
0.593373855743218
0.592589272760304
0.591733442728464
0.590805154118509
0.589803578959602
0.588728276473145
0.587579195074412
0.586356672766646
0.585061435959224
0.583694596747825
0.582257648700295
0.580752461197114
0.579181272379922
0.577546680765545
0.575851635586296
0.57409942592012
0.572293668676255
0.570438295503716
0.568537538690944
0.566595916125502
0.564618215382784
0.562609477012336
0.560574977089688
0.558520209100513
0.556450865222616
0.554372817069713
0.552292095959229
0.550214872764544
0.54814743741021
0.546096178066811
0.544067560100254
0.542068104828564
0.540104368137599
0.538182919005662
0.53631031798571
0.534493095692814
0.532737731343721
0.531050631394816
0.529438108324465
0.527906359605693
0.526461446915343
0.525109275626292
0.523855574629956
0.522705876537136
0.52166549830625
0.520739522349104
0.51993277816551
0.519249824559317
0.518694932489561
0.518272068611628
0.517984879564307
0.51783667705948
0.517830423831832
0.517968720506343
0.518253793441372
0.518687483604885
0.519271236540652
0.520006093480155
0.520892683654351
0.521931217857375
0.523121483311695
0.524462839881135
0.525954217674572
0.527594116078965
0.529380604255713
0.531311323129178
0.533383488890572
0.5355938980343
0.537938933937338
0.540414574985332
0.543016404241891
0.545739620650015
0.548579051746893
0.551529167865383
0.554584097787517
0.557737645807289
0.560983310152013
0.564314302703574
0.567723569953176
0.571203815115612
0.574747521321876
0.578346975802017
0.581994294963678
0.585681450265755
0.589400294781094
0.59314259033729
0.596900035120277
0.600664291621806
0.604427014808886
0.608179880391031
0.611914613059596
0.61562301457269
0.619296991559098
0.622928582915347
0.626509986671475
0.630033586203246
0.63349197567144
0.636877984572419
0.640184701288439
0.643405495531068
0.646534039576548
0.649564328198015
0.652490697206068
0.655307840516236
0.658010825669372
0.660595107738879
0.663056541566875
0.665391392279847
0.667596344043093
0.669668507022049
0.67160542252765
0.67340506633187
0.67506585014868
0.676586621284659
0.677966660472453
0.679205677909063
0.680303807529539
0.681261599555098
0.682080011362741
0.682760396731319
0.68330449352641
0.683714409893497
0.683992609035598
0.684141892657714
0.684165383166257
0.684066504716862
0.683848963208767
0.683516725328152
0.683073996746507
0.682525199583247
0.681874949244283
0.681128030750291
0.68028937466977
0.679364032772801
0.67835715352167
0.677273957514141
0.676119712994283
0.674899711544263
0.673619244068535
0.672283577179274
0.670897930088897
0.669467452111926
0.66799720087449
0.666492121325255
0.664957025636757
0.663396574080838
0.661815256956265
0.660217377640729
0.658607036833158
0.656988118045851
0.655364274399227
0.653738916765162
0.652115203297845
0.650496030384019
0.648884025037304
0.647281538754091
0.645690642841349
0.644113125219564
0.642550488696962
0.641003950704312
0.639474444472786
0.637962621630847
0.636468856189754
0.634993249881172
0.633535638804596
0.632095601336705
0.630672467249638
0.629265327980243
0.627873047987912
0.626494277134428
0.625127464015523
0.623770870170468
0.62242258509306
0.621080541964786
0.619742534028787
0.618406231521469
0.617069199077235
0.615728913520822
0.61438278196112
0.613028160100125
0.611662370670789
0.610282721918014
0.608886526037843
0.607471117491016
0.606033871108511
0.604572219908385
0.603083672545241
0.601565830315881
0.600016403647202
0.5984332279951
0.596814279086071
0.595157687436307
0.593461752086408
0.591724953493259
0.589945965524279
0.588123666502989
0.586257149258758
0.584345730137613
0.582388956935115
0.580386615716584
0.578338736494266
0.576245597735499
0.574107729680451
0.571925916452596
0.569701196949805
0.567434864508642
0.565128465339281
0.562783795733334
0.560402898051766
0.557988055505051
0.555541785742673
0.553066833274103
0.550566160748364
0.548042939124299
0.54550053676864
0.542942507523895
0.540372577792956
0.537794632692122
0.535212701328934
0.532630941265787
0.530053622234693
0.527485109172836
0.524929844652577
0.52239233078337
0.519877110666605
0.51738874948761
0.51493181533196
0.512510859815822
0.510130398622185
0.507794892036601
0.505508725577358
0.503276190815811
0.501101466482946
0.498988599958037
0.496941489234535
0.494963865457027
0.493059276121244
0.491231069026671
0.489482377068283
0.487816103950353
0.486234910901096
0.484741204462204
0.483337125422036
0.482024538955444
0.480805026026927
0.479679876107033
0.478650081244754
0.477716331531105
0.476879011981142
0.476138200853512
0.475493669418184
0.474944883174422
0.474491004512362
0.474130896802783
0.473863129890962
0.473685986961827
0.473597472735153
0.473595322941289
0.473677015019919
0.473839779976753
0.474080615325859
0.474396299038629
0.474783404414218
0.475238315780694
0.475757244931237
0.476336248195451
0.47697124404233
0.477658031108662
0.47839230654463
0.479169684567199
0.479985715111458
0.480835902470519
0.481715723815764
0.48262064749128
0.483546150979068
0.484487738435171
0.485440957701092
0.486401416699817
0.487364799131301
0.488326879388405
0.48928353662096
0.490230767882725
0.491164700303579
0.492081602237102
0.492977893341896
0.49385015356326
0.494695130990343
0.495509748572381
0.496291109686107
0.497036502554865
0.497743403528164
0.498409479238477
0.499032587659818
0.499610778100046
0.500142290165879
0.500625551746143
0.501059176064911
0.501441957861723
0.501772868761093
0.502051051897941
0.502275815869379
0.502446628086501
0.502563107602344
0.502625017494157
0.50263225687934
0.502584852645115
0.502482950971994
0.502326808730541
0.502116784829771
0.50185333159382
0.501536986241238
0.501168362538545
0.500748142696436
0.500277069573366
0.4997559392472
0.49918559401119
0.498566915845788
0.497900820412816
0.497188251613202
0.49643017674408
0.495627582285371
0.494781470340256
0.493892855748055
0.492962763882198
0.491992229140005
0.490982294125141
0.489934009517775
0.48884843462169
0.487726638571996
0.486569702181559
0.485378720398979
0.48415480534579
0.482899089895664
0.48161273175376
0.480296917989967
0.478952869975676
0.477581848670003
0.476185160197877
0.474764161659379
0.473320267106982
0.471854953625044
0.470369767443995
0.468866330020175
0.467346344011271
0.465811599076682
0.464263977432069
0.462705459087664
0.46113812670082
0.459564169974567
0.457985889535827
0.456405700229257
0.454826133765525
0.453249840666175
0.451679591451036
0.450118277018417
0.448568908173115
0.447034614262421
0.445518640885953
0.444024346651137
0.442555198952532
0.441114768759911
0.439706724406966
0.43833482437978
0.437002909111614
0.435714891798161
0.434474748255094
0.433286505847484
0.432154231528324
0.431082019031095
0.43007397526873
0.429134205998689
0.428266800820828
0.427475817581479
0.426765266263442
0.426139092447449
0.425601160436013
0.425155236135335
0.424804969795124
0.424553878709663
0.42440532998624
0.424362523489139
0.424428475068575
0.424606000184509
0.424897698034823
0.425305936296195
0.425832836583965
0.426480260734369
0.427249798008872
0.428142753315777
0.429160136539023
0.430302653058023
0.431570695535665
0.432964337044183
0.434483325590574
0.436127080094712
0.437894687864214
0.439784903600706
0.441796149962311
0.443926519697142
0.446173779352332
0.448535374552837
0.451008436833857
0.453589792000482
0.456275969978023
0.459063216106611
0.46194750382405
0.464924548671751
0.467989823549816
0.471138575139145
0.474365841400863
0.477666470056359
0.481035137945011
0.484466371151134
0.48795456578697
0.491494009314623
0.495078902286755
0.498703380383644
0.502361536622822
0.506047443617027
0.509755175756528
0.513478831193106
0.517212553504957
0.520950552924605
0.524687127015497
0.528416680687224
0.532133745444314
0.535832997769132
0.539509276545652
0.543157599437552
0.546773178141313
0.550351432442602
0.553888003012175
0.5573787628858
0.560819827581189
0.56420756381356
0.567538596780242
0.570809815993509
0.574018379649663
0.577161717531107
0.580237532446767
0.583243800224681
0.586178768278809
0.589040952780103
0.591829134469539
0.594542353158184
0.5971799009663
0.599741314360107
0.602226365050907
0.604635049827012
0.606967579394077
0.609224366304185
0.61140601205822
0.613513293469768
0.615547148381908
0.617508660830903
0.619399045752866
0.62121963333099
0.622971853081934
0.624657217780395
0.626277307320785
0.627833752614298
0.629328219618501
0.630762393594895
0.632137963687684
0.633456607914319
0.634719978655224
0.635929688726425
0.637087298114781
0.638194301450934
0.639252116290221
0.64026207226644
0.641225401177713
0.642143228057679
0.643016563278935
0.643846295729078
0.644633187092876
0.645377867267083
0.646080830927242
0.646742435258495
0.647362898855065
0.647942301785635
0.648480586814427
0.648977561760451
0.6494329029701
0.649846159871156
0.650216760569381
0.650544018442131
0.650827139677096
0.651065231698175
0.651257312414822
0.651402320225967
0.651499124704792
0.651546537886358
0.651543326076344
0.651488222095922
0.65137993787524
0.651217177305963
0.650998649262006
0.650723080696862
0.650389229725906
0.649995898602655
0.649541946499252
0.64902630200333
0.648447975245999
0.647806069578844
0.647099792721584
0.646328467306372
0.645491540749555
0.644588594387043
0.643619351815213
0.642583686385453
0.641481627806953
0.640313367819162
0.639079264902364
0.637779848002028
0.636415819249923
0.634988055672348
0.6334976098832
0.631945709766896
0.630333757163317
0.628663325573922
0.626936156914911
0.625154157349725
0.623319392239262
0.621434080253843
0.619500586696221
0.617521416089662
0.615499204089353
0.613436708779122
0.611336801418542
0.609202456708052
0.607036742641651
0.604842810018079
0.602623881682075
0.600383241567469
0.59812422361334
0.595850200623431
0.59356457313739
0.591270758380195
0.588972179353515
0.586672254129523
0.584374385404139
0.582081950362649
0.5797982909063
0.577526704283802
0.575270434166729
0.573032662202673
0.570816500074682
0.568624982090115
0.56646105831655
0.564327588276903
0.562227335210499
0.560162960901467
0.558137021070686
0.556151961322458
0.5542101136324
0.552313693358527
0.550464796753375
0.548665398951255
0.546917352401298
0.545222385714044
0.543582102886779
0.541997982870808
0.540471379442295
0.539003521337239
0.537595512610646
0.536248333179855
0.534962839512525
0.533739765420672
0.532579722923654
0.531483203144881
0.530450577209383
0.529482097112167
0.528577896530385
0.527737991555912
0.526962281328662
0.526250548555085
0.525602459900554
0.52501756624879
0.524495302826043
0.524034989192371
0.52363582910697
0.523296910279078
0.523017204020458
0.52279556481974
0.522630729862981
0.522521318528616
0.522465831888441
0.522462652249374
0.522510042773413
0.522606147215456
0.52274898982035
0.522936475421737
0.523166389785921
0.523436400244017
0.523744056655146
0.524086792742292
0.524461927840747
0.524866669096714
0.5252981141508
0.525753254337649
0.526228978429003
0.526722076942999
0.527229247037607
0.527747098000765
0.528272157344081
0.528800877501018
0.529329643124258
0.529854778970553
0.530372558354945
0.530879212149731
0.531370938297121
0.531843911798279
0.532294295135306
0.532718249076977
0.53311194381358
0.533471570361197
0.53379335217127
0.534073556877339
0.534308508107496
0.534494597288458
0.534628295365188
0.534706164358811
0.534724868685134
0.534681186156478
0.534572018590701
0.534394401953313
0.534145515961371
0.533822693081459
0.533423426858417
0.53294537951656
0.532386388780922
0.531744473872439
0.531017840637973
0.53020488578357
0.529304200187191
0.528314571275479
0.52723498445755
0.526064623617535
0.524802870676311
0.523449304241592
0.522003697374189
0.520466014506608
0.518836407558291
0.517115211299458
0.515302938022741
0.51340027158841
0.51140806091498
0.509327312992222
0.507159185498069
0.504904979104519
0.502566129560327
0.500144199640073
0.497640871049995
0.495057936380781
0.492397291196363
0.489660926345602
0.486850920580579
0.483969433561152
0.481018699320429
0.478001020259893
0.474918761736263
0.471774347294678
0.468570254594702
0.465309012066861
0.461993196328232
0.458625430375882
0.455208382567017
0.451744766384454
0.448237340975744
0.444688912443938
0.441102335857772
0.437480517939073
0.433826420375475
0.430143063697323
0.426433531648893
0.422700975975981
0.41894862154453
0.415179771698386
0.411397813758575
0.407606224561753
0.403808575931723
0.400008539975245
0.396209894091764
0.392416525586228
0.388632435774874
0.384861743475669
0.381108687778129
0.377377629991351
0.373673054674341
0.36999956965905
0.366361904983878
0.362764910663731
0.35921355323193
0.355712910999342
0.352268167986884
0.348884606499021
0.345567598317854
0.342322594509869
0.339155113850182
0.33607072988214
0.333075056643248
0.330173733101487
0.327372406359072
0.324676713693397
0.322092263517284
0.319624615352474
0.317279258921604
0.315061592474411
0.3129769004737
0.311030330775383
0.30922687144479
0.307571327358174
0.306068296743954
0.304722147822646
0.303536995707556
0.302516679730153
0.301664741354527
0.300984402844494
0.300478546844684
0.300149697033382
0.3
0.300031208493817
0.300244666183171
0.300641294055561
0.301221578579297
0.301985561736374
0.302932833024342
0.304062523512116
0.305373302021015
0.306863373488016
0.3085304795533
0.310371901398791
0.312384464848714
0.314564547727272
0.316908089452607
0.319410602830264
0.322067187993686
0.32487254842385
0.327821008965248
0.330906535741021
0.334122757856413
0.337462990766878
0.340920261175215
0.344487333311255
0.348156736437811
0.351920793418027
0.355771650171972
0.359701305844316
0.36370164350035
0.367764461164422
0.371881503013141
0.376044490535398
0.38024515347247
0.384475260354057
0.388726648450171
0.392991252964215
0.397261135299324
0.40152851023809
0.405785771885007
0.410025518231286
0.414240574213092
0.418424013146503
0.422569176435608
0.426669691463962
0.430719487593971
0.434712810213658
0.438644232785376
0.442508666866412
0.446301370086858
0.450017952085446
0.453654378419246
0.45720697247791
0.460672415447582
0.464047744383376
0.467330348462486
0.470517963502341
0.4736086648397
0.476600858677065
0.479493272012264
0.48228494127534
0.484975199804076
0.487563664295327
0.490050220374034
0.492435007425078
0.494718402835208
0.496901005792981
0.498983620794058
0.500967240997363
0.502853031574486
0.504642313190407
0.506336545748125
0.507937312523282
0.509446304807221
0.510865307168505
0.512196183433511
0.513440863476661
0.5146013309001
0.515679611671351
0.51667776377579
0.517597867928726
0.518442019379689
0.51921232082921
0.519910876466071
0.520539787120943
0.521101146520383
0.521597038613725
0.522029535934319
0.522400698946139
0.522712576316973
0.522967206050346
0.523166617400126
0.523312833484415
0.523407874508956
0.523453761504944
0.523452520481783
0.523406186892131
0.523316810304411
0.523186459176956
0.523017225628068
0.522811230097388
0.522570625796331
0.522297602848557
0.521994392025823
0.521663267989802
0.521306551956593
0.520926613707678
0.520525872878757
0.520106799466325
0.519671913500835
0.519223783844736
0.518765026083558
0.518298299488342
0.517826303038055
0.517351770501072
0.516877464585169
0.516406170175804
0.515940686692484
0.515483819602801
0.515038371143033
0.514607130303063
0.514192862141622
0.513798296505476
0.513426116233036
0.513078944928997
0.512759334401827
0.512469751860335
0.512212566968976
0.511990038864077
0.511804303234718
0.511657359572601
0.511551058694857
0.511487090642453
0.511466973054601
0.511492040116463
0.511563432173457
0.511682086100691
0.511848726510549
0.512063857875181
0.512327757633902
0.512640470348059
0.513001802958129
0.51341132118956
0.51386834714537
0.514371958114718
0.514920986617831
0.515514021698711
0.516149411468138
0.516825266890729
0.517539466801183
0.518289664126528
0.519073293283208
0.519887578710194
0.520729544492228
0.521596025020611
0.522483676632902
0.523388990167364
0.524308304363147
0.525237820032923
0.526173614931132
0.527111659238067
0.528047831577761
0.528977935486054
0.529897716244234
0.53080287799333
0.531689101044377
0.532552059300784
0.533387437710307
0.53419094966593
0.534958354277262
0.535685473436707
0.536368208607689
0.537002557265551
0.537584628925278
0.538110660694004
0.538577032290142
0.538980280475021
0.53931711284699
0.539584420952042
0.539779292669101
0.539899023832125
0.539941129055133
0.539903351730093
0.539783673171282
0.539580320883332
0.539291775933508
0.53891677941206
0.53845433796749
0.53790372840654
0.537264501351406
0.536536483949313
0.535719781632039
0.534814778925363
0.533822139310648
0.532742804142994
0.531577990632515
0.530329188897465
0.528998158100001
0.527586921677576
0.526097761685097
0.524533212265281
0.52289605226693
0.521189297033323
0.519416189385431
0.517580189827318
0.515684966003873
0.513734381443886
0.511732483624487
0.509683491396042
0.507591781809808
0.505461876393836
0.503298426925935
0.501106200755748
0.498890065731272
0.49665497478833
0.494405950264583
0.492148068002624
0.489886441309416
0.487626204841847
0.485372498490405
0.483130451334818
0.480905165747042
0.478701701718022
0.476525061485269
0.474380174538374
0.472271883079146
0.470204928012022
0.468183935538774
0.466213404429301
0.464297694037397
0.462441013126889
0.460647409569367
0.458920760969957
0.457264766272186
0.455682938387003
0.454178597884495
0.45275486777977
0.451414669436984
0.450160719607538
0.448995528610223
0.447921399652518
0.446940429283501
0.44605450895993
0.445265327698151
0.44457437577557
0.443982949436705
0.443492156550264
0.443102923155507
0.442816000828307
0.442631974789971
0.442551272675165
0.442574173869095
0.442700819318784
0.442931221718605
0.443265275966559
0.443702769784875
0.444243394396695
0.444886755149656
0.445632381977333
0.446479739590647
0.447428237293528
0.448477238320332
0.449626068596763
0.450874024831225
0.45222038184974
0.453664399094562
0.455205326214584
0.45684240768424
0.458574886396998
0.460402006189506
0.46232301326292
0.464337156478865
0.466443686518683
0.468641853906053
0.470930905904582
0.473310082313487
0.475778610195845
0.478335697585043
0.480980526225861
0.483712243416927
0.486529953031116
0.489432705799541
0.492419488953225
0.495489215324065
0.498640712013393
0.501872708742135
0.505183826001249
0.508572563124741
0.512037286410107
0.515576217412403
0.519187421538474
0.522868797066957
0.526618064717719
0.530432757891284
0.534310213694657
0.538247564864755
0.542241732694505
0.54628942105957
0.55038711163577
0.554531060388536
0.558717295406392
0.562941616140425
0.567199594101278
0.571486575054241
0.57579768274185
0.580127824151945
0.584471696337625
0.58882379478397
0.59317842330495
0.597529705442633
0.601871597329805
0.606197901966443
0.610502284850253
