0.381373306612484
0.380182735213408
0.379079849965288
0.378069323115185
0.377155725284661
0.37634351606843
0.375637035008225
0.375040492936159
0.37455796367848
0.374193376107694
0.373950506528507
0.37383297138102
0.373844220243054
0.373987529112398
0.374265993949226
0.374682524458805
0.375239838095007
0.375940454265975
0.376786688724567
0.377780648127876
0.378924224752182
0.3802190913521
0.381666696155376
0.383268257987756
0.385024761525529
0.386936952676679
0.389005334095072
0.391230160835619
0.393611436161923
0.396148907521469
0.398842062706853
0.401690126224892
0.40469205589864
0.407846539730265
0.411151993055502
0.414606556022753
0.418208091432071
0.421954182970966
0.425842133885359
0.429868966124971
0.434031420002975
0.438325954409847
0.44274874762102
0.447295698737153
0.451962429794567
0.456744288581747
0.461636352195619
0.466633431368806
0.471730075596013
0.47692057908438
0.482198987548818
0.487559105869293
0.492994506622553
0.498498539496107
0.504064341587282
0.509684848584994
0.515352806826538
0.521060786216147
0.526801193986536
0.532566289278957
0.538348198511654
0.544138931500998
0.549930398294028
0.555714426665735
0.561482780229163
0.567227177101405
0.572939309063765
0.57861086114991
0.584233531591663
0.589799052048347
0.595299208042182
0.600725859519329
0.60607096145369
0.61132658440859
0.616484934969996
0.621538375963987
0.62647944637077
0.631300880847726
0.635995628774643
0.640556872735589
0.644978046353726
0.649252851397726
0.653375274081425
0.65733960048177
0.661140431004124
0.664772693828451
0.668231657274792
0.671512941031826
0.674612526198041
0.677526764091125
0.68025238378761
0.68278649836148
0.685126609797356
0.68727061256095
0.689216795816681
0.690963844289624
0.692510837776253
0.693857249315704
0.695002942040451
0.695948164732338
0.696693546116731
0.697240087934178
0.697589156835268
0.697742475150362
0.697702110591461
0.697470464948669
0.697050261848413
0.696444533644845
0.695656607519532
0.694690090867753
0.693548856052309
0.692237024607795
0.69075895097975
0.68911920588392
0.687322559371192
0.68537396368338
0.683278535984183
0.681041541048171
0.678668373988637
0.676164543102652
0.673535652908644
0.670787387448339
0.667925493921031
0.664955766713854
0.661884031887108
0.658716132168783
0.655457912507232
0.652115206225569
0.64869382181583
0.645199530405267
0.641638053921436
0.638015053977022
0.634336121489608
0.630606767046018
0.626832412015336
0.623018380409371
0.619169891484237
0.615292053071787
0.611389855625064
0.607468166957608
0.603531727652486
0.599585147113317
0.59563290022629
0.591679324599379
0.587728618342475
0.583784838350168
0.579851899047296
0.575933571556204
0.572033483243883
0.568155117606835
0.564301814451541
0.560476770328873
0.55668303918161
0.552923533165401
0.54920102360504
0.545518142049759
0.541877381393366
0.538281097027464
0.534731507998602
0.531230698143073
0.527780617176072
0.524383081715124
0.521039776220962
0.517752253842435
0.514521937155433
0.511350118789323
0.508237961937797
0.505186500754503
0.50219664063717
0.499269158407209
0.496404702394949
0.493603792443638
0.49086681984823
0.48819404724759
0.4855856084912
0.483041508503661
0.480561623172217
0.478145699284239
0.475793354542955
0.473504077690874
0.471277228771089
0.469112039557157
0.467007614182379
0.464962929999146
0.462976838698489
0.461048067719157
0.459175221974348
0.457356785922753
0.455591126008766
0.453876493494569
0.452211027704444
0.450592759698927
0.449019616393525
0.447489425133471
0.445999918732638
0.444548740981102
0.443133452622083
0.441751537795073
0.440400410937975
0.439077424136958
0.43777987490861
0.436505014394852
0.435250055946947
0.434012184070934
0.432788563702869
0.431576349778489
0.430372697058322
0.429174770165881
0.427979753793493
0.42678486302745
0.425587353741737
0.4243845330074
0.423173769462905
0.421952503589515
0.420718257834783
0.419468646526855
0.418201385522301
0.416914301530697
0.415605341060202
0.414272578929879
0.412914226296458
0.411528638145769
0.410114320201942
0.408669935210921
0.407194308558601
0.405686433188146
0.404145473785629
0.402570770208017
0.400961840132757
0.399318380913669
0.397640270633459
0.395927568348997
0.394180513531344
0.392399524708454
0.390585197324334
0.388738300834279
0.386859775061438
0.384950725845447
0.383012420019061
0.381046279753635
0.379053876318804
0.377036923305865
0.37499726936799
0.37293689053359
0.370857882151721
0.368762450530533
0.366652904331141
0.364531645780195
0.362401161764601
0.360264014871406
0.358122834434839
0.355980307650761
0.353839170816506
0.351702200751196
0.349572206448161
0.3474520210071
0.345344493889182
0.343252483533359
0.341178850366888
0.339126450237452
0.337098128288365
0.335096713292313
0.333125012452821
0.331185806676415
0.329281846312166
0.327415847349131
0.325590488056193
0.323808406043028
0.322072195715399
0.32038440609289
0.318747538952455
0.31716404725695
0.315636333824137
0.314166750188528
0.312757595606004
0.311411116149268
0.310129503841134
0.308914895772173
0.307769373149574
0.306694960225078
0.305693623051586
0.304767268020462
0.303917740134719
0.303146820976979
0.302456226335558
0.301847603456938
0.301322527898399
0.300882499960509
0.300528940685544
0.300263187414549
0.300086488902736
0.3
0.30000477591059
0.300101766053208
0.300291807550026
0.300575618380162
0.300953790240007
0.301426781159351
0.301994907928411
0.302658338396642
0.303417083709375
0.304270990553037
0.305219733483651
0.306262807416694
0.307399520358966
0.308628986464931
0.309950119501069
0.311361626801937
0.312862003801069
0.314449529218343
0.316122260983197
0.317878032969929
0.31971445261744
0.32162889950107
0.323618524918763
0.32568025254771
0.327810780220815
0.330006582865037
0.332263916635754
0.334578824273002
0.336947141696702
0.339364505849
0.34182636378257
0.344327982984333
0.346864462914579
0.349430747732024
0.352021640165942
0.354631816487369
0.357255842522399
0.359888190642025
0.362523257654762
0.365155383520575
0.36777887079747
0.370388004725495
0.372977073847018
0.375540391056881
0.3780723149716
0.380567271503053
0.38301977551924
0.385424452472645
0.38777605987551
0.390069508501017
0.39229988318984
0.394462463142935
0.396552741583569
0.398566444674649
0.400499549581172
0.402348301572182
0.404109230061895
0.405779163495581
0.407355242992396
0.40883493466448
0.41021604053932
0.411496708020511
0.412675437830585
0.413751090388427
0.414722890582963
0.415590430914131
0.416353672981636
0.417012947311539
0.417568951520301
0.418022746825381
0.418375752920895
0.418629741245988
0.418786826682575
0.418849457727708
0.418820405194136
0.418702749500531
0.418499866620275
0.418215412764665
0.417853307882815
0.417417718066395
0.416913036952633
0.416343866223626
0.415714995304077
0.415031380362912
0.414298122726954
0.413520446816882
0.412703677717086
0.41185321849174
0.41097452735947
0.410073094838441
0.409154420972427
0.408223992746658
0.407287261799797
0.406349622535439
0.405416390733034
0.404492782754126
0.403583895435339
0.402694686754657
0.401829957352231
0.400994332981362
0.400192247959295
0.39942792968132
0.398705384255168
0.398028383306121
0.397400451996447
0.396824858295964
0.396304603533555
0.39584241425259
0.395440735386256
0.395101724761992
0.394827248937457
0.394618880363867
0.394477895866123
0.394405276422875
0.394401708223711
0.394467584974889
0.39460301141957
0.394807808033355
0.395081516851075
0.395423408376304
0.39583248952089
0.396307512518022
0.396846984748939
0.39744917942033
0.398112147026841
0.398833727530788
0.399611563189328
0.400443111957754
0.40132566139651
0.402256343008654
0.40323214693415
0.404249936927213
0.405306465543259
0.406398389462515
0.407522284878301
0.408674662879104
0.409851984755095
0.411050677161401
0.412267147072463
0.413497796463997
0.414739036661506
0.415987302296906
0.417239064817677
0.418490845495883
0.419739227887605
0.420980869696564
0.422212513999162
0.423430999791677
0.424633271823984
0.425816389687891
0.426977536131976
0.428114024578661
0.429223305823198
0.430302973898154
0.431350771091005
0.432364592106433
0.433342487368927
0.434282665465309
0.435183494730777
0.436043503986055
0.436861382437122
0.437635978752908
0.438366299340124
0.439051505838158
0.439690911860584
0.440283979013401
0.440830312223526
0.441329654414356
0.441781880568378
0.442186991219762
0.442545105422702
0.442856453243863
0.443121367829714
0.443340277101691
0.443513695134084
0.443642213271244
0.443726491042101
0.443767246931151
0.443765249065924
0.443721305881454
0.443636256822572
0.443510963144689
0.443346298873365
0.443143141982201
0.442902365847494
0.442624831036675
0.442311377485808
0.441962817119294
0.44157992696254
0.441163442795561
0.440714053392468
0.440232395388401
0.439719048811834
0.439174533316265
0.438599305141148
0.437993754827509
0.43735820570913
0.436692913195372
0.435998064856809
0.43527378131978
0.434520117970829
0.433737067466786
0.432924563041027
0.432082482591188
0.431210653528441
0.430308858363295
0.42937684099787
0.42841431368971
0.427420964647483
0.426396466214412
0.425340483591007
0.424252684044648
0.423132746549863
0.421980371799741
0.420795292525868
0.419577284061485
0.418326175080267
0.417041858441234
0.415724302068813
0.414373559796046
0.412989782098319
0.411573226644829
0.410124268595327
0.408643410570369
0.407131292224556
0.40558869935382
0.404016572469923
0.402416014777779
0.400788299494126
0.399134876449319
0.397457377917687
0.395757623625826
0.394037624892549
0.392299587858753
0.390545915770327
0.388779210282278
0.387002271757528
0.385218098539225
0.383429885180987
0.381641019625092
0.379855079324328
0.378075826308888
0.376307201205376
0.374553316220587
0.372818447108238
0.371107024142189
0.369423622124942
0.367772949465189
0.366159836362992
0.364589222145711
0.363066141802061
0.361595711765626
0.360183115002808
0.358833585463465
0.357552391955436
0.356344821506749
0.355216162281459
0.354171686116924
0.353216630751749
0.35235618181469
0.351595454645489
0.350939476018943
0.350393165843465
0.349961318905017
0.349648586726589
0.349459459612411
0.349398248944743
0.349469069799588
0.34967582394582
0.350022183290255
0.350511573828971
0.351147160162823
0.351931830632642
0.352868183126961
0.353958511612498
0.355204793434833
0.356608677434006
0.35817147291697
0.359894139526073
0.361777278040032
0.363821122141163
0.36602553118
0.368389983965906
0.370913573609749
0.373595003442341
0.37643258402999
0.379424231306245
0.382567465836741
0.385859413231901
0.389296805720155
0.392875984892299
0.396592905625544
0.400443141193777
0.404421889568447
0.408523980912403
0.412743886266765
0.417075727428655
0.42151328801517
0.426050025706462
0.430679085658027
0.435393315069463
0.440185278893811
0.445047276668326
0.449971360443948
0.454949353787018
0.459972871822735
0.465033342285629
0.470122027537852
0.475230047511351
0.480348403525127
0.485468002923636
0.490579684477151
0.495674244479501
0.500742463473089
0.505775133525547
0.510763085976803
0.515697219569803
0.520568528872651
0.525368132894646
0.530087303793539
0.534717495566516
0.53925037261284
0.543677838051938
0.547992061677032
0.552185507421176
0.556250960209964
0.560181552073134
0.563970787385997
0.567612567111005
0.571101211909969
0.574431483998452
0.577598607615694
0.580598287986226
0.58342672865293
0.586080647065907
0.588557288317027
0.590854436916424
0.592970426514584
0.594904147481875
0.596655052266499
0.598223158461742
0.599609049524159
0.600813873095715
0.601839336895075
0.602687702155892
0.603361774603179
0.60386489297254
0.604200915090977
0.604374201552303
0.604389597034549
0.604252409321216
0.603968386102598
0.603543689647612
0.602984869450523
0.602298832970447
0.601492814594624
0.600574342968818
0.599551206850005
0.598431419647365
0.597223182827663
0.595934848370093
0.594574880463639
0.593151816646786
0.591674228595005
0.590150682765737
0.588589701113584
0.586999722090029
0.585389062142228
0.583765877924206
0.582138129431214
0.580513544263925
0.578899583223736
0.577303407433644
0.575731847170971
0.574191372588784
0.57268806649218
0.571227599323711
0.56981520649931
0.568455668222074
0.567153291886437
0.565911897169521
0.5647348038901
0.5636248226986
0.562584248644121
0.561614857646649
0.560717905884601
0.559894132089724
0.559143762723295
0.558466519989634
0.55786163262532
0.557327849385317
0.556863455130524
0.556466289405293
0.556133767378232
0.555862903005284
0.555650334260722
0.555492350269458
0.555384920162953
0.555323723471186
0.555304181854592
0.555321491972724
0.55537065928062
0.555446532539584
0.555543838826209
0.555657218822169
0.555781262167396
0.555910542660897
0.556039653096494
0.556163239525266
0.556276034742297
0.556372890802503
0.556448810378738
0.55649897678494
0.556518782497808
0.556503856022181
0.55645008695789
0.55635364913929
0.556211021732788
0.556019008192385
0.555774752988427
0.555475756040296
0.555119884799537
0.554705383945799
0.554230882673861
0.553695399565777
0.553098345057722
0.552439521526308
0.551719121033926
0.550937720786859
0.550096276373515
0.549196112862979
0.548238913856167
0.547226708593018
0.546161857229471
0.545047034407212
0.543885211247431
0.54267963590701
0.541433812841662
0.540151480925476
0.538836590580243
0.537493280070628
0.536125851122934
0.534738744025722
0.533336512370062
0.531923797585639
0.530505303426413
0.529085770556067
0.527669951379099
0.52626258525826
0.52486837425304
0.52349195950727
0.522137898406605
0.520810642618781
0.519514517121213
0.518253700311707
0.517032205288987
0.51585386238033
0.514722302984067
0.513640944785004
0.512612978391086
0.511641355429899
0.510728778133989
0.509877690434448
0.509090270572955
0.508368425233416
0.507713785185588
0.507127702424751
0.506611248783444
0.506165215983761
0.505790117091612
0.505486189327713
0.50525339818402
0.505091442788721
0.504999762457903
0.504977544367517
0.505023732275383
0.505137036219592
0.505315943116885
0.505558728182319
0.505863467089836
0.506228048792147
0.50665018891767
0.507127443662079
0.507657224092278
0.508236810781379
0.50886336869436
0.509533962245671
0.510245570451925
0.510995102105078
0.511779410894061
0.512595310405638
0.513439588938368
0.514309024066853
0.515200396896922
0.51611050595607
0.517036180667243
0.517974294357941
0.518921776760573
0.519875625963995
0.520832919780191
0.521790826494111
0.522746614968645
0.523697664080725
0.524641471468422
0.525575661572752
0.526497992961624
0.527406364927013
0.528298823349924
0.529173565831122
0.530028946088801
0.530863477627508
0.531675836685535
0.532464864470805
0.533229568697882
0.533969124441218
0.53468287432203
0.535370328048345
0.536031161329724
0.536665214190004
0.537272488703017
0.537853146177793
0.538407503821068
0.538936030906129
0.539439344478089
0.539918204626573
0.5403735093576
0.540806289097042
0.541217700858571
0.541609022109349
0.541981644366961
0.542337066561196
0.542676888194249
0.543002802332772
0.543316588464913
0.543620105255069
0.543915283228544
0.544204117417622
0.544488659999757
0.544771012957646
0.545053320789869
0.545337763299585
0.545626548487405
0.545921905573092
0.546226078169134
0.546541317627475
0.546869876578803
0.547214002681828
0.547575932597829
0.547957886203543
0.548362061053115
0.548790627097432
0.549245721666624
0.549729444718984
0.550243854356912
0.550790962607844
0.55137273146548
0.551991069183954
0.55264782681497
0.55334479497539
0.554083700830228
0.554866205273686
0.555693900288595
0.556568306462544
0.557490870637139
0.558462963665114
0.559485878248647
0.560560826831057
0.561688939513221
0.562871261965537
0.564108753306058
0.565402283915604
0.566752633161232
0.568160487000377
0.569626435439322
0.571150969821439
0.572734479922764
0.574377250835074
0.576079459619571
0.577841171717661
0.579662337108983
0.58154278621097
0.583482225518546
0.585480232987278
0.587536253168201
0.589649592107653
0.591819412030785
0.594044725832779
0.596324391407305
0.598657105847199
0.601041399557805
0.603475630328667
0.60595797741447
0.608486435680944
0.611058809876092
0.613672709091291
0.61632554148064
0.619014509310218
0.621736604411691
0.624488604116884
0.627267067751448
0.630068333766594
0.632888517587966
0.635723510260063
0.638568977963187
0.641420362477621
0.644272882666675
0.647121537046349
0.649961107504629
0.652786164227921
0.65559107188583
0.658369997118422
0.661116917362333
0.663825631043683
0.666489769156644
0.669102808236978
0.671658084729722
0.674148810739761
0.676568091143209
0.678908942026472
0.681164310408738
0.683327095192371
0.685390169274577
0.68734640274268
0.689188687064618
0.690909960175886
0.692503232354246
0.69396161276415
0.695278336544134
0.696446792302486
0.697460549879356
0.698313388227277
0.698999323256822
0.699512635489974
0.699847897360654
0.7
0.699964179343189
0.699736041395125
0.699311586493988
0.698687232414632
0.697859836157945
0.696826714277744
0.695585661603295
0.694134968223325
0.692473434606198
0.690600384740784
0.688515677193423
0.686219713988053
0.683713447229165
0.680998383400447
0.678076585285839
0.674950671474101
0.671623813422709
0.668099730071943
0.664382680015205
0.660477451246843
0.656389348523878
0.652124178393016
0.647688231948917
0.643088265403943
0.638331478563225
0.633425491311937
0.628378318233935
0.623198341492334
0.617894282113133
0.612475169822489
0.606950311596691
0.601329259091206
0.595621775121291
0.589837799371611
0.583987413515956
0.578080805930611
0.572128236186042
0.566139999501504
0.560126391345771
0.554097672364659
0.548064033812208
0.542035563657509
0.536022213533123
0.53003376668405
0.524079807068162
0.518169689750153
0.512312512721373
0.506517090267466
0.500791927994718
0.49514519961442
0.489584725572527
0.48411795359953
0.478751941242835
0.473493340431169
0.468348384107742
0.463322874956077
0.45842217622981
0.453651204685318
0.449014425603916
0.444515849878643
0.440159033129354
0.435947076799097
0.431882631174582
0.42796790026401
0.424204648456692
0.420594208880785
0.417137493368083
0.413835003928294
0.410686845629394
0.407692740775803
0.404852044271915
0.402163760055307
0.399626558481404
0.397238794539753
0.394998526781134
0.392903536834618
0.390951349394282
0.389139252556579
0.387464318391339
0.385923423631936
0.384513270373365
0.383230406670633
0.382071246934113
0.381032092023135
0.380109148944154
0.379298550065241
0.378596371764355
0.377998652434861
0.377501409777926
0.377100657317835
0.376792420082768
0.376572749400178
0.376437736762605
0.376383526726392
0.376406328812496
0.376502428385158
0.37666819649077
0.376900098645707
0.3771947025682
0.377548684855473
0.377958836613353
0.378422068051318
0.378935412061526
0.379496026805663
0.380101197338526
0.380748336302052
0.381434983727998
0.382158805991705
0.382917593963263
0.383709260405971
0.384531836675203
0.385383468773708
0.386262412821851
0.387167030003481
0.388095781049885
0.389047220325627
0.390019989581114
0.391012811437243
0.392024482667693
0.393053867344151
0.394099889909101
0.395161528239715
0.396237806764868
0.397327789695397
0.398430574425368
0.39954528515941
0.400671066818032
0.401807079269358
0.402952491931867
0.404106478788531
0.405268213848255
0.406436867085748
0.407611600885922
0.408791567013668
0.40997590412446
0.411163735825642
0.412354169292644
0.413546294438639
0.414739183630501
0.415931891938229
0.417123457899524
0.418312904775784
0.419499242270624
0.420681468677139
0.421858573415511
0.423029539918345
0.424193348817312
0.425348981381308
0.426495423153485
0.427631667732209
0.428756720639232
0.429869603217234
0.43096935649838
0.432055044985634
0.433125760289369
0.434180624563213
0.435218793685165
0.436239460132723
0.437241855504103
0.438225252641552
0.439188967317276
0.440132359447495
0.441054833805653
0.441955840211718
0.442834873180796
0.443691471020864
0.444525214376239
0.445335724220378
0.446122659308655
0.44688571310881
0.447624610233768
0.448339102408312
0.449028964007717
0.449693987212681
0.450333976830784
0.450948744840109
0.451538104715509
0.452101865602285
0.452639826405652
0.453151769867245
0.453637456702097
0.454096619870829
0.454528959062382
0.45493413546229
0.455311766880355
0.455661423309649
0.455982622985894
0.456274829012719
0.45653744661385
0.456769821068185
0.456971236377863
0.457140914712982
0.457278016669613
0.457381642370201
0.457450833427534
0.45748457578517
0.457481803438691
0.457441403033477
0.457362219325954
0.45724306148656
0.457082710214088
0.456879925622722
0.456633455855012
0.456342046366407
0.456004449819795
0.455619436521895
0.455185805327393
0.454702394931429
0.454168095466564
0.453581860316597
0.45294271805681
0.452249784428165
0.45150227425191
0.450699513190857
0.449840949264286
0.44892616402502
0.447954883309686
0.44692698747647
0.445842521048757
0.444701701687904
0.443504928423909
0.442252789078917
0.440946066825193
0.439585745826417
0.438173015918711
0.436709276295765
0.435196138170507
0.433635426394083
0.432029180021211
0.430379651819261
0.428689306726588
0.42696081927357
0.425197069987493
0.423401140809708
0.421576309560357
0.419726043492324
0.417853991981894
0.415963978408807
0.414059991282935
0.412146174678752
0.410226818041886
0.40830634543455
0.406389304288386
0.404480353734242
0.402584252578747
0.400705846997129
0.39885005801066
0.397021868815439
0.3952263120269
0.393468456901612
0.391753396594599
0.390086235506613
0.388472076771648
0.386916009930504
0.385423098831466
0.38399836979428
