0.154790246013857
0.155457507703231
0.156146004706846
0.156854168506279
0.157580390829485
0.158323030152367
0.1590804182156
0.159850866519581
0.160632672761665
0.161424127181488
0.162223518781959
0.163029141395532
0.163839299567583
0.164652314231018
0.165466528148708
0.166280311102906
0.167092064813355
0.167900227568454
0.168703278556478
0.169499741886412
0.170288190290569
0.171067248503593
0.171835596314859
0.172591971293558
0.173335171187894
0.174064056001812
0.174777549754565
0.175474641930048
0.176154388624407
0.176815913401728
0.177458407868772
0.178081131980734
0.178683414090798
0.179264650756881
0.17982430631948
0.180361912264826
0.180877066387725
0.181369431768536
0.181838735578618
0.182284767728416
0.182707379372046
0.18310648128189
0.183482042106233
0.183834086522523
0.18416269329826
0.184467993270951
0.184750167258024
0.185009443906937
0.185246097495198
0.185460445689403
0.185652847271873
0.18582369984296
0.185973437506603
0.186102528546322
0.18621147309841
0.18630080082879
0.186371068619684
0.186422858272046
0.186456774229478
0.186473441329239
0.18647350258582
0.186457617012517
0.186426457486348
0.186380708661666
0.186321064937783
0.186248228485919
0.186162907340746
0.186065813561806
0.185957661469961
0.185839165964001
0.185711040922348
0.185573997694639
0.185428743687717
0.185275981050231
0.1851164054597
0.18495070501541
0.184779559239974
0.18460363819181
0.184423601690032
0.184240098652544
0.184053766547199
0.183865230955018
0.183675105243449
0.183483990346574
0.183292474648118
0.183101133961925
0.182910531603453
0.182721218544616
0.182533733643189
0.182348603936779
0.182166344990315
0.181987461284927
0.181812446635094
0.181641784620094
0.181475949014973
0.181315404205641
0.181160605572186
0.181011999824182
0.180870025271594
0.180735112014958
0.180607682038726
0.180488149192155
0.180376919042799
0.18027438858856
0.180180945815432
0.180096969089412
0.180022826372664
0.179958874255845
0.179905456800517
0.179862904187788
0.179831531171718
0.179811635338589
0.17980349517581
0.179807367957017
0.179823487452824
0.179852061479553
0.179893269301245
0.179947258903136
0.180014144157642
0.180094001906631
0.18018686898642
0.180292739224336
0.180411560437942
0.180543231470034
0.180687599294187
0.180844456227068
0.181013537284766
0.181194517721082
0.181387010786001
0.181590565742469
0.181804666179025
0.182028728654841
0.182262101712332
0.182504065290546
0.182753830570295
0.183010540279187
0.183273269481572
0.183541026874867
0.183812756609789
0.184087340647773
0.184363601664306
0.184640306502094
0.184916170172961
0.185189860402203
0.185460002703831
0.185725185969789
0.185983968550892
0.186234884801966
0.186476452058464
0.186707178006899
0.186925568406623
0.187130135116064
0.187319404372365
0.187491925269658
0.187646278377903
0.187781084441406
0.187895013093831
0.187986791524784
0.188055213031852
0.188099145391456
0.188117538981861
0.188109434592399
0.188073970854199
0.188010391229658
0.187918050500345
0.187796420696145
0.187645096412079
0.187463799463393
0.187252382834191
0.187010833879975
0.186739276749956
0.186437974000868
0.186107327380149
0.185747877762737
0.185360304232289
0.184945422304295
0.184504181295269
0.184037660848908
0.183547066636743
0.183033725257263
0.182499078363818
0.1819446760576
0.181372169587755
0.180783303405991
0.180179906628046
0.179563883958827
0.178937206142065
0.178301899998798
0.177660038121939
0.177013728296532
0.176365102717093
0.175716307074593
0.175069489586237
0.17442679004115
0.173790328934489
0.173162196761302
0.172544443539679
0.171939068630491
0.171348010918167
0.17077313941369
0.170216244337268
0.169679028734003
0.169163100671345
0.168669966062347
0.168201022153599
0.167757551711413
0.167340717934317
0.166951560114293
0.166590990063473
0.166259789317268
0.165958607119168
0.165687959186809
0.165448227253321
0.165239659372607
0.165062370971976
0.164916346630589
0.164801442557495
0.164717389738617
0.164663797718011
0.164640158974995
0.164645853855456
0.164680156012693
0.164742238310672
0.164831179140485
0.164945969099172
0.165085517978827
0.165248662013194
0.165434171328556
0.165640757545854
0.165867081481447
0.166111760894809
0.166373378232745
0.166650488321321
0.166941625958671
0.167245313364089
0.167560067441387
0.167884406817262
0.168216858618429
0.168555964954467
0.168900289076653
0.169248421186523
0.169598983871403
0.169950637147747
0.170302083096711
0.170652070079917
0.170999396526932
0.171342914289366
0.17168153155983
0.172014215357199
0.172339993582595
0.172657956653413
0.172967258725295
0.173267118514413
0.173556819734629
0.173835711166033
0.174103206373118
0.17435878309228
0.174601982309604
0.174832407050849
0.175049720906301
0.175253646313682
0.175443962622586
0.175620503964023
0.175783156948523
0.175931858215986
0.176066591860028
0.176187386748973
0.176294313764962
0.176387482981832
0.176467040801526
0.176533167067859
0.176586072175443
0.176625994190584
0.176653195999867
0.176667962501181
0.176670597850846
0.176661422779552
0.176640771988841
0.176608991638955
0.176566436937991
0.1765134698415
0.176450456870878
0.176377767058209
0.176295770024502
0.176204834197693
0.17610532517612
0.175997604242668
0.175882027034198
0.175758942370325
0.175628691245098
0.175491605984533
0.175348009572389
0.175198215145973
0.175042525663043
0.174881233740237
0.174714621662607
0.174542961563057
0.174366515769515
0.174185537316736
0.174000270618528
0.173810952295099
0.173617812149007
0.173421074281941
0.173220958343263
0.173017680899895
0.172811456915738
0.172602501327469
0.172391030702151
0.17217726496076
0.171961429150414
0.171743755246877
0.171524483967745
0.171303866575684
0.171082166650228
0.170859661805847
0.1706366453335
0.170413427742456
0.170190338179088
0.169967725699388
0.169745960372308
0.169525434191639
0.169306561775001
0.169089780829668
0.168875552366388
0.168664360644032
0.168456712829933
0.168253138362956
0.168054188008878
0.167860432600357
0.167672461456708
0.167490880481847
0.167316309942025
0.167149381928433
0.166990737513236
0.166841023611195
0.16670088956264
0.166570983457115
0.166451948220556
0.166344417492273
0.166249011321264
0.166166331714496
0.166096958072593
0.16604144255099
0.166000305386835
0.165974030233851
0.1659630595489
0.165967790075086
0.165988568466944
0.166025687103431
0.166079380134222
0.166149819803998
0.166237113098216
0.166341298752062
0.166462344662051
0.166600145737013
0.166754522222014
0.166925218525095
0.1671119025727
0.167314165715193
0.167531523199104
0.167763415217675
0.168009208545941
0.168268198761075
0.168539613043069
0.168822613545092
0.169116301317092
0.169419720760539
0.169731864586575
0.170051679244434
0.170378070781803
0.170709911093908
0.171046044513583
0.171385294690471
0.171726471703859
0.172068379350522
0.172409822546395
0.172749614778908
0.173086585545495
0.173419587713081
0.173747504733355
0.17406925764929
0.174383811829692
0.174690183370618
0.174987445105142
0.175274732166274
0.175551247051783
0.175816264144115
0.17606913364369
0.176309284879282
0.176536228965168
0.176749560780964
0.176948960256632
0.17713419295195
0.177305109926611
0.177461646904181
0.177603822740051
0.17773173721049
0.177845568146585
0.177945567943387
0.178032059480746
0.17810543149813
0.178166133471076
0.178214670041776
0.178251595060597
0.178277505298995
0.178293033897362
0.178298843613649
0.178295619940323
0.178284064158078
0.178264886394989
0.178238798759239
0.178206508612312
0.178168712047627
0.178126087636942
0.178079290503654
0.178028946778223
0.177975648486577
0.177919948917464
0.177862358509371
0.177803341291924
0.177743311910693
0.17768263325805
0.177621614726351
0.177560511093178
0.177499522041876
0.177438792314164
0.177378412485228
0.177318420345579
0.177258802868057
0.177199498732765
0.177140401377534
0.177081362536695
0.17702219622663
0.176962683132715
0.176902575348987
0.176841601419091
0.176779471624891
0.17671588346751
0.176650527284533
0.176583091946651
0.176513270577119
0.17644076623805
0.176365297528737
0.176286604042837
0.176204451633402
0.176118637437234
0.176028994613005
0.175935396750807
0.175837761914376
0.175736056280991
0.175630297348095
0.175520556679767
0.17540696217048
0.175289699807863
0.17516901492049
0.175045212901067
0.17491865939958
0.174789779985122
0.174659059279138
0.174527039566639
0.17439431889566
0.174261548678637
0.174129430812698
0.173998714338803
0.173870191662532
0.173744694361769
0.173623088608891
0.173506270237075
0.173395159482152
0.173290695433023
0.173193830224966
0.173105523011341
0.173026733750078
0.172958416842103
0.172901514659387
0.172856951000708
0.172825624513406
0.172808402119535
0.172806112484707
0.172819539567773
0.172849416289137
0.172896418355091
0.172961158275005
0.173044179607525
0.173145951471192
0.173266863353965
0.173407220255156
0.173567238192129
0.173747040102859
0.173946652174057
0.174166000623028
0.174404908959721
0.174663095753621
0.174940172928093
0.175235644602643
0.175548906501184
0.175879245941908
0.176225842421637
0.176587768804681
0.176963993123175
0.177353380992657
0.177754698643315
0.178166616563798
0.17858771375088
0.179016482554523
0.179451334104062
0.179890604297338
0.180332560330717
0.180775407743972
0.181217297950122
0.181656336216494
0.182090590059512
0.182518098012131
0.182936878719373
0.18334494031423
0.183740290023165
0.184120943947806
0.184484936966989
0.184830332701322
0.185155233480766
0.185457790254522
0.185736212381701
0.185988777240916
0.186213839597089
0.186409840664376
0.186575316805245
0.186708907807368
0.18680936468209
0.186875556930865
0.186906479229126
0.186901257480586
0.186859154198947
0.18677957317838
0.186662063418866
0.186506322277571
0.186312197822814
0.186079690372758
0.185808953206796
0.185500292443497
0.18515416608506
0.184771182234215
0.184352096495596
0.183897808579501
0.183409358131796
0.18288791981929
0.182334797705271
0.181751418954957
0.18113932691526
0.180500173617636
0.179835711756589
0.179147786199829
0.178438325088958
0.177709330591925
0.176962869370304
0.176201062825695
0.175426077190239
0.174640113526367
0.173845397700433
0.1730441703939
0.172238677214223
0.171431158965495
0.170623842136457
0.169818929660428
0.169018591998392
0.168224958592683
0.167440109734654
0.166666068885361
0.165904795483732
0.165158178271932
0.164428029162791
0.163716077669243
0.163023965910774
0.162353244207014
0.161705367263784
0.161081690952279
0.160483469677573
0.159911854328412
0.159367890796254
0.158852519047862
0.158366572732381
0.157910779300824
0.157485760613272
0.157092034006819
0.156730013795424
0.156400013171377
0.156102246476968
0.155836831814265
0.155603793960554
0.155403067557
0.15523450053845
0.155097857772914
0.154992824880196
0.154919012200311
0.154875958883701
0.154863137076806
0.154879956178261
0.154925767142767
0.15499986681157
0.155101502250394
0.155229875077526
0.155384145766703
0.155563437911161
0.155766842437002
0.155993421755565
0.156242213845994
0.156512236260461
0.156802490045656
0.157111963575088
0.15743963628752
0.157784482327409
0.158145474083634
0.158521585622969
0.1589117960148
0.159315092543443
0.15973047380414
0.160156952678401
0.160593559183836
0.161039343193033
0.161493377015363
0.161954757834912
0.162422609997023
0.162896087135254
0.163374374129921
0.163856688888823
0.164342283940271
0.164830447828186
0.165320506298831
0.165811823268659
0.166303801562904
0.166795883414821
0.167287550716005
0.167778325008921
0.168267767213685
0.168755477082289
0.169241092374761
0.169724287753316
0.170204773392261
0.170682293303305
0.171156623378008
0.171627569151274
0.172094963292115
0.172558662830332
0.173018546130222
0.17347450962494
0.173926464327669
0.174374332138259
0.174818041966455
0.1752575256952
0.175692714009774
0.176123532120644
0.176549895409862
0.176971705032599
0.17738884350695
0.177801170326426
0.178208517630577
0.178610685969951
0.179007440202003
0.17939850555475
0.179783563894734
0.180162250235385
0.180534149521015
0.180898793720515
0.181255659263365
0.181604164848729
0.18194366965636
0.182273471985614
0.182592808346251
0.182900853021774
0.183196718122954
0.18347945414586
0.183748051045187
0.184001439830077
0.184238494685835
0.184458035621137
0.184658831636413
0.184839604405217
0.18499903245649
0.185135755841818
0.185248381268002
0.185335487671672
0.18539563220913
0.185427356631366
0.185429194010999
0.18539967578508
0.185337339075014
0.185240734242519
0.185108432638449
0.184939034499555
0.184731176946793
0.184483542037687
0.184194864824443
0.183863941369081
0.183489636666756
0.183070892428649
0.182606734676411
0.182096281101024
0.181538748140184
0.180933457729828
0.18027984368726
0.179577457685435
0.178825974780333
0.178025198455948
0.177175065154241
0.176275648260469
0.175327161517431
0.174329961845595
0.173284551549481
0.17219157989429
0.171051844040397
0.169866289327016
0.168636008900095
0.167362242683177
0.166046375693694
0.164689935710784
0.163294590304307
0.161862143238208
0.160394530264753
0.158893814329389
0.157362180209069
0.15580192860979
0.154215469751839
0.152605316473745
0.150974076888294
0.149324446626037
0.147659200703592
0.145981185055692
0.144293307771286
0.142598530075132
0.140899857097238
0.139200328473052
0.137503008817738
0.135810978117919
0.134127322084154
0.132455122507001
0.130797447658868
0.129157342782976
0.12753782070965
0.12594185263881
0.124372359126014
0.12283220130764
0.121324172398919
0.119850989496428
0.11841528571442
0.117019602682035
0.115666383425948
0.114357965660463
0.113096575504418
0.111884321641605
0.110723189938693
0.109615038531931
0.108561593391203
0.107564444367385
0.106625041726309
0.105744693170165
0.104924561344741
0.104165661828612
0.103468861598231
0.102834877960899
0.10226427794572
0.101757478141053
0.101314744965471
0.100936195358019
0.100621797872493
0.10037137415963
0.100184600820481
0.100061011613789
0.1
0.100000822004481
0.10006259938269
0.10018432307035
0.100364856902164
0.100602941583199
0.100897198897821
0.101246136141845
0.101648150764477
0.102101535207559
0.102604481930563
0.10315508861077
0.103751363508954
0.104391230991813
0.105072537203145
0.105793055876504
0.106550494282626
0.107342499305393
0.108166663640378
0.10902053211015
0.109901608090485
0.110807360041384
0.111735228136401
0.112682630983179
0.113646972427307
0.114625648430642
0.115616054014146
0.116615590253957
0.117621671318053
0.118631731529309
0.119643232439116
0.120653669894086
0.121660581076595
0.122661551498206
0.123654221923306
0.124636295198603
0.125605542962602
0.12655981220767
0.127497031666047
0.128415217990007
0.129312481695467
0.130187032837678
0.131037186387209
0.131861367274332
0.132658115070066
0.133426088272675
0.134164068169231
0.13487096224303
0.135545807099188
0.136187770882592
0.136796155164608
0.137370396277459
0.137910066078079
0.138414872126353
0.13888465726614
0.139319398601087
0.139719205861201
0.140084319160191
0.140415106147835
0.140712058565964
0.140975788221075
0.141207022390994
0.141406598687444
0.141575459400699
0.141714645356734
0.141825289321355
0.141908608989651
0.141965899602725
0.141998526236962
0.142007915814116
0.141995548883071
0.141962951226367
0.141911685346363
0.141843341887202
0.141759531049607
0.141661874055832
0.141551994721956
0.141431511193977
0.141302027902964
0.14116512779278
0.141022364871679
0.14087525713631
0.140725279913514
0.140573859661622
0.14042236826895
0.14027211788274
0.140124356297062
0.139980262923141
0.13984094536031
0.139707436580314
0.139580692732112
0.139461591568644
0.139350931491379
0.139249431202788
0.139157729951395
0.139076388348686
0.139005889731998
0.138946642042678
0.13889898018426
0.13886316882127
0.138839405575544
0.138827824573728
0.138828500296888
0.138841451680956
0.138866646415152
0.138904005384463
0.138953407201859
0.139014692776074
0.139087669861601
0.139172117538912
0.139267790574905
0.139374423616093
0.139491735170157
0.139619431335017
0.139757209238647
0.139904760157263
0.140061772284372
0.140227933128228
0.14040293152066
0.140586459225708
0.140778212142238
0.140977891100349
0.141185202257103
0.14139985710272
0.141621572093776
0.141850067935227
0.142085068537959
0.142326299683201
0.142573487429283
0.142826356299993
0.143084627297002
0.14334801578149
0.143616229272284
0.14388896520926
0.144165908731695
0.144446730521491
0.144731084760802
0.145018607252567
0.1453089137508
0.14560159854522
0.145896233341948
0.146192366478589
0.146489522508124
0.146787202181603
0.147084882854873
0.14738201933937
0.147678045211553
0.147972374589827
0.148264404381945
0.148553516999857
0.148839083532965
0.149120467364757
0.149397028211881
0.149668126559021
0.14993312845744
0.150191410649873
0.150442365979624
0.15068540903731
0.150919981994736
0.151145560571927
0.151361660080477
0.151567841483993
0.151763717414758
0.151948958084575
0.15212329702734
0.152286536611038
0.152438553257679
0.152579302311147
0.152708822494976
0.152827239904729
0.152934771482886
0.153031727927885
0.153118515993226
0.153195640137232
0.153263703489209
0.153323408103179
0.153375554476153
0.153421040313954
0.153460858533772
0.153496094499048
0.153527922488665
0.153557601408898
0.153586469763009
0.153615939899644
0.153647491567421
0.153682664809017
0.153723052233831
0.153770290713687
0.15382605255116
0.153892036174784
0.153969956419711
0.154061534456222
0.154168487431862
0.154292517895808
0.154435303076461
0.154598484085015
0.154783655119045
0.154992352740833
0.155226045305304
0.155486122612028
0.155773885854767
0.156090537940543
0.15643717424813
0.156814773893355
0.157224191565475
0.157666149995401
0.158141233112535
0.15864987994256
0.159192379293751
0.159768865274175
0.160379313676681
0.161023539262815
0.161701193970735
0.16241176606603
0.163154580247914
0.163928798716779
0.164733423202508
0.165567297946342
0.166429113622515
0.167317412179335
0.168230592573001
0.169166917361202
0.170124520117496
0.171101413621702
0.172095498776047
0.173104574191662
0.174126346385293
0.175158440521711
0.176198411633461
0.17724375624619
0.178291924334929
0.179340331534363
0.180386371524418
0.18142742851127
0.182460889723369
0.183484157842087
0.184494663287259
0.185489876279172
0.1864673186004
0.187424574983379
0.188359304052628
0.189269248754117
0.190152246208415
0.191006236928808
0.191829273350674
0.192619527623844
0.193375298625495
0.194095018157271
0.194777256296728
0.195420725879779
0.196024286097575
0.196586945198094
0.197107862289525
0.197586348249401
0.198021865750097
0.198414028417912
0.198762599149249
0.199067487613502
0.199328746977982
0.199546569895561
0.199721283800672
0.199853345563737
0.199943335558084
0.199991951196818
0.2
0.199968392254756
0.199898133332627
0.199790315729571
0.199646110894485
0.19946676091202
0.199253570104724
0.199007896618288
0.198731144051828
0.198424753192756
0.198090193912985
0.197728957279876
0.197342547931637
0.196932476762807
0.196500253961059
0.196047382431886
0.195575351642877
0.195085631914228
0.194579669177015
0.194058880215557
0.193524648405008
0.192978319950201
0.192421200626731
0.191854553020444
0.19127959425679
0.190697494207156
0.190109374155147
0.189516305901992
0.188919311286866
0.188319362094805
0.187717380322326
0.187114238768587
0.186510761918185
0.18590772708034
0.185305865748307
0.18470586514246
0.184108369900418
0.183513983878062
0.182923272026049
0.182336762307701
0.181754947625657
0.181178287726613
0.180607211055675
0.180042116534315
0.179483375238621
0.178931331957453
0.178386306613146
0.177848595530579
0.177318472543679
0.17679618993168
0.176281979180747
0.175776051569765
0.175278598582258
0.174789792149369
0.174309784731728
0.173838709250655
0.173376678881625
0.172923786725101
0.172480105371777
0.172045686380938
0.171620559691965
0.171204732990062
0.17079819104801
0.170400895066112
0.170012782032582
0.169633764126383
0.169263728183936
0.168902535250285
0.168550020234135
0.168205991684779
0.167870231707291
0.167542496030455
0.167222514239852
0.166909990186315
0.166604602577546
0.166306005758284
0.166013830681825
0.165727686073148
0.165447159781329
0.165171820316365
0.164901218563047
0.16463488966214
0.164372355046859
0.164113124620491
0.1638566990591
0.163602572221491
0.163350233647081
0.163099171121073
0.162848873285242
0.162598832271934
0.162348546338329
0.162097522477847
0.161845278985588
0.161591347955086
0.161335277684203
0.161076634968922
0.160815007264867
0.160550004697767
0.160281261905645
0.160008439697301
0.159731226513604
0.159449339680222
0.159162526442668
0.158870564776877
0.158573263970941
0.158270464976121
0.157962040527697
0.157647895038749
0.157327964272338
0.157002214799979
0.156670643256546
0.156333275403917
0.1559901650177
0.155641392613209
0.155287064028559
0.154927308884201
0.154562278939463
0.154192146367703
0.153817101972432
0.153437353367298
0.153053123143102
0.152664647045001
0.152272172182826
0.151875955296922
0.151476261101165
0.151073360723794
0.150667530265493
0.150259049492658
0.149848200682159
0.149435267632034
0.149020534850537
0.148604286933802
0.14818680814006
0.147768382165981
0.14734929212819
0.146929820750503
0.14651025075484
0.14609086545121
0.145671949519613
0.145253789974216
0.144836677297714
0.144420906731485
0.144006779704939
0.1435946053854
0.143184702327986
0.142777400203258
0.142373041578905
0.141971983730498
0.141574600455291
0.141181283862319
0.140792446111492
0.140408521074201
0.140029965887959
0.139657262377946
0.139290918318938
0.138931468511983
0.138579475651339
0.138235530958663
0.137900254563075
0.137574295607694
0.137258332065411
0.136953070249005
0.136659244003332
0.136377613570021
0.136108964118019
0.13585410393634
0.135613862288478
0.135389086931127
0.13518064130305
0.13498940139318
0.134816252300205
0.13466208449907
0.134527789832839
0.134414257251344
0.134322368320826
0.134252992531385
0.134206982431508
0.134185168621114
0.134188354636513
0.134217311762353
0.134272773807003
0.134355431878926
0.134465929202328
0.134604856010818
0.134772744557921
0.134970064283027
0.135197217170807
0.135454533341183
0.135742266905752
0.136060592124965
0.136409599898533
0.136789294619413
0.137199591419283
0.137640313830832
0.138111191889292
0.138611860692636
0.139141859436647
0.139700630937758
0.140287521653155
0.140901782204133
0.141542568405258
0.14220894279832
0.142899876686677
0.143614252662183
0.1443508676136
0.145108436202276
0.145885594787855
0.146680905783985
0.147492862421359
0.148319893893055
0.149160370854959
0.150012611252144
0.150874886440414
0.151745427570835
0.152622432203881
0.153504071118991
0.154388495284654
0.155273842953746
0.156158246848716
0.157039841401219
0.157916770011119
0.158787192290162
0.159649291256314
0.160501280445449
0.161341410908032
0.162167978059401
0.162979328353383
0.163773865750115
0.164550057950197
0.165306442368542
0.166041631822581
0.16675431991078
0.167443286058731
0.168107400211372
0.168745627151182
0.169357030423473
0.169940775851184
0.170496134622822
0.171022485938491
0.171519319200194
0.171986235733903
0.172422950032204
0.172829290507696
0.17320519974874
0.173550734270638
0.17386606375693
0.174151469787125
0.174407344049013
0.174634186035596
0.174832600228708
0.175003292773587
0.17514706765097
0.175264822355742
0.175357543093769
0.175426299511272
0.175472238973949
0.175496580415997
0.175500607782235
0.17548566308962
0.175453139137605
0.175404471899898
0.175341132633339
0.175264619742624
0.17517645044257
0.175078152262421
0.1749712544393
0.174857279250281
0.174737733334713
0.174614099060166
0.174487825986844
0.174360322486358
0.174232947571345
0.174107002992599
0.17398372566004
0.173864280443003
0.173749753403975
0.173641145517986
0.17353936692745
0.173445231779239
0.173359453687288
0.173282641860019
0.173215297927373
0.17315781349727
0.173110468466
0.173073430101268
0.173046752910612
0.173030379301586
0.1730241410336
0.173027761454697
0.173040858509805
0.173062948500385
0.173093450568729
0.173131691873766
0.17317691341899
0.173228276487244
0.173284869631532
0.173345716165935
0.173409782096141
0.173475984424995
0.17354319976511
0.173610273187719
0.173676027234909
0.173739271020942
0.173798809347712
0.173853451759489
0.173902021462885
0.173943364039549
0.173976355881363
0.17399991228086
0.174012995113184
0.17401462005018
0.174003863251922
0.173979867486339
0.173941847633306
0.173889095535684
0.173820984166222
0.173736971085887
0.173636601175976
0.173519508633286
0.173385418224466
0.173234145802514
0.173065598095022
0.172879771780242
0.172676751873158
0.17245670944959
0.172219898741739
0.171966653643514
0.171697383668436
0.171412569406818
0.171112757532233
0.170798555410081
0.170470625363169
0.170129678650791
0.169776469218739
0.169411787278009
0.169036452769752
0.168651308773229
0.168257214912234
0.167855040813615
0.167445659669321
0.167029941950694
0.166608749320732
0.166182928786685
0.165753307131768
0.16532068566093
0.16488583529166
0.164449492016695
0.164012352761374
0.163575071654171
0.163138256724838
0.162702467040485
0.162268210286001
0.161835940791371
0.16140605800483
0.160978905407344
0.160554769860708
0.160133881378562
0.159716413306941
0.159302482898496
0.158892152262373
0.158485429669825
0.158082271194008
0.157682582661041
0.157286221888334
0.156893001185327
0.156502690091177
0.156115018323568
0.155729678912638
0.155346331494073
0.154964605735619
0.154584104871661
0.15420440932105
0.153825080364041
0.153445663854989
0.15306569394836
0.152684696816606
0.152302194339523
0.151917707745865
0.151530761189168
0.151140885241009
0.150747620286176
0.150350519805574
0.149949153533992
0.149543110481217
0.149132001806331
0.148715463536372
0.148293159121866
0.147864781823109
0.147430056922308
0.146988743758034
0.14654063757964
0.146085571220497
0.145623416590055
0.145154085985826
0.144677533227392
0.144193754615518
0.143702789720295
0.143204722003043
0.142699679277388
0.14218783401552
0.141669403506112
0.141144649870805
0.14061387994635
0.140077445039738
0.139535740563606
0.138989205559165
0.13843832211369
0.137883614679292
0.137325649299297
0.136765032748014
0.136202411589099
0.135638471157024
0.135073934465399
0.134509561045096
0.133946145714274
0.133384517281527
0.132825537182485
0.132270098049328
0.131719122211834
0.131173560127753
0.130634388739568
0.130102609754038
0.129579247840341
0.129065348742178
0.128561977298854
0.12807021537017
0.127591159659882
0.127125919432619
0.126675614119386
0.126241370807246
0.125824321609347
0.125425600912252
0.125046342498457
0.124687676543062
0.124350726484821
0.124036605773141
0.123746414494128
0.123481235880355
0.12324213271073
0.123030143608594
0.122846279247981
0.122691518479794
0.122566804391476
0.122473040315551
0.122411085804141
0.122381752588253
0.122385800542172
0.122423933674763
0.122496796170736
0.122604968506112
0.122748963662995
0.122929223469532
0.123146115091427
0.12339992770165
0.123690869354991
0.124019064093905
0.124384549311588
0.124787273397465
0.125227093689287
0.125703774754747
0.126216987024023
0.126766305792896
0.127351210614125
0.127971085092552
0.128625217097052
0.129312799399868
0.13003293075117
0.130784617393852
0.131566775020634
0.132378231172523
0.133217728074638
0.134083925902316
0.134975406467329
0.135890677311037
0.136828176188298
0.137786275923081
0.138763289613969
0.139757476165124
0.140767046115792
0.141790167739216
0.142824973379706
0.143869565994835
0.144922025868099
0.145980417456072
0.147042796333017
0.1481072161951
0.149171735885893
0.150234426404561
0.151293377858262
0.152346706320563
0.153392560558339
0.154429128590503
0.155454644043042
0.156467392266276
0.157465716181846
0.158448021828827
0.159412783580381
0.160358549004638
0.161283943345852
0.162187673604446
0.163068532197192
0.163925400181535
0.164757250030886
0.165563147950571
0.166342255727037
0.16709383210578
0.167817233696372
0.168511915405778
0.169177430403933
0.169813429628246
0.170419660836292
0.170995967218438
0.171542285584492
0.172058644140678
0.172545159875291
0.17300203557328
0.173429556481714
0.173828086649629
0.174198064967109
0.174540000929608
0.174854470154528
0.175142109677815
0.17540361305898
0.175639725323353
0.175851237770618
0.176038982678767
0.176203827932475
0.176346671604693
0.176468436519789
0.176570064826064
0.176652512604752
0.176716744541814
0.176763728687914
0.176794431330939
0.176809812004282
0.176810818652939
0.176798382978156
0.176773415980038
0.176736803716138
0.176689403292599
0.176632039102959
0.176565499328204
0.176490532710192
0.176407845608985
0.176318099353167
0.176221907890659
0.176119835746077
0.176012396289201
0.175900050317646
0.175783204955449
0.175662212867881
0.175537371791476
0.175408924376987
0.17527705834173
0.175141906926639
0.175003549652174
0.17486201336625
0.174717273576266
0.17456925605645
0.174417838720829
0.17426285375131
0.174104089969628
0.173941295441217
0.173774180298388
0.173602419769673
0.173425657401573
0.173243508458537
0.173055563486484
0.172861392024794
0.172660546451307
0.172452565944507
0.172236980546742
0.172013315312007
0.171781094521545
0.1715398459502
0.171289105166208
0.171028419846843
0.170757354092056
0.170475492718014
0.170182445512196
0.16987785143145
0.169561382724233
0.169232748958011
0.168891700932662
0.168538034460543
0.168171593993806
0.167792276079473
0.1674000326228
0.16699487393951
0.166576871577657
0.166146160890107
0.165702943338998
0.16524748851397
0.164780135846611
0.164301296004235
0.163811451947043
0.163311159633718
0.162801048361737
0.162281820730023
0.161754252213119
0.16121919033777
0.160677553454685
0.160130329100275
0.159578571945415
0.159023401330564
0.158465998389126
0.157907602763511
0.157349508921064
0.156793062079831
0.156239653756985
0.155690716955587
0.155147721008277
0.154612166099323
0.154085577489277
0.153569499469205
0.153065489074052
0.152575109587167
0.1520999238703
0.151641487555404
0.151201342136475
0.15078100800114
0.150381977443069
0.150005707697163
0.149653614040174
0.149327062999666
0.14902736571416
0.148755771486908
0.148513461574912
0.148301543253665
0.148121044196563
0.147972907206081
0.147857985331583
0.147777037406132
0.14773072403183
0.147719604040153
0.147744131450392
0.147804652945788
0.147901405883237
0.148034516848579
0.148204000765547
0.148409760562439
0.148651587396535
0.148929161432291
0.149242053165367
0.149589725280724
0.14997153502927
0.150386737104035
0.150834486993474
0.151313844786423
0.15182377940037
0.152363173202145
0.152930826987907
0.153525465287344
0.154145741955435
