0.121979295977887
0.121561414749574
0.121170927110586
0.120808649306262
0.120475346169199
0.120171727815574
0.119898446453021
0.119656093311085
0.119445195704606
0.119266214239804
0.119119540172283
0.119005492925768
0.11892431777998
0.118876183735876
0.118861181566288
0.118879322059969
0.118930534467095
0.119014665154434
0.119131476478559
0.119280645885796
0.119461765247861
0.1196743404425
0.119917791188729
0.120191451146574
0.120494568291439
0.120826305573347
0.121185741871368
0.121571873253408
0.121983614551287
0.122419801260584
0.122879191774061
0.123360469956643
0.123862248068798
0.124383070043834
0.12492141512307
0.125475701850974
0.126044292430337
0.126625497435231
0.127217580877018
0.127818765615968
0.128427239108192
0.12904115947457
0.129658661875278
0.130277865170295
0.130896878843097
0.131513810161492
0.132126771546448
0.132733888116654
0.133333305373671
0.133923196989756
0.13450177265797
0.135067285961873
0.135618042220205
0.136152406260322
0.136668810072886
0.137165760299508
0.137641845504525
0.13809574318216
0.138526226450688
0.138932170386129
0.139312557949319
0.139666485461952
0.139993167589394
0.140291941790669
0.140562272198982
0.140803752899543
0.141016110575074
0.141199206493419
0.141353037815849
0.141477738209147
0.14157357774914
0.141640962108106
0.141680431023288
0.141692656048636
0.141678437596689
0.141638701282356
0.141574493585011
0.141486976849858
0.141377423653941
0.141247210566284
0.141097811335597
0.1409307895426
0.1407477907574
0.140550534245347
0.140340804267515
0.140120441024301
0.139891331292621
0.139655398808835
0.139414594450798
0.139170886273354
0.138926249452183
0.138682656191097
0.138442065647811
0.13820641393277
0.137977604234897
0.137757497127085
0.137547901102994
0.137350563395153
0.137167161122597
0.136999292814251
0.136848470352116
0.13671611137589
0.136603532188151
0.1365119411965
0.136442432926268
0.136395982634433
0.136373441552321
0.136375532781558
0.136402847864467
0.136455844046844
0.136534842247651
0.136640025746774
0.136771439598508
0.136928990774975
0.137112449040122
0.137321448551436
0.137555490182956
0.13781394455963
0.138096055789515
0.138400945876824
0.138727619795353
0.139074971198371
0.139441788737716
0.139826762961529
0.140228493756867
0.140645498300339
0.141076219476939
0.14151903472444
0.141972265258018
0.142434185627344
0.142903033556045
0.143377020011431
0.14385433945052
0.144333180186886
0.144811734821512
0.145288210679918
0.145760840197096
0.146227891191497
0.146687676969263
0.147138566200284
0.14757899250834
0.148007463718682
0.148422570707839
0.14882299580227
0.149207520674652
0.149575033689159
0.149924536650001
0.150255150910721
0.150566122805379
0.150856828366595
0.151126777299658
0.151375616186344
0.151603130896769
0.15180924819254
0.151994036509522
0.152157705913766
0.152300607229489
0.152423230343359
0.152526201694774
0.152610280967227
0.152676357001154
0.152725442953942
0.152758670737802
0.152777284771159
0.152782635083836
0.152776169820706
0.15275942719256
0.152734026926662
0.152701661272786
0.152664085623465
0.152623108809635
0.152580583134864
0.152538394212875
0.152498450674041
0.152462673807026
0.152432987201698
0.152411306458828
0.152399529031006
0.152399524257554
0.152413123654073
0.15244211151465
0.152488215881632
0.152553099934359
0.152638353844306
0.152745487139781
0.152875921618713
0.153030984843142
0.153211904243905
0.153419801858699
0.153655689721262
0.153920465913914
0.154214911290191
0.154539686868822
0.154895331894952
0.155282262559281
0.155700771360803
0.15615102709411
0.15663307543775
0.157146840116138
0.15769212460377
0.158268614337313
0.158875879398347
0.159513377627248
0.160180458126946
0.16087636511402
0.161600242073873
0.162351136176531
0.163128002909921
0.163929710888319
0.164755046794933
0.16560272041939
0.166471369753049
0.167359566107643
0.168265819225663
0.169188582354114
0.170126257256693
0.1710771991431
0.172039721497943
0.173012100795523
0.173992581090653
0.174979378479426
0.175970685427576
0.176964674967562
0.177959504768838
0.1789533210888
0.179944262614622
0.18093046420858
0.181910060571395
0.182881189839737
0.183841997135079
0.18479063808178
0.185725282312416
0.186644116978083
0.187545350280633
0.188427215042551
0.189287972328528
0.190125915130698
0.190939372127053
0.19172671151974
0.19248634495687
0.193216731538119
0.193916381900872
0.194583862380013
0.195217799230721
0.195816882899876
0.196379872328005
0.196905599260102
0.197392972540239
0.197840982361733
0.198248704441737
0.198615304086584
0.198940040112072
0.199222268581178
0.19946144632043
0.199657134175482
0.199808999966186
0.19991682110187
0.199980486818385
0.2
0.199975478551226
0.199907156286225
0.199795383306554
0.199640625841553
0.199443465529744
0.199204598124045
0.198924831608393
0.198605083718525
0.19824637886501
0.197849844462184
0.197416706672343
0.196948285580247
0.196445989818735
0.195911310671854
0.1953458156874
0.194751141835991
0.19412898825876
0.193481108650347
0.192809303328042
0.192115411041657
0.191401300581885
0.190668862247529
0.189919999234023
0.189156619007066
0.188380624725934
0.187593906781114
0.186798334510357
0.18599574815593
0.185187951124004
0.184376702604508
0.183563710606646
0.182750625461514
0.181939033838955
0.181130453321033
0.180326327569235
0.179528022116952
0.178736820812801
0.177953922934193
0.177180440984159
0.176417399177941
0.175665732619317
0.17492628716011
0.174199819929915
0.173487000516809
0.172788412773824
0.172104557220227
0.171435854001306
0.170782646365445
0.170145204612801
0.169523730465953
0.168918361809521
0.168329177742936
0.167756203888398
0.167199417894458
0.166658755074806
0.166134114121565
0.165625362832775
0.165132343794782
0.164654879961873
0.164192780077706
0.163745843885891
0.16331386708032
0.162896645949668
0.162493981674629
0.162105684241064
0.161731575937072
0.161371494407196
0.161025295242251
0.160692854088794
0.160374068267754
0.160068857897332
0.159777166520739
0.15949896124478
0.159234232400446
0.158982992741725
0.158745276203502
0.158521136243841
0.158310643799944
0.158113884890714
0.157930957902008
0.157761970593414
0.157607036867609
0.157466273345122
0.157339795788541
0.157227715420992
0.157130135183933
0.15704714597907
0.156978822938519
0.156925221766147
0.156886375191465
0.156862289575469
0.156852941705487
0.156858275813445
0.156878200849034
0.156912588036091
0.156961268737133
0.157024032647494
0.157100626336884
0.157190752152514
0.157294067494259
0.157410184468651
0.157538669924898
0.157679045872661
0.157830790277929
0.157993338230178
0.158166083471004
0.158348380271651
0.158539545644342
0.158738861870028
0.158945579323188
0.159158919572559
0.159378078735218
0.159602231060255
0.159830532717341
0.160062125764823
0.16029614227156
0.160531708566517
0.160767949590119
0.161003993321604
0.161238975256934
0.161472042912377
0.161702360329473
0.161929112557818
0.162151510092943
0.162368793247359
0.162580236433762
0.162785152340262
0.162982895978394
0.163172868585518
0.163354521364046
0.163527359040718
0.163690943229854
0.163844895585207
0.163988900725624
0.164122708920291
0.164246138519851
0.164359078120107
0.164461488445506
0.164553403939935
0.164634934052827
0.164706264208937
0.164767656450589
0.164819449741698
0.164862059923383
0.164895979311618
0.164921775928108
0.164940092356374
0.164951644216039
0.164957218249386
0.164957670015545
0.164953921189091
0.164946956461419
0.16493782004507
0.164927611783099
0.164917482867691
0.164908631174536
0.164902296221858
0.164899753765591
0.16490231004486
0.164911295694683
0.164928059345712
0.164953960933651
0.16499036474398
0.165038632220436
0.165100114568614
0.165176145188768
0.165268031974572
0.165377049517084
0.165504431255459
0.165651361618066
0.165818968199474
0.166008314020325
0.166220389918355
0.166456107119703
0.166716290040174
0.167001669366269
0.167312875465544
0.167650432175165
0.168014751016455
0.168406125881721
0.168824728237663
0.169270602887387
0.169743664330208
0.170243693755318
0.170770336701862
0.171323101414073
0.171901357915937
0.172504337825363
0.17313113492309
0.173780706486602
0.1744518753942
0.175143332999075
0.175853642767906
0.176581244673062
0.177324460322126
0.178081498803078
0.178850463218232
0.17962935787493
0.180416096096057
0.181208508608779
0.1820043524655
0.182801320446931
0.183597050893478
0.184389137907757
0.185175141868177
0.18595260019102
0.186719038276471
0.187471980572524
0.188208961689672
0.188927537498814
0.18962529614483
0.190299868908786
0.190948940852852
0.19157026118352
0.192161653270817
0.192721024263718
0.19324637424499
0.193735804872076
0.194187527454519
0.194599870422545
0.194971286146015
0.195300357067732
0.195585801120149
0.195826476399842
0.196021385079474
0.196169676542583
0.196270649732092
0.196323754709087
0.196328593423982
0.196284919707718
0.196192638496013
0.196051804304893
0.195862618980735
0.195625428752756
0.195340720620366
0.195009118111836
0.194631376454529
0.194208377200224
0.193741122352018
0.193230728041718
0.192678417808702
0.192085515532707
0.191453438074131
0.190783687675976
0.190077844181677
0.18933755712273
0.18856453772918
0.187760550914791
0.186927407287047
0.18606695523006
0.185181073106021
0.184271661618079
0.183340636374448
0.182389920690258
0.181421438660067
0.180437108530313
0.179438836397064
0.178428510250533
0.177407994383837
0.176379124179484
0.175343701283157
0.174303489170491
0.173260209108829
0.172215536512373
0.171171097685773
0.170128466948068
0.169089164126014
0.168054652403227
0.167026336509283
0.166005561230933
0.164993610225959
0.163991705118861
0.163001004856645
0.1620226053023
0.161057539043306
0.160106775392519
0.159171220559124
0.158251717968002
0.157349048706722
0.156463932080566
0.15559702625734
0.1547489289853
0.153920178369261
0.153111253691799
0.152322576268438
0.151554510327702
0.150807363909018
0.150081389773452
0.149376786324345
0.148693698536828
0.148032218897098
0.147392388354104
0.146774197287877
0.146177586500242
0.1456024482349
0.14504862723499
0.144515921847102
0.1440040851814
0.143512826337973
0.143041811709761
0.142590666372416
0.142158975571263
0.141746286315116
0.141352109086073
0.140975919673644
0.140617161140548
0.140275245926407
0.139949558094264
0.139639455723431
0.139344273450685
0.139063325160178
0.138795906820793
0.138541299467918
0.138298772324887
0.13806758605754
0.137846996153647
0.137636256417155
0.137434622565609
0.137241355917405
0.137055727154056
0.136877020141146
0.136704535790328
0.136537595943474
0.136375547258959
0.1362177650791
0.136063657256903
0.135912667919581
0.135764281145765
0.135618024532917
0.135473472631231
0.135330250220233
0.135188035404352
0.135046562504016
0.134905624719211
0.134765076543016
0.134624835903379
0.134484886012269
0.13434527690241
0.134206126633006
0.134067622147212
0.133930019765661
0.133793645301944
0.133658893787814
0.133526228797745
0.133396181364594
0.133269348480243
0.133146391177439
0.133028032191397
0.132915053202257
0.132808291662016
0.132708637212237
0.13261702770146
0.132534444814026
0.132461909324731
0.132400475996472
0.132351228140813
0.132315271864032
0.132293730023905
0.132287735924995
0.13229842678267
0.132326936988434
0.132374391211278
0.132441897371821
0.132530539527778
0.132641370710929
0.132775405757104
0.132933614171801
0.133116913074931
0.133326160268668
0.133562147472676
0.133825593770889
0.134117139313627
0.134437339318098
0.134786658409294
0.135165465341855
0.13557402814181
0.136012509704971
0.136480963886478
0.136979332113248
0.137507440548185
0.138064997831753
0.138651593423066
0.139266696558978
0.139909655845756
0.140579699493929
0.141275936202711
0.141997356696177
0.142742835909037
0.143511135815555
0.144300908890796
0.145110702189187
0.14593896202114
0.146784039204479
0.147644194863507
0.148517606744842
0.149402376015699
0.150296534507043
0.151198052361124
0.152104846040243
0.15301478665129
0.153925708538607
0.15483541809613
0.15574170274846
0.156642340049682
0.15753510684817
0.158417788465535
0.159288187838058
0.160144134569546
0.1609834938455
0.161804175159734
0.162604140806201
0.16338141409065
0.164134087218938
0.164860328821214
0.165558391073883
0.166226616384105
0.166863443604619
0.167467413749893
0.168037175187885
0.168571488285154
0.169069229486481
0.169529394813732
0.169951102772209
0.170333596656249
0.170676246249379
0.170978548917729
0.171240130098835
0.17146074319123
0.171640268853418
0.171778713723916
0.171876208576981
0.171933005931459
0.171949477132861
0.171926108931267
0.171863499580041
0.171762354482501
0.171623481415733
0.171447785362591
0.171236262984613
0.170989996770103
0.170710148892959
0.170397954819042
0.170054716697833
0.169681796577979
0.169280609485987
0.168852616407776
0.168399317213112
0.167922243563054
0.167422951840467
0.166903016143402
0.166364021380684
0.165807556508392
0.165235207945075
0.16464855320248
0.164049154767296
0.163438554267959
0.162818266958832
0.162189776552203
0.161554530426381
0.160913935235851
0.160269352946883
0.159622097319237
0.158973430851638
0.158324562205564
0.157676644118553
0.157030771814768
0.156387981916936
0.155749251860026
0.155115499803209
0.15448758503274
0.153866308844436
0.153252415890513
0.152646595971587
0.152049486250794
0.151461673863243
0.150883698890362
0.150316057665272
0.14975920637209
0.149213564899092
0.148679520902965
0.148157434039054
0.147647640310486
0.147150456487479
0.146666184546958
0.146195116081864
0.1457375366293
0.145293729866865
0.144863981627244
0.144448583682355
0.144047837250057
0.14366205617866
0.143291569767147
0.142936725182225
0.142597889436918
0.142275450899446
0.141969820305556
0.141681431252249
0.141410740155873
0.141158225662921
0.140924387507336
0.140709744813853
0.140514833852603
0.140340205256046
0.140186420715009
0.140054049176308
0.139943662569914
0.139855831098948
0.139791118130783
0.139750074732274
0.139733233896422
0.139741104511695
0.139774165128631
0.139832857581278
0.139917580523366
0.140028682940925
0.140166457704227
0.14033113522254
0.140522877265144
0.140741771011396
0.140987823391385
0.14126095577683
0.141560999079429
0.14188768931088
0.142240663655204
0.142619457100048
0.143023499669088
0.143452114292842
0.143904515349936
0.144379807905333
0.144876987666293
0.14539494167085
0.145932449717517
0.146488186538803
0.147060724714969
0.14764853831835
0.148250007272623
0.148863422405561
0.14948699116826
0.150118843988481
0.150757041220792
0.151399580651536
0.152044405512408
0.152689412952644
0.153332462916444
0.153971387369382
0.154603999815176
0.155228105042316
0.155841509038648
0.156442029011202
0.157027503448133
0.157595802159832
0.158144836236843
0.158672567863326
0.15917701992629
0.159656285362795
0.16010853618958
0.160532032162284
0.160925129014395
0.161286286229344
0.161614074302669
0.161907181454941
0.162164419760047
0.162384730657475
0.16256718982146
0.162711011364047
0.162815551353463
0.162880310633466
0.162904936933643
0.162889226264868
0.16283312359832
0.162736722830543
0.162600266041031
0.162424142052659
0.162208884309015
0.161955168086247
0.161663807060434
0.16133574925471
0.160972072393422
0.160573978693433
0.160142789125347
0.159679937179878
0.159186962176838
0.158665502156249
0.15811728639292
0.157544127577432
0.156947913707881
0.156330599737888
0.155694199027347
0.15504077464308
0.154372430557087
0.15369130279029
0.152999550549708
0.152299347406751
0.15159287256383
0.150882302255742
0.150169801331299
0.14945751505939
0.148747561202175
0.148042022396294
0.147342938880966
0.146652301609525
0.145972045778407
0.145304044804794
0.144650104781094
0.144011959431177
0.143391265589824
0.142789599223193
0.142208452004287
0.141649228453436
0.141113243649728
0.14060172151513
0.140115793668852
0.139656498845187
0.139224782863893
0.138821499137924
0.138447409699265
0.138103186719635
0.137789414499007
0.137506591891331
0.137255135133465
0.137035381040287
0.136847590526192
0.136691952410817
0.136568587464818
0.136477552649932
0.1364188455064
0.136392408640123
0.136398134261679
0.136435868729556
0.136505417050672
0.13660654729243
0.136738994862223
0.136902466612369
0.137096644731043
0.137321190382667
0.137575747064577
0.137859943650443
0.138173397094861
0.138515714777816
0.138886496472109
0.139285335921463
0.139711822021751
0.140165539602539
0.140646069810913
0.141152990104275
0.141685873863407
0.14224428964153
0.142827800069328
0.143435960439846
0.14406831700087
0.144724404985639
0.145403746415728
0.146105847712357
0.146830197154511
0.147576262223777
0.148343486876933
0.149131288787949
0.149939056601151
0.150766147236948
0.151611883290694
0.152475550563926
0.153356395765498
0.154253624417978
0.155166399002154
0.15609383736961
0.157035011450187
0.157988946277724
0.158954619353834
0.159930960365684
0.160916851269876
0.161911126750535
0.162912575055773
0.163919939212764
0.164931918617818
0.165947170994165
0.166964314706582
0.167981931418734
0.168998569075967
0.170012745193553
0.171022950427846
0.172027652405677
0.173025299785458
0.174014326522001
0.17499315630591
0.175960207147662
0.17691389607602
0.17785264392037
0.178774880146787
0.179679047718179
0.180563607949664
0.181427045331432
0.182267872292623
0.183084633881254
0.183875912336908
0.184640331534657
0.185376561280611
0.186083321441423
0.186759385892053
0.187403586268102
0.18801481551094
0.188592031195777
0.189134258634598
0.189640593747606
0.19011020569837
0.190542339289302
0.190936317115392
0.191291541475186
0.191607496038993
0.191883747275054
0.192119945635015
0.192315826500528
0.192471210893064
0.192586005949248
0.192660205164009
0.192693888403834
0.192687221692242
0.192640456769391
0.192553930427488
0.192428063623397
0.192263360369573
0.192060406404191
0.191819867641161
0.19154248840056
0.191229089419962
0.190880565647207
0.190497883815283
0.190082079800278
0.189634255763803
0.189155577081795
0.18864726906233
0.18811061345592
0.187546944762703
0.186957646342097
0.186344146331661
0.185707913383292
0.185050452226286
0.184373299068338
0.183678016847103
0.182966190346565
0.182239421194104
0.181499322755748
0.180747514948713
0.179985618991868
0.179215252116218
0.178438022258848
0.17765552276503
0.176869327124223
0.176080983766678
0.175292010948016
0.174503891749712
0.17371806922369
0.172935941709322
0.172158858350916
0.171388114843385
0.170624949433084
0.169870539199885
0.169125996645346
0.168392366610433
0.167670623544524
0.16696166914555
0.16626633038898
0.165585357961021
0.164919425108876
0.164269126918217
0.163634980025188
0.163017422767269
0.162416815774305
0.161833442997817
0.161267513173558
0.160719161709052
0.160188452984641
0.159675383053413
0.159179882722256
0.15870182099327
0.158241008841858
0.157797203305062
0.157370111851098
0.156959396998652
0.156564681152304
0.156185551618474
0.155821565764624
0.155472256282972
0.155137136518885
0.154815705823247
0.154507454887625
0.154211871020803
0.153928443325478
0.153656667734318
0.153396051865445
0.153146119658566
0.15290641575445
0.1526765095823
0.152455999121718
0.152244514308396
0.152041720055473
0.151847318865482
0.151661053011145
0.1514827062668
0.151312105175968
0.151149119844525
0.150993664253008
0.15084569608579
0.150705216079161
0.150572266894657
0.150446931528389
0.150329331271378
0.150219623240239
0.150117997501631
0.150024673817969
0.149939898045643
0.149863938220629
0.149797080369667
0.149739624088194
0.149691877928915
0.149654154647162
0.149626766351111
0.149610019606364
0.149604210545414
0.149609620033035
0.149626508938665
0.149655113566386
0.149695641292103
0.14974826645606
0.149813126556798
0.14989031879018
0.14997989697414
0.150081868896336
0.15019619411807
0.150322782263502
0.150461491818596
0.150612129459242
0.150774449922758
0.150948156431515
0.151132901671785
0.151328289325121
0.151533876143798
0.151749174555979
0.151973655780559
0.152206753425962
0.152447867541763
0.152696369086788
0.152951604772475
0.153212902235755
0.153479575491612
0.153750930611846
0.154026271573463
0.154304906217545
0.154586152257483
0.154869343274099
0.155153834634508
0.155439009271461
0.155724283260577
0.156009111134113
0.156292990871881
0.156575468512483
0.156856142331272
0.157134666535223
0.157410754429292
0.157684181013709
0.157954784977028
0.158222470055541
0.158487205735801
0.158749027283443
0.159008035088201
0.159264393321835
0.159518327912634
0.15977012384715
0.160020121816695
0.16026871423295
0.160516340643629
0.160763482585456
0.16101065791773
0.161258414685346
0.16150732456527
0.161757975955131
0.162010966766619
0.162266896989889
0.162526361097934
0.162789940362089
0.163058195151227
0.163331657287954
0.163610822535106
0.163896143285127
0.164188021523445
0.164486802134825
0.164792766618802
0.16510612727683
0.165427021929611
0.16575550921837
0.166091564538601
0.166435076649032
0.166785844992429
0.167143577758295
0.167507890710711
0.167878306797467
0.168254256549446
0.168635079271857
0.169020025021626
0.169408257357936
0.169798856845789
0.170190825285492
0.170583090634304
0.170974512580116
0.171363888721112
0.171749961299833
0.172131424435098
0.172506931790796
0.172875104616728
0.173234540093472
0.173583819910712
0.173921519006614
0.174246214394682
0.174556494004081
0.17485096545967
0.175128264728988
0.17538706456506
0.175626082676231
0.175844089557229
0.1760399159192
0.176212459660625
0.176360692325702
0.176483665001909
0.176580513614009
0.176650463577703
0.176692833782305
0.176707039878279
0.176692596852054
0.176649120877229
0.176576330437993
0.17647404672724
0.176342193328424
0.176180795196551
0.175989976959861
0.175769960569551
0.175521062330377
0.175243689350009
0.174938335449632
0.174605576582341
0.17424606580949
0.173860527888097
0.173449753524842
0.173014593353985
0.172555951697713
0.172074780168011
0.171572071169078
0.171048851358698
0.170506175125742
0.169945118139173
0.169366771021634
0.168772233197895
0.168162606965158
0.167538991828562
0.166902479141223
0.166254147083779
0.165595056013869
0.16492624421117
0.164248724038723
0.163563478536299
0.162871458456527
0.162173579749575
0.161470721497282
0.160763724292943
0.1600533890584
0.159340476285882
0.158625705687988
0.157909756235637
0.157193266560487
0.156476835695457
0.155761024124533
0.155046355111015
0.154333316271761
0.153622361363923
0.152913912249931
0.152208361006336
0.151506072142318
0.150807384894299
0.150112615564182
0.149422059870145
0.148735995280665
0.148054683304552
0.147378371712097
0.146707296665003
0.146041684735546
0.14538175479829
0.144727719780684
0.144079788261908
0.143438165912379
0.142803056769348
0.142174664346897
0.1415531925815
0.140938846616885
0.140331833434409
0.139732362337312
0.139140645299221
0.138556897188856
0.137981335884318
0.13741418229134
0.136855660280623
0.136305996559753
0.135765420495292
0.135234163900355
0.134712460802444
0.134200547205434
0.133698660858519
0.133207041043499
0.132725928390242
0.132255564728323
0.131796192980943
0.131348057105117
0.130911402080015
0.1304864739431
0.130073519871548
0.129672788304219
0.129284529097373
0.12890899370531
0.128546435375264
0.128197109344196
0.127861273023629
0.127539186157447
0.127231110936554
0.126937312053566
0.12665805668028
0.126393614350494
0.126144256730958
0.125910257263645
0.125691890663371
0.125489432255801
0.12530315714229
0.125133339179602
0.124980249764456
0.124844156414948
0.124725321143239
0.124623998616382
0.124540434104805
0.124474861220759
0.124427499451842
0.124398551497634
0.124388200420359
0.124396606623381
0.124423904674143
0.124470199990911
0.124535565415246
0.124620037694609
0.124723613901737
0.124846247819475
0.124987846321564
0.125148265781428
0.12532730854227
0.12552471948277
0.12574018271335
0.125973318438333
0.126223680019348
0.126490751275079
0.126773944051804
0.127072596098308
0.12738596927746
0.12771324814524
0.128053538926174
0.128405868911999
0.128769186308056
0.129142360549265
0.12952418310471
0.129913368786843
0.130308557578089
0.130708316984245
0.131111144920609
0.131515473133107
0.131919671153045
0.132322050780317
0.132720871086158
0.133114343922718
0.133500639922969
0.133877894970756
0.134244217117108
0.134597693915425
0.134936400144643
0.135258405886259
0.135561784917883
0.135844623383096
0.136105028694605
0.136341138625171
0.136551130538542
0.136733230710557
0.136885723688884
0.137006961638417
0.1370953736182
0.137149474734951
0.137167875117778
0.137149288658521
0.137092541462402
0.136996579954166
0.136860478585891
0.136683447093861
0.136464837253569
0.13620414908391
0.135901036453938
0.135555312048297
0.135166951650396
0.134736097705778
0.134263062131743
0.13374832834322
0.133192552469069
0.132596563737413
0.131961364013249
0.131288126476421
0.13057819343302
0.129833073258412
0.129054436475268
0.128244110975303
0.127404076398669
0.126536457690271
0.1256435178575
0.12472764995903
0.123791368359348
0.122837299288582
0.121868170751812
0.120886801836565
0.119896091471292
0.118899006691568
0.117898570474265
0.116897849203159
0.11589993983224
0.114907956815389
0.113925018873073
0.11295423566822
0.111998694464539
0.111061446841111
0.110145495537228
0.109253781501075
0.108389171215014
0.107554444368887
0.106752281950972
0.105985254823912
0.105255812850266
0.104566274629114
0.103918817901598
0.10331547067929
0.102758103144935
0.10224842037041
0.101787955891753
0.101378066175825
0.101019926007623
0.100714524821563
0.100462663994113
0.100264955109135
0.100121819201184
0.100033486975844
0.1
0.100021212848841
0.100096796190344
0.10022624078207
0.100408862349364
0.100643807308527
0.100930059293257
0.101266446437646
0.101651649364407
0.102084209822675
0.10256253991586
0.103084931856558
0.103649568182526
0.104254532365178
0.104897819740068
0.105577348687276
0.106290971988673
0.107036488288571
0.107811653584393
0.108614192674634
0.109441810492584
0.110292203256002
0.111163069365187
0.112052119984603
0.112957089246481
0.113875744018458
0.114805893181432
0.115745396368277
0.116692172118918
0.117644205412373
0.118599554541791
0.119556357304126
0.12051283648185
0.121467304600034
0.122418167948038
0.123363929861046
0.124303193262591
0.125234662475015
0.126157144310499
0.127069548460752
0.127970887208657
0.128860274490102
0.12973692433879
0.130600148751026
0.131449355011264
0.132284042522513
0.133103799188594
0.133908297397578
0.134697289657589
0.135470603937502
0.136228138765856
0.136969858141556
0.137695786309708
0.138406002455144
0.13910063536494
0.13977985810947
0.140443882789376
0.141092955393183
0.141727350807337
0.142347368017071
0.14295332553287
0.14354555707342
0.144124407531778
0.144690229247273
0.145243378601216
0.14578421295008
0.146313087905327
0.146830354964671
0.147336359495191
0.14783143906455
0.148315922112533
0.148790126951324
0.149254361079423
0.14970892079083
0.150154091058252
0.150590145666485
0.151017347569977
0.151435949446772
0.151846194419644
0.152248316914276
0.152642543623788
0.153029094548761
0.153408184082199
0.15378002210952
0.154144815094712
0.154502767125207
0.154854080889729
0.155198958565459
0.155537602593124
0.155870216321205
0.15619700450319
0.15651817363474
0.156833932120639
0.157144490264561
0.157450060077836
0.157750854906537
0.158047088879378
0.158338976181921
0.158626730165519
0.158910562302211
0.159190680999342
0.159467290290061
0.159740588417966
0.160010766335995
0.160278006141246
0.160542479468632
0.160804345867201
0.16106375118357
0.161320825977167
0.161575683991886
0.161828420708392
0.162079112000542
0.162327812918372
0.162574556618753
0.162819353463184
0.163062190300333
0.163303029948804
0.163541810893314
0.163778447204937
0.164012828693462
0.164244821297137
0.164474267712236
0.164700988262019
0.164924782001751
0.165145428053584
0.16536268716228
0.165576303460066
0.165786006426267
0.16599151302496
0.166192530001586
0.166388756317437
0.166579885699069
0.16676560927813
0.166945618295789
0.167119606844902
0.167287274622348
0.167448329663509
0.167602491030779
0.16774949142816
0.167889079714492
0.168021023288706
0.168145110321529
0.168261151809497
0.168368983428751
0.168468467168004
0.168559492722168
0.168641978630504
0.168715873145637
0.168781154822461
0.16883783281877
0.16888594690232
0.168925567162008
0.168956793423839
0.168979754375338
0.168994606405049
0.169001532166649
0.169000738880016
0.168992456384288
0.168976934960463
0.168954442943463
0.168925264145724
0.168889695116283
0.168848042261035
0.168800618851199
0.168747741948178
0.168689729273823
0.168626896055619
0.16855955187655
0.168487997559293
0.168412522113971
0.168333399778028
0.168250887175741
0.168165220623624
0.168076613606416
0.167985254446525
0.167891304187773
0.167794894712055
0.167696127105053
0.167595070284631
0.167491759902779
0.167386197529223
0.167278350121944
0.167168149786968
0.167055493826955
0.166940245075228
0.166822232509182
0.166701252134325
0.1665770681277
0.166449414227079
0.16631799535016
0.166182489426037
0.166042549419518
0.165897805527366
0.165747867524392
0.165592327236361
0.165430761116083
0.165262732898696
0.165087796312112
0.164905497818827
0.164715379365823
0.164516981120067
0.164309844168156
0.164093513159932
0.163867538877385
0.163631480711825
0.163384909034191
0.163127407445292
0.162858574894911
0.162578027660832
0.162285401181096
0.161980351734953
0.161662557970228
0.161331722276931
0.160987572008998
0.160629860558001
0.160258368284479
0.159872903314148
0.159473302207738
0.15905943051441
0.158631183219754
0.15818848510014
0.157731290995731
0.157259586014771
0.156773385681786
0.156272736042149
0.155757713735001
0.155228426045851
0.15468501094929
0.154127637151168
0.153556504138329
0.152971842242559
0.152373912723906
0.151763007876837
0.151139451161039
0.150503597356876
0.149855832743805
0.149196575298265
0.148526274905922
0.147845413581522
0.147154505688123
0.146454098146127
0.14574477062134
0.145027135680261
0.14430183890001
0.143569558919682
0.142831007419538
0.142086929014305
0.141338101046919
0.140585333269393
0.139829467397979
0.139071376530621
0.138311964415589
0.137552164561393
0.136792939179373
0.136035277951837
0.135280196620221
0.134528735389453
0.13378195714646
0.133040945492569
0.132306802591415
0.131580646835747
0.13086361033834
0.13015683625392
0.129461475940628
0.128778685971085
0.128109625004492
0.127455450532412
0.126817315512008
0.126196364901347
0.125593732112157
0.125010535395938
0.124447874179691
0.12390682536774
0.123388439626101
0.122893737665767
0.122423706540939
