0.14489118077766
0.144635283420615
0.144376273655138
0.144113792351057
0.143847444119248
0.143576801004618
0.143301406622851
0.143020780706061
0.14273442401933
0.142441823607318
0.142142458327585
0.141835804625196
0.141521342501327
0.141198561627232
0.140866967553828
0.140526087966478
0.140175478934217
0.13981473110267
0.139443475780299
0.139061390868305
0.138668206585556
0.138263710941252
0.137847754909731
0.13742025726372
0.136981209024621
0.136530677490852
0.136068809808051
0.135595836047865
0.135112071765264
0.134617920007633
0.134113872752476
0.133600511754223
0.133078508784478
0.132548625253957
0.132011711208425
0.131468703695013
0.130920624499463
0.130368577259022
0.129813743959889
0.129257380832284
0.128700813660317
0.128145432527919
0.127592686026019
0.127044074950047
0.126501145520507
0.125965482162941
0.125438699886939
0.124922436306987
0.124418343350866
0.123928078703917
0.123453297039872
0.122995641090973
0.122556732611815
0.12213816329275
0.121741485679643
0.121368204157453
0.121019766055301
0.120697552930541
0.120402872088788
0.120136948395819
0.119900916435909
0.119695813069303
0.119522570439316
0.11938200947692
0.11927483394766
0.119201625082358
0.119162836829325
0.119158791761765
0.119189677669656
0.119255544860819
0.119356304191003
0.119491725837758
0.119661438827708
0.119864931321467
0.120101551655115
0.120370510131704
0.120670881550941
0.121001608459864
0.12136150510217
0.121749262038876
0.122163451408196
0.122602532788036
0.123064859620287
0.123548686152309
0.12405217484749
0.124573404213804
0.125110376996714
0.125661028680683
0.12622323624204
0.126794827094869
0.127373588171132
0.127957275076265
0.128543621262092
0.129130347160038
0.129715169219251
0.130295808796454
0.130870000846953
0.131435502369347
0.131990100560006
0.132531620637277
0.133057933299592
0.133566961786198
0.13405668851393
0.134525161268402
0.134970498932996
0.13539089674414
0.135784631066434
0.136150063686216
0.136485645627051
0.136789920495311
0.137061527368533
0.137299203243338
0.137501785063593
0.137668211352853
0.137797523478186
0.137888866574937
0.137941490164078
0.137954748495235
0.137928100649489
0.13786111043642
0.137753446119768
0.137604880005354
0.137415287923733
0.137184648638277
0.136913043207216
0.136600654325452
0.136247765668915
0.135854761260777
0.135422124875055
0.134950439489143
0.134440386792573
0.133892746754935
0.133308397251466
0.132688313740364
0.132033568981473
0.13134533278175
0.130624871748826
0.129873549030117
0.129092824011458
0.128284251946026
0.127449483481572
0.126590264051701
0.125708433095095
0.124805923065332
0.123884758193198
0.122947052963247
0.121995010266768
0.121030919194357
0.120057152432819
0.119076163233345
0.118090481920534
0.117102711915115
0.116115525246868
0.115131657538434
0.114153902445256
0.113185105541772
0.112228157649226
0.111285987605897
0.110361554486155
0.109457839280548
0.108577836054883
0.10772454261209
0.10690095068637
0.106110035704726
0.105354746156371
0.104637992615652
0.103962636468982
0.103331478400746
0.102747246697249
0.1022125854314
0.101730042594025
0.101302058240318
0.100930952722112
0.100618915078188
0.100367991655871
0.100180075037589
0.100056893345929
0.1
0.100010763994649
0.100090360772222
0.100239763754203
0.100459736597163
0.100750826234087
0.101113356758299
0.101547424202922
0.102052892264156
0.102629389011593
0.103276304623443
0.103992790178873
0.104777757533759
0.105629880300022
0.106547595942422
0.10752910900027
0.108572395434951
0.109675208097628
0.110835083304838
0.112049348503152
0.113315130997535
0.114629367711605
0.115988815941717
0.117390065060626
0.118829549120598
0.120303560300092
0.121808263132722
0.123339709452082
0.124893853981172
0.126466570490757
0.128053668446886
0.129650910064198
0.131254027678385
0.132858741348515
0.134460776597607
0.136055882198185
0.137639847908305
0.139208522062933
0.140757828925469
0.142283785704738
0.143782519143846
0.145250281589008
0.146683466448743
0.148078622956721
0.14943247015501
0.150741910018529
0.152004039646135
0.15321616244892
0.154375798271968
0.155480692391981
0.156528823339802
0.157518409503887
0.158447914478154
0.159316051125379
0.160121784335248
0.16086433246442
0.161543167454222
0.162158013630103
0.162708845195372
0.163195882440179
0.163619586695012
0.163980654066077
0.164280007997859
0.164518790715691
0.164698353608408
0.164820246617896
0.164886206708664
0.164898145496269
0.164858136118605
0.16476839943853
0.16463128967019
0.164449279524451
0.16422494497132
0.163960949718788
0.163660029508473
0.163324976328489
0.162958622643349
0.162563825739253
0.162143452280992
0.161700363173817
0.161237398820058
0.160757364856127
0.160263018450687
0.159757055239466
0.159242096966335
0.158720679893952
0.158195244040653
0.15766812329323
0.157141536438027
0.156617579145348
0.156098216934623
0.155585279140184
0.155080453889937
0.154585284101686
0.154101164494548
0.153629339605721
0.153170902795977
0.152726796220683
0.152297811736923
0.151884592711477
0.151487636689037
0.151107298875146
0.150743796383932
0.150397213196842
0.150067505775244
0.14975450926696
0.149457944244593
0.149177423911791
0.148912461712503
0.148662479277649
0.148426814643598
0.148204730677248
0.147995423643449
0.147798031851849
0.147611644322072
0.147435309408299
0.147268043326879
0.147108838533458
0.146956671899282
0.146810512639705
0.146669329951559
0.146532100319817
0.14639781445787
0.146265483849781
0.146134146866894
0.146002874435302
0.14587077523474
0.145737000413487
0.14560074780788
0.145461265658854
0.145317855821717
0.145169876468967
0.145016744289401
0.144857936190033
0.14469299051043
0.144521507761921
0.144343150906813
0.144157645195161
0.143964777578863
0.143764395724808
0.143556406650562
0.143340775007586
0.143117521038269
0.142886718234112
0.142648490723246
0.142403010416108
0.142150493938505
0.14189119938154
0.141625422897914
0.141353495173971
0.141075777806574
0.140792659613408
0.140504552904717
0.140211889743737
0.139915118222208
0.139614698776353
0.139311100567642
0.139004797951439
0.13869626705536
0.138385982487839
0.138074414195912
0.137762024489814
0.13744926525038
0.137136575333687
0.136824378185745
0.136513079678367
0.13620306617569
0.135894702839107
0.135588332176645
0.135284272841137
0.134982818679783
0.134684238036016
0.134388773302864
0.134096640725358
0.133808030447852
0.133523106800529
0.133242008817793
0.132964850979697
0.132691724166136
0.132422696812066
0.132157816250727
0.13189711023058
0.131640588590465
0.131388245076482
0.131140059283059
0.130895998699875
0.130656020845521
0.130420075468205
0.13018810679333
0.129960055797413
0.129735862487654
0.12951546816642
0.12929881766002
0.129085861491422
0.128876557977021
0.128670875228146
0.128468793038749
0.12827030464166
0.128075418316846
0.127884158836326
0.12769656873178
0.127512709372365
0.127332661841892
0.127156527606236
0.126984428963706
0.126816509272992
0.126652932955339
0.1264938852696
0.126339571860922
0.126190218085922
0.126046068119264
0.125907383848667
0.12577444356736
0.125647540474983
0.125526980999794
0.125413082956835
0.125306173558346
0.125206587294218
0.125114663701655
0.12503074504435
0.124955173922509
0.124888290835798
0.124830431721909
0.124781925493752
0.12474309159843
0.124714237621051
0.124695656956083
0.12468762656841
0.124690404865441
0.124704229700617
0.124729316527462
0.124765856721853
0.124814016088645
0.124873933566943
0.124945720146451
0.125029458005214
0.12512519987695
0.125232968653885
0.125352757228706
0.125484528576898
0.125628216078362
0.125783724074874
0.125950928657645
0.126129678677005
0.126319796964082
0.126521081752347
0.126733308284979
0.1269562305923
0.127189583421978
0.127433084303331
0.127686435725947
0.127949327411888
0.12822143866009
0.12850244074109
0.12879199932002
0.129089776885835
0.129395435164997
0.129708637498373
0.130029051160774
0.130356349603559
0.130690214601805
0.131030338288902
0.131376425062878
0.131728193350392
0.132085377216055
0.132447727806592
0.132815014621229
0.133187026601665
0.133563573036932
0.133944484280414
0.134329612278245
0.134718830910137
0.13511203614554
0.135509146019699
0.135910100435771
0.13631486080061
0.136723409503125
0.137135749245265
0.137551902236619
0.13797190926445
0.138395828651539
0.138823735114674
0.139255718536839
0.139691882666212
0.140132343755005
0.140577229150874
0.141026675853228
0.141480829046226
0.141939840619556
0.142403867687342
0.142873071114663
0.143347614060241
0.143827660542906
0.144313374038464
0.144804916112562
0.145302445094216
0.14580611479368
0.146316073267435
0.146832461632257
0.147355412929521
0.147885051040259
0.148421489650857
0.148964831268848
0.14951516628783
0.15007257210032
0.150637112257159
0.151208835672067
0.151787775869982
0.15237395027798
0.152967359557795
0.153567986979313
0.15417579783474
0.154790738893654
0.155412737899557
0.156041703109105
0.156677522875688
0.157320065279536
0.157969177807044
0.158624687082464
0.159286398655532
0.159954096848963
0.160627544670055
0.161306483790835
0.161990634601348
0.162679696340697
0.16337334731042
0.164071245174599
0.164773027350879
0.165478311496164
0.16618669609037
0.166897761120992
0.167611068870652
0.168326164809056
0.169042578589979
0.169759825153054
0.170477405929215
0.171194810147679
0.171911516241358
0.172626993346592
0.173340702892053
0.174052100270654
0.1747606365873
0.175465760474347
0.176166919965665
0.176863564419359
0.17755514647833
0.178241124057135
0.178920962342884
0.179594135797356
0.180260130146976
0.180918444346913
0.181568592505255
0.182210105752994
0.182842534045537
0.183465447881402
0.184078439924001
0.184681126512605
0.185273149049006
0.185854175246888
0.18642390023153
0.186982047478198
0.187528369578424
0.188062648824328
0.188584697602181
0.189094358587578
0.189591504735826
0.190076039062493
0.190547894210476
0.191007031801447
0.191453441571072
0.19188714028902
0.192308170466415
0.192716598855078
0.193112514744606
0.193496028065033
0.19386726730453
0.194226377253293
0.194573516586366
0.194908855299805
0.195232572016046
0.195544851175821
0.195845880135294
0.196135846188302
0.196414933534693
0.196683320216682
0.196941175045949
0.197188654544812
0.197425899925222
0.197653034129595
0.197870158957496
0.198077352302062
0.198274665519626
0.198462120955456
0.198639709647676
0.198807389230479
0.19896508205649
0.19911267355677
0.199250010855354
0.199376901653502
0.199493113396916
0.199598372737192
0.199692365296626
0.199774735743275
0.19984508818091
0.19990298685615
0.199947957182752
0.199979487080692
0.199997028625361
0.2
0.199987787742308
0.199959749274105
0.199915215701027
0.199853494867399
0.199773874649828
0.199675626471575
0.199558009018478
0.199420272136081
0.199261660886754
0.199081419744797
0.198878796907056
0.198653048696173
0.198403444033458
0.198129268958325
0.197829831171418
0.197504464578787
0.197152533814939
0.19677343872303
0.196366618771135
0.195931557384131
0.195467786171506
0.194974889032116
0.194452506117706
0.193900337637767
0.193318147489066
0.192705766693927
0.192063096632035
0.191390112051214
0.190686863843235
0.189953481571328
0.189190175736582
0.188397239770949
0.187575051745048
0.186724075779435
0.185844863148467
0.184938053066377
0.184004373145688
0.183044639518632
0.18205975661287
0.18105071657353
0.180018598324352
0.178964566261659
0.177889868575968
0.176795835197187
0.175683875360785
0.174555474793791
0.173412192521227
0.172255657295428
0.171087563652773
0.169909667604564
0.168723781971153
0.16753177137094
0.166335546878505
0.16513706036884
0.163938298567483
0.162741276829171
0.161548032670476
0.160360619084716
0.159181097670155
0.158011531605132
0.156853978506265
0.1557104832081
0.154583070504661
0.1534737378951
0.152384448377076
0.151317123332606
0.150273635551816
0.149255802440321
0.14826537945581
0.147304053818808
0.146373438541507
0.145475066817013
0.144610386809321
0.14378075688184
0.142987441299298
0.142231606434518
0.141514317507677
0.140836535881535
0.140199116931543
0.139602808504946
0.139048249977908
0.138535971914447
0.138066396325546
0.137639837521368
0.137256503544034
0.136916498162984
0.1366198234097
0.136366382623447
0.136155983974848
0.135988344429631
0.135863094110681
0.13577978101289
0.13573787602201
0.135736778186064
0.135775820185707
0.13585427394841
0.135971356350413
0.136126234950133
0.136318033697067
0.136545838561255
0.136808703030017
0.137105653420955
0.137435693963061
0.137797811601243
0.13819098048347
0.138614166094236
0.139066329002826
0.13954642820012
0.140053424003161
0.140586280512444
0.14114396761279
0.141725462514634
0.142329750838558
0.142955827251815
0.143602695671364
0.144269369053533
0.144954868795688
0.145658223780256
0.146378469095967
0.147114644475254
0.14786579249031
0.148630956553299
0.149409178768605
0.150199497686813
0.151000946011218
0.151812548308165
0.152633318772339
0.153462259097274
0.154298356499907
0.15514058194587
0.155987888619546
0.156839210679663
0.157693462337414
0.158549537289909
0.159406308537049
0.160262628604987
0.161117330193995
0.161969227263072
0.162817116557927
0.163659779583229
0.164495985014223
0.165324491537066
0.166144051101634
0.166953412565119
0.167751325699539
0.168536545531415
0.169307836977344
0.170063979735096
0.170803773386222
0.171526042662988
0.172229642829856
0.172913465127637
0.173576442226971
0.174217553636871
0.174835831013769
0.175430363316768
0.176000301755702
0.176544864480009
0.17706334095845
0.177555096002206
0.178019573386904
0.17845629903261
0.178864883704694
0.179245025202783
0.179596510009574
0.179919214376184
0.18021310482581
0.180478238062741
0.180714760279163
0.180922905857676
0.181102995472867
0.181255433600756
0.181380705450236
0.181479373335823
0.181552072516009
0.181599506526295
0.181622442040419
0.181621703297474
0.181598166136396
0.181552751682733
0.181486419735587
0.181400161905213
0.181294994553849
0.181171951594035
0.181032077199804
0.180876418486852
0.180706018217989
0.180521907589891
0.180325099156432
0.180116579942667
0.179897304801879
0.17966819006602
0.179430107537383
0.179183878866494
0.178930270357954
0.178669988242463
0.178403674449385
0.178131902910166
0.177855176418588
0.17757392406937
0.177288499292038
0.176999178492214
0.176706160307759
0.176409565482383
0.176109437354573
0.175805742954998
0.175498374700939
0.175187152671856
0.174871827445896
0.174552083473109
0.17422754295729
0.173897770214848
0.173562276475835
0.173220525089351
0.172871937092998
0.172515897103807
0.172151759486278
0.171778854751709
0.171396496141958
0.171003986350133
0.170600624330473
0.17018571214981
0.169758561833525
0.169318502159837
0.168864885357459
0.168397093663284
0.167914545698601
0.167416702624546
0.166903074039893
0.16637322358692
0.165826774233941
0.165263413206046
0.164682896538721
0.164085053232162
0.163469788987382
0.162837089508383
0.162187023357935
0.161519744357635
0.160835493525978
0.160134600551153
0.159417484798054
0.158684655851645
0.157936713601269
0.157174347872716
0.156398337616926
0.155609549665953
0.154808937068421
0.153997537018013
0.153176468389648
0.152346928898868
0.151510191900642
0.150667602844242
0.149820575401163
0.148970587283159
0.148119175767488
0.14726793294632
0.146418500717077
0.145572565530188
0.14473185291048
0.143898121768103
0.143073158514649
0.142258770999873
0.141456782284315
0.140669024263059
0.139897331155946
0.139143532879764
0.138409448318285
0.137696878506551
0.13700759974645
0.136343356671481
0.135705855279568
0.135096755953958
0.134517666493461
0.133970135174725
0.133455643870693
0.13297560125097
0.132531336091414
0.132124090721887
0.131755014642675
0.13142515834163
0.131135467345488
0.130886776540133
0.130679804795634
0.130515149932828
0.130393284068797
0.130314549378934
0.130279154313329
0.130287170304785
0.130338529005089
0.130433020084967
0.13057028963158
0.130749839175389
0.130971025375726
0.131233060391486
0.13153501295997
0.131875810203109
0.132254240176041
0.13266895516843
0.133118475763896
0.133601195657654
0.134115387226855
0.134659207842306
0.13523070690428
0.135827833578986
0.136448445206127
0.137090316341813
0.137751148395025
0.138428579809871
0.139120196740211
0.139823544157748
0.140536137329638
0.141255473597031
0.141979044381748
0.142704347344719
0.14342889861675
0.144150245019824
0.144865976195442
0.145573736555556
0.146271236971421
0.146956266116275
0.147626701379087
0.14828051926876
0.148915805231093
0.149530762804491
0.150123722044835
0.15069314715508
0.151237643260923
0.151755962280346
0.152247007841789
0.152709839213207
0.153143674212177
0.153547891075438
0.153922029274824
0.154265789275201
0.154579031238833
0.154861772689422
0.15511418515774
0.15533658983934
0.155529452303096
0.155693376297226
0.155829096706969
0.155937471725037
0.15601947430237
0.156076182952451
0.1561087719875
0.156118501269108
0.156106705559385
0.156074783561302
0.156024186738745
0.155956408007653
0.155872970389715
0.15577541571923
0.155665293492092
0.155544149943314
0.155413517436254
0.155274904242616
0.155129784787569
0.154979590428937
0.154825700833438
0.154669436006486
0.154512049025172
0.154354719516774
0.15419854791764
0.15404455053959
0.153893655463152
0.153746699269172
0.153604424612546
0.15346747863425
0.153336412200467
0.153211679950513
0.153093641128582
0.15298256116805
0.15287861399126
0.152781884982482
0.152692374587045
0.152610002485562
0.15253461228874
0.152465976695465
0.152403803054738
0.152347739270565
0.152297379988084
0.152252272999067
0.152211925805345
0.152175812279754
0.152143379365812
0.152114053759386
0.152087248518245
0.152062369548329
0.152038821918974
0.152016015962966
0.151993373121265
0.151970331496343
0.151946351082371
0.15192091864484
0.15189355222661
0.151863805261721
0.151831270282633
0.15179558221072
0.151756421223876
0.151713515198906
0.151666641729968
0.151615629727668
0.151560360606441
0.151500769070609
0.151436843511924
0.151368626033517
0.151296212116951
0.151219749950537
0.151139439438194
0.151055530909016
0.150968323548201
0.150878163570319
0.150785442155894
0.150690593172106
0.15059409069799
0.150496446373981
0.150398206594907
0.150299949564736
0.15020228223047
0.150105837111605
0.150011269040595
0.149919251828756
0.149830474871081
0.149745639702484
0.149665456517154
0.149590640661868
0.149521909113473
0.149459976950083
0.14940555382513
0.149359340452999
0.149322025114744
0.149294280192285
0.149276758739439
0.149270091098279
0.149274881569479
0.149291705145643
0.149321104316927
0.149363585958742
0.149419618311788
0.149489628065154
0.149573997553783
0.149673062082068
0.14978710738587
0.14991636724567
0.15006102126398
0.150221192820427
0.150396947218159
0.150588290035326
0.150795165695407
0.151017456269968
0.151254980527222
0.151507493239285
0.151774684760461
0.152056180888151
0.152351543017067
0.15266026859638
0.152981791898201
0.153315485104402
0.153660659717289
0.154016568297923
0.154382406534114
0.154757315638161
0.155140385072396
0.155530655598433
0.155927122643831
0.156328739977592
0.156734423683588
0.15714305641869
0.157553491939967
0.157964559883024
0.158375070771205
0.15878382123314
0.159189599403931
0.159591190483171
0.159987382421028
0.160376971701788
0.160758769192565
0.161131606023386
0.161494339463567
0.161845858758177
0.162185090887555
0.162511006212209
0.162822623965079
0.163119017553082
0.163399319630027
0.163662726903526
0.163908504639294
0.164135990827349
0.164344599976036
0.164533826501508
0.164703247682311
0.164852526151063
0.164981411897794
0.16508974376242
0.16517745039696
0.165244550681503
0.165291153581551
0.165317457438172
0.165323748686411
0.165310400001541
0.165277867876982
0.165226689642091
0.165157479932384
0.165070926629169
0.164967786289945
0.164848879095223
0.164715083341635
0.164567329515248
0.164406593982868
0.164233892342768
0.164050272479654
0.163856807371756
0.163654587700669
0.163444714316961
0.163228290616518
0.163006414884147
0.162780172662085
0.162550629201638
0.162318822056392
0.162085753875017
0.161852385450906
0.161619629084484
0.161388342312217
0.161159322053982
0.160933299227668
0.16071093387659
0.160492810851591
0.1602794360856
0.160071233493921
0.159868542528691
0.159671616410814
0.159480621057317
0.15929563471644
0.159116648317047
0.158943566533064
0.158776209557725
0.158614315576476
0.158457543921514
0.158305478885142
0.158157634163504
0.158013457896858
0.15787233826735
0.157733609610433
0.157596558991541
0.157460433195526
0.15732444607267
0.157187786181885
0.157049624668966
0.156909123315583
0.156765442693032
0.156617750353659
0.156465228992378
0.156307084510711
0.156142553916455
0.155970912993255
0.155791483676153
0.155603641071505
0.155406820062493
0.155200521444867
0.154984317541331
0.154757857247347
0.154520870465762
0.154273171892783
0.154014664123186
0.153745340048317
0.153465284526361
0.15317467531041
0.152873783226067
0.152562971596587
0.152242694919863
0.151913496807763
0.151576007204505
0.15123093890674
0.150879083413797
0.150521306142076
0.150158541042809
0.149791784667282
0.149422089728066
0.149050558208884
0.148678334079257
0.148306595673173
0.147936547793512
0.147569413605948
0.147206426387433
0.146848821195164
0.146497826522162
0.146154656005193
0.145820500249789
0.145496518835583
0.145183832563053
0.144883516000109
0.144596590383798
0.144324016928746
0.144066690589882
0.143825434322472
0.143600993877677
0.143394033166697
0.143205130221148
0.143034773771758
0.142883360461739
0.142751192705378
0.142638477196592
0.142545324066424
0.142471746682767
0.142417662080144
0.142382892002032
0.142367164533254
0.142370116295244
0.142391295172663
0.142430163535956
0.142486101920936
0.142558413123515
0.142646326665209
0.142749003583047
0.142865541496139
0.142994979900194
0.143136305640989
0.14328845851793
0.143450336969577
0.143620803794196
0.143798691860089
0.143982809762605
0.144171947387235
0.144364881341179
0.144560380218945
0.144757209671145
0.144954137249347
0.14514993700384
0.145343393815204
0.145533307444736
0.145718496292939
0.145897800859429
0.146070086901637
0.146234248293614
0.14638920958998
0.146533928303557
0.14666739690847
0.146788644583479
0.146896738712869
0.146990786164538
0.147069934366772
0.147133372206717
0.147180330774621
0.147210083978635
0.147221949055201
0.147215286999967
0.147189502943624
0.147144046496198
0.147078412082048
0.146992139286287
0.146884813231415
0.146756065000837
0.14660557212353
0.146433059131505
0.146238298198985
0.146021109869296
0.145781363872509
0.145518980033838
0.145233929269766
0.144926234665899
0.144595972627578
0.144243274091516
0.143868325784005
0.14347137150879
0.143052713445397
0.142612713436644
0.142151794242313
0.141670440734424
0.141169201008364
0.140648687383237
0.140109577264254
0.139552613839737
0.138978606585465
0.138388431549519
0.137783031391609
0.13716341515199
0.136530657726516
0.135885899026181
0.135230342801513
0.134565255114566
0.133891962443815
0.133211849410103
0.132526356114791
0.131836975084497
0.131145247820136
0.130452760951452
0.12976114200178
0.129072054771383
0.128387194351318
0.127708281783402
0.127037058385372
0.126375279763826
0.125724709540861
0.125087112823502
0.12446424944806
0.123857867034315
0.123269693887
0.122701431784322
0.122154748695275
0.12163127146914
0.121132578541949
0.120660192705639
0.120215573986274
0.119800112677964
0.119415122578944
0.119061834475817
0.118741389920985
0.118454835347087
0.118203116560523
0.117987073654161
0.117807436376936
0.117664819995295
0.117559721678473
0.117492517436191
0.117463459633822
0.117472675106239
0.117520163887493
0.117605798569306
0.117729324297001
0.117890359407048
0.118088396705901
0.118322805385296
0.118592833564642
0.118897611446704
0.119236155068408
0.119607370624378
0.120010059336762
0.120442922841056
0.120904569054024
0.121393518486479
0.12190821096067
0.122447012689285
0.123008223670769
0.123590085353628
0.124190788520841
0.12480848134426
0.12544127755815
0.126087264700586
0.126744512371534
0.127411080456841
0.128085027268262
0.128764417550883
0.129447330310934
0.13013186641899
0.130816155945865
0.131498365191181
0.132176703367481
0.132849428905979
0.133514855353413
0.134171356833078
0.134817373046862
0.135451413798946
0.136072063025807
0.136677982321096
0.137267913947976
0.13784068333544
0.138395201058996
0.138930464309907
0.139445557860767
0.139939654538708
0.140412015220767
0.140861988369036
0.141289009125985
0.141692597992942
0.142072359116948
0.142427978213225
0.142759220152143
0.143065926240988
0.143348011231871
0.143605460087914
0.143838324540315
0.144046719469035
0.144230819139799
0.144390853329671
0.144527103372857
0.14463989815753
0.144729610103363
0.144796651148177
0.144841468770688
0.144864542074671
0.144866377958183
0.144847507389606
0.144808481810375
0.144749869682257
0.144672253195061
0.1445762251486
0.144462386020732
0.144331341231284
0.144183698609731
0.144020066072587
0.143841049514633
0.143647250916376
0.14343926666846
0.1432176861122
0.142983090293953
0.142736050929702
0.142477129574977
0.142206876994145
0.141925832722034
0.141634524810017
0.141333469747799
0.141023172551523
0.14070412700813
0.140376816065426
0.140041712356851
0.139699278849567
0.139349969604196
0.138994230634281
0.138632500853368
0.138265213097474
0.137892795210607
0.137515671180955
0.137134262315372
0.136748988439773
0.136360269113164
0.135968524843067
0.135574178290288
0.135177655451083
0.13477938680504
0.134379808417177
0.133979362983097
0.133578500806353
0.133177680697557
0.13277737078525
0.132378049229027
0.131980204825992
0.131584337502293
0.131190958682162
0.130800591527716
0.130413771043629
0.13003104404174
0.129652968961687
0.12928011554475
0.128913064359277
0.128552406177273
0.128198741203048
0.127852678156149
0.127514833212198
0.127185828806637
0.126866292307827
0.126556854567366
0.12625814835687
0.12597080670185
0.125695461124615
0.125432739809394
0.125183265703975
0.124947654573258
0.124726513020976
0.124520436496639
0.12433000730533
0.124155792638431
0.123998342643545
0.123858188551945
0.123735840881646
0.123631787733803
0.12354649319948
0.123480395892966
0.123433907626711
0.123407412241627
0.123401264604976
0.123415789786316
0.123451282420073
0.123508006261199
0.12358619393819
0.123686046905341
0.123807735593733
0.123951399757922
0.124117149012809
0.124305063552658
0.124515195041759
0.124747567663873
0.125002179315332
0.125279002924536
0.125577987878713
0.125899061537058
0.12624213080795
0.126607083766774
0.126993791289968
0.127402108680427
0.127831877259119
0.128282925897963
0.128755072469486
0.12924812518962
0.12976188383123
0.130296140787486
0.130850681966073
0.131425287497404
0.132019732242474
0.132633786088678
0.133267214024862
0.133919775989946
0.134591226492711
0.135281314003658
0.135989780123173
0.136716358533641
0.137460773746385
0.138222739657519
0.139001957929855
0.139798116220772
0.140610886278621
0.141439921932453
0.142284857001908
0.143145303155656
0.144020847748087
0.144911051664711
0.14581544720721
0.146733536049041
0.147664787292051
0.148608635653718
0.149564479813355
0.150531680943916
0.151509561454045
0.152497403962592
0.153494450525131
0.154499902129083
0.155512918470838
0.156532618024939
0.157558078411912
0.158588337067763
0.159622392214646
0.16065920412862
0.161697696697046
0.162736759254831
0.163775248685672
0.164811991771557
0.16584578777123
0.166875411206051
0.167899614829772
0.168917132757215
0.169926683725686
0.170926974462243
0.171916703129608
0.172894562823583
0.173859245095376
0.174809443473084
0.175743856957874
0.176661193471995
0.177560173237652
0.178439532067993
0.179298024553826
0.180134427132339
0.18094754102677
0.181736195048829
0.182499248258508
0.183235592478718
0.183944154664984
0.184623899132997
0.185273829649309
0.185892991392672
0.186480472795486
0.187035407276492
0.187556974877191
0.188044403815441
0.188496971970316
0.188914008312514
0.189294894294429
0.189639065213462
0.189946011561177
0.190215280369595
0.190446476564254
0.19063926433169
0.190793368506697
0.190908575982227
0.190984737142048
0.191021767313416
0.191019648234008
0.190978429524357
0.190898230153955
0.190779239886264
0.190621720684974
0.190426008061189
0.190192512338747
0.18992171981268
0.189614193773978
0.189270575372278
0.188891584287025
0.188478019176956
0.188030757877551
0.187550757316356
0.187039053116817
0.186496758862538
0.185925064995579
0.185325237324651
0.184698615121733
0.184046608788782
0.183370697079727
0.182672423866862
0.181953394444992
0.181215271371236
0.180459769843121
0.179688652622573
0.178903724518444
0.178106826445325
0.177299829081507
0.176484626153949
0.175663127383011
0.174837251124398
0.174008916750151
0.173180036814634
0.172352509055177
0.171528208280304
0.170708978201292
0.169896623265094
0.169092900548373
0.168299511773572
0.167518095508455
0.166750219610503
0.165997373976822
0.165260963658904
0.164542302399601
0.163842606647116
0.163162990097664
0.162504458814718
0.161867906968532
0.161254113234901
0.160663737886928
0.160097320608042
0.159555279048592
0.159037908142185
0.158545380191566
0.158077745727288
0.157634935135843
0.157216761047276
0.156822921465753
0.156453003620102
0.156106488505085
0.155782756078145
0.155481091070678
0.155200689367537
0.154940664903584
0.154700057021628
0.154477838232207
0.154272922312266
0.154084172676998
0.153910410956972
0.153750425711072
0.153602981204933
0.153466826184286
0.153340702573029
0.153223354026916
0.153113534275437
0.153010015186766
0.152911594493553
0.15281710312079
0.152725412060937
0.152635438745995
0.152546152871038
0.152456581629053
0.152365814322494
0.152273006322856
0.152177382355684
0.152078239094637
0.151974947054633
0.15186695178043
0.151753774333375
0.151635011085316
0.151510332834772
0.151379483266402
0.15124227678043
0.151098595724076
0.150948387061999
0.150791658527402
0.150628474299558
0.150458950257269
0.150283248860932
0.150101573718566
0.149914163893322
0.149721288011566
0.149523238231666
0.149320324134107
0.149112866593468
0.148901191692203
0.14868562473499
0.148466484420813
0.14824407722774
0.148018692062842
0.147790595226614
0.147560025737897
0.147327191061513
0.147092263276779
0.146855375720692
0.146616620135036
0.146376044341898
0.146133650467176
0.145889393726711
0.145643181784601
0.14539487468825
0.145144285379671
