0.570391675464312
0.573112970782309
0.575881862300047
0.57869457077976
0.581547298874802
0.584436240262895
0.587357588138789
0.590307543031868
0.593282319920623
0.596278154622493
0.599291309444377
0.602318078086059
0.605354789795767
0.608397812784125
0.611443556909712
0.614488475656291
0.617529067428464
0.620561876198945
0.62358349154677
0.626590548131578
0.629579724654436
0.632547742360608
0.635491363144047
0.638407387317198
0.641292651112946
0.644144023988091
0.64695840579967
0.649732723926628
0.652463930409874
0.655148999183497
0.657784923468999
0.660368713402693
0.662897393964024
0.665368003269463
0.667777591292837
0.670123219068533
0.67240195842892
0.674610892321764
0.676747115747189
0.678807737347162
0.6807898816734
0.682690692152218
0.684507334757142
0.686237002392237
0.687876919981036
0.689424350247862
0.69087660017027
0.692231028073281
0.693485051328284
0.694636154611886
0.695681898672675
0.696619929547038
0.69744798815868
0.698163920230672
0.698765686433469
0.699251372687752
0.699619200536927
0.69986753750094
0.699994907320601
0.7
0.699881681553831
0.69963900336648
0.699271211070698
0.698777752855482
0.698158287115434
0.697412689357384
0.696541058284399
0.695543720982383
0.694421237140373
0.693174402242181
0.691804249674248
0.690312051702403
0.688699319278532
0.686967800646975
0.685119478729597
0.683156567277993
0.681081505790936
0.678896953204978
0.676605780376017
0.674211061379384
0.671716063665735
0.669124237119436
0.666439202075305
0.663664736358294
0.660804761418976
0.65786332764544
0.654844598939239
0.651752836649522
0.64859238296505
0.64536764386871
0.642083071763083
0.638743147878766
0.635352364579292
0.631915207677729
0.628436138880324
0.624919578471828
0.621369888355506
0.617791355558195
0.614188176307255
0.610564440781794
0.606924118635257
0.603271045380353
0.599608909720405
0.595941241903637
0.592271403168721
0.588602576341125
0.584937757630567
0.581279749670277
0.577631155828807
0.573994375814992
0.570371602586428
0.566764820561498
0.563175805124808
0.559606123405797
0.556057136300536
0.552530001697231
0.549025678856976
0.54554493389276
0.542088346281868
0.538656316339542
0.535249073575279
0.531866685847414
0.52850906922676
0.525175998476076
0.52186711804904
0.518581953510262
0.515319923276675
0.5120803505804
0.508862475553881
0.50566546733976
0.502488436130497
0.499330445046201
0.496190521763407
0.493067669812615
0.489960879468179
0.486869138160628
0.483791440348507
0.48072679679441
0.477674243197859
0.474632848145985
0.471601720351538
0.468580015156487
0.465566940288208
0.462561760864018
0.459563803648377
0.456572460575475
0.453587191557922
0.450607526609935
0.44763306732052
0.444663487718739
0.441698534579094
0.438738027220274
0.435781856854995
0.432829985552354
0.429882444876919
0.426939334270766
0.424000819245736
0.421067129453379
0.418138556699313
0.415215452967189
0.412298228514929
0.409387350102706
0.406483339408019
0.403586771678464
0.400698274667318
0.397818527890997
0.394948262240844
0.392088259974654
0.389239355105926
0.386402434201142
0.383578437587494
0.380768360965528
0.377973257413213
0.375194239760099
0.372432483302591
0.369689228824011
0.366965785876139
0.364263536272466
0.361583937737401
0.358928527650383
0.356298926819204
0.353696843212967
0.35112407558202
0.348582516889974
0.34607415748153
0.343601087909384
0.341165501343895
0.338769695490563
0.336416073942587
0.334107146898913
0.331845531182141
0.329633949495463
0.327475228863366
0.325372298207066
0.32332818501262
0.321346011057086
0.319428987166159
0.317580406985088
0.315803639753445
0.314102122083323
0.312479348749666
0.310938862510656
0.309484242985278
0.308119094624197
0.306847033818967
0.3056716752031
0.304596617206688
0.303625426933974
0.302761624440405
0.302008666492279
0.301369929897969
0.300848694504901
0.300448125960872
0.300171258341926
0.300020976751815
0.3
0.300110863466296
0.300355902260497
0.300737234784724
0.30125674680481
0.301916076134821
0.302716598035774
0.303659411425854
0.304745325994999
0.305974850311573
0.307348181003167
0.308865193087309
0.310525431521109
0.312328104031759
0.314272075282265
0.316355862419022
0.31857763203982
0.32093519861273
0.323426024368027
0.326047220677059
0.328795550923702
0.331667434865891
0.33465895447669
0.337765861246538
0.340983584920742
0.344307243638939
0.347731655436294
0.351251351059532
0.354860588044629
0.358553365997114
0.362323443010468
0.36616435315306
0.370069424949452
0.374031800777759
0.378044457100992
0.382100225447069
0.386191814049281
0.390311830056616
0.394452802221336
0.398607203969578
0.40276747675959
0.406926053631386
0.411075382851157
0.415207951553711
0.419316309286481
0.423393091359235
0.427431041904578
0.431423036555561
0.435362104648284
0.439241450859249
0.443054476189338
0.446794798208791
0.45045627048024
0.454033001079903
0.457519370140349
0.460910046341792
0.464200002282792
0.467384528665327
0.470459247233688
0.473420122411291
0.476263471584535
0.478985973988044
0.481584678151179
0.484057007871459
0.486400766686575
0.488614140822925
0.490695700605089
0.492644400317361
0.494459576515297
0.496140944792279
0.497688595013263
0.499102985035095
0.500384932940142
0.501535607817286
0.502556519131687
0.503449504731976
0.504216717550733
0.504860611061076
0.505383923559074
0.505789661348203
0.506081080908387
0.506261670138059
0.506335128763197
0.506305348012381
0.506176389661481
0.505952464555594
0.505637910719337
0.50523717116939
0.504754771545358
0.504195297676504
0.503563373202632
0.502863637367473
0.502100723102141
0.501279235514785
0.500403730900304
0.49947869638098
0.498508530285156
0.497497523366605
0.496449840962059
0.495369506178534
0.494260384195598
0.49312616776065
0.491970363947702
0.490796282242004
0.489607024004376
0.488405473360187
0.48719428954874
0.485975900759401
0.484752499471246
0.483526039303323
0.482298233372987
0.481070554150154
0.479844234785879
0.478620271884418
0.477399429678991
0.476182245562883
0.474969036919317
0.473759909185886
0.472554765082139
0.471353314922398
0.470155087929916
0.468959444463275
0.467765589061366
0.466572584209475
0.465379364725995
0.464184752666945
0.462987472644029
0.461786167451192
0.460579413894693
0.459365738722485
0.458143634550221
0.456911575683401
0.455668033738099
0.454411492966208
0.45314046519526
0.451853504297538
0.450549220108355
0.449226291718948
0.447883480075423
0.44651963982148
0.445133730329207
0.443724825869007
0.442292124876644
0.44083495828238
0.439352796874228
0.437845257674337
0.436312109314457
0.434753276403226
0.433168842884614
0.431559054393279
0.429924319618674
0.428265210695579
0.426582462644214
0.424876971888204
0.423149793883379
0.421402139894751
0.419635372962869
0.417851003104255
0.416050681793644
0.414236195778327
0.412409460277086
0.410572511617891
0.408727499369868
0.406876678025886
0.405022398292663
0.403167098045347
0.401313293003312
0.399463567183312
0.397620563185236
0.395786972364488
0.393965524943585
0.392158980113807
0.390370116175818
0.388601720766042
0.38685658121324
0.385137475067304
0.38344716083965
0.381788368991913
0.380163793206831
0.378576081972351
0.377027830507048
0.375521573052002
0.374059775551287
0.372644828740239
0.371279041657653
0.369964635595138
0.368703738493863
0.367498379796031
0.366350485755603
0.365261875209912
0.364234255811155
0.363269220714039
0.362368245713318
0.361532686822468
0.360763778282383
0.360062630986733
0.359430231308481
0.358867440310088
0.358374993318066
0.357953499840888
0.357603443807732
0.357325184104207
0.357118955380084
0.356984869103111
0.356922914832294
0.356932961683513
0.357014759960107
0.357167942921062
0.357392028659641
0.357686422065854
0.358050416846871
0.358483197580549
0.358983841778512
0.359551321936776
0.360184507553717
0.360882167097226
0.36164296990518
0.36246548800587
0.363348197847709
0.364289481930476
0.365287630333345
0.366340842138184
0.367447226749839
0.368604805118508
0.369811510872677
0.37106519137448
0.372363608712698
0.373704440651863
0.37508528155911
0.376503643333356
0.37795695636423
0.379442570550658
0.38095775641131
0.382499706321014
0.384065535908852
0.385652285654808
0.387256922722635
0.388876343066886
0.390507373851957
0.39214677622027
0.39379124844567
0.395437429506366
0.397081903109657
0.398721202197948
0.400351813962429
0.401970185387087
0.403572729341647
0.40515583123742
0.406715856255102
0.408249157148243
0.409752082620403
0.411220986268135
0.412652236075745
0.414042224441473
0.415387378708313
0.416684172166241
0.417929135486148
0.41911886853946
0.420250052551211
0.421319462528389
0.422323979899693
0.423260605297536
0.424126471408245
0.424918855812015
0.425635193730302
0.426273090595119
0.426830334352041
0.427304907406858
0.427694998124582
0.427999011789108
0.428215580932175
0.428343574941435
0.428382108859388
0.428330551287754
0.428188531315432
0.427955944392582
0.427632957078542
0.427220010597222
0.42671782314023
0.426127390865291
0.425449987545461
0.424687162833104
0.423840739111614
0.42291280691728
0.421905718923494
0.420822082489584
0.41966475078684
0.418436812524723
0.417141580310702
0.415782577687558
0.414363524902316
0.412888323470954
0.411361039612868
0.409785886638365
0.408167206381403
0.406509449778099
0.404817156699265
0.403094935152249
0.401347439973625
0.399579351139707
0.397795351826473
0.396000106354085
0.394198238153961
0.392394307898018
0.390592791930428
0.388798061141929
0.387014360425347
0.385245788848623
0.383496280678245
0.381769587381552
0.380069260731023
0.378398637127309
0.376760823250579
0.375158683141627
0.373594826805365
0.372071600419664
0.370591078222295
0.369155056137814
0.367765047194884
0.366422278772738
0.365127691703305
0.363881941243174
0.362685399916979
0.36153816222117
0.36044005116454
0.359390626609376
0.358389195364834
0.357434822972155
0.356526347109729
0.355662392534914
0.354841387468909
0.354061581321062
0.353321063639715
0.352617784168218
0.351949573877064
0.351314166836319
0.350709222786641
0.350132350262273
0.349581130115489
0.349053139289059
0.348545974681435
0.348057276948531
0.347584754086188
0.347126204638657
0.346679540380699
0.34624280832418
0.345814211904264
0.345392131205478
0.344975142094003
0.344562034129428
0.344151827136932
0.343743786329282
0.343337435877132
0.342932570835851
0.342529267347319
0.342127891045878
0.341729103608686
0.341333867402183
0.340943448187967
0.340559415863247
0.340183643222864
0.339818302741816
0.339465861388995
0.339129073494552
0.338810971704738
0.338514856069254
0.338244281316955
0.338003042386176
0.337795158285849
0.337624854373047
0.33749654314137
0.337414803622847
0.337384359513567
0.337410056140114
0.337496836390019
0.337649715734837
0.337873756479049
0.338174041371833
0.338555646721782
0.339023615156865
0.339582928173352
0.340238478618088
0.3409950432483
0.34185725551222
0.342829578692117
0.343916279548898
0.345121402604311
0.346448745192968
0.347901833411943
0.349483899090612
0.35119785789775
0.353046288696701
0.355031414252734
0.357155083389551
0.359418754684349
0.361823481782899
0.364369900407883
0.367058217125162
0.369888199923955
0.372859170657917
0.375969999385104
0.379219100635612
0.382604431626508
0.38612349243448
0.389773328127465
0.393550532847475
0.397451255827884
0.401471209319677
0.405605678392576
0.409849532568639
0.414197239237829
0.418642878797297
0.423180161448676
0.427802445580566
0.432502757656701
0.437273813523959
0.44210804104846
0.446997603982568
0.451934426960581
0.456910221516339
0.461916513011951
0.466944668363235
0.47198592444438
0.477031417051797
0.482072210305013
0.487099326360932
0.492103775316722
0.49707658517607
0.502008831753498
0.506891668391951
0.511716355369839
0.516474288875216
0.521157029426764
0.525756329623742
0.530264161110001
0.534672740640603
0.538974555143478
0.543162385672879
0.547229330156193
0.551168824840835
0.55497466435359
0.558641020290745
0.562162458263727
0.565533953331699
0.568750903759591
0.571809143047462
0.574704950184662
0.577435058090253
0.57999666020922
0.58238741524238
0.584605449996388
0.586649360348873
0.588518210332502
0.59021152935053
0.591729307545255
0.593071989349558
0.59424046526048
0.5952360618824
0.596060530295849
0.596716032816301
0.59720512821528
0.597530755483895
0.597696216226278
0.597705155777446
0.597561543146623
0.597269649893216
0.596834028048116
0.596259487198048
0.595551070855016
0.59471403223664
0.593753809586178
0.592676001163368
0.591486340038759
0.590190668824986
0.588794914478454
0.587305063304056
0.585727136293927
0.584067164928786
0.582331167567137
0.580525126543515
0.578654966092111
0.57672653120642
0.574745567539208
0.572717702439942
0.570648427219094
0.568543080720285
0.566406834272314
0.564244678083574
0.562061409131483
0.559861620589182
0.557649692821193
0.55542978596881
0.553205834135051
0.550981541167879
0.548760378029371
0.546545581727551
0.544340155776822
0.542146872142469
0.539968274614541
0.537806683546738
0.535664201886771
0.533542722416062
0.53144393610878
0.529369341512997
0.527320255050439
0.525297822125722
0.523303028931408
0.521336714831477
0.519399585203169
0.51749222461537
0.515615110221079
0.51376862524174
0.511953072422608
0.510168687340575
0.508415651449234
0.506694104750158
0.505004157984525
0.503345904245234
0.501719429916421
0.500124824854867
0.498562191735913
0.49703165449537
0.495533365808112
0.49406751355381
0.492634326230256
0.491234077285008
0.489867088346469
0.488533731345967
0.487234429532767
0.485969657394179
0.484739939502899
0.483545848323366
0.482388001018125
0.481267055303893
0.480183704415153
0.479138671240562
0.478132701704207
0.477166557469728
0.476241008050468
0.47535682241312
0.474514760165732
0.473715562423447
0.472959942446905
0.47224857614892
0.471582092564751
0.470961064380154
0.470385998609368
0.469857327512317
0.46937539983664
0.468940472465806
0.468552702549411
0.46821214018611
0.467918721723316
0.467672263731102
0.467472457700536
0.467318865509269
0.467210915689408
0.467147900524914
0.467128973997745
0.467153150594074
0.467219304974034
0.467326172500774
0.467472350617151
0.46765630105127
0.467876352825309
0.468130706035769
0.468417436367445
0.468734500298152
0.469079740946502
0.469450894510964
0.469845597244952
0.470261392909918
0.470695740646257
0.47114602320038
0.471609555445514
0.472083593133608
0.472565341816227
0.473051965873375
0.473540597590858
0.474028346228966
0.474512307027969
0.474989570098996
0.475457229152435
0.475912390019815
0.476352178929285
0.476773750499169
0.477174295418608
0.477551047788922
0.477901292104035
0.478222369852949
0.478511685731889
0.478766713458197
0.47898500118241
0.479164176499025
0.479301951060315
0.479396124801111
0.479444589785679
0.479445333690675
0.479396442940653
0.479296105514683
0.479142613444301
0.478934365024282
0.478669866758556
0.47834773506403
0.477966697755101
0.477525595331285
0.477023382089655
0.476459127082727
0.475832014941028
0.475141346577913
0.474386539792279
0.473567129782679
0.472682769584038
0.471733230435702
0.470718402087038
0.469638293044185
0.468493030758971
0.467282861758432
0.466008151710866
0.464669385421979
0.463267166752443
0.461802218446105
0.460275381856282
0.45868761655596
0.457039999816383
0.4553337259375
0.453570105412993
0.451750563912223
0.449876641061347
0.447949989006124
0.445972370739543
0.443945658178342
0.441871829973741
0.439752969043322
0.437591259812827
0.435388985158862
0.433148523045842
0.430872342853215
0.428563001391808
0.426223138611147
0.423855473002748
0.421462796707586
0.419047970339237
0.416613917537468
0.414163619270305
0.411700107905809
0.409226461077843
0.406745795373044
0.404261259868938
0.401776029555617
0.399293298675637
0.396816274018685
0.394348168209195
0.391892193026253
0.389451552796033
0.387029437897369
0.384629018421122
0.382253438023535
0.379905808012903
0.377589201707562
0.375306649101425
0.373061131871101
0.370855578755986
0.368692861339693
0.366575790257771
0.364507111852861
0.362489505294366
0.360525580175292
0.358617874594297
0.356768853726115
0.35498090887853
0.353256357028967
0.351597440828562
0.350006329056437
0.348485117501767
0.347035830246191
0.34566042131432
0.344360776655412
0.343138716414966
0.341995997450946
0.340934316045691
0.33995531076136
0.339060565383987
0.338251611898977
0.337529933439185
0.336896967145575
0.336354106879926
0.335902705729157
0.335544078241553
0.335279502336516
0.335110220831505
0.335037442532405
0.335062342836864
0.335186063803951
0.335409713647922
0.335734365618864
0.336161056238427
0.336690782864819
0.337324500567551
0.338063118299155
0.338907494358078
0.339858431144203
0.340916669215885
0.342082880664893
0.343357661833227
0.344741525403328
0.346234891900606
0.347838080654498
0.349551300271293
0.351374638678666
0.353308052808226
0.355351357988286
0.357504217124486
0.359766129750797
0.362136421037674
0.364614230847825
0.367198502932977
0.369887974367307
0.37268116531472
0.3755763692279
0.378571643577085
0.381664801205681
0.384853402408327
0.388134747824626
0.3915058722387
0.394963539370882
0.398504237743295
0.402124177695845
0.40581928962325
0.409585223497263
0.413417349731149
0.417310761435943
0.421260278109956
0.425260450794583
0.429305568720677
0.433389667460692
0.437506538592526
0.44164974087154
0.445812612897727
0.449988287255412
0.454169706093387
0.458349638103937
0.462520696849972
0.466675360380455
0.47080599206557
0.47490486257466
0.478964172911961
0.482976078417604
0.486932713634257
0.490826217933259
0.494648761788145
0.498392573578098
0.502049966799185
0.505613367557199
0.509075342212635
0.512428625045704
0.515666145807468
0.518781057022046
0.521766760904532
0.524616935759664
0.527325561727487
0.5298869457442
0.532295745589072
0.534546992891756
0.536636114978492
0.538558955440538
0.540311793313739
0.541891360764276
0.543294859182498
0.544519973594061
0.54556488530557
0.546428282710289
0.547109370188385
0.547607875045419
0.547924052442433
0.548058688280884
0.548013100015846
0.547789135381229
0.547389169021238
0.54681609703281
0.546073329434302
0.545164780586149
0.544094857599568
0.542868446779524
0.541490898158064
0.539968008183744
0.538306000642067
0.536511505890668
0.534591538501286
0.532553473408368
0.530405020671319
0.528154198964044
0.525809307911297
0.523378899396599
0.520871747970957
0.518296820495345
0.515663245152865
0.51298027996864
0.510257280976878
0.507503670175058
0.504728903404963
0.501942438299225
0.49915370243023
0.49637206179563
0.493606789771419
0.490867036659499
0.488161799951979
0.485499895429167
0.482889929202322
0.480340270805845
0.477859027436696
0.475454019431561
0.473132757064603
0.47090241874074
0.468769830651158
0.466741447949455
0.46482333749833
0.463021162228215
0.461340167140776
0.459785166981739
0.458360535599242
0.45707019699576
0.455917618073797
0.454905803067897
0.454037289648289
0.45331414667452
0.452737973570918
0.452309901289645
0.452030594821401
0.451900257208703
0.45191863501191
0.452085025173982
0.452398283226217
0.452856832773967
0.453458676198617
0.454201406509794
0.455082220279994
0.456097931592426
0.457244986931933
0.458519480948281
0.459917173020947
0.461433504554688
0.463063616935633
0.464802370078418
0.466644361495857
0.468583945823878
0.470615254735849
0.472732217181967
0.474928579891064
0.477197928073957
0.479533706269303
0.481929239274799
0.484377753108462
0.486872395946638
0.489406258987225
0.49197239718849
0.494563849835604
0.497173660888786
0.4997948990686
0.502420677635562
0.505044173822735
0.507658647881437
0.510257461701613
0.512834096969677
0.515382172827978
0.517895463001167
0.520367912355995
0.522793652862139
0.525167018922816
0.527482562045032
0.52973506482041
0.531919554188687
0.534031313957083
0.536065896549946
0.538019133964298
0.539887147908172
0.541666359099998
0.543353495708697
0.544945600915642
0.546440039581231
0.547834504000472
0.549127018733763
0.550315944500874
0.551399981128117
0.552378169540708
0.553249892794457
0.554014876143158
0.554673186140328
0.555225228776348
0.555671746654482
0.556013815211792
0.556252837993535
0.556390540992229
0.556428966065262
0.556370463447609
0.556217683378913
0.555973566866945
0.555641335612147
0.555224481120726
0.55472675303641
0.554152146723681
0.553504890137921
0.552789430020462
0.55201041745905
0.551172692856672
0.55028127035404
0.549341321753265
0.548358159992422
0.547337222222708
0.546284052541802
0.545204284438776
0.544103623007494
0.542987826986898
0.541862690687767
0.54073402586667
0.539607643608607
0.53848933628056
0.537384859618509
0.536299915010724
0.535240132040021
0.534211051347366
0.533218107878646
0.532266614575498
0.531361746570015
0.530508525941635
0.529711807092849
0.528976262798294
0.52830637097948
0.527706402254777
0.527180408311353
0.526732211142529
0.526365393190529
0.526083288430796
0.525888974430015
0.52578526540565
0.525774706310306
0.525859567959427
0.526041843215925
0.526323244240188
0.526705200808681
0.527188859698944
0.527775085133372
0.528464460268622
0.529257289712006
0.530153603040707
0.531153159294274
0.532255452405479
0.53345971752948
0.534764938226241
0.536169854446371
0.537672971266075
0.539272568312715
0.540966709818622
0.542753255237352
0.544629870353532
0.54659403881483
0.548643074012497
0.550774131235274
0.552984220020394
0.555270216624872
0.557628876540266
0.560056846974698
0.562550679227074
0.565106840880172
