0.77409392033056
0.775038993360359
0.776027504338005
0.777049049269466
0.77809305950361
0.779148873684905
0.78020579015985
0.781253101251637
0.78228011188558
0.78327614591833
0.784230544156116
0.785132658417087
0.785971846094604
0.786737469523894
0.787418904071337
0.788005558294324
0.78848690880955
0.788852551712714
0.789092271567071
0.789196128171796
0.789154560575541
0.788958507146904
0.788599539970126
0.788070011406819
0.787363210345976
0.786473525437913
0.785396612448533
0.784129562749747
0.782671069851428
0.781021590754747
0.779183498748349
0.777161224069342
0.774961378614218
0.772592860626282
0.770066935033646
0.767397284902757
0.764600029351467
0.761693703280823
0.758699194483148
0.755639634107255
0.752540237141481
0.749428090529493
0.746331887763329
0.743281610284631
0.740308157730467
0.737442930927402
0.734717373492481
0.732162479854958
0.729808279371551
0.727683307871026
0.725814079333817
0.724224571400951
0.722935738939739
0.72196506991744
0.721326197317351
0.721028579770104
0.721077261988504
0.721472724036071
0.722210826000462
0.723282851876748
0.724675653500966
0.72637189233025
0.728350373864024
0.730586466660187
0.733052595330804
0.73571879469899
0.738553310539243
0.741523231062861
0.744595132580226
0.747735722581731
0.75091246381546
0.754094163769675
0.757251515241914
0.760357575331869
0.763388172161148
0.766322230823927
0.769142012431662
0.771833262558149
0.774385267848509
0.776790821963654
0.779046104334403
0.781150477348033
0.783106209543211
0.784918134112254
0.78659325347331
0.78814030185527
0.789569278715036
0.790890966364201
0.792116445408327
0.793256621489063
0.79432177636505
0.795321155575584
0.796262603812586
0.797152257701194
0.797994303986392
0.798790809181561
0.799541624603781
0.800244368458624
0.800894484310736
0.801485372958614
0.802008592499363
0.802454119299172
0.802810660752528
0.803066009186389
0.80320742510341
0.803222037207292
0.80309724634373
0.802821120635789
0.802382769687222
0.801772686747078
0.800983049131447
0.800007968924415
0.798843687957519
0.797488713211559
0.795943891006538
0.794212420551915
0.792299809529554
0.790213776291021
0.787964104894794
0.785562460526328
0.783022173790085
0.780358002910633
0.777585883021831
0.774722671469808
0.771785897435523
0.768793523240608
0.765763723493903
0.762714686833153
0.759664443491343
0.756630720346889
0.753630823577295
0.750681547598231
0.747799107697433
0.744999092718309
0.742296433351671
0.739705381081889
0.737239492617601
0.734911614714129
0.73273386464862
0.730717602211014
0.728873389885567
0.727210938872034
0.725739039680883
0.724465477178313
0.723396931100044
0.722538864145694
0.721895400761033
0.721469200572952
0.721261331129236
0.721271145088652
0.721496167292415
0.721931997220902
0.72257223220324
0.723408416413699
0.724430020175377
0.725624453421432
0.726977116363143
0.728471489510561
0.730089264213969
0.731810513870718
0.73361390489877
0.735476945539854
0.737376269543673
0.739287950820245
0.741187844248267
0.743051947010353
0.744856774106753
0.746579741093369
0.748199546612546
0.749696546951227
0.751053114685251
0.752253973464096
0.753286501168973
0.754140994047302
0.754810884992711
0.755292909900754
0.755587216979011
0.755697415011389
0.755630557847666
0.755397063780467
0.755010569945591
0.754487723394791
0.753847911995243
0.753112939757533
0.752306652534791
0.75145452122325
0.750583190588025
0.749720002604086
0.74889250371748
0.748127945683177
0.74745278962229
0.746892222673223
0.746469696109858
0.746206493095665
0.746121333373589
0.746230021200655
0.746545141768588
0.747075810252155
0.747827476537259
0.748801787637553
0.749996508841095
0.751405503758591
0.75301877268426
0.754822548032874
0.756799445076759
0.758928665762354
0.761186253018908
0.763545392659864
0.765976759695866
0.768448905602632
0.770928682794058
0.773381702221459
0.775772819639096
0.778066645635527
0.780228074028032
0.7822228226592
0.784017980033668
0.785582550609512
0.786887990939936
0.787908728279664
0.788622652764318
0.789011573880636
0.78906163171265
0.788763653414898
0.788113445566623
0.78711201353353
0.785765699731108
0.784086233761026
0.782090688782996
0.77980134017836
0.777245424533745
0.774454799183336
0.77146550494205
0.768317237170959
0.765052732861027
0.761717083913355
0.758356989140443
0.75501995961924
0.751753493802454
0.748604240157443
0.745617165982212
0.742834751392641
0.740296227250872
0.738036875001082
0.736087405008394
0.734473428096041
0.733215032604102
0.732326476529564
0.731816001248113
0.731685770071601
0.731931931577543
0.732544804376489
0.733509176874393
0.734804712746359
0.736406450358021
0.738285382326408
0.740409099858162
0.742742485471301
0.745248437206049
0.747888607446457
0.750624139972154
0.753416389784905
0.756227611539179
0.759021603970925
0.761764299480001
0.764424289894549
0.766973281349914
0.769386473079021
0.771642856676542
0.773725434022088
0.775621353500821
0.777321965433556
0.77882279872838
0.780123461712011
0.781227470921898
0.782142012376252
0.782877640527656
0.78344792078252
0.783869022162198
0.784159267409535
0.784338648610281
0.784428317189894
0.784450057933961
0.784425757421456
0.784376877898341
0.784323948090629
0.784286082693468
0.784280542211172
0.784322344405737
0.784423937795924
0.784594946412118
0.784841993353907
0.785168608643392
0.785575224469686
0.786059258256536
0.786615281155338
0.78723526668772
0.787908911464458
0.788624017324102
0.789366921995112
0.790122963607494
0.790876963162714
0.791613708487141
0.792318423286272
0.792977205692357
0.793577422128659
0.794108044336713
0.794559919933949
0.794925969766605
0.795201308455341
0.795383287744786
0.795471465406058
0.795467505351413
0.795375017164768
0.795199345314919
0.79494731981187
0.794626980935605
0.794247290890916
0.793817844837463
0.793348592760817
0.792849582168152
0.792330729716243
0.791801627732489
0.791271389304455
0.790748533324695
0.790240908713528
0.789755655117288
0.789299195787283
0.788877257153784
0.788494908859608
0.788156617719184
0.787866309201929
0.787627430557013
0.787443010531376
0.787315711698326
0.787247872613948
0.787241538253343
0.787298478352593
0.787420194310124
0.787607916113823
0.787862591309757
0.788184868290378
0.788575076155243
0.789033203110575
0.789558874872112
0.790151333883302
0.790809419434876
0.791531548055267
0.79231569291651
0.793159360542096
0.794059562872957
0.795012782787506
0.796014931501114
0.797061296883984
0.798146482603659
0.799264339065221
0.800407888314565
0.801569246299029
0.802739547047681
0.803908874341643
0.805066207200258
0.806199385931489
0.807295105524355
0.808338942761012
0.809315422587802
0.810208128028547
0.81099985629858
0.811672821858996
0.812208905033719
0.812589942608658
0.812798054662911
0.812815999867925
0.812627549746738
0.81221787101343
0.811573904194516
0.810684726326921
0.809541885661246
0.808139696975341
0.806475487293959
0.804549783460996
0.802366435043609
0.799932668365672
0.797259069961504
0.794359500291838
0.791250941053582
0.787953281727889
0.784489053042335
0.780883116681419
0.77716232179248
0.773355139549807
0.769491287229878
0.76560135291137
0.761716431065366
0.757867777988587
0.754086494322119
0.750403239876622
0.746847983755321
0.743449790443786
0.740236640243652
0.737235280291273
0.734471100543267
0.731968027640425
0.729748428574472
0.727833015651562
0.726240744417269
0.724988696993782
0.724091944660002
0.723563385422938
0.723413554693541
0.723650409870278
0.724279092502158
0.725301674584093
0.726716898257099
0.728519920570225
0.730702076848632
0.733250677463044
0.736148853301838
0.73937546493943
0.742905089349558
0.746708096053218
0.75075082188945
0.754995850268042
0.759402396959073
0.763926800376642
0.768523110122689
0.773143763477113
0.777740335752129
0.782264347153558
0.786668106163258
0.790905567592018
0.794933182426119
0.798710716433187
0.802202015189272
0.805375694683068
0.808205738852427
0.810671988192385
0.81276050680266
0.81446381876617
0.815781008417976
0.81671768273378
0.817285797611319
0.817503353129908
0.817393965870062
0.81698632899871
0.816313573042432
0.815412542069793
0.81432300139072
0.813086793875819
0.811746962630132
0.810346858056066
0.808929247340428
0.807535444127962
0.806204475618992
0.804972303564974
0.803871114638455
0.802928694422673
0.802167897796226
0.801606226774591
0.801255524909461
0.801121795141629
0.801205145564846
0.801499864909774
0.801994626735305
0.802672818370049
0.803512987644962
0.804489397477513
0.805572675497995
0.806730543247041
0.807928607121268
0.809131191301492
0.810302191459201
0.811405927184688
0.812407970880221
0.813275931358545
0.813980171599573
0.814494442036679
0.814796413328169
0.814868095748061
0.814696136002313
0.814271986314228
0.81359194487579
0.812657071063521
0.811472982992475
0.810049548853683
0.808400486880258
0.806542891563917
0.804496705770643
0.802284159588407
0.799929197027063
0.797456911069581
0.79489300607868
0.792263304271927
0.789593310011061
0.786907842162394
0.784230740957203
0.781584651813809
0.77899088468308
0.776469343847672
0.774038519926837
0.771715533270189
0.769516216085818
0.767455219617548
0.765546132492348
0.763801596982237
0.762233411299087
0.760852608056586
0.759669501548
0.75869369933248
0.757934076613774
0.757398714847833
0.757094808753706
0.757028548268217
0.757204983851188
0.757627884821111
0.758299601027977
0.75922093813784
0.76039105613996
0.761807399455338
0.763465665318375
0.765359815037394
0.767482130444969
0.769823315461248
0.772372640345601
0.775118124026592
0.77804674798338
0.78114469358826
0.784397593671242
0.787790788369533
0.791309575089868
0.794939442629484
0.798666280143373
0.802476552666411
0.806357436243511
0.810296907325404
0.814283782885052
0.818307709631561
0.822359102678156
0.826429035994165
0.830509088878048
0.834591154473375
0.838667217960668
0.84272911344785
0.846768269707384
0.850775455730067
0.854740537549721
0.858652257911129
0.862498050083941
0.866263896454776
0.869934241455625
0.873491966918224
0.876918436104383
0.880193610489428
0.883296240923917
0.886204132136914
0.888894476756787
0.891344252209545
0.893530671117025
0.895431673270539
0.897026445014043
0.898295950044551
0.899223454327093
0.899795027112152
0.9
0.899831366657693
0.899286107170685
0.898365423079969
0.89707487186245
0.89542439286953
0.893428220429469
0.89110468379984
0.888475897764346
0.88556735172752
0.882407408991182
0.879026731322142
0.875457646779487
0.871733480922451
0.867887872857342
0.863954098032648
0.859964419225707
0.855949485797158
0.851937799081131
0.847955258832483
0.844024802108603
0.840166141994394
0.836395609379802
0.832726096776072
0.829167099117633
0.825724842837994
0.822402491406302
0.819200413110655
0.816116495280239
0.81314648841083
0.810284363808539
0.80752266935716
0.804852869760554
0.802265659986961
0.799751243486774
0.797299569884409
0.794900530060606
0.792544109644604
0.79022050473761
0.787920206023683
0.785634059157388
0.78335331035562
0.781069646415964
0.778775237936464
0.776462793370487
0.774125629809301
0.771757764175964
0.769354025999203
0.766910190296215
0.764423126516814
0.761890957171529
0.759313217848725
0.756691008958798
0.754027128827662
0.751326177754341
0.748594623358568
0.745840818935905
0.743074968527315
0.740309034874959
0.737556589223009
0.734832604857168
0.732153199176291
0.729535331773379
0.726996468305979
0.724554221717259
0.722225983523114
0.720028558342141
0.717977814593558
0.716088363346813
0.714373275742303
0.712843847318967
0.711509415114997
0.710377230706724
0.709452389582169
0.708737814573806
0.708234288652907
0.707940530348816
0.70785330350632
0.707967552105577
0.70827655047836
0.708772059460923
0.709444479791625
0.710282995322807
0.711275700277385
0.712409706727758
0.713671230582836
0.715045656508976
0.716517584256717
0.718070860702245
0.719688603441389
0.721353222916416
0.723046450757254
0.724749382249426
0.726442540596656
0.728105969945935
0.729719363027645
0.731262227791707
0.73271409566549
0.734054772103056
0.735264628026593
0.736324928669376
0.737218194302824
0.737928585450028
0.738442303527838
0.738747996481934
0.738837157934641
0.738704507690657
0.738348341164671
0.737770835416601
0.736978300001344
0.735981361744356
0.734795073815151
0.73343894105085
0.731936855336616
0.730316936927715
0.728611279843382
0.726855601817043
0.725088801690754
0.723352429534563
0.721690077095577
0.720146698381463
0.718767872206567
0.717599020327695
0.716684596326875
0.716067261621025
0.71578706585913
0.715880649477247
0.716380486297208
0.717314183758899
0.718703857658193
0.720565597120353
0.722909033977877
0.725737028758212
0.729045483146799
0.732823286112603
0.737052397916563
0.741708073030568
0.74675921964934
0.752168890064526
0.757894892782529
0.763890514004559
0.770105333051697
0.776486113611476
0.782977750402987
0.78952424909353
0.796069716126855
0.802559334599891
0.808940302489751
0.815162710401207
0.821180337567321
0.8269513470575
0.832438863968205
0.837611423708223
0.842443281238832
0.846914576168015
0.851011352793397
0.854725438399945
0.858054187203065
0.861000101147349
0.863570342197397
0.865776153676574
0.86763221052861
0.869155920025234
0.870366695376078
0.871285224897499
0.87193275887474
0.87233043504284
0.872498661775634
0.872456575688929
0.872221587529646
0.871809027044837
0.871231894117083
0.870500719931409
0.869623538416009
0.868605964780422
0.867451374755521
0.866161175202515
0.86473515417179
0.863171896310942
0.861469247784914
0.859624813606331
0.857636469496041
0.855502870107073
0.85322393564584
0.850801299601031
0.848238701425354
0.845542309584342
0.842720962359538
0.839786316133732
0.836752893548937
0.833638026860083
0.830461694946034
0.827246255711257
0.824016078932804
0.820797087885602
0.817616221213915
0.81450082940344
0.811478022740899
0.808573989723869
0.80581330640988
0.803218258091046
0.800808194889401
0.798598942353024
0.796602286886511
0.794825553894187
0.793271293904383
0.791937088762132
0.79081548633685
0.78989406822486
0.789155650784304
0.788578615681854
0.788137362117631
0.78780286918096
0.787543353514281
0.787325004743013
0.787112779055053
0.786871229942801
0.786565354477066
0.786161433555955
0.785627845320854
0.784935832285701
0.784060204592028
0.78297996407143
0.781678836351243
0.780145700958377
0.778374912146359
0.776366505889085
0.774126291065813
0.771665825239995
0.769002277566291
0.766158183224254
0.76316109537341
0.760043141969946
0.756840495911026
0.753592767918576
0.75034233238342
0.747133597104432
0.744012228510794
0.741024344572996
0.738215688200856
0.735630794490413
0.733312165696714
0.731299468242457
0.729628766377656
0.728331807229081
0.727435371862069
0.726960706564379
0.726923047800592
0.727331253135454
0.728187548859986
0.729487403067905
0.731219530536051
0.7333660329973
0.735902675316394
0.738799294767519
0.742020337164649
0.745525510123064
0.749270540354132
0.753208018740102
0.757288314124645
0.761460534403538
0.76567351171095
0.769876787354558
0.774021571719888
0.778061654678128
0.781954243102579
0.785660703909679
0.789147193546607
0.792385157978855
0.795351690894935
0.798029741929138
0.800408171079339
0.802481650026711
0.80425041560327
0.805719885055869
0.80690014687916
0.807805344701218
0.808452974881677
0.80886312101745
0.8090576503582
0.809059398147723
0.808891366087298
0.808575960447671
0.808134293849398
0.807585572425607
0.806946587042661
0.806231323574266
0.805450703018581
0.804612457652201
0.803721144583108
0.802778293163001
0.801782677921436
0.800730704164572
0.799616889309687
0.798434419560232
0.797175758803954
0.79583328475206
0.794399926413621
0.792869777064089
0.791238657929354
0.789504609836173
0.78766829300523
0.785733278875415
0.783706222203606
0.781596906510805
0.779418161048361
0.777185652628753
0.774917560690471
0.772634148636886
0.770357248609129
0.768109680249957
0.765914626546613
0.763794991399929
0.761772764090339
0.759868415279627
0.758100347626808
0.75648442157864
0.755033573533133
0.753757539517657
0.75266269295206
0.751752000183686
0.751025092500875
0.750478448473538
0.750105675946668
0.749897879022378
0.749844092080826
0.749931760450221
0.750147245842195
0.750476334178675
0.750904723961219
0.751418474838033
0.752004398426534
0.752650376628168
0.753345596469043
0.754080694728924
0.754847810076868
0.755640544900327
0.756453843283005
0.757283795454691
0.758127382324798
0.758982176272777
0.759846016092978
0.760716674812485
0.761591538997735
0.762467317165776
0.763339793089839
0.764203637247809
0.765052286550655
0.76587789897577
0.7666713860025
0.767422521994012
0.768120126075882
0.768752308796758
0.769306773065899
0.769771156660783
0.770133402064101
0.770382138563246
0.770507061428087
0.770499293538627
0.770351715994727
0.77005925591047
0.769619121661392
0.769030978187963
0.768297057434307
0.767422201492865
0.76641383842071
0.765281892896131
0.764038635820312
0.762698478587674
0.761277719022161
0.759794246900429
0.758267217570693
0.75671670245742
0.755163325257128
0.753627892424855
0.752131026170586
0.750692807672808
0.749332437608427
0.748067920421545
0.746915778025638
0.745890797862842
0.74500581943128
0.744271562532751
0.743696499582917
0.743286773360489
0.743046160551653
0.742976080379444
0.743075646512816
0.74334175935427
0.743769234745348
0.744350964150884
0.745078100535193
0.745940263477181
0.746925756633938
0.748021790493556
0.749214703485056
0.750490174948552
0.751833424205589
0.753229390982236
0.754662893680751
0.756118763406882
0.757581953162273
0.759037623118944
0.760471204315031
0.761868444360518
0.763215439739318
0.764498659975558
0.765704969252607
0.766821651011938
0.767836440619607
0.76873757040075
0.769513830260784
0.770154645810129
0.770650174476304
0.77099141862126
0.7711703532823
0.771180064915632
0.771014896523717
0.770670593853432
0.770144447001032
0.769435421765113
0.76854427543692
0.767473652369773
0.766228155565581
0.764814391579148
0.76324098718287
0.761518577364819
0.759659765266073
0.757679055523711
0.755592763116749
0.753418900178038
0.751177043324993
0.74888818389026
0.746574563038287
0.74425949319364
0.741967166555476
0.739722450812389
0.737550671587417
0.735477380713525
0.73352810923277
0.731728104077485
0.730102047757202
0.728673761044584
0.727465889606166
0.726499576714535
0.725794125542395
0.725366655994112
0.725231762484597
0.725401180431918
0.725883470393573
0.726683729659412
0.727803341642067
0.729239773520917
0.730986432260858
0.733032588327085
0.735363375158948
0.737959870778533
0.740799265841753
0.74385512005774
0.747097706286601
0.750494438867688
0.754010379928838
0.757608814683921
0.761251884143753
0.764901261343253
0.768518855218502
0.772067524734876
0.775511784843461
0.778818485384771
0.781957444206718
0.784902016539108
0.78762958406986
0.790121949176688
0.792365622336614
0.794351993796059
0.796077384044997
0.797542971388366
0.798754598817204
0.799722466308258
0.800460718473268
0.800986940984882
0.801321582277207
0.801487319519229
0.801508389671925
0.801409907473675
0.801217192394241
0.800955125931751
0.800647559115446
0.800316787774922
0.799983110137989
0.799664477753212
0.799376246758078
0.799131032310229
0.798938664761251
0.798806242077457
0.798738269290427
0.798736872565096
0.798802072951787
0.79893210315292
0.799123749756522
0.799372703393456
0.799673900143375
0.800021839180427
0.800410864006518
0.800835397524989
0.801290124490627
0.801770118345126
0.802270912915134
0.802788522721369
0.803319418544502
0.803860467263439
0.804408846702916
0.804961947217468
0.80551727195739
0.806072347213481
0.806624652967992
0.807171581876579
0.807710432491928
0.808238439763167
0.80875284287472
0.809250987501585
0.809730456733342
0.810189222424867
0.810625806718002
0.811039442069241
0.811430217405259
0.811799198065001
0.812148507987899
0.812481364145681
0.812802055422936
0.813115860925336
0.813428905898033
0.81374795690848
0.814080161508194
0.814432741047591
0.814812648488269
0.815226205758575
0.815678737270674
0.816174217527945
0.816714951202725
0.817301303599831
0.817931498029799
0.818601494333531
0.819304959709897
0.820033339226693
0.820776029108508
0.821520651288915
0.82225342300698
0.822959610647889
0.823624052802235
0.824231733862461
0.82476838657797
0.825221100007185
0.825578908346115
0.825833336239711
0.825978877401234
0.826013385628663
0.825938360516186
0.825759114166624
0.825484809831915
0.825128368429214
0.824706244067977
0.824238074841789
0.823746219958006
0.823255198587827
0.822791049437913
0.822380632828271
0.822050898909997
0.821828146517727
0.821737297020242
0.821801206449619
0.822040037237125
0.82247070818061
0.823106437959122
0.823956393760345
0.825025452569835
0.826314078563477
0.827818316014885
0.829529893331928
0.831436430405857
0.833521738502936
0.835766199535457
0.838147209771851
0.840639671911608
0.843216518960454
0.845849253471029
0.848508486418702
0.851164461197994
0.853787549874286
0.856348710819683
0.858819899105244
0.86117442341522
0.863387245692938
0.865435222126221
0.867297286342115
0.86895457772451
0.870390519523
0.871590852829766
0.872543633520991
0.873239199864645
0.873670118679354
0.873831117699381
0.873719011186078
0.873332624870862
0.872672725078258
0.871741955431699
0.870544782971061
0.869087453896609
0.867377957587896
0.865425996114795
0.863242955240446
0.860841871981151
0.858237393189961
0.855445719405392
0.852484528371291
0.849372873184656
0.846131050941194
0.842780438979819
0.839343297316705
0.835842537531995
0.832301460143215
0.828743464278246
0.825191735156251
0.821668916409755
0.818196775556239
0.814795871886721
0.811485236631057
0.808282075452464
0.805201503103752
0.802256319451272
0.799456835064597
0.796810753222448
0.794323113554356
0.791996300689935
0.789830119297444
0.787821934837711
0.785966877314932
0.784258103344801
0.782687110048122
0.781244092670339
0.779918336469304
0.778698632338347
0.777573704860969
0.776532641037913
0.775565307787975
0.774662746493338
0.773817533324709
0.77302409482263
0.772278969206899
0.771581005112347
0.770931490880562
0.770334209147218
0.769795413225723
0.769323723670528
0.768929945376141
0.768626807595751
0.768428631307871
0.768350930377759
0.768409954905339
0.768622186971881
0.769003800639786
0.769570099468009
0.770334945925237
0.771310197862232
0.772505167598241
0.77392611914708
0.775575818631266
0.777453151996198
0.779552822745611
0.781865140596539
0.784375909736548
0.787066422815059
0.789913563987193
0.79289002133904
0.795964605954566
0.799102671839998
0.802266628007231
0.80541653133726
0.808510746494374
0.811506657227426
0.814361411945792
0.817032685546302
0.819479439123726
0.821662659429077
0.823546060731875
0.825096733056811
0.826285722543855
0.827088531847811
0.827485530958423
0.827462271485765
0.827009700212932
0.826124270464541
0.824807952475783
0.823068146382986
0.820917503616996
0.818373664306117
0.815458919745951
0.812199810049573
0.808626667753198
0.804773118438726
0.800675549380324
0.796372556875641
0.791904382340172
0.787312346487692
0.782638290052327
0.777924028587164
0.773210827951124
0.768538906210712
0.763946966865185
0.759471767568272
0.755147727870824
0.7510065789391
0.74707705769693
0.743384647374979
0.739951366002552
0.736795603923461
0.733932010938159
0.731371433156713
0.729120899086814
0.727183653882524
0.725559240056496
0.724243622332356
0.723229353712132
0.722505779286041
0.722059273848725
0.721873509033515
0.721929745454316
0.72220714526376
0.722683100595906
0.723333573549545
0.724133443660111
0.725056859170361
0.726077588800633
0.727169371093057
0.728306258714842
0.729462955312348
0.730615142577642
0.731739795102675
0.732815480348886
0.733822640665607
0.734743853780668
0.735564067610321
0.736270804656787
0.736854330755092
0.737307782576803
0.737627248176647
0.737811795051485
0.737863440728869
0.737787061853179
0.737590239105268
0.737283037061232
0.736877720221706
0.736388408848172
0.735830680822362
0.735221128370428
0.734576881019684
0.733915108428148
0.733252518592801
0.732604868258978
0.731986502999591
0.731409944318088
0.730885540200263
0.730421193788396
0.730022182314364
0.729691075191238
0.729427756354339
0.729229551730032
0.729091458290556
0.729006466741908
0.72896596571193
0.728960211573708
0.728978844952702
0.729011432691104
0.729048012705283
0.729079618848753
0.729098763607534
0.729099858176304
0.729079552109035
0.729036978176316
0.728973892123495
0.728894701510249
0.72880638250701
0.728718288205564
0.728641856456065
0.728590229274847
0.728577799309055
0.728619701562725
0.728731270492254
0.728927483617362
0.729222412958817
0.729628704937674
0.730157107918612
0.730816064446257
0.731611382523764
0.732545997146725
0.733619829868789
0.734829750574577
0.736169642001486
0.737630564006341
0.739201011224391
0.740867254711328
0.742613755473232
0.744423635538848
0.746279190463269
0.748162425908022
0.750055600243277
0.751941754974555
0.753805215208432
0.755632043326902
0.757410430513743
0.759131012731376
0.760787100133183
0.762374811650815
0.76389310954257
0.765343731939326
0.766731024780501
0.768061677887977
0.769344373170455
0.770589355973327
0.771807943283046
0.773011984761838
0.774213294343653
0.775423071297762
0.776651330215931
0.777906359279277
0.779194225413098
0.780518343568414
0.781879125427145
0.78327372038442
0.78469585880466
0.786135804379001
0.787580419040296
0.789013340431454
0.790415268485283
0.791764354365501
0.793036681936065
0.794206829154153
0.795248494391754
0.796135170737701
0.796840849857008
0.797340736014346
0.797611950417178
0.797634206103906
0.797390434185966
0.796867343334351
0.796055895957365
0.794951686517639
0.793555209845911
0.791872010083127
0.789912703969347
0.787692875537381
0.785232842790693
0.782557300568315
0.779694847433176
0.776677407963489
0.773539565170635
0.770317820797145
0.767049803848748
0.763773449772443
0.760526174103965
0.75734406508341
0.754261119608443
0.751308545918261
0.748514154567594
0.745901856583013
0.743491284255897
0.741297545917204
0.739331121394655
0.737597899840743
0.736099356433672
0.734832859304398
0.733792093151109
0.732967581585093
0.732347286513079
0.731917259980417
0.731662322021932
0.731566737294835
0.731614863652557
0.731791747357275
0.732083642264231
0.732478433930423
0.732965954041986
0.73353817561463
0.734189284863332
0.73491563120406
0.735715562277188
0.736589155911167
0.737537865337518
0.73856409751842
0.739670746993457
0.740860709081811
0.742136396537698
0.743499282857465
0.744949493443886
0.746485462869394
0.748103672716538
0.749798480120593
0.751562042432614
0.753384338611295
0.755253283288539
0.757154925172378
0.75907371776071
0.760992847411954
0.762894601779322
0.764760760537715
0.766572990235128
0.76831322594915
0.769964024138346
0.77150887351883
0.772932453803895
0.774220835529938
0.775361617752885
0.776344003932209
0.777158819630901
0.777798478576642
0.778256906008434
0.778529429967
0.778612652209815
0.778504310718858
0.778203145339067
0.777708776995293
0.777021609276482
0.776142759066745
0.77507402048242
0.773817863792075
0.772377468405231
0.770756786562343
0.768960632176984
0.766994787485395
0.764866118837634
0.762582692179355
0.760153878553742
0.757590440298629
0.754904589493465
0.752110011566491
0.749221848722246
0.74625663989252
0.743232216135483
0.740167552685903
0.737082581070544
0.733997966728317
0.730934859306452
0.727914624150128
0.724958564392461
0.722087643438098
0.719322217497421
0.716681787178391
0.714184776016669
0.711848342285319
0.709688228560754
0.707718651437859
0.705952231604814
0.704399962334165
0.70307121244846
0.701973758096201
0.701113836332167
0.700496212619388
0.700124254015493
0.7
0.700124223634264
0.700496476981367
0.701115116375996
0.701977305122876
0.703078993392261
0.704414877332478
0.705978341585919
0.707761391331425
0.709754581549773
0.711946952306989
0.714325979387787
0.716877549537538
0.71958596887298
0.722434011725751
0.725403015353675
0.728473023692105
0.731622980750048
0.734830971532812
0.73807450565566
0.741330836264224
0.744577304651262
0.747791699191361
0.750952616013984
0.754039808275912
0.757034511013398
0.759919729348873
0.76268047925398
0.765303972050702
0.767779736255117
0.770099673099799
0.772258044961986
0.774251398820239
0.77607842961114
0.777739790820379
0.779237861700655
0.780576482069221
0.781760666638788
0.78279631124702
0.783689903175551
0.784448247022943
0.785078216378492
0.785586539917992
0.785979628607251
0.786263448562417
0.786443441888628
0.786524495607589
0.786510956688655
0.786406689302238
0.786215168787616
0.785939605520278
0.785583090908882
0.785148757162655
0.78463994224406
0.784060351542057
0.783414208239686
0.782706385069003
0.781942511103265
0.781129048383979
0.780273334470835
0.779383588387275
0.778468878866669
0.777539055238161
0.776604642684236
0.77567670491259
0.774766678474451
0.773886183993742
0.773046820413379
0.772259948987306
0.771536474125145
0.770886628312839
0.770319768177068
0.769844188332918
0.769466958963264
0.769193792145979
0.769028940805147
0.768975132859578
0.769033541731488
0.769203792923209
0.769484004938587
0.769870861487983
0.770359710738737
0.770944686416931
0.771618844880966
0.772374311908256
0.773202432881505
