-20,-0.92633744717571
-19.9839534357625,-0.905933226431276
-19.9674726438773,-0.885874871736715
-19.950584809553,-0.866160768504229
-19.933315213139,-0.84678893159853
-19.9156873394347,-0.827757122712315
-19.8977229902934,-0.809062943727347
-19.8794423972417,-0.790703909539119
-19.8608643317551,-0.77267750352228
-19.8420062115582,-0.754981218477638
-19.8228842018801,-0.737612585559518
-19.8035133110216,-0.720569193353265
-19.7839074799078,-0.703848698967579
-19.7640796655328,-0.687448832730621
-19.7440419183699,-0.671367397834183
-19.7238054539312,-0.655602266056187
-19.7033807187406,-0.640151370506583
-19.682777451026,-0.625012696182738
-19.6620047364648,-0.610184268984885
-19.6410710593239,-0.595664143727183
-19.6199843493351,-0.581450391582803
-19.5987520246369,-0.567541087319568
-19.5773810311007,-0.553934296613943
-19.5558778783395,-0.540628063673448
-19.5342486726823,-0.527620399349305
-19.5124991473738,-0.514909269880719
-19.4906346902414,-0.502492586378456
-19.4686603690528,-0.490368195127224
-19.4465809547666,-0.478533868762934
-19.4244009428645,-0.46698729836133
-19.402124572933,-0.455726086458316
-19.3797558466528,-0.444747741008814
-19.3572985443337,-0.434049670279905
-19.3347562401265,-0.423629178664828
-19.3121323160259,-0.413483463396922
-19.2894299747727,-0.403609612136522
-19.2666522517488,-0.394004601398862
-19.2438020259544,-0.384665295787171
-19.2208820301452,-0.375588447992058
-19.1978948602024,-0.366770699515962
-19.1748429837991,-0.358208582079717
-19.1517287484247,-0.349898519667101
-19.128554388819,-0.341836831162498
-19.1053220338662,-0.334019733536439
-19.0820337129925,-0.32644334553379
-19.0586913621082,-0.319103691819606
-19.0352968291315,-0.311996707538171
-19.0118518791265,-0.305118243241502
-18.988358199087,-0.298464070144442
-18.964817402394,-0.292029885664577
-18.9412310329717,-0.285811319206368
-18.9176005691656,-0.279803938150209
-18.8939274273646,-0.274003254008523
-18.8702129653857,-0.268404728712498
-18.8464584856393,-0.263003780994612
-18.8226652380923,-0.257795792833728
-18.7988344230429,-0.252776115931202
-18.7749671937209,-0.247940078188141
-18.7510646587277,-0.243282990155712
-18.7271278843247,-0.23880015143215
-18.7031578965843,-0.234486856981883
-18.6791556834098,-0.230338403354024
-18.6551221964363,-0.226350094779223
-18.6310583528188,-0.222517249125708
-18.6069650369157,-0.218835203697096
-18.5828431018762,-0.215299320856347
-18.5586933711356,-0.211904993461964
-18.5345166398272,-0.208647650104272
-18.5103136761138,-0.205522760131282
-18.4860852224469,-0.202525838455303
-18.4618319967553,-0.199652450133047
-18.4375546935704,-0.196898214713541
-18.41325398509,-0.194258810349603
-18.3889305221861,-0.191729977670104
-18.3645849353593,-0.189307523411548
-18.3402178356435,-0.186987323808791
-18.3158298154637,-0.184765327745907
-18.2914214494505,-0.182637559669288
-18.2669932952124,-0.180600122266108
-18.2425458940706,-0.178649198912155
-18.2180797717567,-0.176781055893878
-18.1935954390759,-0.174992044410188
-18.1690933925387,-0.173278602360177
-18.1445741149618,-0.171637255923408
-18.1200380760404,-0.170064620939855
-18.0954857328941,-0.16855740409684
-18.0709175305863,-0.167112403930558
-18.0463339026211,-0.165726511649837
-18.0217352714162,-0.164396711789834
-17.9971220487554,-0.163120082703265
-17.9724946362204,-0.161893796896624
-17.9478534256041,-0.160715121218607
-17.9231987993051,-0.159581416907657
-17.8985311307061,-0.158490139505205
-17.8738507845353,-0.157438838640747
-17.8491581172135,-0.15642515769449
-17.824453477186,-0.155446833342776
-17.7997372052413,-0.154501694991062
-17.7750096348164,-0.153587664098663
-17.750271092291,-0.15270275339902
-17.7255218972684,-0.151845066018738
-17.7007623628471,-0.151012794498178
-17.6759927958808,-0.150204219715962
-17.6512134972292,-0.149417709719345
-17.626424761999,-0.148651718462078
-17.6016268797766,-0.147904784451088
-17.5768201348518,-0.147175529303091
-17.552004806434,-0.146462656212092
-17.5271811688604,-0.145764948328642
-17.5023494917973,-0.145081267051738
-17.477510040435,-0.144410550234303
-17.4526630756752,-0.143751810303353
-17.4278088543135,-0.143104132296176
-17.4029476292152,-0.142466671814163
-17.3780796494861,-0.141838652896304
-17.3532051606381,-0.141219365814809
-17.3283244047497,-0.140608164795802
-17.3034376206217,-0.140004465668619
-17.2785450439292,-0.139407743447827
-17.2536469073685,-0.138817529852706
-17.2287434408008,-0.138233410769624
-17.2038348713921,-0.137655023663398
-17.178921423749,-0.137082054944405
-17.1540033200522,-0.136514237298892
-17.1290807801858,-0.135951346990593
-17.1041540218648,-0.135393201142354
-17.0792232607591,-0.134839655007082
-17.0542887106152,-0.134290599237837
-17.0293505833755,-0.133745957167354
-17.0044090892954,-0.133205682107688
-16.9794644370585,-0.132669754680963
-16.9545168338898,-0.132138180192458
-16.9295664856666,-0.131610986057361
-16.904613597029,-0.131088219292597
-16.8796583714877,-0.130569944085004
-16.8547010115312,-0.13005623944704
-16.8297417187317,-0.129547196970845
-16.8047806938498,-0.129042918691166
-16.7798181369384,-0.12854351506714
-16.7548542474456,-0.128049103092378
-16.7298892243172,-0.12755980454212
-16.7049232660988,-0.127075744365495
-16.6799565710368,-0.126597049230111
-16.6549457387253,-0.126088686840139
-16.6299349064138,-0.125515616878948
-16.6049240741024,-0.124877946668133
-16.5799132417909,-0.124175772496774
-16.5549024094794,-0.123409178987876
-16.529891577168,-0.122578238635735
-16.5048807448565,-0.121683011514614
-16.479869912545,-0.120723545158175
-16.4548590802336,-0.119699874608141
-16.4298482479221,-0.118612022629774
-16.4048374156106,-0.11746000009096
-16.3798265832992,-0.116243806500888
-16.3548157509877,-0.11496343070369
-16.3298049186762,-0.113618851721786
-16.3047940863648,-0.112210039743235
-16.2797832540533,-0.110736957246979
-16.2547724217418,-0.109199560259638
-16.2297615894304,-0.107597799737309
-16.2047507571189,-0.105931623065808
-16.1797399248074,-0.10420097567282
-16.1547290924959,-0.102405802745601
-16.1297182601845,-0.100546051048129
-16.104707427873,-0.0986216708319343
-16.0796965955615,-0.096632617835285
-16.0546857632501,-0.0945788553659056
-16.0296749309386,-0.092460356462951
-16.0046640986271,-0.0902771061345808
-15.9796532663157,-0.0880291036681079
-15.9546424340042,-0.0857163650103534
-15.9296316016927,-0.0833389252164971
-15.9046207693813,-0.0808968409663438
-15.8796099370698,-0.0783901931475475
-15.8545991047583,-0.0758190895058767
-15.8295882724469,-0.0731836673631136
-15.8045774401354,-0.0704840964035798
-15.7795666078239,-0.067720581530606
-15.7545557755125,-0.0648933657944673
-15.729544943201,-0.0620027333933939
-15.7045341108895,-0.0590490127492159
-15.6795232785781,-0.0560325796590165
-15.6545124462666,-0.0529538605238242
-15.6295016139551,-0.0498133356548854
-15.6044907816436,-0.0466115426573991
-15.5794799493322,-0.0433490798907944
-15.5544691170207,-0.0400266100036476
-15.5294582847092,-0.0366448635402286
-15.5044474523978,-0.0332046426143765
-15.4794366200863,-0.029706824645011
-15.4544257877748,-0.0261523661460304
-15.4294149554634,-0.0225423065617034
-15.4044041231519,-0.0188777721369012
-15.3793932908404,-0.0151599798096785
-15.354382458529,-0.0113902411118113
-15.3293716262175,-0.00756996606095407
-15.304360793906,-0.00370066702611113
-15.2793499615946,0.000216037453843299
-15.2543391292831,0.00417841892080518
-15.2293282969716,0.00818463534132721
-15.2043174646602,0.0122327275696581
-15.1793066323487,0.0163206159575397
-15.1542958000372,0.0204460971399536
-15.1292849677258,0.0246068410274396
-15.1042741354143,0.0288003880368594
-15.0792633031028,0.0330241465935422
-15.0542524707914,0.037275390938586
-15.0292416384799,0.04155125927569
-15.0042308061684,0.0458487522922426
-14.9792199738569,0.0501647320894575
-14.9542091415455,0.0544959215561522
-14.929198309234,0.0588389042202451
-14.9041874769225,0.0631901246112501
-14.8791766446111,0.0675458891659239
-14.8541658122996,0.0719023677077943
-14.8291549799881,0.0762555955295584
-14.8041441476767,0.0806014761052893
-14.7791333153652,0.0849357844570415
-14.7541224830537,0.0892541711977997
-14.7291116507423,0.0935521672697906
-14.7041008184308,0.0978251893939844
-14.6790899861193,0.102068546243172
-14.6540791538079,0.106277445347327
-14.6290683214964,0.11044700073608
-14.6040574891849,0.114572241319063
-14.5790466568735,0.118648120000659
-14.554035824562,0.122669523521324
-14.5290249922505,0.126631283013177
-14.5040141599391,0.130528185253042
-14.4790033276276,0.134354984591505
-14.4539924953161,0.138106415531975
-14.4289816630047,0.141777205929167
-14.4039708306932,0.145362090771871
-14.3789599983817,0.148855826510463
-14.3539491660702,0.152253205885242
-14.3289383337588,0.155549073207536
-14.3039275014473,0.158738340041464
-14.2789166691358,0.161816001230454
-14.2539058368244,0.164777151209035
-14.2288950045129,0.167617000537077
-14.2038841722014,0.170330892590626
-14.17887333989,0.172914320340721
-14.1538625075785,0.175362943149167
-14.128851675267,0.177672603508148
-14.1038408429556,0.179839343648847
-14.0788300106441,0.181859421942887
-14.0538191783326,0.183729329019429
-14.0288083460212,0.185445803520211
-14.0037975137097,0.187005847414626
-13.9787866813982,0.188406740797171
-13.9537758490868,0.189646056090254
-13.9287650167753,0.190721671576417
-13.9037541844638,0.191631784185469
-13.8787433521524,0.192374921463942
-13.8537325198409,0.192949952656533
-13.8287216875294,0.193356098831887
-13.803710855218,0.193592941988128
-13.7787000229065,0.193660433076987
-13.753689190595,0.193558898889176
-13.7286783582835,0.193289047747777
-13.7036675259721,0.192851973960937
-13.6786566936606,0.192249160989891
-13.6536458613491,0.191482483293461
-13.6286350290377,0.190554206815488
-13.6036241967262,0.18946698808731
-13.5786133644147,0.18822387192315
-13.5536025321033,0.186828287692381
-13.5285916997918,0.185284044158775
-13.5035808674803,0.183595322883226
-13.4785700351689,0.181766670192882
-13.4535592028574,0.179802987726197
-13.4285483705459,0.177709521569995
-13.4035375382345,0.175491850011315
-13.378526705923,0.173155869933423
-13.3535158736115,0.170707781891974
-13.3285050413001,0.168154073913863
-13.3034942089886,0.165501504067718
-13.2784833766771,0.162757081861282
-13.2534725443657,0.159928048527073
-13.2284617120542,0.157021856263624
-13.2034508797427,0.154046146505317
-13.1784400474312,0.15100872729921
-13.1534292151198,0.147917549872431
-13.1284183828083,0.144780684478463
-13.1034075504968,0.141606295615099
-13.0783967181854,0.138402616710884
-13.0533858858739,0.135177924380477
-13.0283750535624,0.131940512352542
-13.003364221251,0.128698665176494
-12.9783533889395,0.125460631816645
-12.953342556628,0.122234599243966
-12.9283317243166,0.119028666136901
-12.9033208920051,0.115850816803258
-12.8783100596936,0.112708895435291
-12.8532992273822,0.109610580809582
-12.8282883950707,0.106563361542266
-12.8032775627592,0.103574512008479
-12.7782667304478,0.100651069032713
-12.7532558981363,0.0977998094539339
-12.7282450658248,0.0950272286659709
-12.7032342335134,0.0923395202297909
-12.6782234012019,0.0897425566497772
-12.6532125688904,0.0872418714012003
-12.628201736579,0.0848426422905715
-12.6031909042675,0.0825496762246434
-12.578180071956,0.0803673954574239
-12.5531692396445,0.0782998253777855
-12.5281584073331,0.0763505838930707
-12.5031475750216,0.0745228724565926
-12.4781367427101,0.0728194687791192
-12.4531259103987,0.0712427212563788
-12.4281150780872,0.0697945451363518
-12.4031042457757,0.0684764204416956
-12.3780934134643,0.0672893916541079
-12.3530825811528,0.0662340691588387
-12.3280717488413,0.065310632438948
-12.3030609165299,0.0645188350003413
-12.2780500842184,0.0638580110001271
-12.2530392519069,0.0633270835425129
-12.2280284195955,0.0629245745982951
-12.203017587284,0.0626486164960984
-12.1780067549725,0.0624969649258914
-12.1529959226611,0.0624670133880103
-12.1279850903496,0.0625558090140074
-12.1029742580381,0.0627600696791298
-12.0779634257267,0.0630762023201777
-12.0529525934152,0.0635003223669252
-12.0279417611037,0.0640282741902235
-12.0029309287922,0.0646556524653989
-11.9779200964808,0.0653778243456066
-11.9529092641693,0.0661899523364428
-11.9278984318578,0.0670870177603519
-11.9028875995464,0.0680638446972153
-11.8778767672349,0.0691151242859839
-11.8528659349234,0.0702354392712942
-11.827855102612,0.0714192886787314
-11.8028442703005,0.0726611125027166
-11.777833437989,0.0739553162919368
-11.7528226056776,0.0752962955187513
-11.7278117733661,0.0766784596211157
-11.7028009410546,0.0780962556082172
-11.6777901087432,0.0795441911242049
-11.6527792764317,0.0810168568680953
-11.6277684441202,0.0825089482721085
-11.6027576118088,0.0840152863453097
-11.5777467794973,0.0855308375944644
-11.5527359471858,0.0870507329394306
-11.5277251148744,0.0885702855461624
-11.5027142825629,0.0900850075064601
-11.4777034502514,0.0915906252999219
-11.45269261794,0.0930830939801047
-11.4276817856285,0.0945586100336373
-11.402670953317,0.0960136228679102
-11.3776601210055,0.0974448448899636
-11.3526492886941,0.0988492601462554
-11.3276384563826,0.100224131500085
-11.3026276240711,0.101567006330548
-11.2776167917597,0.102875720743944
-11.2526059594482,0.104148402295543
-11.2275951271367,0.105383471226509
-11.2025842948253,0.10657964022749
-11.1775734625138,0.107735912747011
-11.1525626302023,0.108851579869169
-11.1275517978909,0.109926215791319
-11.1025409655794,0.110959671938395
-11.0775301332679,0.1119520697562
-11.0525193009565,0.112903792231421
-11.027508468645,0.113815474191245
-11.0024976363335,0.11468799144033
-10.9774868040221,0.115522448797327
-10.9524759717106,0.116320167097434
-10.9274651393991,0.117082669231259
-10.9024543070877,0.11781166529382
-10.8774434747762,0.118509036920715
-10.8524326424647,0.119176820891299
-10.8274218101533,0.119817192081211
-10.8024109778418,0.120432445848754
-10.7774001455303,0.121024979941389
-10.7523893132188,0.12159727601008
-10.7273784809074,0.122151880820312
-10.7023676485959,0.122691387249361
-10.6773568162844,0.123218415159832
-10.652345983973,0.12373559223952
-10.6273351516615,0.124245534897446
-10.60232431935,0.12475082930531
-10.5773134870386,0.125254012672699
-10.5523026547271,0.125757554843186
-10.5272918224156,0.126263840296902
-10.5022809901042,0.12677515064333
-10.4772701577927,0.127293647685905
-10.4522593254812,0.12782135713759
-10.4272484931698,0.128360153063816
-10.4022376608583,0.128911743126192
-10.3772268285468,0.129477654697049
-10.3522159962354,0.130059221911323
-10.3272051639239,0.130657573718435
-10.3021943316124,0.131273622992691
-10.277183499301,0.131908056756411
-10.2521726669895,0.132561327565347
-10.227161834678,0.133233646101151
-10.2021510023665,0.133924975010567
-10.1771401700551,0.13463502402577
-10.1521293377436,0.135363246394805
-10.1271185054321,0.136108836645412
-10.1021076731207,0.136870729699722
-10.0770968408092,0.137647601351323
-10.0520860084977,0.138437870110098
-10.0270751761863,0.139239700414009
-10.0020643438748,0.140051007200704
-9.97705351156334,0.140869461825425
-9.95204267925187,0.141692499305299
-9.9270318469404,0.142517326863643
-9.90202101462893,0.143340933741466
-9.87701018231746,0.144160102237012
-9.851999350006,0.144971419927832
-9.82698851769453,0.14577129302367
-9.80197768538306,0.1465559607924
-9.77696685307159,0.147321510995316
-9.75195602076012,0.148063896262407
-9.72694518844865,0.148778951332774
-9.70193435613719,0.149462411080201
-9.67692352382572,0.150109929238996
-9.65191269151425,0.150717097740738
-9.62690185920278,0.151279466568413
-9.60189102689132,0.151792564030726
-9.57688019457985,0.152251917356123
-9.55186936226838,0.152653073503253
-9.52685852995691,0.152991620082372
-9.50184769764544,0.153263206280431
-9.47683686533398,0.153463563681453
-9.45182603302251,0.153588526873196
-9.42681520071104,0.153634053731157
-9.40180436839957,0.153596245271583
-9.3767935360881,0.153471364966447
-9.35178270377664,0.153255857415242
-9.32677187146517,0.152946366271001
-9.3017610391537,0.152539751321138
-9.27675020684223,0.152033104627505
-9.25173937453076,0.151423765634525
-9.22672854221929,0.15070933515928
-9.20171770990783,0.149887688183078
-9.17670687759636,0.148956985370203
-9.15169604528489,0.147915683246277
-9.12668521297342,0.14676254297588
-9.10167438066195,0.14549663768674
-9.07666354835049,0.144117358295895
-9.05165271603902,0.142624417801686
-9.02664188372755,0.141017854014206
-9.00163105141608,0.139298030705853
-8.97662021910461,0.137465637172877
-8.95160938679315,0.135521686208189
-8.92659855448168,0.133467510495147
-8.90158772217021,0.13130475744152
-8.87657688985874,0.129035382482249
-8.85156605754727,0.126661640888956
-8.8265552252358,0.124186078133245
-8.80154439292434,0.121611518859775
-8.77653356061287,0.118941054533629
-8.7515227283014,0.116178029834702
-8.72651189598994,0.113326027879634
-8.70150106367847,0.110388854359038
-8.676490231367,0.107370520684537
-8.65147939905553,0.104275226246229
-8.62646856674406,0.101107339886676
-8.60145773443259,0.0978713807022958
-8.57644690212112,0.0945719982870943
-8.55143606980966,0.0912139525369529
-8.52642523749819,0.0878020931352027
-8.50141440518672,0.0843413388418909
-8.47640357287525,0.0808366567100156
-8.45139274056378,0.0772930413520332
-8.42638190825232,0.0737154943791291
-8.40137107594085,0.0701090041341013
-8.37636024362938,0.0664785258362468
-8.35134941131791,0.0628289622533622
-8.32633857900644,0.0591651450119259
-8.30132774669498,0.055491816651721
-8.27631691438351,0.0518136135256412
-8.25130608207204,0.0481350496392225
-8.22629524976057,0.0444605015176223
-8.2012844174491,0.0407941941803604
-8.17627358513764,0.0371401882962141
-8.15126275282617,0.0335023685822715
-8.1262519205147,0.0298844335023543
-8.10124108820323,0.0262898863109096
-8.07623025589176,0.0227220274790722
-8.0512194235803,0.0191839485300311
-8.02620859126883,0.015678527301114
-8.00119775895736,0.0122084246402671
-7.97618692664589,0.00877608253485102
-7.95117609433442,0.00538372366105468
-7.92616526202296,0.00203335233272678
-7.90115442971149,-0.00127324318080166
-7.87614359740002,-0.00453448700729756
-7.85113276508855,-0.00774901074258136
-7.82612193277708,-0.0109156472960003
-7.80111110046561,-0.0140334235742518
-7.77610026815415,-0.0171015520745469
-7.75108943584268,-0.0201194214646867
-7.72607860353121,-0.0230865862335832
-7.70106777121974,-0.0260027555010624
-7.67605693890827,-0.0288677810803977
-7.65104610659681,-0.0316816448909207
-7.62603527428534,-0.034444445821217
-7.60102444197387,-0.0371563861458238
-7.5760136096624,-0.0398177575999969
-7.55100277735093,-0.0424289272180012
-7.52599194503947,-0.0449903230405084
-7.500981112728,-0.0475024197960596
-7.47597028041653,-0.0499657246602007
-7.45095944810506,-0.0523807631938124
-7.42594861579359,-0.0547480655594036
-7.40093778348213,-0.0570681531106997
-7.37592695117066,-0.0593415254468135
-7.35091611885919,-0.0615686480176359
-7.32590528654772,-0.0637499403619035
-7.30089445423625,-0.0658857650537063
-7.27588362192479,-0.0679764174270626
-7.25087278961332,-0.0700221161416469
-7.22586195730185,-0.0720229946458706
-7.20085112499038,-0.0739790935863323
-7.17584029267891,-0.0758903542052467
-7.15082946036745,-0.0777566127598569
-7.12581862805598,-0.0795775959901259
-7.10080779574451,-0.0813529176532179
-7.07579696343304,-0.0830820761354872
-7.05078613112157,-0.0847644531449513
-7.0257752988101,-0.0863993134795736
-7.00076446649864,-0.0879858058591986
-6.97575363418717,-0.0895229648016771
-6.9507428018757,-0.0910097135166938
-6.92573196956423,-0.0924448677840474
-6.90072113725277,-0.0938271407767358
-6.8757103049413,-0.0951551487831528
-6.85069947262983,-0.096427417777085
-6.82568864031836,-0.097642390779004
-6.80067780800689,-0.0987984359474459
-6.77566697569542,-0.0998938553350342
-6.75065614338396,-0.10092689424001
-6.72564531107249,-0.101895751080939
-6.70063447876102,-0.102798587719651
-6.67562364644955,-0.103633540155348
-6.65061281413809,-0.104398729511347
-6.62560198182662,-0.105092273234869
-6.60059114951515,-0.105712296429956
-6.57558031720368,-0.106256943243647
-6.55056948489221,-0.106724388226271
-6.52555865258074,-0.107112847587857
-6.50054782026928,-0.107420590274389
-6.47553698795781,-0.107645948789804
-6.45052615564634,-0.107787329692288
-6.42551532333487,-0.107843223696512
-6.4005044910234,-0.107812215316967
-6.37549365871194,-0.107692991991446
-6.35048282640047,-0.10748435262797
-6.325471994089,-0.107185215523026
-6.30046116177753,-0.10679462560385
-6.27545032946606,-0.106311760952599
-6.2504394971546,-0.10573593857558
-6.22542866484313,-0.105066619386221
-6.20041783253166,-0.104303412376126
-6.17540700022019,-0.103446077954291
-6.15039616790872,-0.102494530440413
-6.12538533559725,-0.101448839704038
-6.10037450328579,-0.100309231947164
-6.07536367097432,-0.0990760896336985
-6.05035283866285,-0.0977499505748677
-6.02534200635138,-0.096331506185286
-6.00033117403992,-0.0948215989298182
-5.97532034172845,-0.0932212189866149
-5.95030950941698,-0.0915315001567375
-5.92529867710551,-0.0897537150555586
-5.90028784479404,-0.0878892696256309
-5.87527701248257,-0.0859396970149054
-5.85026618017111,-0.0839066508680389
-5.82525534785964,-0.0817918980820463
-5.80024451554817,-0.0795973110806745
-5.7752336832367,-0.0773248596646214
-5.75022285092523,-0.0749766024970511
-5.72521201861377,-0.072554678285763
-5.7002011863023,-0.0700612967248514
-5.67519035399083,-0.0674987292597259
-5.65017952167936,-0.0648692997399539
-5.62516868936789,-0.0621753750245332
-5.60015785705643,-0.059419355603897
-5.57514702474496,-0.0566036663022161
-5.55013619243349,-0.0537307471223789
-5.52512536012202,-0.0508030442944322
-5.50011452781055,-0.0478230015862465
-5.47510369549909,-0.0447930519327602
-5.45009286318762,-0.0417156094373654
-5.42508203087615,-0.0385930617958506
-5.40007119856468,-0.0354277631898342
-5.37506036625321,-0.0322220276928362
-5.35004953394175,-0.0289781232280621
-5.32503870163028,-0.025698266112663
-5.30002786931881,-0.0223846162186955
-5.27501703700734,-0.0190392727762917
-5.25000620469587,-0.0156642708396876
-5.22499537238441,-0.0122615784317763
-5.19998454007294,-0.00883309437781485
-5.17497370776147,-0.00538064683381483
-5.14996287545,-0.00190599251008186
-5.12495204313853,0.00158918341468566
-5.09994121082706,0.00510326669828112
-5.0749303785156,0.00863471277325046
-5.04991954620413,0.012182044837612
-5.02490871389266,0.0157438513216262
-4.99989788158119,0.0193187827584914
-4.97488704926972,0.0229055480908705
-4.94987621695826,0.0265029104489116
-4.92486538464679,0.0301096824388579
-4.89985455233532,0.0337247209844605
-4.87484372002385,0.0373469217661587
-4.84983288771238,0.0409752133053731
-4.82482205540092,0.0446085507432594
-4.79981122308945,0.0482459093648604
-4.77480039077798,0.0518862779207912
-4.74978955846651,0.0555286517993695
-4.72477872615504,0.0591720261024773
-4.69976789384358,0.0628153886783954
-4.67475706153211,0.0664577131644243
-4.64974622922064,0.070097952091266
-4.62473539690917,0.0737350300999457
-4.5997245645977,0.0773678373204802
-4.57471373228624,0.0809952229596021
-4.54970289997477,0.0846159891426296
-4.5246920676633,0.0882288850520585
-4.49968123535183,0.09183260140269
-4.47467040304036,0.0954257652900975
-4.44965957072889,0.0990069354460421
-4.42464873841743,0.102574597931073
-4.39963790610596,0.106127162291049
-4.37462707379449,0.109662958200731
-4.34961624148302,0.113180232613917
-4.32460540917156,0.116677147435927
-4.29959457686009,0.120151777730545
-4.27458374454862,0.123602110469917
-4.24957291223715,0.127026043832305
-4.22456207992568,0.130421387049165
-4.19955124761421,0.13378586079967
-4.17454041530275,0.137117098147659
-4.14952958299128,0.140412646012953
-4.12451875067981,0.143669967166263
-4.09950791836834,0.146886442734304
-4.07449708605687,0.150059375199432
-4.04948625374541,0.153185991876024
-4.02447542143394,0.156263448844042
-3.99946458912247,0.159288835318611
-3.974453756811,0.16225917843321
-3.94944292449953,0.16517144841298
-3.92443209218807,0.168022564113945
-3.8994212598766,0.170809398903359
-3.87441042756513,0.173528786856139
-3.84939959525366,0.176177529242265
-3.82438876294219,0.178752401280177
-3.79937793063073,0.181250159131514
-3.77436709831926,0.183667547113056
-3.74935626600779,0.186001305102349
-3.72434543369632,0.188248176114287
-3.69933460138485,0.19040491402673
-3.67432376907339,0.192468291434234
-3.64931293676192,0.194435107609873
-3.62430210445045,0.196302196556186
-3.59929127213898,0.198066435127222
-3.57428043982751,0.199724751204643
-3.54926960751604,0.201274131911742
-3.52425877520458,0.202711631850057
-3.49924794289311,0.204034381344017
-3.47423711058164,0.20523959467965
-3.44922627827017,0.206324578323933
-3.4242154459587,0.207286739111666
-3.39920461364724,0.208123592387013
-3.37419378133577,0.208832770086886
-3.3491829490243,0.209412028753242
-3.32417211671283,0.209859257461109
-3.29916128440136,0.210172485648742
-3.2741504520899,0.210349890835696
-3.24913961977843,0.210389806213937
-3.22412878746696,0.210290728096212
-3.19911795515549,0.210051323204942
-3.17410712284402,0.209670435783822
-3.14909629053256,0.209147094513153
-3.12408545822109,0.208480519208687
-3.09907462590962,0.207670127282516
-3.07406379359815,0.206715539943235
-3.04905296128668,0.205616588111348
-3.02404212897522,0.204373318024623
-2.99903129666375,0.202985996506947
-2.97402046435228,0.20145511587312
-2.94900963204081,0.19978139844107
-2.92399879972934,0.197965800622132
-2.89898796741788,0.196009516559373
-2.87397713510641,0.193913981283477
-2.84896630279494,0.191680873355454
-2.82395547048347,0.189312116965411
-2.798944638172,0.186809883456877
-2.77393380586054,0.184176592246654
-2.74892297354907,0.181414911110993
-2.7239121412376,0.178527755809966
-2.69890130892613,0.175518289023281
-2.67389047661466,0.172389918572511
-2.64887964430319,0.169146294906681
-2.62386881199173,0.165791307830501
-2.59885797968026,0.162329082457074
-2.57384714736879,0.158763974369871
-2.54883631505732,0.155100563981872
-2.52382548274585,0.151343650083216
-2.49881465043439,0.147498242572359
-2.47380381812292,0.143569554369615
-2.44879298581145,0.139562992516002
-2.42378215349998,0.135484148464547
-2.39877132118851,0.131338787575564
-2.37376048887705,0.127132837831842
-2.34874965656558,0.122872377794215
-2.32373882425411,0.118563623822511
-2.29872799194264,0.114212916591409
-2.27371715963117,0.109826706935219
-2.24870632731971,0.105411541059982
-2.22369549500824,0.100974045165582
-2.19868466269677,0.0965209095246711
-2.1736738303853,0.0920588720691123
-2.14866299807383,0.0875947015383765
-2.12365216576237,0.0831351802477199
-2.0986413334509,0.0786870865371343
-2.07363050113943,0.0742571769648658
-2.04861966882796,0.0698521683117702
-2.02360883651649,0.0654787194648698
-1.99859800420503,0.0611434132501892
-1.97358717189356,0.0568527382862407
-1.94857633958209,0.0526130709304204
-1.92356550727062,0.0484306573910205
-1.89855467495915,0.0443115960775876
-1.87354384264768,0.0402618202619335
-1.84853301033622,0.0362870811212551
-1.82352217802475,0.0323929312335392
-1.79851134571328,0.0285847085937246
-1.77350051340181,0.0248675212169972
-1.74848968109034,0.0212462323930899
-1.72347884877888,0.0177254466526104
-1.69846801646741,0.0143094965031982
-1.67345718415594,0.0110024299898018
-1.64844635184447,0.0078079991295344
-1.623435519533,0.00472964926750206
-1.59842468722154,0.0017705093956837
-1.57341385491007,-0.00106661652755168
-1.5484030225986,-0.00377925722436339
-1.52339219028713,-0.00636528068264686
-1.49838135797566,-0.00882289965624821
-1.4733705256642,-0.0111506760618195
-1.44835969335273,-0.0133475242588761
-1.42334886104126,-0.0154127132045251
-1.39833802872979,-0.0173458674791806
-1.37332719641832,-0.0191469671843505
-1.34831636410686,-0.02081634671821
-1.32330553179539,-0.0223546924391772
-1.29829469948392,-0.0237630392320217
-1.27328386717245,-0.0250427659951484
-1.24827303486098,-0.0261955900716011
-1.22326220254952,-0.0272235606499851
-1.19825137023805,-0.0281290511649051
-1.17324053792658,-0.0289147507296609
-1.14822970561511,-0.029583654636793
-1.12321887330364,-0.0301390539646599
-1.09820804099218,-0.0305845243305186
-1.07319720868071,-0.0309239138326022
-1.04818637636924,-0.0311613302254214
-1.02317554405777,-0.031301127373985
-0.998164711746303,-0.031347891033843
-0.973153879434835,-0.0313064240048056
-0.948143047123367,-0.0311817307069219
-0.923132214811899,-0.0309790012277966
-0.898121382500431,-0.0307035948906319
-0.873110550188963,-0.0303610233925026
-0.848099717877494,-0.0299569335623315
-0.823088885566027,-0.0294970897878586
-0.798078053254558,-0.0289873561606006
-0.77306722094309,-0.0284336783874057
-0.748056388631622,-0.0278420655167434
-0.723045556320154,-0.027218571527351
-0.698034724008686,-0.0265692768262955
-0.673023891697218,-0.025900269702949
-0.64801305938575,-0.0252176277847908
-0.623002227074282,-0.0245273995404017
-0.597991394762814,-0.0238355858744754
-0.572980562451346,-0.023148121859186
-0.547969730139878,-0.0224708586457921
-0.52295889782841,-0.0218095455999639
-0.497948065516942,-0.0211698127039688
-0.472937233205474,-0.0205571532685537
-0.447926400894006,-0.0199769069971138
-0.422915568582538,-0.0194342434445324
-0.39790473627107,-0.0189341459129037
-0.372893903959601,-0.018481395826199
-0.347883071648133,-0.0180805576257971
-0.322872239336665,-0.0177359642286556
-0.297861407025197,-0.0174517030897219
-0.272850574713729,-0.0172316029099753
-0.247839742402261,-0.0170792210312078
-0.222828910090793,-0.0169978315582885
-0.197818077779325,-0.016990414249184
-0.172807245467857,-0.0170596442124061
-0.147796413156389,-0.0172078824507932
-0.122785580844921,-0.0174371672896102
-0.0977747485334528,-0.0177492067258128
-0.0727639162219848,-0.0181453717339779
-0.0477530839105167,-0.0186266905628205
-0.0227422515990486,-0.0191938440543752
0.00226858071241942,-0.0198471620158277
0.0272794130238875,-0.0205866206715848
0.0522902453353555,-0.0214118412205193
0.0773010776468236,-0.0223220895203472
0.102311909958292,-0.0233162769178498
0.12732274226976,-0.0243929622400908
0.152333574581228,-0.0255503549579462
0.177344406892696,-0.026786319529139
0.202355239204164,-0.028098380923586
0.227366071515632,-0.0294837313292268
0.2523769038271,-0.0309392380316395
0.277387736138568,-0.0324614524556788
0.302398568450036,-0.0340466203521219
0.327409400761504,-0.0356906931069237
0.352420233072972,-0.0373893401451743
0.37743106538444,-0.0391379623962896
0.402441897695908,-0.0409317067813516
0.427452730007376,-0.0427654816779314
0.452463562318844,-0.0446339733121874
0.477474394630313,-0.0465316630225963
0.502485226941781,-0.0484528453343858
0.527496059253249,-0.0503916467786524
0.552506891564717,-0.052342045385287
0.577517723876185,-0.0542978907742818
0.602528556187653,-0.0562529247657564
0.627539388499121,-0.0582008024251972
0.652550220810589,-0.0601351134569709
0.677561053122057,-0.0620494038562073
0.702571885433525,-0.0639371977266636
0.727582717744993,-0.065792019170238
0.752593550056461,-0.0676074141524054
0.777604382367929,-0.0693769722470299
0.802615214679397,-0.0710943481637984
0.827626046990865,-0.0727532829619146
0.852636879302333,-0.0743476248547115
0.877647711613802,-0.075871349511493
0.90265854392527,-0.0773185797651824
0.927669376236738,-0.0786836046372502
0.952680208548206,-0.0799608975948844
0.977691040859674,-0.0811451339594528
1.00270187317114,-0.0822312073899471
1.02771270548261,-0.0832142453702788
1.05272353779408,-0.0840896236349714
1.07773437010555,-0.0848529794739287
1.10274520241701,-0.0855002238635132
1.12775603472848,-0.0860275523780821
1.15276686703995,-0.0864314548433714
1.17777769935142,-0.0867087237006055
1.20278853166289,-0.0868564610579177
1.22779936397435,-0.0868720844135051
1.25281019628582,-0.0867533310428685
1.27782102859729,-0.086498261050433
1.30283186090876,-0.0861052590937438
1.32784269322023,-0.0855730347962303
1.35285352553169,-0.0849006218721514
1.37786435784316,-0.0840873759947377
1.40287519015463,-0.0831329714456451
1.4278860224661,-0.0820373965906061
1.45289685477757,-0.0808009482325191
1.47790768708904,-0.0794242248991418
1.5029185194005,-0.0779081191279642
1.52792935171197,-0.0762538088157361
1.55294018402344,-0.0744627477044273
1.57795101633491,-0.0725366550791205
1.60296184864638,-0.0704775047564112
1.62797268095784,-0.0682875134443365
1.65298351326931,-0.065969128556617
1.67799434558078,-0.06352501556511
1.70300517789225,-0.0609580449748029
1.72801601020372,-0.0582712790054418
1.75302684251518,-0.0554679580630037
1.77803767482665,-0.052551487082695
1.80304850713812,-0.0495254218230085
1.82805933944959,-0.0463934551876457
1.85307017176106,-0.0431594036488137
1.87808100407252,-0.0398271938416057
1.90309183638399,-0.0364008493948851
1.92810266869546,-0.0328844780593849
1.95311350100693,-0.0292822591886387
1.9781243333184,-0.0255984316229477
2.00313516562986,-0.0218372820208916
2.02814599794133,-0.0180031336769975
2.0531568302528,-0.014100335858119
2.07816766256427,-0.0101332536849324
2.10317849487574,-0.00610625857876452
2.1281893271872,-0.00202371928781516
2.15320015949867,0.00211000649925253
2.17821099181014,0.00629057995030466
2.20322182412161,0.0105136883010199
2.22823265643308,0.0147750514896548
2.25324348874454,0.0190704282296932
2.27825432105601,0.0233956215396287
2.30326515336748,0.0277464837536138
2.32827598567895,0.0321189210407521
2.35328681799042,0.0365088974644207
2.37829765030189,0.0409124386161137
2.40330848261335,0.0453256348609286
2.42831931492482,0.0497446442338905
2.45333014723629,0.0541656950278859
2.47834097954776,0.0585850881149818
2.50335181185923,0.0629991990433934
2.52836264417069,0.0674044799522991
2.55337347648216,0.0717974613461216
2.57838430879363,0.0761747537687916
2.6033951411051,0.0805330494169263
2.62840597341657,0.0848691237287987
2.65341680572803,0.0891798369834789
2.6784276380395,0.0934621359416349
2.70343847035097,0.0977130555562109
2.72844930266244,0.101929720777611
2.75346013497391,0.106109348474141
2.77847096728537,0.110249249484342
2.80348179959684,0.114346830813549
2.82849263190831,0.118399597982553
2.85350346421978,0.12240515753171
2.87851429653125,0.126361219679257
2.90352512884271,0.13026560112803
2.92853596115418,0.134116228010243
2.95354679346565,0.137911138955611
2.97855762577712,0.141648488263839
3.00356845808859,0.145326549158429
3.02857929040005,0.148943717094994
3.05359012271152,0.152498513093712
3.07860095502299,0.155989587062374
3.10361178733446,0.159415721073646
3.12862261964593,0.162775832557697
3.1536334519574,0.166068977369314
3.17864428426886,0.169294352687039
3.20365511658033,0.172451299700695
3.2286659488918,0.175539306042993
3.25367678120327,0.178558007920743
3.27868761351474,0.181507191901419
3.3036984458262,0.184386796311655
3.32870927813767,0.187196912205447
3.35372011044914,0.189937783861569
3.37873094276061,0.192609808771884
3.40374177507208,0.195213537084832
3.42875260738354,0.197749670471407
3.45376343969501,0.200219060384358
3.47877427200648,0.202622705685139
3.50378510431795,0.204961749617253
3.52879593662942,0.207237476109036
3.55380676894088,0.209451305393655
3.57881760125235,0.211604788938948
3.60382843356382,0.213699603684865
3.62883926587529,0.215737545591485
3.65385009818676,0.217720522505906
3.67886093049822,0.219650546361709
3.70387176280969,0.221529724730063
3.72888259512116,0.223360251746925
3.75389342743263,0.225144398446037
3.7789042597441,0.226884502532598
3.80391509205556,0.228582957637478
3.82892592436703,0.230242202096624
3.8539367566785,0.231864707304847
3.87894758898997,0.233452965697449
3.90395842130144,0.235009478417088
3.92896925361291,0.236536742726882
3.95398008592437,0.23803723923396
3.97899091823584,0.2395134189905
4.00400175054731,0.240967690541659
4.02901258285878,0.242402406991755
4.05402341517024,0.243819853161523
4.07903424748171,0.24522223291026
4.10404507979318,0.246611656697163
4.12905591210465,0.247990129456193
4.15406674441612,0.249359538858272
4.17907757672759,0.250721644033644
4.20408840903905,0.252078064825712
4.22909924135052,0.25343027164571
4.25411007366199,0.25477957599507
4.27912090597346,0.256127121719429
4.30413173828493,0.257473877054836
4.32914257059639,0.25882062752291
4.35415340290786,0.260167969727452
4.37916423521933,0.261516306100441
4.4041750675308,0.262865840640355
4.42918589984227,0.264216575680468
4.45419673215373,0.265568309719198
4.4792075644652,0.266920636338709
4.50421839677667,0.268272944231909
4.52922922908814,0.269624418351702
4.55424006139961,0.270974042189926
4.57925089371107,0.272320601186888
4.60426172602254,0.27366268726576
4.62927255833401,0.274998704479467
4.65428339064548,0.276326875751066
4.67929422295695,0.277645250681973
4.70430505526841,0.278951714395927
4.72931588757988,0.28024399738015
4.75432671989135,0.281519686278971
4.77933755220282,0.282776235589147
4.80434838451429,0.284010980200341
4.82935921682575,0.285221148718714
4.85437004913722,0.286403877506434
4.87938088144869,0.287556225365031
4.90439171376016,0.288675188786116
4.92940254607163,0.289757717688905
4.9544133783831,0.290800731560423
4.97942421069456,0.291801135911106
5.00443504300603,0.292755838955867
5.0294458753175,0.293661768428581
5.05445670762897,0.294515888436303
5.07946753994044,0.295315216258495
5.1044783722519,0.296056838996004
5.12948920456337,0.296737929974592
5.15450003687484,0.297355764808461
5.17951086918631,0.297907737030374
5.20452170149778,0.298391373196781
5.22953253380924,0.298804347378667
5.25454336612071,0.299144494951752
5.27955419843218,0.299409825603102
5.30456503074365,0.299598535475219
5.32957586305512,0.299709018373139
5.35458669536658,0.299739875965087
5.37959752767805,0.299689926912696
5.40460835998952,0.299558214872685
5.42961919230099,0.299344015318233
5.45463002461246,0.299046841134957
5.47964085692392,0.298666446953447
5.50465168923539,0.298202832187636
5.52966252154686,0.297656242755871
5.55467335385833,0.297027171469356
5.5796841861698,0.296316357080602
5.60469501848126,0.295524781992592
5.62970585079273,0.294653668637523
5.6547166831042,0.293704474542169
5.67972751541567,0.292678886104984
5.70473834772714,0.29157881111816
5.72974918003861,0.290406370075696
5.75476001235007,0.289163886316262
5.77977084466154,0.287853875057067
5.80478167697301,0.286479031382102
5.82979250928448,0.285042217254903
5.85480334159595,0.283546447632411
5.87981417390741,0.281994875762408
5.90482500621888,0.280390777752512
5.92983583853035,0.278737536503609
5.95484667084182,0.277038625104998
5.97985750315329,0.275297589792223
6.00486833546475,0.273518032571745
6.02987916777622,0.271703593619023
6.05489000008769,0.269857933558354
6.07990083239916,0.267984715733885
6.10491166471063,0.266087588581573
6.12992249702209,0.264170168211456
6.15493332933356,0.262236021308534
6.17994416164503,0.260288648458677
6.2049549939565,0.258331468003455
6.22996582626797,0.256367800524478
6.25497665857943,0.254400854053911
6.2799874908909,0.252433710103167
6.30499832320237,0.250469310596509
6.33000915551384,0.248510445790406
6.35501998782531,0.246559743253037
6.38003082013678,0.244619657971316
6.40504165244824,0.242692463645346
6.43005248475971,0.240780245222274
6.45506331707118,0.238884892713234
6.48007414938265,0.237008096328391
6.50508498169411,0.235151342956223
6.53009581400558,0.233315914004049
6.55510664631705,0.231502884607551
6.58011747862852,0.229713124207679
6.60512831093999,0.227947298484006
6.63013914325145,0.226205872624243
6.65514997556292,0.224489115900478
6.68016080787439,0.222797107513667
6.70517164018586,0.221129743659143
6.73018247249733,0.219486745757483
6.7551933048088,0.217867669786969
6.78020413712026,0.216271916646232
6.80521496943173,0.214698743468528
6.8302258017432,0.213147275802441
6.85523663405467,0.21161652056779
6.88024746636614,0.210105379690113
6.9052582986776,0.208612664312352
6.93026913098907,0.207137109478349
6.95527996330054,0.205677389179484
6.98029079561201,0.204232131653225
7.00530162792348,0.202799934820666
7.03031246023494,0.201379381749125
7.05532329254641,0.199969056025771
7.08033412485788,0.198567556928893
7.10534495716935,0.197173514284877
7.13035578948082,0.195785602901223
7.15536662179229,0.194402556468975
7.18037745410375,0.193023180831686
7.20538828641522,0.19164636652262
7.23039911872669,0.190271100477045
7.25540995103816,0.188896476832401
7.28042078334963,0.187521706735589
7.30543161566109,0.186146127083738
7.33044244797256,0.184769208132358
7.35545328028403,0.183390559912911
7.3804641125955,0.18200993741027
7.40547494490696,0.180627244459388
7.43048577721843,0.179242536329645
7.4554966095299,0.177856020974672
7.48050744184137,0.176468058934962
7.50551827415284,0.175079161890225
7.53052910646431,0.173689989868028
7.55553993877577,0.1723013471249
7.58055077108724,0.170914176725524
7.60556160339871,0.169529553854975
7.63057243571018,0.168148677908019
7.65558326802164,0.166772863408238
7.68059410033311,0.165403529818156
7.70560493264458,0.1640421903095
7.73061576495605,0.162690439570231
7.75562659726752,0.16134994073193
7.78063742957899,0.160022411507505
7.80564826189045,0.15870960963495
7.83065909420192,0.157413317727974
7.85566992651339,0.156135327638713
7.88068075882486,0.15487742444142
7.90569159113633,0.153641370148942
7.93070242344779,0.15242888727594
7.95571325575926,0.151241642364189
7.98072408807073,0.150081229585854
8.0057349203822,0.148949154540441
8.03074575269367,0.147846818360108
8.05575658500513,0.146775502236218
8.0807674173166,0.145736352477496
8.10577824962807,0.144730366206816
8.13078908193954,0.143758377799636
8.15579991425101,0.142821046162381
8.18081074656248,0.141918842943694
8.20582157887394,0.14105204176548
8.23083241118541,0.140220708554093
8.25584324349688,0.139424693044932
8.28085407580835,0.138663621526106
8.30586490811982,0.137936890878839
8.33087574043128,0.137243663963923
8.35588657274275,0.136582866394819
8.38089740505422,0.135953184729102
8.40590823736569,0.135353066100802
8.43091906967716,0.134780719306976
8.45592990198862,0.134234117352529
8.48094073430009,0.133711001447993
8.50595156661156,0.133208886445779
8.53096239892303,0.13272506769126
8.5559732312345,0.132256629256176
8.58098406354596,0.131800453513159
8.60599489585743,0.13135323200182
8.6310057281689,0.130911477528867
8.65601656048037,0.130471537437085
8.68102739279183,0.130029607970939
8.7060382251033,0.1295817496599
8.73104905741477,0.129123903634523
8.75605988972624,0.128651908784828
8.78107072203771,0.128161519665623
8.80608155434918,0.127648425049187
8.83109238666064,0.127108267022147
8.85610321897211,0.126536660520453
8.88111405128358,0.125929213194209
8.90612488359505,0.125281545492535
8.93113571590652,0.124589310857879
8.95614654821799,0.123848215919083
8.98115738052945,0.123054040573075
9.00616821284092,0.122202657846341
9.03117904515239,0.121290053429255
9.05618987746386,0.120312344778913
9.08120070977533,0.119265799689311
9.10621154208679,0.118146854231467
9.13122237439826,0.116952129970433
9.15623320670973,0.115678450370974
9.1812440390212,0.114322856309018
9.20625487133267,0.11288262061174
9.23126570364413,0.111355261555305
9.2562765359556,0.109738555255755
9.28128736826707,0.108030546895379
9.30629820057854,0.106229560733879
9.33130903289001,0.104334208860942
9.35631986520147,0.102343398654192
9.38133069751294,0.100256338913982
9.40634152982441,0.0980725446540545
9.43135236213588,0.0957918405346069
9.45636319444734,0.0934143629318254
9.48137402675881,0.0909405606453342
9.50638485907028,0.0883711942522879
9.53139569138175,0.0857073341239274
9.55640652369322,0.0829503571272837
9.58141735600469,0.0801019420413489
9.60642818831615,0.0771640637233482
9.63143902062762,0.0741389860667759
9.65644985293909,0.071029253798499
9.68146068525056,0.0678376831675442
9.70647151756203,0.0645673515830536
9.73148234987349,0.0612215862633928
9.75649318218496,0.0578039519624279
9.78150401449643,0.0543182378426078
9.8065148468079,0.0507684435676339
9.83152567911937,0.0471587646902117
9.85653651143083,0.0434935774126061
9.8815473437423,0.0397774227995249
9.90655817605377,0.0360149905241652
9.93156900836524,0.0322111022291512
9.95657984067671,0.028370694584523
9.98159067298818,0.0244988021249504
10.0066015052996,0.0206005399479322
10.0316123376111,0.0166810863539351
10.0566231699226,0.0127456655082228
10.081634002234,0.00879953020256474
10.1066448345455,0.00484794479309074
10.131655666857,0.000896168388317672
10.1566664991685,-0.00305056164119106
10.1816773314799,-0.00698704576290644
10.2066881637914,-0.0109081379266469
10.2316989961029,-0.0148087606909637
10.2567098284143,-0.0186839197730154
10.2817206607258,-0.0225287179671226
10.3067314930373,-0.0263383683811423
10.3317423253487,-0.030108206943909
10.3567531576602,-0.0338337041412282
10.3817639899717,-0.0375104759422546
10.4067748222831,-0.0411342938825375
10.4317856545946,-0.0447010942745202
10.4567964869061,-0.0482069865208545
10.4818073192175,-0.051648260510483
10.506818151529,-0.0550213930820645
10.5318289838405,-0.0583230535439171
10.5568398161519,-0.0615501082442598
10.5818506484634,-0.0646996241900751
10.6068614807749,-0.0677688717174312
10.6318723130863,-0.0707553262205292
10.6568831453978,-0.0736566689511027
10.6818939777093,-0.076470786904053
10.7069048100207,-0.0791957718093511
10.7319156423322,-0.0818299182542647
10.7569264746437,-0.0843717209638536
10.7819373069552,-0.0868198712714171
10.8069481392666,-0.0891732528141516
10.8319589715781,-0.0914309364926776
10.8569698038896,-0.0935921747363102
10.881980636201,-0.0956563951189588
10.9069914685125,-0.0976231933733584
10.932002300824,-0.0994923258538999
10.9570131331354,-0.101263701500703
10.9820239654469,-0.102937373359667
11.0070347977584,-0.104513529715099
11.0320456300698,-0.105992484893115
11.0570564623813,-0.107374669795347
11.0820672946928,-0.108660622223502
11.1070781270042,-0.109850977056115
11.1320889593157,-0.110946456339298
11.1570997916272,-0.111947859353419
11.1821106239386,-0.112856052717578
11.2071214562501,-0.113671960593221
11.2321322885616,-0.114396555047562
11.257143120873,-0.115030846636353
11.2821539531845,-0.115575875264222
11.307164785496,-0.116032701379066
11.3321756178075,-0.116402397555054
11.3571864501189,-0.116686040516458
11.3821972824304,-0.116884703651992
11.4072081147419,-0.116999450066435
11.4322189470533,-0.117031326213215
11.4572297793648,-0.116981356148199
11.4822406116763,-0.116850536441294
11.5072514439877,-0.116639831778598
11.5322622762992,-0.116350171283702
11.5572731086107,-0.1159824455825
11.5822839409221,-0.115537504631359
11.6072947732336,-0.115016156323881
11.6323056055451,-0.114419165886757
11.6573164378565,-0.113747256070341
11.682327270168,-0.113001108134629
11.7073381024795,-0.112181363626368
11.7323489347909,-0.111288626937982
11.7573597671024,-0.110323468634029
11.7823705994139,-0.109286429525908
11.8073814317253,-0.10817802547066
11.8323922640368,-0.106998752864879
11.8574030963483,-0.105749094800087
11.8824139286597,-0.10442952784139
11.9074247609712,-0.103040529386885
11.9324355932827,-0.101582585561178
11.9574464255942,-0.100056199592442
11.9824572579056,-0.0984619006188629
12.0074680902171,-0.0968002528669371
12.0324789225286,-0.0950718651410911
12.05748975484,-0.0932774005613782
12.0825005871515,-0.0914175864836791
12.107511419463,-0.0894932245348548
12.1325222517744,-0.0875052006937212
12.1575330840859,-0.0854544953475184
12.1825439163974,-0.0833421932527773
12.2075547487088,-0.0811694933291101
12.2325655810203,-0.0789377182145177
12.2575764133318,-0.0766483235112779
12.2825872456432,-0.0743029066523815
12.3075980779547,-0.0719032153198052
12.3326089102662,-0.0694511553476409
12.3576197425776,-0.0669487980452418
12.3826305748891,-0.06439838687808
12.4076414072006,-0.0618023434469199
12.432652239512,-0.0591632727091974
12.4576630718235,-0.0564839673901136
12.482673904135,-0.0537674115349097
12.5076847364464,-0.0510167831580408
12.5326955687579,-0.0482354559495089
12.5577064010694,-0.0454270000033975
12.5827172333809,-0.0425951815386779
12.6077280656923,-0.0397439615875611
12.6327388980038,-0.036877493632065
12.6577497303153,-0.0340001201749766
12.6827605626267,-0.031116368237031
12.7077713949382,-0.0282309437778182
12.7327822272497,-0.0253487250436881
12.7577930595611,-0.0224747548516724
12.7828038918726,-0.019614231824185
12.8078147241841,-0.0167725005949406
12.8328255564955,-0.0139550410121374
12.857836388807,-0.0111674563704308
12.8828472211185,-0.00841546070857117
12.9078580534299,-0.00570486521474879
12.9328688857414,-0.00304156378665955
12.9578797180529,-0.000431517798053831
12.9828905503643,0.0021192598719738
13.0079013826758,0.00460472148647148
13.0329122149873,0.00701880171047903
13.0579230472987,0.0093554354152095
13.0829338796102,0.0116085759552462
13.1079447119217,0.0137722138444998
13.1329555442332,0.0158403957540919
13.1579663765446,0.0178072437531281
13.1829772088561,0.0196669747115023
13.2079880411676,0.021413919782442
13.232998873479,0.0230425438814791
13.2580097057905,0.02454746507789
13.283020538102,0.0259234738144379
13.3080313704134,0.027165551871415
13.3330422027249,0.0282688909915751
13.3580530350364,0.0292289110835243
13.3830638673478,0.0300412779225158
13.4080746996593,0.0307019202693605
13.4330855319708,0.0312070463303058
13.4580963642822,0.0315531594832521
13.4831071965937,0.0317370731985412
13.5081180289052,0.0317559250857679
13.5331288612166,0.0316071900016031
13.5581396935281,0.0312886921574768
13.5831505258396,0.0307986161701081
13.608161358151,0.0301355170023038
13.6331721904625,0.0292983287461147
13.658183022774,0.0282863722053621
13.6831938550854,0.0270993612396624
13.7082046873969,0.0257374078373935
13.7332155197084,0.0242010258905249
13.7582263520199,0.022491133649842
13.7832371843313,0.0206090548448251
13.8082480166428,0.0185565184582584
13.8332588489543,0.0163356571515088
13.8582696812657,0.0139490043423261
13.8832805135772,0.0113994899429117
13.9082913458887,0.00869043477189375
13.9333021782001,0.0058255436596641
13.9583130105116,0.00280889727228648
13.9833238428231,-0.00035505731518666
14.0083346751345,-0.00366151725964752
14.033345507446,-0.00710533576344984
14.0583563397575,-0.0106810350136975
14.0833671720689,-0.0143828201955781
14.1083780043804,-0.0182045945233367
14.1333888366919,-0.0221399752280774
14.1583996690033,-0.0261823104374741
14.1834105013148,-0.0303246968786609
14.2084213336263,-0.0345599983321228
14.2334321659377,-0.0388808647612893
14.2584429982492,-0.0432797520398041
14.2834538305607,-0.0477489421960889
14.3084646628722,-0.0522805640928829
14.3334754951836,-0.0568666144578937
14.3584863274951,-0.0614989791805952
14.3834971598066,-0.0661694547895177
14.408507992118,-0.0708697700241319
14.4335188244295,-0.075591607415613
14.458529656741,-0.0803266247913961
14.4835404890524,-0.0850664766194879
14.5085513213639,-0.0898028351099811
14.5335621536754,-0.0945274109931192
14.5585729859868,-0.0992319738955663
14.5835838182983,-0.103908372239238
14.6085946506098,-0.10854855259013
14.6336054829212,-0.113144578388017
14.6586163152327,-0.117688647991683
14.6836271475442,-0.122173111978429
14.7086379798556,-0.126590489640985
14.7336488121671,-0.130933484629633
14.7586596444786,-0.135194999692199
14.78367047679,-0.13936815046968
14.8086813091015,-0.143446278310554
14.833692141413,-0.147422962072198
14.8587029737244,-0.151292028883382
14.8837138060359,-0.155047563847393
14.9087246383474,-0.158683918670965
14.9337354706589,-0.162195719209831
14.9587463029703,-0.165577871927329
14.9837571352818,-0.168825569268033
15.0087679675933,-0.171934293953806
15.0337787999047,-0.174899822215029
15.0587896322162,-0.177718225974875
15.0838004645277,-0.180385874009486
15.1088112968391,-0.182899432111648
15.1338221291506,-0.18525586229005
15.1588329614621,-0.187452421040445
15.1838437937735,-0.189486656728963
15.208854626085,-0.191356406131442
15.2338654583965,-0.193059790175914
15.2588762907079,-0.194595208938341
15.2838871230194,-0.195961335944255
15.3088979553309,-0.197157111831155
15.3339087876423,-0.198181737428371
15.3589196199538,-0.199034666312499
15.3839304522653,-0.199715596897615
15.4089412845767,-0.200224464120126
15.4339521168882,-0.200561430778421
15.4589629491997,-0.200726878587389
15.4839737815111,-0.200721399007464
15.5089846138226,-0.200545783907012
15.5339954461341,-0.200201016115771
15.5590062784456,-0.199688259925572
15.584017110757,-0.199008851592801
15.6090279430685,-0.198164289895008
15.63403877538,-0.197156226791706
15.6590496076914,-0.195986458236867
15.6840604400029,-0.194656915187783
15.7090712723144,-0.193169654851966
15.7340821046258,-0.191526852210588
15.7590929369373,-0.189730791853619
15.7841037692488,-0.187783860158364
15.8091146015602,-0.185688537839547
15.8341254338717,-0.183447392895447
15.8591362661832,-0.181063073970913
15.8841470984946,-0.178538304154374
15.9091579308061,-0.17587587522223
15.9341687631176,-0.173078642340345
15.959179595429,-0.170149519228682
15.9841904277405,-0.167091473791564
16.009201260052,-0.163907524212511
16.0342120923634,-0.16060073550922
16.0592229246749,-0.157174216540975
16.0842337569864,-0.153631117457619
16.1092445892979,-0.149974627576224
16.1342554216093,-0.146207973668777
16.1592662539208,-0.142334418641514
16.1842770862322,-0.138357260584104
16.2092879185437,-0.13427983216456
16.2342987508552,-0.130105500343719
16.2593095831667,-0.125837666381244
16.2843204154781,-0.121479766103445
16.3093312477896,-0.117035270401805
16.3343420801011,-0.112507685929844
16.3593529124125,-0.107900555964988
16.384363744724,-0.103217461401317
16.4093745770355,-0.0984620218385276
16.4343854093469,-0.0936378967321029
16.4593962416584,-0.0887487865695692
16.4844070739699,-0.0837984340378211
16.5094179062813,-0.0787906251468074
16.5344287385928,-0.0737291902753825
16.5594395709043,-0.0686180051058545
16.5844504032157,-0.0634609914146697
16.6094612355272,-0.0582621176877858
16.6344720678387,-0.0530253995305718
16.6594829001501,-0.0477548998435407
16.6844937324616,-0.0424547287368582
16.7094233835441,-0.0371640967721465
16.7343909578798,-0.0319224794202284
16.7593586754006,-0.0267341423765596
16.7843263380455,-0.0216034036026352
16.8092937475471,-0.0165346316921257
16.8342607053303,-0.011532243781538
16.8592270124099,-0.0066007030735046
16.8841924692881,-0.00174451596383975
16.9091568758512,0.00303177123376121
16.9341200312653,0.00772357596866636
16.9590817338712,0.0123262835403033
16.984041781078,0.0168352515887005
17.0089999692559,0.0212458149831057
17.0339560936267,0.0255532911002623
17.058909948154,0.0297529854809589
17.0838613254304,0.0338401978505296
17.1088100165642,0.0378102284860805
17.1337558110631,0.0416583849103611
17.158698496716,0.045379988889424
17.183637859473,0.0489703837085204
17.2085736833223,0.0524249416980909
17.2335057501645,0.0557390719792496
17.2584338396848,0.058908228395839
17.2833577292211,0.0619279175979729
17.3082771936294,0.0647937072400002
17.3331920051463,0.0675012342540441
17.3581019332467,0.0700462131586872
17.3830067444987,0.0724244443610411
17.4079062024137,0.0746318224093333
17.4328000672924,0.076664344152301
17.4576880960665,0.0785181167611231
17.4825700421348,0.0801893655693285
17.5074456551951,0.0816744416861301
17.5323146810698,0.0829698293389469
17.5571768615261,0.0840721529014985
17.5820319340904,0.0849781835647769
17.6068796318559,0.0856848456094721
17.6317196832831,0.0861892222399614
17.6565518119943,0.0864885609418677
17.6813757365595,0.0865802783273658
17.7061911702742,0.0864619644348934
17.73099782093,0.0861313864526863
17.755795390575,0.0855864918386119
17.7805835752653,0.0848254108120523
17.8053620648069,0.0838464581971484
17.8301305424863,0.0826481346004439
17.8548886847913,0.0812291269099419
17.8796361611184,0.0795883081066772
17.9043726334696,0.0777247363841632
17.9290977561347,0.0756376535754347
17.9538111753607,0.0733264828918178
17.9785125290061,0.0707908259820334
18.0032014461797,0.0680304593247006
18.0278775468638,0.0650453299717328
18.0525404415186,0.0618355506644696
18.07718973067,0.058401394348628
18.1018250044762,0.0547432881182355
18.1264458422752,0.0508618066226071
18.1510518121096,0.0467576649740739
18.1756424702283,0.0424317111975834
18.2002173605636,0.0378849182663656
18.2247760141827,0.0331183757706156
18.2493179487108,0.0281332812685251
18.2738426677248,0.0229309313709764
18.2983496601162,0.0175127126127687
18.3228383994201,0.0118800921643507
18.347308343109,0.00603460843867897
18.3717589318488,-2.21383520314644e-05
18.3961895887145,-0.00628849563524125
18.4205997183629,-0.0127627678591159
18.4449887061602,-0.0194432257634247
18.46935591726,-0.0263281154899339
18.4937006956294,-0.0334156674842584
18.5180223630201,-0.0407041051439952
18.5423202178788,-0.0481916531712312
18.5665935341952,-0.0558765455912962
18.5908415602811,-0.0637570334037782
18.6150635174767,-0.0718313918363777
18.6392585987791,-0.0800979271770836
18.6634259673863,-0.0885549831653705
18.6875647551518,-0.0972009469285918
18.7116740609424,-0.10603425445546
18.7357529488923,-0.115053395604372
18.7598004465454,-0.124256918650325
18.7838155428776,-0.133643434380216
18.8077971861897,-0.143211619752377
18.8317442818608,-0.152960221142191
18.855655689952,-0.162888057201503
18.8795302226467,-0.172994021365263
18.9033666415167,-0.18327708404429
18.9271636545983,-0.193736294548253
18.9509199132636,-0.204370782787738
18.9746340088697,-0.215179760808779
18.9983044691679,-0.226162524217107
19.0219297544516,-0.237318453552914
19.0455082534215,-0.248647015679793
19.0690382787436,-0.260147765253849
19.092518062272,-0.271820346340675
19.1159457499095,-0.28366449424888
19.1393193960711,-0.295680037649202
19.162636957716,-0.307866901047832
19.1858962879094,-0.320225107681399
19.2090951288694,-0.332754782899172
19.2322311044533,-0.345456158095295
19.2553017120286,-0.358329575250361
19.2783043136726,-0.371375492137253
19.3012361266355,-0.384594488240999
19.324094212996,-0.397987271436265
19.3468754684325,-0.411554685459131
19.3695766100207,-0.42529771820182
19.3921941629648,-0.439217510850068
19.4147244461541,-0.453315367872721
19.4371635564282,-0.467592767861868
19.4595073514215,-0.482051375209182
19.4817514308428,-0.496693052589917
19.5038911160315,-0.511519874210153
19.5259214276155,-0.52653413975481
19.5478370610763,-0.541738388953584
19.56963236001,-0.557135416658585
19.5913012868485,-0.572728288300667
19.6128373907852,-0.588520355560381
19.6342337726249,-0.604515272053396
19.6554830462526,-0.620717008787905
19.6765772963917,-0.637129869101801
19.6975080322975,-0.653758502728585
19.7182661370088,-0.670607918571318
19.7388418117621,-0.687683495681234
19.7592245151587,-0.704990991839299
19.7794028966704,-0.722536549022373
19.799364724079,-0.740326694897321
19.8190968044726,-0.758368339323115
19.8385848984765,-0.776668764649164
19.8578136274895,-0.795235608374442
19.8767663738378,-0.814076836473727
19.8954251739672,-0.833200705403159
19.9137706050929,-0.852615710468177
19.9317816661323,-0.872330517877677
19.9494356543,-0.892353877429723
19.9667080394768,-0.912694512395871
19.9835723394089,-0.933360982825515
20,-0.954361518227795
