-20,-0.863224966200297
-19.9847421210795,-0.841262642293133
-19.9690601404423,-0.819781322421482
-19.952978650362,-0.798777263328889
-19.9365207013144,-0.778245988948063
-19.9197078694755,-0.758182415550039
-19.9025603305461,-0.738580958676942
-19.8850969369687,-0.719435623982049
-19.867335296281,-0.700740084018426
-19.8492918489138,-0.68248774288013
-19.8309819441937,-0.664671790432612
-19.8124199136787,-0.647285247689179
-19.7936191412393,-0.630321004710097
-19.7745921295189,-0.613771852227942
-19.7553505625803,-0.597630508041636
-19.7359053646675,-0.58188963907482
-19.7162667551099,-0.566541879862474
-19.6964442994603,-0.55157984811324
-19.6764469570056,-0.536996157892656
-19.6562831248193,-0.522783430883731
-19.6359606785427,-0.508934306104497
-19.6154870100936,-0.49544144839624
-19.5948690625003,-0.482297555939626
-19.5741133620597,-0.469495367007868
-19.5532260480121,-0.457027666125171
-19.5322128999156,-0.444887289764064
-19.5110793628978,-0.433067131685999
-19.4898305709476,-0.421560148004963
-19.4684713684036,-0.410359362033162
-19.4470063297822,-0.399457868950572
-19.4254397780796,-0.388848840325778
-19.4037758016713,-0.378525528503586
-19.3820182699236,-0.368481270865173
-19.360170847622,-0.358709493958565
-19.3382370083127,-0.349203717490909
-19.3162200466469,-0.339957558168997
-19.2941230898084,-0.330964733370701
-19.2719491080987,-0.322219064627215
-19.2497009247494,-0.313714480894134
-19.2273812250227,-0.305445021588317
-19.2049925646572,-0.297404839367128
-19.182537377713,-0.289588202626876
-19.1600179838615,-0.281989497698078
-19.137436595166,-0.274603230716442
-19.114795322391,-0.267424029150161
-19.0920961808786,-0.260446642966187
-19.0693410960244,-0.253665945420564
-19.0465319083844,-0.247076933460559
-19.0236703784407,-0.240674727729281
-19.0007581910514,-0.234454572166584
-18.9777969596096,-0.228411833203313
-18.9547882299321,-0.222541998549398
-18.9317334838979,-0.216840675579712
-18.9086341428555,-0.211303589325205
-18.8854915708152,-0.205926580080283
-18.862307077442,-0.20070560064095
-18.8390819208634,-0.195636713191621
-18.815817310306,-0.190716085861857
-18.7925144085708,-0.185939988977442
-18.7691743343613,-0.18130479103323
-18.7457981644722,-0.176806954418019
-18.7223869358495,-0.172443030924225
-18.6989416475305,-0.168209657077479
-18.6754632624717,-0.164103549323261
-18.6519527092714,-0.160121499109359
-18.6284108837962,-0.156260367904324
-18.6048386507145,-0.152517082193078
-18.5812368449459,-0.148888628491436
-18.5576062730302,-0.145372048421591
-18.5339477144218,-0.141964433890396
-18.5102619227146,-0.138662922411785
-18.4865496268006,-0.135464692613686
-18.4628115319674,-0.132366959968448
-18.4390483209383,-0.129366972784078
-18.4152606548581,-0.126462008491453
-18.3914491742276,-0.12364937026022
-18.3676144997911,-0.120926383973272
-18.3437572333789,-0.118290395586528
-18.3198779587067,-0.11573876889736
-18.2959772421367,-0.113268883741261
-18.2720556334001,-0.110878134632445
-18.2481136662849,-0.108563929859939
-18.2241518592903,-0.106323691046434
-18.2001707162501,-0.104154853172761
-18.1761707269261,-0.102054865066368
-18.1521523675741,-0.100021190347677
-18.1281161014833,-0.0980513088236787
-18.1040623794907,-0.096142718313676
-18.0799916404725,-0.0942929368877646
-18.0559043118128,-0.0924995054944029
-18.0318008098517,-0.0907599909494481
-18.0076815403131,-0.089071989255228
-17.9835468987141,-0.0874331292147388
-17.9593972707564,-0.0858410763028341
-17.9352330327007,-0.084293536753448
-17.9110545517255,-0.0827882618194065
-17.8868621862704,-0.0813230521593207
-17.862656286365,-0.0798957623044292
-17.8384371939446,-0.0785043051570732
-17.8142052431523,-0.0771466564717799
-17.7899607606297,-0.075820859269706
-17.7657040657951,-0.0745250281374566
-17.7414354711109,-0.073257353362042
-17.717155282341,-0.0720161048549859
-17.6928637987972,-0.0707996358203194
-17.6685613135773,-0.0696063861233826
-17.6442481137928,-0.0684348853200031
-17.6199244807895,-0.0672837553086883
-17.5955906903587,-0.0661517125719408
-17.5712470129413,-0.0650375699766457
-17.5468937138242,-0.0639402381076513
-17.5225310533298,-0.0628587261131464
-17.498159286999,-0.0617921420451455
-17.4737786657672,-0.0607396926833351
-17.4493894361349,-0.0597006828356245
-17.4249918403323,-0.0586745141139411
-17.400586116478,-0.0576606831890752
-17.3761724987331,-0.0566587795336412
-17.3517512174499,-0.0556684826674479
-17.3273224993161,-0.0546895589246896
-17.3028865674938,-0.0537218577673373
-17.2784436417553,-0.0527653076738865
-17.253993938614,-0.051819911637132
-17.2295376714513,-0.0508857423088594
-17.2050750506406,-0.049962936833229
-17.1806062836667,-0.0490516914141218
-17.1561315752427,-0.0481522556647878
-17.1316511274231,-0.0472649267907755
-17.1071651397144,-0.0463900436592419
-17.0826738091822,-0.0455279808093941
-17.0581773305561,-0.0446791424599044
-17.0336758963317,-0.0438439565697198
-17.0091696968699,-0.0430228690086898
-16.9846589204946,-0.042216337893904
-16.9601437535874,-0.0414248281465404
-16.9356243806803,-0.0406488063223817
-16.9111009845473,-0.0398887357669964
-16.8865737462924,-0.0391450721438908
-16.862042845438,-0.0384182593807647
-16.8375084600096,-0.0377087260753648
-16.8129707666201,-0.0370168823983542
-16.7884299405526,-0.0363431175261543
-16.7638861558414,-0.0356877976318899
-16.7393395853516,-0.0350512644574401
-16.7147904008584,-0.0344338344842015
-16.6902387731243,-0.0338357987145649
-16.6656848719757,-0.033257423070334
-16.6411288663788,-0.0326989494084472
-16.6165709245142,-0.0321605971484295
-16.592011213851,-0.0316425655000806
-16.56744990122,-0.0311450362740415
-16.5428871528866,-0.0306681772521286
-16.5183231346231,-0.0302121460887452
-16.4937580117799,-0.0297770947093168
-16.4691919493576,-0.0293631741666103
-16.4446251120772,-0.0289705399110246
-16.4200576644515,-0.0285993574265386
-16.395436849366,-0.028218034187495
-16.3708160342805,-0.0277949943018194
-16.346195219195,-0.027330456810544
-16.3215744041095,-0.0268246693842707
-16.296953589024,-0.0262779149289846
-16.2723327739385,-0.0256905181972601
-16.247711958853,-0.0250628523389532
-16.2230911437675,-0.024395345325142
-16.198470328682,-0.0236884861793476
-16.1738495135965,-0.0229428309508982
-16.149228698511,-0.022159008366739
-16.1246078834256,-0.0213377250999685
-16.0999870683401,-0.0204797705959336
-16.0753662532546,-0.0195860213997874
-16.0507454381691,-0.0186574449329946
-16.0261246230836,-0.0176951026703245
-16.0015038079981,-0.0167001526733689
-15.9768829929126,-0.0156738514415252
-15.9522621778271,-0.0146175550466405
-15.9276413627416,-0.0135327195230996
-15.9030205476561,-0.0124209004909836
-15.8783997325706,-0.0112837519959975
-15.8537789174851,-0.0101230245561031
-15.8291581023996,-0.00894056241114868
-15.8045372873141,-0.00773829997820068
-15.7799164722286,-0.00651825752171657
-15.7552956571431,-0.0052825360540663
-15.7306748420577,-0.00403331148820345
-15.7060540269722,-0.00277282807040902
-15.6814332118867,-0.00150339112696286
-15.6568123968012,-0.000227359164274354
-15.6321915817157,0.00105286463261679
-15.6075707666302,0.00233484145322145
-15.5829499515447,0.00361610641186032
-15.5583291364592,0.00489417853616426
-15.5337083213737,0.00616657113119562
-15.5090875062882,0.00743080245327717
-15.4844666912027,0.00868440662482274
-15.4598458761172,0.00992494471921149
-15.4352250610317,0.0111500159430319
-15.4106042459462,0.0123572688418741
-15.3859834308607,0.0135444124552579
-15.3613626157752,0.0147092273462712
-15.3367418006897,0.0158495764320323
-15.3121209856043,0.0169634155422012
-15.2875001705188,0.0180488036344095
-15.2628793554333,0.019103912597662
-15.2382585403478,0.0201270365774465
-15.2136377252623,0.0211166007594642
-15.1890169101768,0.0220711695525153
-15.1643960950913,0.0229894541151269
-15.1397752800058,0.0238703191749387
-15.1151544649203,0.0247127890946548
-15.0905336498348,0.0255160531434499
-15.0659128347493,0.0262794699380795
-15.0412920196638,0.0270025710235132
-15.0166712045783,0.0276850635686537
-14.9920503894928,0.0283268321585778
-14.9674295744073,0.0289279396706782
-14.9428087593218,0.0294886272280651
-14.9181879442364,0.0300093132295413
-14.8935671291509,0.0304905914613624
-14.8689463140654,0.0309332283017737
-14.8443254989799,0.0313381590349488
-14.8197046838944,0.0317064832963859
-14.7950838688089,0.0320394596770247
-14.7704630537234,0.0323384995182661
-14.7458422386379,0.0326051599347124
-14.7212214235524,0.0328411361057236
-14.6966006084669,0.0330482528808222
-14.6719797933814,0.0332284557475136
-14.6473589782959,0.0333838012132326
-14.6227381632104,0.033516446655841
-14.5981173481249,0.033628639699394
-14.5734965330394,0.0337227071737377
-14.5488757179539,0.0338010437179188
-14.5242549028685,0.033866100088351
-14.499634087783,0.0339203712332256
-14.4750132726975,0.0339663841947628
-14.450392457612,0.0340066859006037
-14.4257716425265,0.0340438309049433
-14.401150827441,0.0340803691389341
-14.3765300123555,0.0341188337284627
-14.35190919727,0.0341617289356415
-14.3272883821845,0.0342115182783014
-14.302667567099,0.0342706128794369
-14.2780467520135,0.0343413600959783
-14.253425936928,0.0344260324734842
-14.2288051218425,0.0345268170703786
-14.204184306757,0.0346458051922589
-14.1795634916715,0.0347849825735754
-14.154942676586,0.0349462200406965
-14.1303218615005,0.035131264687031
-14.1057010464151,0.0353417315875333
-14.0810802313296,0.0355790960765775
-14.0564594162441,0.0358446866099092
-14.0318386011586,0.0361396782281585
-14.0072177860731,0.0364650866362943
-13.9825969709876,0.0368217629103897
-13.9579761559021,0.0372103888402239
-13.9333553408166,0.0376314729135303
-13.9087345257311,0.0380853469451767
-13.8841137106456,0.038572163352207
-13.8594928955601,0.0390918930735041
-13.8348720804746,0.0396443241308653
-13.8102512653891,0.0402290608264976
-13.7856304503036,0.0408455235703544
-13.7610096352181,0.0414929493293329
-13.7363888201326,0.0421703926891385
-13.7117680050472,0.0428767275185697
-13.6871471899617,0.0436106492251006
-13.6625263748762,0.0443706775898899
-13.6379055597907,0.0451551601697499
-13.6132847447052,0.0459622762531064
-13.5886639296197,0.0467900413565958
-13.5640431145342,0.0476363122486184
-13.5394222994487,0.0484987924859181
-13.5148014843632,0.0493750384490277
-13.4901806692777,0.050262465862226
-13.4655598541922,0.0511583567834432
-13.4409390391067,0.0520598670493344
-13.4163182240212,0.0529640341604771
-13.3916974089357,0.0538677855913422
-13.3670765938502,0.0547679475093017
-13.3424557787647,0.0556612538864804
-13.3178349636793,0.056544355987701
-13.2932141485938,0.0574138322171241
-13.2685933335083,0.0582661983054119
-13.2439725184228,0.0590979178183849
-13.2193517033373,0.0599054129671404
-13.1947308882518,0.0606850756985121
-13.1701100731663,0.0614332790435353
-13.1454892580808,0.0621463887002743
-13.1208684429953,0.0628207748259603
-13.0962476279098,0.0634528240119008
-13.0716268128243,0.0640389514130577
-13.0470059977388,0.0645756130025779
-13.0223851826533,0.0650593179199073
-12.9977643675678,0.0654866408794401
-12.9731435524823,0.0658542346049901
-12.9485227373968,0.0661588422537133
-12.9239019223113,0.066397309791509
-12.8992811072259,0.0665665982803887
-12.8746602921404,0.0666637960368519
-12.8500394770549,0.0666861306189811
-12.8254186619694,0.0666309805987689
-12.8007978468839,0.0664958870751626
-12.7761770317984,0.0662785648824547
-12.7515562167129,0.0659769134480105
-12.7269354016274,0.0655890272528901
-12.7023145865419,0.0651132058487499
-12.6776937714564,0.064547963384476
-12.6530729563709,0.0638920375963541
-12.6284521412854,0.0631443982162056
-12.6038313261999,0.0623042547528429
-12.5792105111144,0.061371063603417
-12.5545896960289,0.0603445344527538
-12.5299688809434,0.0592246359206043
-12.505348065858,0.0580116004188615
-12.4807272507725,0.0567059281832337
-12.456106435687,0.0553083904465762
-12.4314856206015,0.0538200317240965
-12.406864805516,0.0522421711839149
-12.3822439904305,0.0505764030799938
-12.357623175345,0.0488245962282134
-12.3330023602595,0.0469888925103573
-12.308381545174,0.0450717043949424
-12.2837607300885,0.0430757114681895
-12.259139915003,0.0410038559729165
-12.2345190999175,0.0388593373577584
-12.209898284832,0.0366456058438212
-12.1852774697465,0.0343663550206471
-12.160656654661,0.032025513488164
-12.1360358395755,0.0296272355660924
-12.1114150244901,0.0271758910970508
-12.0867942094046,0.0246760543743063
-12.0621733943191,0.0221324922297295
-12.0375525792336,0.0195501513220035
-12.0129317641481,0.0169341446694739
-11.9883109490626,0.0142897374761792
-11.9636901339771,0.0116223323035521
-11.9390693188916,0.00893745364398445
-11.9144485038061,0.00624073195590555
-11.8898276887206,0.00353788722318392
-11.8652068736351,0.000834712104526403
-11.8405860585496,-0.00186294525891655
-11.8159652434641,-0.00454919870733464
-11.7913444283786,-0.00721814172518605
-11.7667236132931,-0.0098638652295592
-11.7421027982076,-0.0124804754091605
-11.7174819831221,-0.0150621115384278
-11.6928611680367,-0.0176029636909462
-11.6682403529512,-0.020097290276447
-11.6436195378657,-0.0225394353261341
-11.6189987227802,-0.0249238454519854
-11.5943779076947,-0.0272450864069269
-11.5697570926092,-0.0294978591744509
-11.5451362775237,-0.0316770155182776
-11.5205154624382,-0.0337775729250624
-11.4958946473527,-0.0357947288759108
-11.4712738322672,-0.0377238743855589
-11.4466530171817,-0.0395606067514964
-11.4220322020962,-0.0413007414590433
-11.3974113870107,-0.0429403231923947
-11.3727905719252,-0.0444756359059398
-11.3481697568397,-0.0459032119146708
-11.3235489417542,-0.0472198399672515
-11.2989281266688,-0.0484225722702394
-11.2743073115833,-0.0495087304370711
-11.2496864964978,-0.0504759103406606
-11.2250656814123,-0.0513219858538287
-11.2004448663268,-0.0520451114672273
-11.1758240512413,-0.052643723779937
-11.1512032361558,-0.0531165418634549
-11.1265824210703,-0.0534625665053312
-11.1019616059848,-0.0536810783442364
-11.0773407908993,-0.0537716349136947
-11.0527199758138,-0.0537340666171079
-11.0280991607283,-0.0535684716619554
-11.0034783456428,-0.0532752099861925
-10.9788575305573,-0.0528548962148303
-10.9542367154718,-0.0523083916894601
-10.9296159003863,-0.0516367956180417
-10.9049950853009,-0.0508414353965932
-10.8803742702154,-0.0499238561584794
-10.8557534551299,-0.0488858096107634
-10.8311326400444,-0.0477292422205522
-10.8065118249589,-0.0464562828174084
-10.7818910098734,-0.0450692296806972
-10.7572701947879,-0.0435705371831772
-10.7326493797024,-0.0419628020642121
-10.7080285646169,-0.040248749407659
-10.6834077495314,-0.0384312184007775
-10.6587869344459,-0.0365131479513813
-10.6341661193604,-0.0344975622409276
-10.6095453042749,-0.0323875562912846
-10.5849244891894,-0.0301862816225603
-10.5603036741039,-0.0278969320785837
-10.5356828590184,-0.0255227298954291
-10.511062043933,-0.0230669120867561
-10.4864412288475,-0.0205327172177162
-10.461820413762,-0.0179233726367493
-10.4371995986765,-0.0152420822317866
-10.412578783591,-0.0124920147741841
-10.3879579685055,-0.00967629291016837
-10.36333715342,-0.00679798285567759
-10.3387163383345,-0.00386008484627337
-10.314095523249,-0.000865524389271718
-10.2894747081635,0.00218285563955145
-10.264853893078,0.00528230201738344
-10.2402330779925,0.00843015728190957
-10.215612262907,0.0116238648984295
-10.1909914478215,0.014860973465675
-10.166370632736,0.0181391399452481
-10.1417498176505,0.0214561319054954
-10.117129002565,0.0248098287766143
-10.0925081874796,0.0281982221198038
-10.0678873723941,0.031619414919294
-10.0432665573086,0.0350716199120851
-10.0186457422231,0.0385531569761597
-9.99402492713758,0.0420624496037588
-9.96940411205208,0.0455980204920176
-9.94478329696659,0.0491584862887799
-9.9201624818811,0.0527425515367427
-9.8955416667956,0.0563490018641704
-9.87092085171011,0.0599766964752446
-9.84630003662461,0.0636245599976386
-9.82167922153912,0.0672915737491052
-9.79705840645363,0.0709767664887087
-9.77243759136813,0.0746792047217904
-9.74781677628264,0.0783979826308146
-9.72319596119715,0.0821322117068726
-9.69857514611165,0.0858810101588031
-9.67395433102616,0.0896434921786106
-9.64933351594066,0.0934187571431101
-9.62471270085517,0.0972058788324821
-9.60009188576968,0.10100389474669
-9.57547107068418,0.104811795600468
-9.55085025559869,0.108628515076866
-9.52622944051319,0.112452919918067
-9.5016086254277,0.116283800430493
-9.47698781034221,0.120119861478966
-9.45236699525671,0.123959714041992
-9.42774618017122,0.127801867397066
-9.40312536508572,0.131644722001288
-9.37850455000023,0.135486563128518
-9.35388373491474,0.139325555319865
-9.32926291982924,0.143159737699458
-9.30464210474375,0.14698702020228
-9.28002128965826,0.150805180755323
-9.25540047457276,0.154611863447548
-9.23077965948727,0.158404577718078
-9.20615884440178,0.162180698585781
-9.18153802931628,0.165937467936983
-9.15691721423079,0.169671996881433
-9.13229639914529,0.173381269180011
-9.1076755840598,0.177062145740889
-9.08305476897431,0.180711370174143
-9.05843395388881,0.184325575388083
-9.03381313880332,0.187901291203921
-9.00919232371782,0.191434952958868
-8.98457150863233,0.194922911061383
-8.95995069354684,0.19836144145611
-8.93532987846134,0.201746756950114
-8.91070906337585,0.205075019346331
-8.88608824829035,0.208342352324855
-8.86146743320486,0.21154485500761
-8.83684661811937,0.214678616137377
-8.81222580303387,0.217739728797936
-8.78760498794838,0.22072430559825
-8.76298417286288,0.223628494240378
-8.73836335777739,0.226448493387905
-8.7137425426919,0.229180568749383
-8.6891217276064,0.231821069289442
-8.66450091252091,0.23436644347895
-8.63988009743542,0.236813255494844
-8.61525928234992,0.239158201280029
-8.59063846726443,0.241398124374091
-8.56601765217894,0.243530031426402
-8.54139683709344,0.245551107304612
-8.51677602200795,0.247458729713423
-8.49215520692245,0.249250483240964
-8.46753439183696,0.25092417275299
-8.44291357675146,0.252477836058513
-8.41829276166597,0.253909755774296
-8.39367194658048,0.255218470319876
-8.36905113149498,0.256402783979443
-8.34443031640949,0.25746177597186
-8.31980950132399,0.258394808475474
-8.2951886862385,0.259201533559953
-8.27056787115301,0.259881898983253
-8.24594705606751,0.260436152817928
-8.22132624098202,0.260864846877225
-8.19670542589653,0.26116883891783
-8.17208461081103,0.26134929360259
-8.14746379572554,0.261407682213127
-8.12284298064004,0.261345781108767
-8.09822216555455,0.261165668934785
-8.07360135046906,0.260869722589403
-8.04898053538356,0.260460611965355
-8.02435972029807,0.259941293488039
-7.99973890521258,0.259315002478322
-7.97511809012708,0.258585244373906
-7.95049727504159,0.257755784848702
-7.92587645995609,0.256830638875031
-7.9012556448706,0.255814058778422
-7.87663482978511,0.254710521339491
-7.85201401469961,0.253524714001708
-7.82739319961412,0.252261520247827
-7.80277238452862,0.250926004211333
-7.77815156944313,0.249523394592438
-7.75353075435764,0.24805906795095
-7.72890993927214,0.246538531450673
-7.70428912418665,0.244967405131955
-7.67966830910115,0.243351403790507
-7.65504749401566,0.241696318541696
-7.63042667893017,0.24000799815022
-7.60580586384467,0.2382923302053
-7.58118504875918,0.236555222221405
-7.55656423367368,0.234802582743986
-7.53194341858819,0.233040302538768
-7.5073226035027,0.231274235941895
-7.4827017884172,0.229510182446559
-7.45808097333171,0.227753868599828
-7.43346015824622,0.226010930281081
-7.40883934316072,0.224286895430911
-7.38421852807523,0.222587167296555
-7.35959771298973,0.220917008256784
-7.33497689790424,0.219281524285931
-7.31035608281875,0.217685650113225
-7.28573526773325,0.216134135129896
-7.26111445264776,0.214631530092722
-7.23649363756226,0.213182174668688
-7.21187282247677,0.211790185861376
-7.18725200739128,0.21045944735551
-7.16263119230578,0.209193599811872
-7.13801037722029,0.207996032140515
-7.1133895621348,0.206869873775855
-7.0887687470493,0.205817987972952
-7.06414793196381,0.204842966139922
-7.03952711687831,0.203947123217146
-7.01490630179282,0.203132494109688
-6.99028548670733,0.202400831175094
-6.96566467162183,0.201753602764629
-6.94104385653634,0.201191992811908
-6.91642304145084,0.200716901458894
-6.89180222636535,0.20032894670537
-6.86718141127986,0.200028467064147
-6.84256059619436,0.199815525200656
-6.81793978110887,0.199689912531962
-6.79331896602338,0.199651154756854
-6.76869815093788,0.199698518285322
-6.74407733585239,0.199831017532619
-6.71945652076689,0.200047423040069
-6.6948357056814,0.200346270381924
-6.67021489059591,0.200725869814872
-6.64559407551041,0.201184316624268
-6.62097326042492,0.201719502118752
-6.59635244533942,0.202329125222751
-6.57173163025393,0.203010704614317
-6.54711081516844,0.203761591353912
-6.52249000008294,0.204578981948102
-6.49786918499745,0.205459931790677
-6.47324836991196,0.206401368922442
-6.44862755482646,0.207400108049884
-6.42400673974097,0.208452864762106
-6.39938592465547,0.209556269884775
-6.37476510956998,0.210706883909481
-6.35014429448449,0.211901211436735
-6.32552347939899,0.213135715570923
-6.3009026643135,0.214406832205885
-6.276281849228,0.21571098414034
-6.25166103414251,0.217044594963247
-6.22704021905702,0.218404102650264
-6.20241940397152,0.219785972813829
-6.17779858888603,0.221186711551007
-6.15317777380054,0.22260287783511
-6.12855695871504,0.224031095399246
-6.10393614362955,0.225468064062358
-6.07931532854405,0.226910570450927
-6.05469451345856,0.228355498072458
-6.03007369837306,0.22979983669998
-6.00545288328757,0.231240691030154
-5.98083206820208,0.232675288581208
-5.95621125311658,0.23410098680067
-5.93159043803109,0.235515279356906
-5.9069696229456,0.236915801592589
-5.8823488078601,0.238300335122588
-5.85772799277461,0.239666811563171
-5.83310717768911,0.241013315384033
-5.80848636260362,0.24233808587927
-5.78386554751813,0.243639518258155
-5.75924473243263,0.244916163861312
-5.73462391734714,0.246166729512643
-5.71000310226164,0.247390076022081
-5.68538228717615,0.248585215858922
-5.66076147209066,0.249751310020082
-5.63614065700516,0.250887664122084
-5.61151984191967,0.251993723749909
-5.58689902683418,0.253069069099998
-5.56227821174868,0.25411340895861
-5.53765739666319,0.25512657406046
-5.51303658157769,0.256108509875965
-5.4884157664922,0.257059268878597
-5.46379495140671,0.257979002346622
-5.43917413632121,0.258867951756016
-5.41455332123572,0.259726439823435
-5.38993250615022,0.260554861259876
-5.36531169106473,0.261353673296972
-5.34069087597924,0.262123386048831
-5.31607006089374,0.262864552772799
-5.29144924580825,0.26357776009265
-5.26682843072276,0.26426361824733
-5.24220761563726,0.264922751427651
-5.21758680055177,0.265555788262102
-5.19296598546627,0.266163352511373
-5.16834517038078,0.266746054029158
-5.14372435529529,0.267304480044412
-5.11910354020979,0.267839186817479
-5.0944827251243,0.26835069171936
-5.0698619100388,0.268839465779995
-5.04524109495331,0.269305926747638
-5.02062027986782,0.26975043269743
-4.99599946478232,0.270173276223027
-4.97137864969683,0.27057467924065
-4.94675783461134,0.270954788430364
-4.92213701952584,0.271313671334605
-4.89751620444035,0.271651313129148
-4.87289538935485,0.271967614076815
-4.84827457426936,0.272262387669332
-4.82365375918387,0.27253535945783
-4.79903294409837,0.272786166567716
-4.77441212901288,0.273014357888888
-4.74979131392738,0.273219394927714
-4.72517049884189,0.273400653302799
-4.7005496837564,0.273557424862355
-4.6759288686709,0.273688920397073
-4.65130805358541,0.273794272918656
-4.62668723849991,0.273872541470849
-4.60206642341442,0.273922715436687
-4.57744560832893,0.273943719302948
-4.55282479324343,0.273934417840452
-4.52820397815794,0.273893621656807
-4.50358316307245,0.273820093076566
-4.47896234798695,0.273712552302538
-4.45434153290146,0.273569683811113
-4.42972071781596,0.273390142933975
-4.40509990273047,0.273172562578508
-4.38047908764498,0.272915560039464
-4.35585827255948,0.272617743855096
-4.33123745747399,0.272277720661962
-4.30661664238849,0.271894102003926
-4.281995827303,0.271465511052506
-4.25737501221751,0.270990589197659
-4.23275419713201,0.270468002470251
-4.20813338204652,0.269896447759939
-4.18351256696103,0.269274658794762
-4.15889175187553,0.268601411851641
-4.13427093679004,0.267875531169877
-4.10965012170454,0.26709589404291
-4.08502930661905,0.266261435566733
-4.06040849153356,0.265371153026629
-4.03578767644806,0.264424109907174
-4.01116686136257,0.263419439513724
-3.98654604627707,0.262356348196848
-3.96192523119158,0.26123411817437
-3.93730441610609,0.260052109948792
-3.91268360102059,0.258809764320864
-3.8880627859351,0.257506604002945
-3.86344197084961,0.256142234838535
-3.83882115576411,0.254716346636884
-3.81420034067862,0.253228713633976
-3.78957952559312,0.251679194593348
-3.76495871050763,0.250067732562171
-3.74033789542214,0.248394354299746
-3.71571708033664,0.24665916939711
-3.69109626525115,0.244862369107713
-3.66647545016565,0.243004224910208
-3.64185463508016,0.241085086825207
-3.61723381999467,0.239105381508472
-3.59261300490917,0.237065610143408
-3.56799218982368,0.234966346155851
-3.54337137473818,0.232808232774179
-3.51875055965269,0.230591980457485
-3.4941297445672,0.228318364214185
-3.4695089294817,0.225988220832845
-3.44488811439621,0.223602446046277
-3.42026729931072,0.221161991649106
-3.39564648422522,0.218667862588005
-3.37102566913973,0.216121114042707
-3.34640485405423,0.21352284851473
-3.32178403896874,0.210874212939479
-3.29716322388325,0.208176395836096
-3.27254240879775,0.205430624508069
-3.24792159371226,0.202638162306244
-3.22330077862676,0.199800305964503
-3.19867996354127,0.196918383016996
-3.17405914845578,0.193993749304468
-3.14943833337028,0.191027786575893
-3.12481751828479,0.18802190019036
-3.1001967031993,0.184977516922946
-3.0755758881138,0.181896082877129
-3.05095507302831,0.178779061505256
-3.02633425794281,0.175627931737539
-3.00171344285732,0.172444186219184
-2.97709262777183,0.169229329654389
-2.95247181268633,0.165984877255263
-2.92785099760084,0.162712353293067
-2.90323018251534,0.159413289748642
-2.87860936742985,0.15608922505846
-2.85398855234436,0.152741702952404
-2.82936773725886,0.149372271379119
-2.80474692217337,0.145982481514628
-2.78012610708787,0.14257388684986
-2.75550529200238,0.139148042352711
-2.73088447691689,0.135706503700391
-2.70626366183139,0.132250826577942
-2.6816428467459,0.128782566039063
-2.6570220316604,0.125303275925632
-2.63240121657491,0.121814508342677
-2.60778040148942,0.118317813185891
-2.58315958640392,0.114814737719232
-2.55853877131843,0.111306826200534
-2.53391795623294,0.107795619553552
-2.50929714114744,0.104282655085294
-2.48467632606195,0.100769466247964
-2.46005551097645,0.0972575824452991
-2.43543469589096,0.093748528883513
-2.41081388080547,0.0902438264674904
-2.38619306571997,0.0867449917432541
-2.36157225063448,0.0832535368880882
-2.33695143554899,0.0797709697500083
-2.31233062046349,0.0762987939385364
-2.287709805378,0.0728385089689407
-2.2630889902925,0.0693916104622642
-2.23846817520701,0.0659595904035392
-2.21384736012152,0.0625439374606186
-2.18922654503602,0.0591461373659994
-2.16460572995053,0.0557676733638977
-2.13998491486503,0.0524100267246358
-2.11536409977954,0.0490746773281368
-2.09074328469405,0.0457631043179745
-2.06612246960855,0.0424767868270079
-2.04150165452306,0.0392172047751338
-2.01688083943756,0.0359858397391309
-1.99226002435207,0.0327841758939276
-1.96763920926658,0.0296137010239318
-1.94301839418108,0.026475907602295
-1.91839757909559,0.0233722939351704
-1.8937767640101,0.0203043653671506
-1.8691559489246,0.0172736355431659
-1.84453513383911,0.0142816277211659
-1.81991431875361,0.0113298761289382
-1.79529350366812,0.0084199273574122
-1.77067268858263,0.00555334178178668
-1.74605187349713,0.00273169500080819
-1.72143105841164,-4.34207164795031e-05
-1.69681024332614,-0.00277039498818757
-1.67218942824065,-0.00544759789386004
-1.64756861315516,-0.00807337857913426
-1.62294779806966,-0.0106460639052028
-1.59832698298417,-0.0131639571583171
-1.57370616789868,-0.0156253368353048
-1.54908535281318,-0.0180284555217423
-1.52446453772769,-0.0203715388799836
-1.49984372264219,-0.0226527847647167
-1.4752229075567,-0.0248703624840758
-1.45060209247121,-0.0270224122245694
-1.42598127738571,-0.0291070446581961
-1.40136046230022,-0.0311223407500933
-1.37673964721472,-0.0330663517848948
-1.35211883212923,-0.0349370996296615
-1.32749801704374,-0.0367325772507834
-1.30287720195824,-0.0384507495016378
-1.27825638687275,-0.0400895541970062
-1.25363557178725,-0.0416469034893386
-1.22901475670176,-0.043120685560851
-1.20439394161627,-0.0445087666442238
-1.17977312653077,-0.0458089933832674
-1.15515231144528,-0.0470191955434017
-1.13053149635979,-0.0481371890801206
-1.10591068127429,-0.0491607795718167
-1.0812898661888,-0.0500877660214214
-1.0566690511033,-0.050915945029283
-1.03204823601781,-0.0516431153375751
-1.00742742093232,-0.0522670827443119
-0.982806605846822,-0.0527856653827551
-0.958185790761328,-0.0531966993596485
-0.933564975675835,-0.0534980447433258
-0.908944160590341,-0.0536875918903232
-0.884323345504847,-0.0537632680966923
-0.859702530419353,-0.0537230445578017
-0.835081715333859,-0.0535649436180105
-0.810460900248365,-0.0532870462892572
-0.785840085162871,-0.0528875000153076
-0.761219270077378,-0.0523645266562039
-0.736598454991884,-0.0517164306653331
-0.71197763990639,-0.0509416074295398
-0.687356824820896,-0.0500385517408228
-0.662736009735402,-0.0490058663664369
-0.638115194649908,-0.0478422706826378
-0.613494379564414,-0.0465466093359169
-0.58887356447892,-0.0451178608943486
-0.564252749393427,-0.0435551464506558
-0.539631934307933,-0.0418577381377756
-0.515011119222439,-0.0400250675171032
-0.490390304136945,-0.0380567337992004
-0.465769489051451,-0.0359525118565884
-0.441148673965957,-0.0337123599883041
-0.416527858880463,-0.0313364273961794
-0.391907043794969,-0.0288250613333194
-0.367286228709476,-0.0261788138859854
-0.342665413623982,-0.0233984483510431
-0.318044598538488,-0.0204849451723093
-0.293423783452994,-0.0174395074005003
-0.2688029683675,-0.0142635656430658
-0.244182153282006,-0.0109587824719503
-0.219561338196512,-0.00752705625926821
-0.194940523111019,-0.00397052441298214
-0.170319708025525,-0.000291565986930156
-0.145698892940031,0.00350719635805855
-0.121078077854537,0.0074228950627091
-0.0964572627690431,0.0114524170656362
-0.0718364476835492,0.0155924039028927
-0.0472156325980553,0.0198392525233783
-0.0225948175125614,0.0241891168299215
0.00202599757293243,0.0286379099529793
0.0266468126584263,0.0331813072610126
0.0512676277439202,0.0378147501087019
0.075888442829414,0.0425334503212895
0.100509257914908,0.0473323954104855
0.125130073000402,0.0522063545145721
0.149750888085896,0.0571498850525927
0.17437170317139,0.0621573400798383
0.198992518256883,0.0672228763292582
0.223613333342377,0.0723404629209265
0.248234148427871,0.0775038907193112
0.272854963513365,0.0827067823158212
0.297475778598859,0.0879426026119627
0.322096593684353,0.0932046699764141
0.346717408769847,0.0984861679474541
0.37133822385534,0.103780157450427
0.395959038940834,0.10907958949834
0.420579854026328,0.114377318342217
0.445200669111822,0.119666115036537
0.469821484197316,0.124938681383909
0.49444229928281,0.130187664222098
0.519063114368304,0.135405670015664
0.543683929453798,0.140585279713677
0.568304744539291,0.145719063834389
0.592925559624785,0.150799597737244
0.617546374710279,0.155819477042207
0.642167189795773,0.160771333156182
0.666788004881267,0.165647848866103
0.691408819966761,0.170441773958252
0.716029635052255,0.175145940823407
0.740650450137749,0.17975328000757
0.765271265223242,0.184256835668229
0.789892080308736,0.188649780896428
0.81451289539423,0.192925432865283
0.839133710479724,0.197077267766007
0.863754525565218,0.201098935493025
0.888375340650712,0.204984274040295
0.912996155736205,0.208727323571559
0.937616970821699,0.212322340127922
0.962237785907193,0.215763808936808
0.986858600992687,0.21904645728716
1.01147941607818,0.222165266936457
1.03610023116368,0.225115486016024
1.06072104624917,0.227892640401941
1.08534186133466,0.230492544519785
1.10996267642016,0.232911311552417
1.13458349150565,0.235145363021027
1.15920430659114,0.237191437710703
1.18382512167664,0.23904659991293
1.20844593676213,0.240708246958591
1.23306675184763,0.242174116016247
1.25768756693312,0.243442290131835
1.28230838201861,0.244511203487217
1.30692919710411,0.245379645856525
1.3315500121896,0.246046766240714
1.3561708272751,0.246512075662368
1.38079164236059,0.246775449104463
1.40541245744608,0.246837126578599
1.43003327253158,0.246697713310035
1.45465408761707,0.246358179028846
1.47927490270256,0.245819856358562
1.50389571778806,0.24508443829579
1.52851653287355,0.244153974776564
1.55313734795905,0.243030868327492
1.57775816304454,0.241717868802193
1.60237897813003,0.240218067206047
1.62699979321553,0.238534888614833
1.65162060830102,0.236672084195553
1.67624142338652,0.23463372234044
1.70086223847201,0.232424178927991
1.7254830535575,0.230048126727723
1.750103868643,0.227510523968241
1.77472468372849,0.224816602091205
1.79934549881398,0.221971852716699
1.82396631389948,0.218982013848545
1.84858712898497,0.215853055351053
1.87320794407047,0.212591163731687
1.89782875915596,0.209202726267061
1.92244957424145,0.205694314512571
1.94707038932695,0.202072667238821
1.97169120441244,0.19834467284071
1.99631201949794,0.194517351267776
2.02093283458343,0.190597835526867
2.04555364966892,0.186593352810694
2.07017446475442,0.182511205308051
2.09479527983991,0.178358750753636
2.11941609492541,0.174143382777306
2.1440369100109,0.169872511114385
2.16865772509639,0.165553541740145
2.19327854018189,0.161193856992916
2.21789935526738,0.156800795751335
2.24252017035287,0.152381633732105
2.26714098543837,0.147943563975175
2.29176180052386,0.143493677583564
2.31638261560936,0.13903894478509
2.34100343069485,0.134586196382963
2.36562424578034,0.130142105661698
2.39024506086584,0.125713170813913
2.41486587595133,0.121305697952447
2.43948669103683,0.116925784770794
2.46410750612232,0.112579304913089
2.48872832120781,0.10827189311286
2.51334913629331,0.104008931157415
2.5379699513788,0.0997955347321231
2.56259076646429,0.0956365411959704
2.58721158154979,0.0915364983365796
2.61183239663528,0.0874996541495014
2.63645321172078,0.0835299476829003
2.66107402680627,0.079631000984879
2.68569484189176,0.0758061121865815
2.71031565697726,0.0720582497499155
2.73493647206275,0.0683900479042606
2.75955728714825,0.0648038032918937
2.78417810223374,0.0613014728370978
2.80879891731923,0.0578846728490333
2.83341973240473,0.0545546793634785
2.85804054749022,0.0513124297235063
2.88266136257572,0.0481585253940703
2.90728217766121,0.045093236000385
2.9319029927467,0.0421165045748652
2.9565238078322,0.0392279539923499
2.98114462291769,0.0364268945682974
3.00576543800318,0.0337123327897386
3.03038625308868,0.0310829811439302
3.05500706817417,0.0285372690049758
3.07962788325967,0.0260733545341321
3.10424869834516,0.0236891375451735
3.12886951343065,0.0213822732820097
3.15349032851615,0.0191501870518298
3.17811114360164,0.0169900896533312
3.20273195868714,0.0148989935361629
3.22735277377263,0.0128737296245426
3.25197358885812,0.0109109647351373
3.27659440394362,0.00900721951673315
3.30121521902911,0.00715888683697519
3.32583603411461,0.00536225053954327
3.3504568492001,0.00361350449355739
3.37507766428559,0.00190877185577923
3.39969847937109,0.000244124465304488
3.42431929445658,-0.00138439771007308
3.44894010954207,-0.00298076715679955
3.47356092462757,-0.00454894950857003
3.49818173971306,-0.00609288442961017
3.52280255479856,-0.00761646676751609
3.54742336988405,-0.00912352805366003
3.57204418496954,-0.0106178184275654
3.59666500005504,-0.0121029890596902
3.62128581514053,-0.0135825751447962
3.64590663022602,-0.0150599795354802
3.67052744531152,-0.0165384570825589
3.69514826039701,-0.0180210997458154
3.71976907548251,-0.0195108225351736
3.744389890568,-0.0210103503386486
3.76901070565349,-0.0225222056894986
3.79363152073899,-0.0240486975208234
3.81825233582448,-0.0255919109515116
3.84287315090998,-0.027153698142894
3.86749396599547,-0.0287356702607658
3.89211478108096,-0.0303391905726111
3.91673559616646,-0.0319653687049175
3.94135641125195,-0.0336150560804265
3.96597722633745,-0.0352888425500651
3.99059804142294,-0.0369870542291393
4.01521885650843,-0.0387097525421969
4.03983967159393,-0.0404567344757766
4.06446048667942,-0.0422275340331039
4.08908130176491,-0.0440214248796588
4.11370211685041,-0.0458374241634903
4.1383229319359,-0.0476742974891654
4.1629437470214,-0.0495305650193713
4.18756456210689,-0.0514045086734318
4.21218537719238,-0.0532941803873979
4.23680619227788,-0.0551974113959165
4.26142700736337,-0.0571118224918171
4.28604782244887,-0.0590348352152815
4.31066863753436,-0.0609636839205986
4.33528945261985,-0.0628954286648699
4.35991026770535,-0.0648269688596412
4.38453108279084,-0.0667550576232873
4.40915189787634,-0.0686763167691102
4.43377271296183,-0.0705872523615064
4.45839352804732,-0.0724842707702539
4.48301434313282,-0.074363695150951
4.50763515821831,-0.0762217822779357
4.5322559733038,-0.0780547396546044
4.5568767883893,-0.0798587428249831
4.58149760347479,-0.0816299528096252
4.60611841856029,-0.0833645335884891
4.63073923364578,-0.0850586695533321
4.65536004873127,-0.0867085828523761
4.67998086381677,-0.088310550550552
4.70460167890226,-0.0898609215294993
4.72922249398776,-0.0913561330526965
4.75384330907325,-0.0927927269226175
4.77846412415874,-0.094167365158643
4.80308493924424,-0.0954768451265979
4.82770575432973,-0.0967181140532328
4.85232656941522,-0.0978882828617111
4.87694738450072,-0.0989846392671784
4.90156819958621,-0.100004660074799
4.92618901467171,-0.100946022626194
4.9508098297572,-0.101806615344017
4.97543064484269,-0.102584547328472
5.00005145992819,-0.103278156963777
5.02467227501368,-0.103886019497102
5.04929309009918,-0.104406953557105
5.07391390518467,-0.104840026583993
5.09853472027016,-0.105184559148031
5.12315553535566,-0.10544012813843
5.14777635044115,-0.105606568809763
5.17239716552664,-0.105683975678305
5.19701798061214,-0.105672702265979
5.22163879569763,-0.105573359694958
5.24625961078313,-0.105386814141301
5.27088042586862,-0.105114183161338
5.29550124095412,-0.1047568309098
5.32012205603961,-0.104316362273901
5.3447428711251,-0.103794615952719
5.3693636862106,-0.103193656516187
5.39398450129609,-0.102515765482876
5.41860531638158,-0.101763431460433
5.44322613146708,-0.100939339397
5.46784694655257,-0.100046358996193
5.49246776163807,-0.0990875323522432
5.51708857672356,-0.0980660608656211
5.54170939180905,-0.096985291502916
5.56633020689455,-0.0958487024678649
5.59095102198004,-0.0946598883532249
5.61557183706554,-0.0934225448456249
5.64019265215103,-0.0921404530576013
5.66481346723652,-0.090817463562721
5.68943428232202,-0.0894574802109849
5.71405509740751,-0.0880644438025924
5.738675912493,-0.0866423156986273
5.7632967275785,-0.0851950614472697
5.78791754266399,-0.0837266345037728
5.81253835774949,-0.08224096012164
5.83715917283498,-0.0807419194912201
5.86177998792047,-0.0792333342002899
5.88640080300597,-0.0777189510891455
5.91102161809146,-0.0762024275702543
5.93564243317696,-0.074687317479681
5.96026324826245,-0.0731770575242631
5.98488406334794,-0.0716749543849368
6.00950487843344,-0.0701841725326856
6.03412569351893,-0.0687077228093509
6.05874650860442,-0.0672484518210183
6.08336732368992,-0.0658090321869023
6.10798813877541,-0.0643919536816398
6.13260895386091,-0.0629995153036784
6.1572297689464,-0.0616338182970642
6.18185058403189,-0.0602967601484174
6.20647139911739,-0.0589900295752741
6.23109221420288,-0.0577151025163055
6.25571302928838,-0.056473239128237
6.28033384437387,-0.0552654817886316
6.30495465945936,-0.0540926540980827
6.32957547454486,-0.0529553608698654
6.35419628963035,-0.0518539890897096
6.37881710471584,-0.0507887098231711
6.40343791980134,-0.0497594810430755
6.42805873488683,-0.0487660513447765
6.45267954997233,-0.0478079645124989
6.47730036505782,-0.0468845648958871
6.50192118014331,-0.0459950035520573
6.52654199522881,-0.0451382451050157
6.5511628103143,-0.044313075271231
6.5757836253998,-0.0435181089975115
6.60040444048529,-0.0427517991551107
6.62502525557078,-0.0420124457322051
6.64964607065628,-0.0412982054655588
6.67426688574177,-0.0406071018513175
6.69888770082726,-0.039937035474462
6.72350851591276,-0.0392857945964952
6.74812933099825,-0.0386510659414357
6.77275014608375,-0.038030445621129
6.79737096116924,-0.0374214501422578
6.82199177625473,-0.0368215274392109
6.84661259134023,-0.0362280678791401
6.87123340642572,-0.0356384151880699
6.89585422151122,-0.0350498772497976
6.92047503659671,-0.0344597367324943
6.9450958516822,-0.0338652615013745
6.9697166667677,-0.0332637147794741
6.99433748185319,-0.0326523650224713
7.01895829693869,-0.0320284954775038
7.04357911202418,-0.031389413400099
7.06819992710967,-0.0307324589075411
7.09282074219517,-0.0300550134512512
7.11744155728066,-0.0293545078949792
7.14206237236615,-0.0286284301897767
7.16668318745165,-0.0278743326407772
7.19130400253714,-0.0270898387647344
7.21592481762264,-0.0262726497409906
7.24054563270813,-0.0254205504620669
7.26516644779362,-0.024531415193302
7.28978726287912,-0.0236032128539405
7.31440807796461,-0.0226340119346882
7.33902889305011,-0.0216219850690613
7.3636497081356,-0.0205654132777608
7.38827052322109,-0.0194626899068505
7.41289133830659,-0.0183123242816414
7.43751215339208,-0.0171129450989201
7.46213296847758,-0.0158633035804627
7.48675378356307,-0.0145622764106833
7.51137459864856,-0.0132088684807523
7.53599541373406,-0.0118022154606179
7.56061622881955,-0.0103415862190748
7.58523704390505,-0.00882638511037256
7.60985785899054,-0.00725615414386062
7.63447867407603,-0.00563057505086652
7.65909948916153,-0.0039494712604104
7.68372030424702,-0.00221280979253168
7.70834111933251,-0.000420703074954842
7.73296193441801,0.00142658931438264
7.7575827495035,0.00332865897975711
7.782203564589,0.00528494711926758
7.80682437967449,0.00729474302330579
7.83144519475998,0.00935718267099762
7.85606600984548,0.0114712474391029
7.88068682493097,0.0136357629411229
7.90530764001646,0.0158493980174785
7.92992845510196,0.0181106639005316
7.95454927018745,0.0204179135808906
7.97917008527295,0.0227693414038272
8.00379090035844,0.025162982926691
8.02841171544393,0.0275967150699189
8.05303253052943,0.030068256595546
8.07765334561492,0.0325751689480367
8.10227416070042,0.0351148574927088
8.12689497578591,0.037684573187038
8.1515157908714,0.0402814147196671
8.1761366059569,0.0429023311510031
8.20075742104239,0.0455441250878698
8.22537823612788,0.048203456422785
8.24999905121338,0.0508768466660693
8.27461986629887,0.0535606838961643
8.29924068138437,0.0562512283502895
8.32386149646986,0.0589446186738806
8.34848231155535,0.0616368788432047
8.37310312664085,0.064323925771123
8.39772394172634,0.067001577601254
8.42234475681184,0.0696655626907778
8.44696557189733,0.0723115292768938
8.47158638698282,0.0749350558165247
8.49620720206832,0.07753166198331
8.52082801715381,0.0800968203003017
8.5454488322393,0.0826259683811162
8.5700696473248,0.0851145217466657
8.59469046241029,0.0875578871790394
8.61931127749579,0.0899514765686933
8.64393209258128,0.0922907212058818
8.66855290766678,0.0945710864622796
8.69317372275227,0.0967880868040535
8.71779453783776,0.0989373010732917
8.74241535292326,0.101014387970734
8.76703616800875,0.103015101669206
8.79165698309424,0.104935307484084
8.81627779817974,0.106770997524551
8.84089861326523,0.108518306247342
8.86551942835073,0.110173525833188
8.89014024343622,0.111733121305244
8.91476105852171,0.113193745308426
8.93938187360721,0.114552252468872
8.9640026886927,0.115805713253534
8.98862350377819,0.116951427251401
9.01324431886369,0.11798693579984
9.03786513394918,0.118910033882175
9.06248594903468,0.119718781225729
9.08710676412017,0.120411512533304
9.11172757920566,0.120986846785187
9.13634839429116,0.121443695553486
9.16096920937665,0.121781270275655
9.18559002446215,0.12199908843956
9.21021083954764,0.122096978638281
9.23483165463313,0.12207508445897
9.25945246971863,0.121933867176477
9.28407328480412,0.121674107229073
9.30869409988961,0.12129690446033
9.33331491497511,0.120803677118077
9.3579357300606,0.120196159608266
9.3825565451461,0.119476399008442
9.40717736023159,0.118646750352412
9.43179817531709,0.117709870704363
9.45641899040258,0.116668712047333
9.48103980548807,0.115526513017252
9.50566062057357,0.114286789519929
9.53028143565906,0.112953324274187
9.55490225074455,0.111530155329856
9.57952306583005,0.110021563614465
9.60414388091554,0.108432059567257
9.62876469600103,0.106766368923425
9.65338551108653,0.105029417715393
9.67800632617202,0.103226316561363
9.70262714125752,0.101362344314268
9.72724795634301,0.0994429311467382
9.75186877142851,0.0974736411496163
9.776489586514,0.0954601545230108
9.80111040159949,0.0934082494398117
9.82573121668499,0.0913237836620611
9.85035203177048,0.089212675990531
9.87497284685597,0.087080887627367
9.89959366194147,0.084934403530703
9.92421447702696,0.082779213838766
9.94883529211246,0.0806212954391898
9.97345610719795,0.0784665937570766
9.99807692228345,0.0763210048327912
10.0226977373689,0.0741903577576048
10.0473185524544,0.0720803975321171
10.0719393675399,0.0699967684089425
10.0965601826254,0.0679449977774551
10.1211809977109,0.0659304806444881
10.1458018127964,0.0639584647608261
10.1704226278819,0.0620340364391044
10.1950434429674,0.0601621071044247
10.2196642580529,0.0583474006145875
10.2442850731384,0.0565944413824076
10.2689058882239,0.0549075433281024
10.2935267033094,0.0532907996853059
10.3181475183949,0.0517480736798226
10.3427683334804,0.0502829900958926
10.3673891485659,0.0488989277404522
10.3920099636513,0.0475990128117045
10.4166307787368,0.0463861131742646
10.4412515938223,0.0452628335392287
10.4658724089078,0.0442315115437601
10.4904932239933,0.0432942147211973
10.5151140390788,0.0424527383492696
10.5397348541643,0.0417086041607894
10.5643556692498,0.0410630598981544
10.5889764843353,0.0405170796901635
10.6135972994208,0.0400713652270298
10.6382181145063,0.0397263477070534
10.6628389295918,0.0394821905262069
10.6874597446773,0.0393387926798949
10.7120805597628,0.0392957928443472
10.7367013748483,0.0393525741035318
10.7613221899338,0.0395082692860833
10.7859430050192,0.0397617668755704
10.8105638201047,0.0401117174564364
10.8351846351902,0.0405565406571589
10.8598054502757,0.0410944325515687
10.8844262653612,0.0417233734788499
10.9090470804467,0.0424411362424976
10.9336678955322,0.0432452946484389
10.9582887106177,0.0441332323426236
10.9829095257032,0.045102151908642
11.0075303407887,0.0461490841863536
11.0321511558742,0.0472708977730662
11.0567719709597,0.0484643086695277
11.0813927860452,0.0497258900338444
11.1060136011307,0.0510520820074264
11.1306344162162,0.0524392015781907
11.1552552313017,0.0538834524474889
11.1798760463871,0.0553809348686001
11.2044968614726,0.056927655426103
11.2291176765581,0.0585195367270315
11.2537384916436,0.0601524269764009
11.2783593067291,0.0618221094114787
11.3029801218146,0.0635243115710347
11.3276009369001,0.0652547143777551
11.3522217519856,0.0670089610140207
11.3768425670711,0.0687826655733219
11.4014633821566,0.070571421471718
11.4260841972421,0.0723708096059066
11.4507050123276,0.0741764062466763
11.4753258274131,0.0759837906587256
11.4999466424986,0.0777885524400527
11.5245674575841,0.0795862985763386
11.5491882726696,0.0813726602079342
11.5738090877551,0.0831432991092263
11.5984299028405,0.0848939138822634
11.623050717926,0.0866202458685738
11.6476715330115,0.0883180847850744
11.672292348097,0.089983274091852
11.6969131631825,0.0916117161013634
11.721533978268,0.0931993768402573
11.7461547933535,0.094742290676535
11.770775608439,0.0962365647261338
11.7953964235245,0.0976783830542271
11.82001723861,0.099064010687573
11.8446380536955,0.100389797455095
11.869258868781,0.101652181674541
11.8938796838665,0.102847693703536
11.918500498952,0.103972959373589
11.9431213140375,0.105024703325681
11.967742129123,0.105999752265873
11.9923629442084,0.106895038158994
12.0169837592939,0.107707601377898
12.0416045743794,0.108434593824928
12.0662253894649,0.109073282041242
12.0908462045504,0.109621050318418
12.1154670196359,0.110075403825368
12.1400878347214,0.110433971761974
12.1647086498069,0.110694510549115
12.1893294648924,0.110854907062847
12.2139502799779,0.110913181918416
12.2385710950634,0.11086749280765
12.2631919101489,0.110716137890974
12.2878127252344,0.110457559242942
12.3124335403199,0.110090346347777
12.3370543554054,0.109613239638949
12.3616751704909,0.10902513407437
12.3862959855763,0.108325082736317
12.4109168006618,0.107512300442804
12.4355376157473,0.106586167354746
12.4601584308328,0.10554623256099
12.4847792459183,0.104392217621145
12.5094000610038,0.103124020044079
12.5340208760893,0.101741716678081
12.5586416911748,0.10024556698699
12.5832625062603,0.0986360161850461
12.6078833213458,0.0969136982019352
12.6325041364313,0.0950794384483972
12.6571249515168,0.0931342563519327
12.6817457666023,0.0910793676315385
12.7063665816878,0.0889161862800721
12.7309873967733,0.0866463262227719
12.7556082118588,0.0842716026206595
12.7802290269443,0.0817940327880277
12.8048498420297,0.0792158366939568
12.8294706571152,0.0765394370188242
12.8540914722007,0.073767458738041
12.8787122872862,0.0709027282067926
12.9033331023717,0.0679482717213304
12.9279539174572,0.0649073135343821
12.9525747325427,0.0617832733044691
12.9771955476282,0.0585797629613625
13.0018163627137,0.0553005829725147
13.0264371777992,0.0519497179980944
13.0510579928847,0.0485313319251685
13.0756788079702,0.0450497622746235
13.1002996230557,0.0415095139775661
13.1249204381412,0.0379152525211522
13.1495412532267,0.0342717964670783
13.1741620683122,0.030584109349252
13.1987828833976,0.0268572909604755
13.2234036984831,0.0230965680412463
13.2480245135686,0.0193072843870305
13.2726453286541,0.0154948903935336
13.2972661437396,0.0116649320625929
13.3218869588251,0.00782303949429607
13.3465077739106,0.00397491489380504
13.3711285889961,0.00012632012408248
13.3957494040816,-0.00371693616170474
13.4203702191671,-0.0075490117719316
13.4449910342526,-0.0113640445740084
13.4696118493381,-0.0151561663971892
13.4942326644236,-0.0189195171984254
13.5188534795091,-0.0226482594473586
13.5434742945946,-0.0263365926851277
13.5680951096801,-0.0299787682104461
13.5927159247655,-0.0335691038454054
13.617336739851,-0.0371019987326703
13.6419575549365,-0.0405719481151494
13.666578370022,-0.0439735580488446
13.6911991851075,-0.0473015599994129
13.715820000193,-0.050550825272991
13.7404408152785,-0.0537163792320404
13.765061630364,-0.0567934152473636
13.7896824454495,-0.0597773083380021
13.814303260535,-0.0626636284514583
13.8389240756205,-0.065448153337566
13.863544890706,-0.06812688097037
13.8881657057915,-0.0706960414735458
13.912786520877,-0.0731521085061964
13.9374073359625,-0.0754918100672931
13.962028151048,-0.0777121386785625
13.9866489661334,-0.0798103609072884
14.0112697812189,-0.0817840261922363
14.0358905963044,-0.0836309749377742
14.0605114113899,-0.0853493458431984
14.0851322264754,-0.0869375824363055
14.1097530415609,-0.0883944387823724
14.1343738566464,-0.0897189843418915
14.1589946717319,-0.0909106079526959
14.1836154868174,-0.0919690209144473
14.2082363019029,-0.0928942591558992
14.2328571169884,-0.0936866844678378
14.2574779320739,-0.0943469847871892
14.2820987471594,-0.0948761735204237
14.3067195622449,-0.0952755878971147
14.3313403773304,-0.0955468863473034
14.3559611924159,-0.0956920448991901
14.3805820075014,-0.0957133525966073
14.4052028225868,-0.0956134059387408
14.4298236376723,-0.0953951023476365
14.4544444527578,-0.0950616326721671
14.4790652678433,-0.0946164727403302
14.5036860829288,-0.0940633739749976
14.5283068980143,-0.0934063530915346
14.5529277130998,-0.0926496808990404
14.5775485281853,-0.0917978702303371
14.6021693432708,-0.090855663029213
14.6267901583563,-0.0898280166268317
14.6514109734418,-0.0887200892426092
14.6760317885273,-0.0875372247482342
14.7006526036128,-0.0862849367368563
14.7252734186983,-0.0849688919427488
14.7498942337838,-0.0835948930599868
14.7745150488693,-0.0821688610118074
14.7991358639547,-0.0806968167253581
14.8237566790402,-0.0791848624694334
14.8483774941257,-0.0776391628155609
14.8729983092112,-0.0760659252853779
14.8976191242967,-0.0744713807496363
14.9222399393822,-0.0728617636463531
14.9468607544677,-0.0712432920875738
14.9714815695532,-0.0696221479259078
14.9961023846387,-0.0680044568534188
15.0207231997242,-0.0663962686065776
15.0453440148097,-0.0648035373518057
15.0699648298952,-0.0632321023266291
15.0945856449807,-0.0616876688116142
15.1192064600662,-0.0601757895080559
15.1438272751517,-0.0587018463958243
15.1684480902372,-0.0572710331448415
15.1930689053227,-0.0558883381523448
15.2176897204081,-0.054558528276402
15.2423105354936,-0.0532861333340693
15.2669313505791,-0.0520754314301264
15.2915521656646,-0.0509304351795043
15.3161729807501,-0.0498548788833149
15.3407937958356,-0.0488522067148601
15.3654146109211,-0.0479255619680905
15.3900354260066,-0.0470777774167818
15.4146562410921,-0.0463113668281612
15.4392770561776,-0.0456285176699181
15.4638978712631,-0.0450310850444539
15.4885186863486,-0.0445205868789246
15.5131395014341,-0.0440982003941121
15.5377603165196,-0.0437647598694725
15.5623811316051,-0.0435207557158685
15.5870019466906,-0.0433663348615479
15.611622761776,-0.0433013024508989
15.6362435768615,-0.0433251248494438
15.660864391947,-0.0434369339424577
15.6854852070325,-0.043635532708546
15.710106022118,-0.0439194020435364
15.7347268372035,-0.0442867088041594
15.759347652289,-0.0447353150352456
15.7839684673745,-0.0452627883386029
15.80858928246,-0.0458664133363639
15.8332100975455,-0.0465432041764757
15.857830912631,-0.0472899180231426
15.8824517277165,-0.0481030694704744
15.907072542802,-0.0489789458133652
15.9316933578875,-0.0499136231057428
15.956314172973,-0.0509029829328219
15.9809349880585,-0.0519427298208881
16.0055558031439,-0.053028409205426
16.0301766182294,-0.0541554258761439
16.0547974333149,-0.0553190628155991
16.0794182484004,-0.056514500346747
16.1040390634859,-0.0577368355037944
16.1286598785714,-0.0589811015402641
16.1532806936569,-0.0602422874881545
16.1779015087424,-0.0615153576825042
16.2025223238279,-0.0627952711665639
16.2271431389134,-0.0640770008940851
16.2517639539989,-0.0653555526470009
16.2763847690844,-0.0666259835889254
16.3010055841699,-0.0678834203774789
16.3256263992554,-0.0691230767613797
16.3502472143409,-0.0703402705915671
16.3748680294264,-0.0715304401792492
16.3994888445119,-0.0726891599377482
16.4241096595973,-0.073812155249248
16.4486437446041,-0.0749270031035938
16.4732119195884,-0.0760616389191074
16.497780212151,-0.0772123349087448
16.5223484579076,-0.0783755714027054
16.5469164923296,-0.0795480471919562
16.5714841506732,-0.080726688788055
16.5960512679086,-0.0819086586359273
16.6206176786479,-0.0830913622615754
16.6451832170738,-0.0842724543421928
16.669747716867,-0.0854498436916448
16.6943110111331,-0.0866216971596962
16.7188729323292,-0.0877864424487365
16.7434333121895,-0.0889427698569767
16.7679919816499,-0.0900896329622125
16.7925487707726,-0.0912262482651817
16.8171035086684,-0.0923520938162925
16.841656023419,-0.0934669068540488
16.8662061419978,-0.0945706804877774
16.8907536901891,-0.0956636594613263
16.9152984925069,-0.0967463350381425
16.939840372111,-0.0978194390516368
16.9643791507228,-0.0988839371678728
16.9889146485388,-0.0999410214104786
17.0134466841422,-0.100992102000172
17.0379750744135,-0.102038798563456
17.062499634438,-0.103082930766852
17.0870201774125,-0.104126508434492
17.1115365145485,-0.10517172120802
17.1360484549742,-0.106220927808454
17.1605558056336,-0.107276644960109
17.1850583711827,-0.108341536036685
17.2095559538836,-0.109418399489356
17.2340483534952,-0.110510157116052
17.2585353671614,-0.111619842230188
17.2830167892957,-0.112750587785818
17.3074924114624,-0.113905614514654
17.331962022255,-0.115088219128553
17.3564254071696,-0.116301762638957
17.3808823484759,-0.117549658842488
17.4053326250832,-0.118835363019283
17.4297760124018,-0.120162360887952
17.454212282201,-0.121534157858082
17.4786412024614,-0.122954268618154
17.5030625372224,-0.124426207093512
17.5274760464248,-0.12595347680574
17.5518814857473,-0.12753956166141
17.5762786064377,-0.129187917194743
17.600667155138,-0.130901962285252
17.6250468737025,-0.132685071368021
17.6494174990096,-0.134540567150815
17.6737787627669,-0.136471713848867
17.6981303913078,-0.138481710944879
17.7224721053812,-0.14057368747859
17.7468036199322,-0.142750696867175
17.7711246438752,-0.145015712254799
17.7954348798563,-0.147371622386892
17.8197340240074,-0.149821228002086
17.8440217656896,-0.15236723873235
17.8682977872255,-0.155012270499663
17.8925617636217,-0.157758843395572
17.9168133622772,-0.160609380028209
17.9410522426814,-0.163566204319815
17.9652780560977,-0.166631540736545
17.9894904452336,-0.169807513931249
18.0136890438956,-0.173096148779131
18.0378734766294,-0.176499370785616
18.062043358343,-0.18001900684543
18.0861982939129,-0.183656786331776
18.1103378777718,-0.187414342494622
18.1344616934767,-0.191293214147452
18.1585693132573,-0.195294847622344
18.1826602975416,-0.199420598973985
18.2067341944596,-0.20367173641408
18.2307905393223,-0.208049442958697
18.2548288540744,-0.212554819272245
18.2788486467209,-0.21718888669306
18.3028494107234,-0.221952590427015
18.3268306243666,-0.226846802896983
18.3507917500918,-0.231872327237526
18.374732233796,-0.237029900925753
18.3986515040937,-0.242320199540809
18.4225489715398,-0.247743840646074
18.4464240278111,-0.253301387789613
18.4702760448432,-0.258993354619927
18.4941043739199,-0.264820209115458
18.5179083447128,-0.270782377927589
18.5416872642671,-0.276880250838104
18.5654404159299,-0.283114185333158
18.5891670582179,-0.289484511296745
18.6128664236192,-0.295991535827455
18.6365377173265,-0.302635548182958
18.6601801158942,-0.309416824857114
18.6837927658177,-0.316335634794929
18.7073747820255,-0.323392244750659
18.7309252462812,-0.330586924794363
18.7544432054868,-0.337919953971919
18.7779276698813,-0.345391626123127
18.8013776111263,-0.353002255861938
18.8247919602705,-0.360752184722085
18.8481696055841,-0.368641787470503
18.871509390253,-0.376671478589839
18.894810109923,-0.384841718930221
18.9180705100806,-0.393153022529075
18.9412892832606,-0.401605963596447
18.9644650660638,-0.410201183661715
18.9875964359722,-0.418939398876075
19.0106819079442,-0.427821407463506
19.0337199307727,-0.436848097311292
19.0567088831869,-0.446020453689503
19.0796470696756,-0.455339567087133
19.1025327160108,-0.464806641150959
19.1253639644449,-0.474423000711527
19.1481388685551,-0.484190099879056
19.170855387704,-0.49410953019053
19.1935113810846,-0.504183028787699
19.2161046013121,-0.514412486604265
19.2386326875249,-0.524799956539101
19.2610931579503,-0.535347661590958
19.2834834018873,-0.54605800292871
19.3058006710555,-0.556933567869768
19.3280420702522,-0.567977137737806
19.3502045472553,-0.579191695569319
19.3722848819039,-0.590580433636695
19.3942796742802,-0.602146760753401
19.416185331911,-0.613894309324333
19.4379980558987,-0.625826942101367
19.4597138258815,-0.637948758600367
19.4813283837152,-0.650264101131254
19.5028372157586,-0.662777560386936
19.5242355336321,-0.675493980529683
19.54551825331,-0.688418463704516
19.5666799723932,-0.701556373898017
19.5877149453966,-0.714913340047155
19.6086170568735,-0.7284952582857
19.6293797921848,-0.742308293194935
19.64999620571,-0.756358877899884
19.6704588862824,-0.7706537128213
19.6907599196236,-0.785199762856198
19.7108908475434,-0.800004252714606
19.7308426236661,-0.815074660086181
19.7506055654496,-0.830418706246024
19.7701693022704,-0.846044343632796
19.7895227193714,-0.861959739842658
19.8086538975045,-0.878173257377943
19.8275500481547,-0.894693428368444
19.8461974443189,-0.911528923344675
19.8645813469222,-0.928688512985964
19.8826859271192,-0.94618102159233
19.9004941849391,-0.964015270839959
19.917987865012,-0.982200012180356
19.9351473704843,-1.00074384604082
19.9519516766884,-1.01965512579167
19.9683782467179,-1.03894184428284
19.9844029517727,-1.05861150064619
20,-1.07867094504888
