-20,-0.842958313106539
-19.9833010280068,-0.823143562166943
-19.9661462588062,-0.803671305497136
-19.9485654756157,-0.784533457736191
-19.9305862632296,-0.765721620519937
-19.9122341466042,-0.747227237053035
-19.8935327313095,-0.729041717310262
-19.8745038420981,-0.711156538301852
-19.8551676569963,-0.693563323375354
-19.835542835209,-0.676253904040006
-19.8156466377996,-0.659220367324744
-19.7954950406021,-0.642455091238099
-19.7751028391797,-0.625950770498255
-19.754483745896,-0.609700434348123
-19.7336504793409,-0.593697457963446
-19.7126148464603,-0.577935568698787
-19.6913878178109,-0.562408848192991
-19.669979596394,-0.547111731167761
-19.6483996805361,-0.532039001595891
-19.6266569212797,-0.517185786785133
-19.6047595747337,-0.502547549815744
-19.5827153498114,-0.488120080680909
-19.5605314517589,-0.473899486406541
-19.5382146218486,-0.459882180367657
-19.5157711735847,-0.446064870970528
-19.4932070257397,-0.432444549831111
-19.4705277325141,-0.419018479549359
-19.447738511084,-0.405784181154567
-19.4248442667814,-0.392739421277791
-19.4018496161244,-0.379882199092689
-19.3787589078974,-0.36721073305513
-19.3555762424632,-0.354723447463906
-19.3323054894663,-0.342418958859432
-19.3089503040796,-0.330296062273842
-19.2855141419229,-0.3183537173442
-19.2620002727772,-0.306591034300172
-19.238411793201,-0.295007259838261
-19.2147516381483,-0.283601762896388
-19.1910225916762,-0.272374020344963
-19.167227296822,-0.261323602613504
-19.1433682647241,-0.250450159275168
-19.1194478830499,-0.239753404615171
-19.0954684237917,-0.229233103212797
-19.0714320504846,-0.218889055570563
-19.0473408248939,-0.208721083827899
-19.0231967132178,-0.198729017600407
-18.9990015918444,-0.188912679989366
-18.9747572527005,-0.179271873809425
-18.9504654082246,-0.169806368085515
-18.9261276959945,-0.160515884872708
-18.9017456830384,-0.151400086455094
-18.8773208698518,-0.142458562981663
-18.8528546941457,-0.133690820598657
-18.8283485343461,-0.125096270138826
-18.8038037128631,-0.116674216428526
-18.7792214991483,-0.108423848273533
-18.7546031125558,-0.10034422918386
-18.7299497250217,-0.0924342888967538
-18.7052624635747,-0.0846928157553259
-18.680542412692,-0.0771184499980522
-18.6557906165091,-0.069709678011574
-18.6310080808971,-0.062464827595903
-18.6061957754132,-0.0553820642872842
-18.5813546351376,-0.0484593887796023
-18.5564855624005,-0.0416946354803895
-18.5315894284103,-0.0350854722321968
-18.5066670747874,-0.0286294012243787
-18.4817193150114,-0.0223237611142538
-18.4567469357867,-0.0161657303701622
-18.4317506983324,-0.0101523318422041
-18.4067313396016,-0.00428043855945412
-18.3816895734343,0.00145321925476116
-18.3566260916486,0.00705204596527803
-18.3315415650739,0.012519571128428
-18.3064366445301,0.0178594389470114
-18.2813119617562,0.023075396615144
-18.2561681302912,0.0281712815986477
-18.2310057463103,0.0331510079039764
-18.2058253894202,0.0380185513958286
-18.1806276234141,0.0427779342305196
-18.1554129969908,0.0474332084788307
-18.130182044439,0.0519884390183719
-18.1049352862888,0.0564476857814229
-18.0796732299336,0.0608149854497201
-18.0543963702225,0.0650943326926857
-18.0291051900259,0.0692896610501052
-18.0038001607766,0.0734048235642139
-17.9784817429858,0.0774435732695182
-17.9531503867378,0.0814095436514185
-17.9278065321626,0.0853062291867984
-17.9024506098896,0.0891369660811589
-17.8770830414818,0.0929049133176192
-17.8517042398527,0.0966130341331239
-17.8263146096667,0.100264078036526
-17.8009145477238,0.103860563481804
-17.7755044433295,0.107404761307569
-17.7500846786507,0.110898679051193
-17.7246556290593,0.114344046242364
-17.6992176634626,0.117742300776681
-17.673771144623,0.121094576465035
-17.6483164294658,0.124401691849021
-17.6228538693783,0.127664140366511
-17.5973838104981,0.130882081944843
-17.5719065939925,0.134055336091873
-17.5464225563307,0.137183376547385
-17.5209320295463,0.140265327549229
-17.4954353414943,0.143299961759966
-17.4699328160995,0.146285699890878
-17.4444247735999,0.149220612050991
-17.4189115307832,0.152102420839289
-17.3933934012185,0.154928506188647
-17.3678706954819,0.157695911960231
-17.3423437213788,0.160401354277281
-17.3168127841603,0.163041231577313
-17.2912781867371,0.165611636352007
-17.2657402298886,0.168108368534321
-17.2401992124694,0.170526950482895
-17.2146554316132,0.17286264350448
-17.1891091829332,0.175110465846162
-17.1635607607208,0.177265212080473
-17.138010458143,0.179321473798229
-17.1124585674366,0.181273661516113
-17.086905380103,0.183116027698733
-17.0613511871004,0.184842690788039
-17.0357678182756,0.186490748629471
-17.0101844494508,0.188097227237658
-16.984601080626,0.189656022988807
-16.9590177118011,0.191161015607759
-16.9334343429763,0.192606095465572
-16.9078509741515,0.193985191144577
-16.8822676053267,0.195292297134501
-16.8566842365018,0.196521501521982
-16.831100867677,0.197667013535249
-16.8055174988522,0.19872319080597
-16.7799341300274,0.199684566211259
-16.7543507612025,0.200545874160562
-16.7287673923777,0.201302076194637
-16.7031840235529,0.201948385767025
-16.6776006547281,0.202480292082349
-16.6520172859032,0.202893582870316
-16.6264339170784,0.203184365979584
-16.6008505482536,0.203349089681454
-16.5752671794288,0.203384561579822
-16.5496838106039,0.203287966030745
-16.5241004417791,0.203056879982498
-16.4985170729543,0.202689287154858
-16.4729337041295,0.20218359048471
-16.4473503353046,0.201538622773742
-16.4217669664798,0.200753655482961
-16.396183597655,0.199828405628001
-16.3706002288302,0.198763040738645
-16.3450168600053,0.197558181855517
-16.3194334911805,0.196214904546608
-16.2938501223557,0.194734737935991
-16.2682667535309,0.193119661746742
-16.242683384706,0.191372101369768
-16.2171000158812,0.18949492097967
-16.1915166470564,0.18749141472817
-16.1659332782316,0.185365296054712
-16.1403499094067,0.183120685162715
-16.1147665405819,0.180762094718516
-16.0891831717571,0.178294413838245
-16.0635998029323,0.175722890435684
-16.0380164341074,0.173053112011597
-16.0124330652826,0.170290984971949
-15.9868496964578,0.167442712568906
-15.961266327633,0.164514771564497
-15.9356829588081,0.161513887722234
-15.9100995899833,0.158447010236892
-15.8845162211585,0.155321285216985
-15.8589328523337,0.152144028338202
-15.8333494835088,0.148922696789277
-15.807766114684,0.145664860634294
-15.7821827458592,0.142378173717454
-15.7565993770344,0.1390703442377
-15.7310160082095,0.135749105121386
-15.7054326393847,0.13242218432143
-15.6798492705599,0.12909727517098
-15.6542659017351,0.12578200691873
-15.6286825329102,0.122483915571554
-15.6030991640854,0.119210415168079
-15.5775157952606,0.115968769604324
-15.5519324264358,0.11276606512949
-15.5263490576109,0.109609183626485
-15.5007656887861,0.106504776787794
-15.4751823199613,0.103459241292952
-15.4495989511365,0.100478695089015
-15.4240155823116,0.0975689548703121
-15.3984322134868,0.0947355148481814
-15.372848844662,0.0919835268955339
-15.3472654758372,0.0893177821449409
-15.3216821070123,0.0867426941124825
-15.2960987381875,0.0842622834129118
-15.2705153693627,0.0818801641247856
-15.2449320005379,0.0795995318571119
-15.219348631713,0.0774231535618052
-15.1937652628882,0.0753533591288383
-15.1681818940634,0.0733920347934802
-15.1425985252386,0.0715406183774137
-15.1170151564137,0.0698000963778865
-15.0914317875889,0.0681710029113783
-15.0658484187641,0.0666534205105873
-15.0402650499393,0.0652469827658948
-15.0146816811144,0.0639508787948592
-14.9890983122896,0.0627638595157687
-14.9635149434648,0.0616842456938521
-14.93793157464,0.0607099377214484
-14.9123482058151,0.0598384270862817
-14.8867648369903,0.0590668094750115
-14.8611814681655,0.0583917994524513
-14.8355980993407,0.0578097466502912
-14.8100147305158,0.0573166533928521
-14.784431361691,0.0569081936813588
-14.7588479928662,0.0565797334524816
-14.7332646240414,0.0563263520214597
-14.7076812552165,0.056142864615041
-14.6820978863917,0.0560238458947442
-14.6565145175669,0.0559636543666095
-14.6309311487421,0.0559564575696707
-14.6053477799172,0.0559962579318716
-14.5797644110924,0.0560769191790894
-14.5541810422676,0.0561921931803261
-14.5285976734428,0.0563357471100199
-14.503014304618,0.0565011908068071
-14.4774309357931,0.0566821042069673
-14.4518475669683,0.0568720647302079
-14.4262641981435,0.0570646744954136
-14.4006808293186,0.0572535872444959
-14.3750974604938,0.0574325348535566
-14.349514091669,0.0575953533122094
-14.3239307228442,0.0577360080541056
-14.2983473540194,0.0578486185244789
-14.2727639851945,0.0579274818738506
-14.2471806163697,0.0579670956709309
-14.2215972475449,0.0579621795321836
-14.1960138787201,0.0579076955705079
-14.1704305098952,0.057798867570983
-14.1448471410704,0.0576311988076354
-14.1192637722456,0.0574004884216749
-14.0936804034208,0.0571028462885995
-14.0680970345959,0.0567347063089447
-14.0425136657711,0.0562928380652417
-14.0169302969463,0.055774356795885
-13.9913469281215,0.0551767316450892
-13.9657635592966,0.0544977921568657
-13.9401801904718,0.0537357329899519
-13.914596821647,0.0528891168398174
-13.8890134528222,0.0519568755632094
-13.8634300839973,0.0509383095101325
-13.8378467151725,0.0498330850776351
-13.8122633463477,0.0486412305092297
-13.7866799775229,0.0473631299731715
-13.761096608698,0.045999515962081
-13.7355132398732,0.044551460065479
-13.7099298710484,0.043020362175644
-13.6843465022236,0.0414079381957446
-13.6587631333987,0.0397162063273886
-13.6331797645739,0.0379474720225152
-13.6075963957491,0.0361043116918685
-13.5820130269243,0.0341895552691074
-13.5564296580994,0.0322062677358425
-13.5308462892746,0.0301577297185367
-13.5052629204498,0.0280474172731908
-13.479679551625,0.0258789809780439
-13.4540961828001,0.0236562244580911
-13.4285128139753,0.0213830824680639
-13.4029294451505,0.0190635986625607
-13.3773460763257,0.0167019031832871
-13.3517627075008,0.0143021901938039
-13.326179338676,0.0118686954918243
-13.3005959698512,0.00940567432790111
-13.2750126010264,0.00691737955734539
-13.2494292322015,0.00440804024939277
-13.2238458633767,0.00188184087402421
-13.1982624945519,-0.000657098817545124
-13.1726791257271,-0.00320474310782792
-13.1470957569022,-0.00575715871845933
-13.1215123880774,-0.00831053220752984
-13.0959290192526,-0.0108611862675434
-13.0703456504278,-0.013405594840439
-13.0447622816029,-0.0159403969744166
-13.0191789127781,-0.0184624093560793
-12.9935955439533,-0.0209686374606038
-12.9680121751285,-0.0234562852721975
-12.9424288063036,-0.025922763536941
-12.9168454374788,-0.0283656965201709
-12.891262068654,-0.0307829272507618
-12.8656786998292,-0.0331725212449396
-12.8400953310043,-0.0355327687125413
-12.8145119621795,-0.0378621852588319
-12.7889285933547,-0.0401595111050491
-12.7633452245299,-0.0424237088606745
-12.737761855705,-0.0446539598899749
-12.7121784868802,-0.0468496593245334
-12.6865951180554,-0.0490104097822421
-12.6610117492306,-0.0511360138614837
-12.6354283804057,-0.0532264654869421
-12.6098450115809,-0.0552819401905711
-12.5842616427561,-0.0573027844177021
-12.5586782739313,-0.0592895039539991
-12.5330949051064,-0.0612427515739672
-12.5075115362816,-0.0631633140159285
-12.4819281674568,-0.06505209839179
-12.456344798632,-0.0669101181424949
-12.4307614298071,-0.0687384786517884
-12.4051780609823,-0.0705383626317954
-12.3795946921575,-0.0723110153939324
-12.3540113233327,-0.0740577301178409
-12.3284279545078,-0.0757798332293547
-12.302844585683,-0.0774786699960236
-12.2772612168582,-0.0791555904454154
-12.2516778480334,-0.0808119357073629
-12.2260944792085,-0.082449024876532
-12.2005111103837,-0.0840681424862058
-12.1749277415589,-0.0856705266780674
-12.1493443727341,-0.0872573581460587
-12.1237610039092,-0.088829749925159
-12.0981776350844,-0.0903887380882323
-12.0725942662596,-0.0919352734059865
-12.0470108974348,-0.0934702140166565
-12.0214275286099,-0.0949943191433227
-11.9958441597851,-0.0965082438878858
-11.9702607909603,-0.0980125351217145
-11.9446774221355,-0.099507628483926
-11.9190940533106,-0.100993846489241
-11.8935106844858,-0.102471397738438
-11.867927315661,-0.103940377215676
-11.8423439468362,-0.105400767648478
-11.8167605780113,-0.106852441897945
-11.7911772091865,-0.108295166339003
-11.7655938403617,-0.109728605183057
-11.7400104715369,-0.111152325688594
-11.714427102712,-0.112565804198891
-11.6888437338872,-0.113968432940272
-11.6632603650624,-0.115359527509208
-11.6376769962376,-0.116738334972126
-11.6120936274127,-0.118104042498009
-11.5865102585879,-0.119455786440859
-11.5609268897631,-0.120792661786766
-11.5353435209383,-0.122113731878761
-11.5097601521134,-0.12341803833184
-11.4841767832886,-0.12470461105044
-11.4585934144638,-0.12597247826133
-11.433010045639,-0.127220676476242
-11.4074266768141,-0.128448260300628
-11.3818433079893,-0.129654312007688
-11.3562599391645,-0.130837950800131
-11.3306765703397,-0.131998341686116
-11.3050932015148,-0.133134703900305
-11.27950983269,-0.134246318805935
-11.2539264638652,-0.135332537219286
-11.2283430950404,-0.136392786103706
-11.2027597262155,-0.137426574586527
-11.1771763573907,-0.138433499258629
-11.1515929885659,-0.139413248723016
-11.1260096197411,-0.140365607365544
-11.1004262509162,-0.141290458327776
-11.0748428820914,-0.142187785668813
-11.0492595132666,-0.143057675709729
-11.0236761444418,-0.143900317560968
-10.9980927756169,-0.144716002839563
-10.9725094067921,-0.145505124589366
-10.9469260379673,-0.146268175423486
-10.9213426691425,-0.147005744913853
-10.8957593003176,-0.14771851625813
-10.8701759314928,-0.148407262259143
-10.844592562668,-0.149072840656444
-10.8190091938432,-0.149716188853615
-10.7934258250183,-0.150338318088442
-10.7678424561935,-0.150940307095999
-10.7422590873687,-0.151523295317171
-10.7166757185439,-0.152088475706998
-10.691092349719,-0.152637087198581
-10.6655089808942,-0.153170406879095
-10.6399256120694,-0.153689741934722
-10.6143422432446,-0.154196421421091
-10.5887588744197,-0.154691787915052
-10.5631755055949,-0.155177189102421
-10.5375921367701,-0.155653969354688
-10.5120087679453,-0.156123461345602
-10.4864253991204,-0.156586977756151
-10.4608420302956,-0.157045803113678
-10.4352586614708,-0.157501185807838
-10.409675292646,-0.157954330322836
-10.3840919238211,-0.158406389721878
-10.3585085549963,-0.158858458416171
-10.3329251861715,-0.159311565247073
-10.3073418173467,-0.159766666906222
-10.2817584485218,-0.160224641714706
-10.256175079697,-0.160686283778582
-10.2305917108722,-0.161152297534439
-10.2050083420474,-0.161623292695138
-10.1794249732226,-0.162099779602566
-10.1538416043977,-0.162582164991037
-10.1282582355729,-0.163070748162112
-10.1026748667481,-0.163565717568932
-10.0770914979233,-0.164067147805816
-10.0515081290984,-0.164574996996831
-10.0259247602736,-0.165089104575282
-10.0003413914488,-0.165609189444737
-9.97475802262395,-0.16613484851108
-9.94917465379913,-0.16666555557442
-9.9235912849743,-0.16720066056928
-9.89800791614948,-0.167739389141431
-9.87242454732465,-0.168280842550013
-9.84684117849983,-0.168823997884105
-9.821257809675,-0.169367708583752
-9.79567444085018,-0.169910705256516
-9.77009107202535,-0.170451596781876
-9.74450770320053,-0.170988871697325
-9.7189243343757,-0.171520899861556
-9.69334096555088,-0.17204593439191
-9.66775759672605,-0.172562113875045
-9.64217422790123,-0.173067464851594
-9.6165908590764,-0.173559904577446
-9.59100749025158,-0.17403724406603
-9.56542412142675,-0.17449719141769
-9.53984075260193,-0.174937355443807
-9.5142573837771,-0.175355249594704
-9.48867401495228,-0.175748296201592
-9.46309064612745,-0.176113831043775
-9.43750727730263,-0.176449108253034
-9.4119239084778,-0.176751305567525
-9.38634053965298,-0.177017529947626
-9.36075717082815,-0.177244823565935
-9.33517380200333,-0.17743017018304
-9.3095904331785,-0.177570501919737
-9.28400706435368,-0.177662706435072
-9.25842369552885,-0.177703634517907
-9.23284032670403,-0.177690108097672
-9.20725695787921,-0.177618928677585
-9.18167358905438,-0.177486886190882
-9.15609022022956,-0.177290768277566
-9.13050685140473,-0.177027369975804
-9.10492348257991,-0.176693503818511
-9.07934011375508,-0.176286010321781
-9.05375674493026,-0.175801768847746
-9.02817337610543,-0.175237708820242
-9.00259000728061,-0.174590821267271
-8.97700663845578,-0.173858170659831
-8.95142326963096,-0.173036907012195
-8.92583990080613,-0.172124278204297
-8.90025653198131,-0.171117642482464
-8.87467316315648,-0.170014481090466
-8.84908979433166,-0.16881241097877
-8.82350642550683,-0.167509197535973
-8.79792305668201,-0.166102767282774
-8.77233968785718,-0.164591220465538
-8.74675631903236,-0.162972843483556
-8.72117295020753,-0.16124612108155
-8.69558958138271,-0.159409748236887
-8.67000621255788,-0.157462641669306
-8.64442284373306,-0.155403950899889
-8.61883947490823,-0.153233068785391
-8.59325610608341,-0.15094964145406
-8.56767273725858,-0.148553577569623
-8.54208936843376,-0.146045056851277
-8.51650599960893,-0.143424537779297
-8.49092263078411,-0.140692764418209
-8.46533926195928,-0.137850772292439
-8.43975589313446,-0.134899893252916
-8.41417252430964,-0.131841759277186
-8.38858915548481,-0.128678305150278
-8.36300578665999,-0.125411769978772
-8.33742241783516,-0.122044697496145
-8.31183904901034,-0.118579935123673
-8.28625568018551,-0.115020631757653
-8.26067231136069,-0.11137023426066
-8.23508894253586,-0.10763248264177
-8.20950557371104,-0.103811403918172
-8.18392220488621,-0.0999113046582876
-8.15833883606139,-0.0959367622143671
-8.13275546723656,-0.0918926146604685
-8.10717209841174,-0.0877839494596724
-8.08158872958691,-0.0836160908923216
-8.05600536076209,-0.0793945862848897
-8.03042199193726,-0.0751251910867484
-8.00483862311244,-0.0708138528495444
-7.97925525428761,-0.0664666941710575
-7.95367188546279,-0.0620899946722323
-7.92808851663796,-0.0576901720825142
-7.90250514781314,-0.0532737625146039
-7.87692177898832,-0.0488474000152538
-7.85133841016349,-0.0444177954836987
-7.82575504133866,-0.0399917150537167
-7.80017167251384,-0.03557595803912
-7.77458830368901,-0.0311773345456453
-7.74900493486419,-0.0268026428547402
-7.72342156603936,-0.022458646686586
-7.69783819721454,-0.0181520524508801
-7.67225482838971,-0.0138894865943811
-7.64667145956489,-0.00967747315403104
-7.62108809074007,-0.00552241162358448
-7.59550472191524,-0.00143055524014087
-7.56992135309041,0.00259201020522681
-7.54433798426559,0.0065393869313706
-7.51875461544077,0.010405885007551
-7.49317124661594,0.0141860413765563
-7.46758787779112,0.0178746379710555
-7.44200450896629,0.0214667188388129
-7.41642114014147,0.024957606197897
-7.39083777131664,0.0283429153489241
-7.36525440249182,0.0316185683776621
-7.33967103366699,0.0347808065879175
-7.31408766484217,0.0378262016115086
-7.28850429601734,0.0407516651492176
-7.26292092719252,0.0435544573038873
-7.23733755836769,0.0462321934742151
-7.21175418954287,0.048782849785263
-7.18617082071804,0.0512047670391857
-7.16058745189322,0.0534966531771515
-7.13500408306839,0.0556575842508238
-7.10942071424357,0.0576870039090675
-7.08383734541874,0.0595847214126799
-7.05825397659392,0.0613509081969082
-7.03267060776909,0.062986093008237
-7.00708723894427,0.06449115564842
-6.98150387011944,0.0658673193649217
-6.95592050129462,0.0671161419328247
-6.93033713246979,0.0682395054788238
-6.90475376364497,0.0692396051031373
-6.87917039482015,0.0701189363600177
-6.85358702599532,0.0708802816620116
-6.8280036571705,0.0715266956772123
-6.80242028834567,0.072061489792429
-6.77683691952085,0.0724882157185006
-6.75125355069602,0.0728106483168662
-6.7256701818712,0.0730327677290027
-6.70008681304637,0.0731587408924278
-6.67450344422155,0.0731929025286717
-6.64892007539672,0.0731397356899244
-6.6233367065719,0.0730038519519971
-6.59775333774707,0.0727899713417807
-6.57216996892225,0.0725029020875762
-6.54658660009742,0.0721475202804912
-6.5210032312726,0.071728749534578
-6.49541986244777,0.0712515407325303
-6.46983649362295,0.0707208519425622
-6.44425312479812,0.0701416285905949
-6.4186697559733,0.0695187839700585
-6.39308638714847,0.0688571801695105
-6.36750301832365,0.0681616094958775
-6.34191964949882,0.0674367764684539
-6.316336280674,0.0666872804558575
-6.29075291184917,0.0659175990249509
-6.26516954302435,0.0651320720673009
-6.23958617419952,0.0643348867650798
-6.2140028053747,0.0635300634544216
-6.18841943654987,0.0627214424401426
-6.16283606772505,0.0619126718114327
-6.13725269890022,0.0611071963036335
-6.1116693300754,0.0603082472465587
-6.08608596125057,0.0595188336349823
-6.06050259242575,0.0587417343519552
-6.03491922360093,0.0579794915705082
-6.0093358547761,0.0572344053540885
-5.98375248595128,0.0565085294707645
-5.95816911712645,0.0558036684308559
-5.93258574830163,0.0551213757521961
-5.9070023794768,0.0544629534517664
-5.88141901065198,0.053829452756944
-5.85583564182715,0.053221676024135
-5.83025227300233,0.0526401798471094
-5.8046689041775,0.0520852793319791
-5.77908553535268,0.051557053510451
-5.75350216652785,0.0510553518578032
-5.72791879770303,0.0505798018769752
-5.7023354288782,0.0501298177052782
-5.67675206005338,0.0497046096955261
-5.65116869122855,0.049303194918912
-5.62558532240373,0.0489244085327048
-5.6000019535789,0.0485669159518683
-5.57441858475408,0.0482292257600173
-5.54883521592925,0.0479097032917431
-5.52325184710443,0.0476065848153033
-5.4976684782796,0.0473179922419666
-5.47208510945478,0.047041948285982
-5.44650174062995,0.0467763919971889
-5.42091837180513,0.0465191945867341
-5.3953350029803,0.0462681754652093
-5.36975163415548,0.0460211184117782
-5.34416826533066,0.0457757877925422
-5.31858489650583,0.0455299447464746
-5.293001527681,0.0452813632577594
-5.26741815885618,0.0450278460342827
-5.24183479003135,0.0447672401133392
-5.21625142120653,0.0444974521173269
-5.19066805238171,0.0442164630842914
-5.16508468355688,0.0439223428006389
-5.13950131473206,0.043613263566145
-5.11391794590723,0.0432875133245199
-5.08833457708241,0.0429435080962429
-5.06275120825758,0.0425798036541073
-5.03716783943276,0.0421951063859196
-5.01158447060793,0.0417882832930269
-4.98600110178311,0.0413583710777977
-4.96041773295828,0.0409045842778087
-4.93483436413346,0.0404263224092831
-4.90925099530863,0.0399231760872418
-4.88366762648381,0.0393949320948556
-4.85808425765898,0.0388415773795816
-4.83250088883416,0.0382633019588158
-4.80691752000933,0.0376605007229706
-4.78133415118451,0.0370337741290501
-4.75575078235968,0.0363839277829528
-4.73016741353486,0.0357119709138244
-4.70458404471003,0.0350191137488239
-4.67900067588521,0.0343067638016071
-4.65341730706038,0.0335765210926775
-4.62783393823556,0.0328301723244698
-4.60225056941073,0.0320696840386155
-4.57666720058591,0.0312971947872676
-4.55108383176108,0.0305150063546332
-4.52550046293626,0.029725574068947
-4.49991709411144,0.0289314962490343
-4.47433372528661,0.0281355028333187
-4.44875035646178,0.0273404432426463
-4.42316698763696,0.0265492735316002
-4.39758361881214,0.0257650428860672
-4.37200024998731,0.02499087952769
-4.34641688116249,0.0242299760884778
-4.32083351233766,0.0234855745212639
-4.29525014351284,0.0227609506138716
-4.26966677468801,0.0220593981767907
-4.24408340586319,0.0213842129758572
-4.21850003703836,0.0207386764828684
-4.19291666821354,0.020126039518259
-4.16733329938871,0.0195495058608859
-4.14174993056389,0.0190122159006359
-4.11616656173906,0.0185172304099606
-4.09058319291424,0.0180675145105591
-4.06499982408941,0.0176659219112616
-4.03941645526459,0.0173151794927105
-4.01383308643976,0.0170178723136887
-3.98824971761494,0.0167764291128906
-3.96266634879011,0.0165931083785811
-3.93708297996529,0.0164699850569181
-3.91149961114046,0.0164089379677362
-3.88591624231564,0.0164116379942906
-3.86033287349081,0.0164795371108437
-3.83474950466599,0.0166138583090291
-3.80916613584116,0.0168155864806791
-3.78358276701634,0.017085460311205
-3.75799939819151,0.0174239652337346
-3.73241602936669,0.0178313274899926
-3.70683266054186,0.0183075093394057
-3.68124929171704,0.018852205453101
-3.65566592289222,0.0194648405243871
-3.63008255406739,0.0201445681219473
-3.60449918524257,0.0208902708063752
-3.57891581641774,0.0217005615248489
-3.55333244759292,0.0225737862926981
-3.52774907876809,0.0235080281643988
-3.50216570994327,0.0245011124901464
-3.47658234111844,0.0255506134476592
-3.45099897229362,0.0266538618322625
-3.42541560346879,0.0278079540816498
-3.39983223464397,0.0290097625050333
-3.37424886581914,0.0302559466797381
-3.34866549699432,0.0315429659716763
-3.32308212816949,0.0328670931296282
-3.29749875934467,0.0342244288968773
-3.27191539051984,0.0356109175775479
-3.24633202169502,0.0370223634890206
-3.22074865287019,0.0384544482260857
-3.19516528404537,0.0399027486570975
-3.16958191522054,0.0413627555673336
-3.14399854639572,0.0428298928601021
-3.11841517757089,0.0442995372219038
-3.09283180874607,0.045767038154187
-3.06724843992124,0.0472277382709668
-3.04166507109642,0.0486769937588426
-3.01608170227159,0.0501101948937846
-2.99049833344677,0.0515227865074706
-2.96491496462194,0.0529102882949945
-2.93933159579712,0.0542683148554286
-2.91374822697229,0.0555925953570349
-2.88816485814747,0.0568789927198916
-2.86258148932264,0.0581235222103354
-2.83699812049782,0.0593223693439256
-2.811414751673,0.0604719069965984
-2.78583138284817,0.0615687116273092
-2.76024801402334,0.0626095785197264
-2.73466464519852,0.0635915359554373
-2.7090812763737,0.0645118582366303
-2.68349790754887,0.0653680774823024
-2.65791453872405,0.0661579941286654
-2.63233116989922,0.0668796860715742
-2.6067478010744,0.0675315163964159
-2.58116443224957,0.0681121396489409
-2.55558106342475,0.0686205066089479
-2.52999769459992,0.0690558675374916
-2.5044143257751,0.0694177738773121
-2.47883095695027,0.0697060783954394
-2.45324758812545,0.069920933766334
-2.42766421930062,0.0700627896034323
-2.4020808504758,0.0701323879565039
-2.37649748165097,0.0701307573017368
-2.35091411282615,0.0700592050608753
-2.32533074400132,0.0699193086949852
-2.2997473751765,0.0697129054274365
-2.27416400635167,0.0694420806594248
-2.24858063752685,0.069109155149709
-2.22299726870202,0.0687166710382054
-2.1974138998772,0.0682673768005327
-2.17183053105237,0.0677642112275437
-2.14624716222755,0.0672102865302129
-2.12066379340272,0.0666088706759521
-2.0950804245779,0.0659633690674321
-2.06949705575307,0.0652773056792688
-2.04391368692825,0.0645543037714443
-2.01833031810343,0.06379806630104
-1.9927469492786,0.0630123561557451
-1.96716358045378,0.0622009763336385
-1.94158021162895,0.061367750193911
-1.91599684280413,0.0605165019025006
-1.8904134739793,0.0596510371950352
-1.86483010515448,0.0587751245770408
-1.83924673632965,0.0578924770780652
-1.81366336750483,0.0570067346722357
-1.78807999868,0.0561214474728045
-1.76249662985518,0.0552400598024978
-1.73691326103035,0.0543658952349933
-1.71132989220553,0.0535021426956563
-1.6857465233807,0.0526518437018136
-1.66016315455588,0.0518178808143959
-1.63457978573105,0.0510029673637884
-1.60899641690623,0.0502096385032617
-1.5834130480814,0.0494402436334901
-1.55782967925658,0.0486969402314563
-1.53224631043175,0.0479816891065856
-1.50666294160693,0.0472962510963204
-1.4810795727821,0.0466421852026165
-1.45549620395728,0.0460208481601043
-1.42991283513245,0.0454333954159945
-1.40432946630763,0.0448807834912971
-1.3787460974828,0.0443637736826561
-1.35316272865798,0.0438829370541608
-1.32757935983315,0.0434386606589505
-1.30199599100833,0.0430311549213708
-1.2764126221835,0.0426604621019376
-1.25082925335868,0.0423264657594846
-1.22524588453385,0.0420289011176829
-1.19966251570903,0.041767366236686
-1.17407914688421,0.0415413338850229
-1.14849577805938,0.0413501640020837
-1.12291240923456,0.0411931166376644
-1.09732904040973,0.041069365252075
-1.07174567158491,0.040978010258326
-1.04616230276008,0.0409180926868715
-1.02057893393526,0.0408886078533475
-0.994995565110431,0.0408885189106802
-0.969412196285606,0.0409167701688545
-0.943828827460781,0.0409723000685105
-0.918245458635957,0.0410540536983472
-0.892662089811132,0.0411609947510372
-0.867078720986307,0.0412921168179358
-0.841495352161482,0.041446453929279
-0.815911983336657,0.0416230902537251
-0.790328614511832,0.0418211688789697
-0.764745245687008,0.042039899603665
-0.739161876862183,0.0422785656799348
-0.713578508037358,0.0425365294553265
-0.687995139212533,0.0428132368729802
-0.662411770387708,0.0431082207990501
-0.636828401562883,0.0434211031568927
-0.611245032738059,0.043751595858139
-0.585661663913234,0.0440995005314157
-0.560078295088409,0.0444647070600672
-0.534494926263584,0.0448471909506727
-0.508911557438759,0.0452470095643521
-0.483328188613934,0.0456642972527304
-0.457744819789109,0.0460992594498865
-0.432161450964285,0.0465521657805783
-0.40657808213946,0.0470233422534255
-0.380994713314635,0.0475131626154717
-0.35541134448981,0.0480220389515914
-0.329827975664985,0.0485504116184589
-0.30424460684016,0.0490987386082508
-0.278661238015336,0.0496674844418174
-0.253077869190511,0.050257108694744
-0.227494500365686,0.0508680542624608
-0.201911131540861,0.0515007354723602
-0.176327762716036,0.0521555261517177
-0.150744393891211,0.0528327477600982
-0.125161025066387,0.0535326576938518
-0.0995776562415617,0.0542554378683091
-0.0739942874167368,0.0550011836803674
-0.048410918591912,0.0557698934503793
-0.0228275497670871,0.0565614584376361
0.0027558190577377,0.0573756535183393
0.0283391878825625,0.0582121286088291
0.0539225567073874,0.0590704009100508
0.0795059255322122,0.0599498480418569
0.105089294357037,0.0608497021278425
0.130672663181862,0.0617690448830651
0.156256032006687,0.0627068037482966
0.181839400831512,0.0636617491054738
0.207422769656336,0.0646324925998443
0.233006138481161,0.0656174865850267
0.258589507305986,0.066615024697922
0.284172876130811,0.0676232435611852
0.309756244955636,0.0686401256019098
0.335339613780461,0.0696635029663453
0.360922982605285,0.0706910625019619
0.38650635143011,0.0717203517700517
0.412089720254935,0.0727487860443997
0.43767308907976,0.0737736562444197
0.463256457904585,0.0747921377446
0.48883982672941,0.0758012999961858
0.514423195554235,0.0767981168917846
0.540006564379059,0.0777794777990617
0.565589933203884,0.0787421991859137
0.591173302028709,0.0796830367564982
0.616756670853534,0.0805986980152662
0.642340039678359,0.0814858551747032
0.667923408503184,0.0823411583218147
0.693506777328008,0.0831612487585038
0.719090146152833,0.0839427724318495
0.744673514977658,0.0846823933718748
0.770256883802483,0.0853768070566763
0.795840252627308,0.0860227536277186
0.821423621452133,0.08661703088163
0.847006990276958,0.0871565069689352
0.872590359101782,0.0876381327347451
0.898173727926607,0.0880589536414647
0.923757096751432,0.0884161212189704
0.949340465576257,0.0887069039934301
0.974923834401082,0.0889286978518856
1.00050720322591,0.0890790358058282
1.02609057205073,0.0891555971232245
1.05167394087556,0.0891562158046817
1.07725730970038,0.0890788883856466
1.10284067852521,0.0889217810526271
1.12842404735003,0.0886832360673403
1.15400741617486,0.0883617774983769
1.17959078499968,0.0879561162653701
1.20517415382451,0.0874651545056982
1.23075752264933,0.0868879892784154
1.25634089147415,0.0862239156243245
1.28192426029898,0.0854724290048589
1.3075076291238,0.0846332271456968
1.33309099794863,0.0837062113137565
1.35867436677345,0.0826914870584134
1.38425773559828,0.0815893644494167
1.4098411044231,0.0804003578450696
1.43542447324793,0.0791251852247713
1.46100784207275,0.0777647671200162
1.48659121089758,0.0763202251774174
1.5121745797224,0.0747928803862951
1.53775794854723,0.0731842510018734
1.56334131737205,0.0714960501931929
1.58892468619688,0.0697301834425138
1.6145080550217,0.0678887457203001
1.64009142384653,0.0659740184568793
1.66567479267135,0.0639884663286252
1.69125816149618,0.0619347338730621
1.716841530321,0.0598156419436907
1.74242489914583,0.0576341840116508
1.76800826797065,0.0553935223176191
1.79359163679548,0.0530969838736519
1.8191750056203,0.050748056311069
1.84475837444513,0.0483503835670157
1.87034174326995,0.0459077613990553
1.89592511209478,0.0434241327141216
1.9215084809196,0.0409035826954116
1.94709184974443,0.0383503337084056
1.97267521856925,0.0357687399651619
1.99825858739408,0.0331632819244281
2.0238419562189,0.0305385604039232
2.04942532504373,0.027899290380445
2.07500869386855,0.025250294453223
2.10059206269337,0.0225964959462123
2.1261754315182,0.0199429116258004
2.15175880034302,0.017294644011677
2.17734216916785,0.0146568732603999
2.20292553799267,0.0120348486034565
2.2285089068175,0.00943387932436103
2.25409227564232,0.00685932526251226
2.27967564446715,0.00431658683514184
2.30525901329197,0.0018110945726711
2.3308423821168,-0.000651701832871096
2.35642575094162,-0.00306634496208219
2.38200911976645,-0.00542738157589169
2.40759248859127,-0.0077293749824662
2.4331758574161,-0.00996691784379443
2.45875922624092,-0.0121346453970914
2.48434259506575,-0.0142272490607872
2.50992596389057,-0.0162394903895041
2.5355093327154,-0.0181662153371518
2.56109270154022,-0.0200023687821348
2.58667607036505,-0.0217430092637187
2.61225943918987,-0.0233833238739217
2.6378428080147,-0.0249186432449106
2.66342617683952,-0.0263444565678615
2.68900954566435,-0.0276564265756333
2.71459291448917,-0.0288504044184332
2.740176283314,-0.0299224443589932
2.76575965213882,-0.030868818211629
2.79134302096365,-0.0316860294479725
2.81692638978847,-0.0323708268911767
2.8425097586133,-0.0329202179199971
2.86809312743812,-0.0333314811043818
2.89367649626295,-0.0336021781950604
2.91925986508777,-0.033730165391104
2.94484323391259,-0.0337136038115426
2.97042660273742,-0.033550969099848
2.99600997156224,-0.0332410600934234
3.02159334038707,-0.0327830064941378
3.04717670921189,-0.0321762754804102
3.07276007803672,-0.0314206772063136
3.09834344686154,-0.0305163691386371
3.12392681568637,-0.0294638591887375
3.14951018451119,-0.0282640076023077
3.17509355333602,-0.0269180275768296
3.20067692216084,-0.0254274845834137
3.22626029098567,-0.0237942943768958
3.25184365981049,-0.0220207196854216
3.27742702863532,-0.0201093655782187
3.30301039746014,-0.0180631735178058
3.32859376628497,-0.0158854141104256
3.35417713510979,-0.013579678575985
3.37976050393462,-0.0111498689661598
3.40534387275944,-0.00860018716653026
3.43092724158427,-0.00593512272559274
3.45651061040909,-0.0031594395601984
3.48209397923392,-0.000278161593343221
3.50767734805874,0.00270344261376633
3.53326071688357,0.00577987616786206
3.55884408570839,0.00894543101534487
3.58442745453322,0.012194205902324
3.61001082335804,0.0155201250415779
3.63559419218286,0.018916957401477
3.66117756100769,0.0223783365289034
3.68676092983252,0.0258977808157721
3.71234429865734,0.0294687141169264
3.73792766748217,0.0330844866259288
3.76351103630699,0.0367383959146258
3.78909440513181,0.0404237080422939
3.81467777395664,0.0441336786406974
3.84026114278146,0.0478615738824593
3.86584451160629,0.0516006912417721
3.89142788043111,0.0553443799586152
3.91701124925594,0.0590860611202855
3.94259461808076,0.0628192472771398
3.96817798690559,0.0665375615129894
3.99376135573041,0.0702347558944992
4.01934472455524,0.0739047292282372
4.04492809338006,0.0775415440586138
4.07051146220489,0.0811394428448267
4.09609483102971,0.0846928632600398
4.12167819985454,0.0881964525613275
4.14726156867936,0.0916450809843673
4.17284493750419,0.09503385412243
4.19842830632901,0.0983581242548415
4.22401167515384,0.101613500595751
4.24959504397866,0.104795858439688
4.27517841280349,0.10790134718598
4.30076178162831,0.110926397229633
4.32634515045314,0.113867725711675
4.35192851927796,0.116722341127204
4.37751188810279,0.119487546794504
4.40309525692761,0.122160943193449
4.42867862575244,0.124740429186106
4.45426199457726,0.127224202136903
4.47984536340209,0.129610756953883
4.50542873222691,0.131898884076526
4.53101210105173,0.134087666439269
4.55659546987656,0.136176475443214
4.58217883870138,0.138164965971644
4.60776220752621,0.140053070487754
4.63334557635103,0.141840992255558
4.65892894517586,0.143529197727157
4.68451231400068,0.145118408141597
4.71009568282551,0.14660959038219
4.73567905165033,0.1480039471407
4.76126242047516,0.149302906437983
4.78684578929998,0.150508110551669
4.81242915812481,0.151621404402224
4.83801252694963,0.152644823449331
4.86359589577446,0.153580581150834
4.88917926459928,0.154431056036729
4.91476263342411,0.155198778450668
4.94034600224893,0.155886417011312
4.96592937107376,0.156496764845608
4.99151273989858,0.157032725645621
5.01709610872341,0.157497299600063
5.04267947754823,0.157893569250985
5.06826284637306,0.158224685325393
5.09384621519788,0.158493852590713
5.11942958402271,0.158704315782089
5.14501295284753,0.158859345648552
5.17059632167236,0.158962225163991
5.19617969049718,0.15901623594773
5.22176305932201,0.159024644938311
5.24734642814683,0.158990691362798
5.27292979697166,0.158917574042557
5.29851316579648,0.158808439075075
5.3240965346213,0.158666367929862
5.34967990344613,0.158494365994943
5.37526327227095,0.158295351608784
5.40084664109578,0.158072145610783
5.4264300099206,0.157827461441677
5.45201337874543,0.157563895823282
5.47759674757025,0.157283920045057
5.50318011639508,0.156989871882872
5.5287634852199,0.156683948173239
5.55434685404473,0.156368198063967
5.57993022286955,0.156044516959909
5.60551359169438,0.155714641179956
5.6310969605192,0.155380143338977
5.65668032934403,0.155042428465709
5.68226369816885,0.154702730864944
5.70784706699368,0.154362111729546
5.7334304358185,0.154021457504985
5.75901380464333,0.153681479006148
5.78459717346815,0.153342711283218
5.81018054229298,0.153005514230382
5.8357639111178,0.152670073928117
5.86134727994263,0.152336404706708
5.88693064876745,0.152004351915621
5.91251401759228,0.15167359538031
5.9380973864171,0.151343653525042
5.96368075524193,0.151013888137362
5.98926412406675,0.150683509746977
6.01484749289158,0.150351583589041
6.0404308617164,0.150017036119163
6.06601423054123,0.149678662044965
6.09159759936605,0.149335131836596
6.11718096819088,0.148984999676482
6.1427643370157,0.148626711806536
6.16834770584053,0.148258615229314
6.19393107466535,0.147878966718035
6.21951444349017,0.147485942089092
6.245097812315,0.14707764568965
6.27068118113982,0.146652120052168
6.29626454996465,0.146207355667222
6.32184791878947,0.145741300825837
6.3474312876143,0.145251871482691
6.37301465643912,0.14473696109199
6.39859802526395,0.144194450368607
6.42418139408877,0.143622216928139
6.4497647629136,0.143018144760956
6.47534813173842,0.142380133497005
6.50093150056325,0.141706107420135
6.52651486938807,0.140994024193011
6.5520982382129,0.140241883256227
6.57768160703772,0.139447733868061
6.60326497586255,0.138609682754372
6.62884834468737,0.137725901341386
6.6544317135122,0.136794632547608
6.68001508233702,0.135814197114706
6.70559845116185,0.134782999460971
6.73118181998667,0.133699533044818
6.7567651888115,0.13256238522977
6.78234855763632,0.131370241646264
6.80793192646115,0.13012189004971
6.83351529528597,0.128816223678077
6.8590986641108,0.127452244116261
6.88468203293562,0.126029063678234
6.91026540176045,0.124545907321622
6.93584877058527,0.123002114112885
6.96143213941009,0.121397138264523
6.98701550823492,0.119730549768787
7.01259887705974,0.118002034655171
7.03818224588457,0.116211394901436
7.06376561470939,0.114358548030104
7.08934898353422,0.112443526424173
7.11493235235904,0.110466476397278
7.14051572118387,0.108427657054617
7.16609909000869,0.106327438981626
7.19168245883352,0.104166302797704
7.21726582765834,0.101944837612135
7.24284919648317,0.0996637394188361
7.26843256530799,0.0973238094655957
7.29401593413282,0.094925952632107
7.31959930295764,0.0924711758493521
7.34518267178247,0.0899605865907402
7.37076604060729,0.0873953914629014
7.39634940943212,0.0847768949211781
7.42193277825694,0.0821064981316861
7.44751614708177,0.0793856979983475
7.47309951590659,0.0766160863695741
7.49868288473142,0.073799349435329
7.52426625355624,0.0709372673211589
7.54984962238107,0.0680317138815064
7.57543299120589,0.0650846566902289
7.60101636003072,0.0620981572218037
7.62659972885554,0.0590743712122432
7.65218309768037,0.0560155491843215
7.67776646650519,0.0529240371173666
7.70334983533002,0.0498022772376578
7.72893320415484,0.0466528089014261
7.75451657297967,0.043478269538628
7.78009994180449,0.0402813956221084
7.80568331062931,0.037065023623509
7.83126667945414,0.0338320909143721
7.85685004827896,0.0305856365683679
7.88243341710379,0.0273288020184601
7.90801678592861,0.0240648315211701
7.93360015475344,0.0207970723789146
7.95918352357826,0.0175289748707047
7.98476689240309,0.014264091841326
8.01035026122791,0.0110060778994776
8.03593363005274,0.00775868817624692
8.06151699887756,0.00452577659673739
8.08710036770239,0.00131129361964734
8.11268373652721,-0.00188071659789055
8.13826710535204,-0.00504611964985779
8.16385047417686,-0.00818069498140052
8.18943384300169,-0.0112801406714685
8.21501721182651,-0.0143400789256525
8.24060058065134,-0.0173560623019278
8.26618394947616,-0.0203235806867226
8.29176731830099,-0.0232380690330941
8.31735068712581,-0.0260949158668587
8.34293405595064,-0.0288894725603287
8.36851742477546,-0.0316170633669169
8.39410079360029,-0.0342729962033199
8.41968416242511,-0.0368525741593587
8.44526753124994,-0.0393511077088745
8.47085090007476,-0.0417639275884282
8.49643426889959,-0.0440863983039765
8.52201763772441,-0.0463139322192669
8.54760100654923,-0.04844200417346
8.57318437537406,-0.0504661665695089
8.59876774419889,-0.0523820648691562
8.62435111302371,-0.0541854534251175
8.64993448184853,-0.0558722115761221
8.67551785067336,-0.0574383599260764
8.70110121949818,-0.0588800767246896
8.72668458832301,-0.0601937142635506
8.75226795714783,-0.0613758151988548
8.77785132597266,-0.0624231287098247
8.80343469479748,-0.0633326264003329
8.82901806362231,-0.0641015178503875
8.85460143244713,-0.0647272657239344
8.88018480127196,-0.0652076003399428
8.90576817009678,-0.065540533614911
8.93135153892161,-0.0657243722868055
8.95693490774643,-0.0657577303329805
8.98251827657126,-0.0656395404978355
9.00810164539608,-0.0653690648498037
9.03368501422091,-0.0649459042917275
9.05926838304573,-0.0643700069537114
9.08485175187056,-0.0636416754031326
9.11043512069538,-0.0627615726125781
9.13601848952021,-0.0617307266330343
9.16160185834503,-0.0605505339266103
9.18718522716986,-0.0592227613204081
9.21276859599468,-0.0577495465507698
9.23835196481951,-0.056133397375008
9.26393533364433,-0.0543771892357782
9.28951870246916,-0.0524841614714374
9.31510207129398,-0.050457912073969
9.34068544011881,-0.0483023910043072
9.36626880894363,-0.0460218920830674
9.39185217776846,-0.0436210434827562
9.41743554659328,-0.041104796855411
9.4430189154181,-0.0384784151372574
9.46860228424293,-0.035747459079323
9.49418565306776,-0.0329177725599447
9.51976902189258,-0.0299954667417119
9.5453523907174,-0.0269869031415595
9.57093575954223,-0.0238986756884077
9.59651912836705,-0.020737591847923
9.62210249719188,-0.017510652898595
9.6476858660167,-0.0142250334473808
9.67326923484153,-0.0108880602766181
9.69885260366635,-0.00750719061676193
9.72443597249118,-0.00408998994171661
9.750019341316,-0.000644109385133096
9.77560271014083,0.00282273712299012
9.80118607896565,0.00630279589972101
9.82676944779048,0.00978829663321085
9.8523528166153,0.0132714754887682
9.87793618544013,0.0167445980998954
9.90351955426495,0.0201999823491962
9.92910292308978,0.023630020846597
9.9546862919146,0.0270272030153608
9.98026966073943,0.0303841366998642
10.0058530295643,0.0336935692130403
10.0314363983891,0.0369484077456966
10.0570197672139,0.040141739064581
10.0826031360387,0.0432668484310316
10.1081865048636,0.0463172376772692
10.1337698736884,0.0492866423828305
10.1593532425132,0.0521690480992493
10.184936611338,0.0549587055768306
10.2105199801629,0.057650144953171
10.2361033489877,0.0602381888689476
10.2616867178125,0.062717964482335
10.2872700866373,0.0650849143592313
10.3128534554621,0.0673348062221939
10.338436824287,0.0694637415466044
10.3640201931118,0.071468162998036
10.3896035619366,0.0733448607100871
10.4151869307614,0.0750909774070113
10.4407702995863,0.076704012380322
10.4663536684111,0.0781818243331364
10.4919370372359,0.0795226331103418
10.5175204060607,0.0807250203366991
10.5431037748856,0.0817879289887349
10.5686871437104,0.0827106619297001
10.5942705125352,0.0834928794399915
10.61985388136,0.0841345957782337
10.6454372501849,0.0846361748107148
10.6710206190097,0.0849983247490442
10.6966039878345,0.0852220920377768
10.7221873566593,0.0853088544353297
10.7477707254842,0.0852603133328064
10.773354094309,0.0850784853563579
10.7989374631338,0.0847656932994694
10.8245208319586,0.0843245564320577
10.8501042007835,0.0837579802335476
10.8756875696083,0.0830691455971424
10.9012709384331,0.0822614975523696
10.9268543072579,0.0813387335526484
10.9524376760828,0.080304791374144
10.9780210449076,0.0791638366715255
11.0036044137324,0.0779202502354814
11.0291877825572,0.076578614995953
11.0547711513821,0.0751437028140646
11.0803545202069,0.0736204611046518
11.1059378890317,0.0720139993301493
11.1315212578565,0.0703295754053901
11.1571046266814,0.0685725820516188
11.1826879955062,0.0667485331367258
11.208271364331,0.0648630500373949
11.2338547331558,0.0629218480575067
11.2594381019807,0.0609307229357855
11.2850214708055,0.0588955374743095
11.3106048396303,0.0568222083181242
11.3361882084551,0.0547166929148228
11.36177157728,0.0525849766815733
11.3873549461048,0.0504330604056894
11.4129383149296,0.0482669479034563
11.4385216837544,0.0460926339605337
11.4641050525793,0.0439160925758707
11.4896884214041,0.0417432655296616
11.5152717902289,0.0395800512944735
11.5408551590537,0.037432294307255
11.5664385278786,0.0353057746185041
11.5920218967034,0.0332061979334311
11.6176052655282,0.0311391860584824
11.643188634353,0.0291102677651097
11.6687720031779,0.0271248700811587
11.6943553720027,0.0251883100187243
11.7199387408275,0.0233057867457611
11.7455221096523,0.0214823742071631
11.7711054784772,0.0197230141994273
11.796688847302,0.0180325099013912
11.8222722161268,0.0164155198619025
11.8478555849516,0.014876552443621
11.8734389537765,0.0134199607204956
11.8990223226013,0.0120499378247929
11.9246056914261,0.0107705127378891
11.9501890602509,0.0095855465173907
11.9757724290758,0.00849872895150687
12.0013557979006,0.00751357562999953
12.0269391667254,0.00663342541945938
12.0525225355502,0.00586143832914171
12.0781059043751,0.00520059375212611
12.1036892731999,0.00465368906517756
12.1292726420247,0.00422333856936795
12.1548560108495,0.00391197275230612
12.1804393796744,0.00372183785170221
12.2060227484992,0.00365499569900729
12.231606117324,0.00371332382098861
12.2571894861488,0.00389851577638584
12.2827728549737,0.00421208170420535
12.3083562237985,0.0046553490597999
12.3339395926233,0.00522946351462708
12.3595229614481,0.00593538999551518
12.385106330273,0.00677391383937273
12.4106896990978,0.00774564203958866
12.4362730679226,0.00885100456086289
12.4618564367474,0.0100902556999087
12.4874398055723,0.0114634754703596
12.5130231743971,0.0129705709913111
12.5386065432219,0.0146112778602151
12.5641899120467,0.0163851614923307
12.5897732808716,0.0182916184106048
12.6153566496964,0.0203298774717041
12.6409400185212,0.0224990010159428
12.666523387346,0.0247978859310256
12.6921067561709,0.0272252646218504
12.7176901249957,0.0297797058810672
12.7432734938205,0.0324596156576607
12.7688568626453,0.0352632377234783
12.7944402314702,0.0381886542403686
12.820023600295,0.0412337862333826
12.8456069691198,0.0443963939783076
12.8711903379446,0.047674077314635
12.8967737067695,0.0510642758978671
12.9223570755943,0.0545642694078344
12.9479404444191,0.0581711777323868
12.9735238132439,0.0618819611484213
12.9991071820688,0.0656934205246771
13.0246905508936,0.0696021975730535
13.0502739197184,0.073604775177353
13.0758572885432,0.0776974778302877
13.1014406573681,0.0818764722113109
13.1270240261929,0.0861377679392912
13.1526073950177,0.0904772185352435
13.1781907638425,0.0948905226312211
13.2037741326674,0.0993732254620618
13.2293575014922,0.103920720676927
13.254940870317,0.108528252507488
13.2805242391418,0.113190918329162
13.3061076079667,0.117903671650983
13.3316909767915,0.122661325568517
13.3572743456163,0.127458556712661
13.3828577144411,0.132289909725241
13.408441083266,0.137149802289993
13.4340244520908,0.142032530744881
13.4596078209156,0.146932276298621
13.4851911897404,0.151843111870968
13.5107745585653,0.156759009572582
13.5363579273901,0.161673848836316
13.5619412962149,0.166581425207472
13.5875246650397,0.171475459796047
13.6131080338646,0.17634960938921
13.6386914026894,0.181197477217329
13.6642747715142,0.186012624361701
13.689858140339,0.190788581786962
13.7154415091639,0.195518862975809
13.7410248779887,0.200196977138296
13.7666082468135,0.204816442962665
13.7921916156383,0.20937080286932
13.8177749844632,0.213853637724371
13.843358353288,0.218258581964091
13.8689417221128,0.222579339076747
13.8945250909376,0.226809697383588
13.9201084597625,0.230943546056409
13.9456918285873,0.234974891305003
13.9712751974121,0.238897872664124
13.9968585662369,0.242706779306245
14.0224419350618,0.246396066303496
14.0480253038866,0.249960370759774
14.0736086727114,0.253394527732043
14.0991920415362,0.256693585858493
14.1247754103611,0.259852822610325
14.1503587791859,0.262867759083679
14.1759421480107,0.265734174248501
14.2015255168355,0.268448118572039
14.2271088856604,0.271005926936166
14.2526922544852,0.273404230769784
14.27827562331,0.275639969320306
14.3038589921348,0.277710399991434
14.3294423609596,0.279613107678338
14.3550257297845,0.281346013035751
14.3806090986093,0.282907379619391
14.4061924674341,0.28429581984662
14.431775836259,0.285510299728101
14.4573592050838,0.286550142328604
14.4829425739086,0.287415029921794
14.5085259427334,0.288105004810965
14.5341093115582,0.288620468795
14.5596926803831,0.288962181266484
14.5852760492079,0.289131255936708
14.6108594180327,0.289129156190201
14.6364427868575,0.288957689079487
14.6620261556824,0.28861899797877
14.6876095245072,0.288115553923216
14.713192893332,0.287450145668427
14.7387762621568,0.286625868512371
14.7643596309817,0.28564611192956
14.7899429998065,0.28451454607445
14.8155263686313,0.283235107217942
14.8411097374561,0.281811982187328
14.866693106281,0.280249591886087
14.8922764751058,0.278552573975491
14.9178598439306,0.276725764805014
14.9434432127554,0.274774180683013
14.9690265815803,0.272702998582995
14.9946099504051,0.270517536384031
15.0201933192299,0.268223232746443
15.0457766880547,0.265825626725796
15.0713600568796,0.263330337229422
15.0969434257044,0.260743042420241
15.1225267945292,0.258069459172426
15.148110163354,0.255315322682588
15.1736935321789,0.252486366338578
15.1992769010037,0.249588301945757
15.2248602698285,0.246626800407659
15.2504436386533,0.243607472954452
15.2760270074782,0.240535853008459
15.301610376303,0.237417378771262
15.3271937451278,0.234257376611714
15.3527771139526,0.23106104532841
15.3783604827775,0.227833441354032
15.4039438516023,0.224579464962367
15.4295272204271,0.221303847531952
15.4551105892519,0.218011139913016
15.4806939580768,0.214705701937026
15.5062773269016,0.211391693100481
15.5318606957264,0.208073064446889
15.5574440645512,0.204753551663044
15.5830274333761,0.20143666939793
15.6086108022009,0.198125706804821
15.6341941710257,0.194823724299499
15.6597775398505,0.191533551520024
15.6853609086754,0.188257786466222
15.7109442775002,0.184998795790046
15.736527646325,0.181758716201257
15.7621110151498,0.178539456946552
15.7876943839747,0.175342703314274
15.8132777527995,0.172169921111369
15.8388611216243,0.169022362054164
15.8644444904491,0.165901070009999
15.890027859274,0.162806888022725
15.9156112280988,0.159740466051549
15.9411945969236,0.156702269349808
15.9667779657484,0.153692587407875
15.9923613345733,0.150711543382605
16.0179447033981,0.147759103934548
16.0435280722229,0.144835089393521
16.0691114410477,0.141939184173099
16.0946948098726,0.139070947355108
16.1202781786974,0.136229823366298
16.1458615475222,0.133415152670987
16.171444916347,0.130626182405637
16.1970282851719,0.127862076883934
16.2226116539967,0.125121927904118
16.2481950228215,0.122404764793807
16.2737783916463,0.119709564131577
16.2993617604712,0.117035259088904
16.324945129296,0.114380748340747
16.3505284981208,0.111744904498061
16.3761118669456,0.109126582020804
16.4016952357705,0.106524624575445
16.4272786045953,0.103937871806692
16.4528619734201,0.101365165498937
16.4784453422449,0.0988053551088141
16.5040287110698,0.0962573026562473
16.5296120798946,0.0937198869672999
16.5551954487194,0.0911920072680933
16.5807788175442,0.0886725861349097
16.6063621863691,0.0861605718113395
16.6319455551939,0.0836549399089197
16.6575289240187,0.0811546945130978
16.6831122928435,0.0786588687215141
16.7086956616684,0.0761665246464811
16.7342790304932,0.0736767529181186
16.759862399318,0.0711886717288547
16.7854457681428,0.0687014254638777
16.8110291369677,0.0662141829656125
16.8366125057925,0.0637261354833659
16.8621958746173,0.0612364943619067
16.8877792434421,0.0587444885249194
16.913362612267,0.056249361810957
16.9389459810918,0.0537503702207228
16.9645293499166,0.0512467791352101
16.9901127187414,0.0487378605644285
17.0156960875663,0.046222890486129
17.0412794563911,0.0437011463331205
17.0668628252159,0.0411719046864429
17.0923788310061,0.0385914818169566
17.1179341632566,0.0359159157495468
17.14348963008,0.0331444419817927
17.1690449407699,0.0302762756370098
17.1945998042028,0.0273106108332822
17.2201539286445,0.024246620637055
17.2457070215554,0.0210834575362565
17.2712587893948,0.0178202544629633
17.2968089374229,0.0144561263904629
17.3223571695006,0.0109901725241467
17.3479031878879,0.00742147910001081
17.3734466930378,0.00374912279866141
17.3989873833888,-2.78252232867177e-05
17.4245249551528,-0.00391029468867839
17.4500591020996,-0.00789921095260591
17.4755895153371,-0.0119954891691991
17.5011158830872,-0.0162000278952912
17.5266378904559,-0.0205137021599501
17.5521552191988,-0.0249373560348644
17.5776675474805,-0.0294717947463869
17.6031745496274,-0.0341177763756449
17.6286758958739,-0.0388760031984605
17.6541712521016,-0.0437471127218483
17.6796602795701,-0.0487316684785328
17.7051426346399,-0.053830150645204
17.7306179684862,-0.0590429465540806
17.7560859268033,-0.0643703411707247
17.7815461494986,-0.0698125076139475
17.8069982703759,-0.0753694977959812
17.8324419168072,-0.0810412332629187
17.8578767093922,-0.0868274963166357
17.8833022616046,-0.0927279215000656
17.9087181794246,-0.0987419875277344
17.9341240609567,-0.104869009742898
17.9595194960311,-0.111108133181442
17.9849040657897,-0.117458326320936
18.0102773422526,-0.123918375590801
18.035638887867,-0.130486880716624
18.0609882550352,-0.137162250968034
18.0863249856216,-0.143942702375481
18.1116486104365,-0.150826255976584
18.1369586486961,-0.15781073714756
18.162254607456,-0.164893776069654
18.1875359810179,-0.17207280937437
18.2128022503063,-0.179345083004919
18.2380528822148,-0.18670765632444
18.2632873289184,-0.194157407494483
18.2885050271507,-0.201691040139829
18.313705397443,-0.209305091308214
18.3388878433233,-0.216995940725741
18.3640517504721,-0.224759821340978
18.3891964858319,-0.232592831142865
18.4143213966679,-0.240490946229688
18.4394258095756,-0.24845003509861
18.4645090294326,-0.256465874117575
18.4895703382895,-0.264534164133913
18.5146089941969,-0.272650548166713
18.539624229963,-0.280810630123094
18.5646152518364,-0.289009994471814
18.5895812381101,-0.29724422680144
18.6145213376399,-0.305508935184464
18.6394346682702,-0.313799772263381
18.664320315162,-0.322112457969907
18.6891773290137,-0.330442802784208
18.7140047241685,-0.338786731437277
18.7388014765971,-0.347140306956493
18.7635665217493,-0.355499754951887
18.7882987522598,-0.363861488038812
18.8129970155015,-0.372222130291545
18.8376601109689,-0.380578541621843
18.8622867874824,-0.388927841976671
18.8868757401951,-0.397267435250189
18.9114256073874,-0.40559503280666
18.9359349670313,-0.41390867651315
18.9604023331049,-0.422206761183802
18.984826151634,-0.430488056341015
19.0092047964399,-0.438751727203003
19.0335365645642,-0.446997354811994
19.0578196713447,-0.455224955222636
19.0820522451091,-0.463434997676051
19.106232321452,-0.471628421691264
19.1303578370574,-0.479806653012582
19.1544266230241,-0.487971618358539
19.1784363976468,-0.496125758925586
19.2023847586016,-0.504272042607332
19.2262691744778,-0.512413974898058
19.2500869755943,-0.520555608457176
19.2738353440276,-0.528701551319217
19.2975113027756,-0.536856973741768
19.3211117039696,-0.545027613691271
19.3446332160381,-0.553219780973789
19.3680723097153,-0.561440360024348
19.3914252427769,-0.569696811374251
19.4146880433683,-0.577997171820552
19.4378564917809,-0.586350053325319
19.4609261005114,-0.594764640674236
19.483892092422,-0.603250687923921
19.5067493768007,-0.611818513664815
19.5294925230961,-0.620478995120861
19.5521157320779,-0.629243561097956
19.5746128041468,-0.638124183779376
19.5969771044898,-0.647133369347177
19.6192015247419,-0.656284147382726
19.6412784407865,-0.665590058965578
19.6631996662868,-0.675065143346328
19.6849564015099,-0.684723923013536
19.7065391769634,-0.694581386905188
19.7279377913366,-0.70465297142829
19.7491412432043,-0.714954538842838
19.770137655933,-0.72550235243454
19.7909141952171,-0.736313047739835
19.8114569786866,-0.747403598891789
19.8317509770634,-0.758791278921123
19.8517799064247,-0.770493612567092
19.8715261112663,-0.782528319823106
19.8909704382731,-0.794913248057642
19.9100921010217,-0.807666290110249
19.9288685362958,-0.820805285267923
19.9472752533337,-0.834347899488138
19.9652856781941,-0.848311480672013
19.9828709965838,-0.862712884241235
20,-0.877568263795906
