0.465342685558515
0.46261469879941
0.459948755865226
0.457375224212006
0.454921794548039
0.452613084149952
0.450470325332012
0.4485111425469
0.446749419444365
0.445195255084479
0.443855006427564
0.442731412238744
0.441823791689841
0.441128309256691
0.440638296039362
0.440344616420298
0.440236068063403
0.440299802683195
0.440521754807751
0.440887065942161
0.441380492117459
0.441986783775377
0.442691028267175
0.443478946893886
0.444337140328355
0.44525327836477
0.446216232156145
0.447216149333707
0.448244474560373
0.449293920061074
0.450358392409235
0.451432883256392
0.45251333271059
0.453596474657819
0.454679673458952
0.455760761144615
0.456837883496499
0.457909362291271
0.458973579556598
0.460028888027328
0.461073550184097
0.462105706403422
0.463123370945791
0.46412445285067
0.465106797380471
0.466068242531951
0.467006684369554
0.467920144567647
0.468806833593326
0.469665203412469
0.47049398443167
0.471292202550101
0.472059173623026
0.472794474252747
0.473497889532626
0.474169340078387
0.474808792289595
0.475416157197563
0.475991184386795
0.476533358251085
0.47704180420526
0.477515212382577
0.477951785792717
0.478349218907723
0.47870471122044
0.479015018543788
0.479276542774159
0.479485458631869
0.479637873633852
0.479730015375198
0.479758438224876
0.47972023990012
0.479613277183545
0.479436369377574
0.479189478016326
0.478873851908706
0.478492127766082
0.478048378435171
0.477548103037337
0.476998156001876
0.476406614937714
0.475782590358659
0.47513598329348
0.474477199602595
0.473816832225228
0.473165324450406
0.472532628525759
0.471927874409559
0.471359063195504
0.470832798703131
0.470354068981883
0.469926087119029
0.469550197903401
0.469225853740462
0.468950659920486
0.468720486099656
0.468529637847932
0.468371079515907
0.468236697616744
0.468117592513999
0.46800438551488
0.467887528508519
0.467757604031374
0.467605605014668
0.467423185361817
0.467202874777458
0.466938253764408
0.466624087252603
0.46625641775894
0.465832621146933
0.465351429830689
0.464812929550439
0.464218536574282
0.463570962329299
0.462874172050495
0.462133343110352
0.461354827339368
0.460546119978583
0.459715836045973
0.458873692985939
0.458030496641446
0.457198125969977
0.45638951063031
0.455618594688459
0.454900279293223
0.454250337290811
0.453685293390379
0.453222264634668
0.452878757521752
0.452672420090403
0.452620749528085
0.452740758277604
0.453048604086732
0.453559191841626
0.45428575722797
0.455239444158473
0.45642888938872
0.457859828728173
0.459534739672407
0.46145253509239
0.46360832179827
0.46599323635714
0.46859436852247
0.471394780090213
0.474373624021103
0.477506365371072
0.480765102081309
0.484118980138875
0.487534694178532
0.490977061407341
0.494409653940436
0.497795472369946
0.501097641759117
0.504280110343124
0.507308331076757
0.51014990681124
0.512775181283526
0.515157760199628
0.517274949391276
0.519108100194156
0.520642855683386
0.521869295038907
0.522781976924279
0.523379886174399
0.523666291141368
0.523648521605797
0.523337679116569
0.522748292904851
0.521897935098334
0.520806808850764
0.519497322252356
0.517993659587211
0.516321359773546
0.514506909802403
0.512577358834085
0.510559956474434
0.508481816782702
0.506369607888408
0.504249265819272
0.50214573033603
0.500082700265437
0.49808240601395
0.496165397587326
0.494350347457296
0.492653868898521
0.491090351839436
0.489671819689968
0.48840781188625
0.487305297894363
0.486368629026451
0.485599534553642
0.484997168193791
0.484558210087493
0.484277027871078
0.484145898466477
0.484155289826112
0.484294199217323
0.484550541849051
0.484911580891323
0.485364387377921
0.485896316271752
0.486495483253172
0.487151225683184
0.487854530784331
0.488598414424882
0.489378234999545
0.490191928745181
0.491040155346308
0.491926345770384
0.492856647794614
0.49383976848857
0.494886716829823
0.496010453476611
0.497225458328837
0.498547229715426
0.499991731710889
0.501574808092656
0.503311582721153
0.505215866609992
0.50729959164449
0.509572289829817
0.51204063516653
0.514708062852267
0.51757447760979
0.520636059677308
0.523885173512112
0.527310380701212
0.530896555087557
0.534625094841494
0.538474223251928
0.542419367476911
0.546433602451374
0.550488145646839
0.554552887434479
0.558596941413972
0.562589199209139
0.566498874851094
0.570296024909844
0.573952031925027
0.577440040349592
0.580735336079736
0.583815662626183
0.586661469018193
0.58925608656295
0.591585833559367
0.59364004894675
0.595411057624437
0.596894071785434
0.59808703404859
0.598990409437189
0.59960693432668
0.599941331360497
0.6
0.599790692820384
0.599322187875936
0.598603967421641
0.597645912981449
0.596458026187055
0.595050183970355
0.593431935581017
0.591612347530123
0.589599900955263
0.587402444097091
0.585027200620056
0.582480832459828
0.579769553806092
0.576899290808225
0.57387587970376
0.57070529439648
0.56739389312983
0.563948672881506
0.560377519503702
0.556689441492331
0.552894775610278
0.549005353416762
0.545034619047549
0.54099769030782
0.536911357219495
0.532794014527982
0.528665527225453
0.524547030784026
0.52046067040222
0.516429286040757
0.512476052253066
0.508624083705357
0.504896018749009
0.501313594390869
0.497897226463009
0.494665608704001
0.491635343834828
0.488820618573891
0.486232932939609
0.483880892207851
0.481770067613416
0.479902929410408
0.478278853343102
0.476894199036512
0.475742456400553
0.474814453951927
0.474098621079076
0.473581294777222
0.473247060312223
0.473079114662325
0.47305964144206
0.473170186316572
0.473392022631193
0.473706498055089
0.47409535439948
0.474541014339165
0.475026830453526
0.475537293720507
0.47605820025856
0.476576776638927
0.477081765418061
0.477563473616755
0.478013787666065
0.478426158836917
0.478795563376476
0.479118441514279
0.479392619215264
0.479617216098519
0.479792542371701
0.479919987017637
0.480001898876572
0.48004146175403
0.480042564299462
0.480009665180001
0.479947654036007
0.479861708852141
0.479757150693912
0.479639297213145
0.479513316871811
0.47938408641764
0.479256054707288
0.479133116453796
0.479018499819187
0.478914671933971
0.478823266369042
0.478745036293306
0.478679836520058
0.478626636891175
0.478583568500366
0.478548003158124
0.478516665304514
0.478485774340465
0.478451214134776
0.478408725331429
0.478354115083168
0.478283478017229
0.478193421631235
0.478081288943645
0.477945371093403
0.477785102696269
0.477601233109271
0.47739596731057
0.477173070844889
0.476937934186142
0.476697592899299
0.476460701113284
0.476237457017711
0.47603948034213
0.47587964304279
0.475771855685538
0.47573081325184
0.47577170528498
0.475909896410899
0.476160584286539
0.476538442919122
0.477057260031888
0.47772957769314
0.478566345744205
0.479576597627903
0.480767158006759
0.482142391050323
0.483703997453979
0.485450867129147
0.487378993092069
0.489481450404865
0.491748442132868
0.494167412235065
0.496723223171204
0.499398393871427
0.502173391660347
0.505026969848101
0.507936541084687
0.510878575302237
0.513829010212131
0.516763661932808
0.519658623431897
0.522490639081698
0.525237444733537
0.527878064272184
0.530393055549774
0.532764700831442
0.534977139306022
0.537016441706442
0.53887062952126
0.540529643537519
0.541985268419998
0.543231021602322
0.54426201586184
0.545074805519565
0.545667226226201
0.54603823777453
0.546187778358716
0.546116637253698
0.545826351109961
0.545319127067715
0.544597793819236
0.543665779722716
0.542527115224055
0.541186455290293
0.539649116393688
0.537921121875102
0.536009249292715
0.533921073625591
0.531665000914566
0.529250288016182
0.526687045522278
0.523986222441576
0.521159572821385
0.518219605977163
0.515179523272531
0.512053145347754
0.508854834251592
0.505599415043053
0.502302101085233
0.49897842647993
0.495644187951419
0.492315397074394
0.48900824217253
0.485739057623665
0.482524296833778
0.479380503917497
0.47632427826489
0.473372225774277
0.4705408906479
0.46784666230271
0.465305653123694
0.462933544424285
0.460745399984157
0.458755448786442
0.456976840930725
0.455421383000357
0.454099261257798
0.453018762784982
0.452186005952074
0.451604692290942
0.451275891906998
0.451197873961153
0.451365992508714
0.45177263614868
0.452407247604461
0.453256416643899
0.454304046792213
0.455531593248936
0.45691836644535
0.458441892924001
0.46007832282434
0.461802871335983
0.46359028012427
0.465415284002461
0.467253068048648
0.469079700938301
0.470872531448248
0.47261053681923
0.47427461385182
0.475847806144835
0.4773154636436
0.478665333517346
0.479887584199654
0.480974767077207
0.481921722684813
0.482725440258597
0.483384881033676
0.483900776688688
0.484275414802739
0.484512423090657
0.484616563534842
0.484593546374657
0.484449872306936
0.484192709272016
0.483829807942026
0.483369457596467
0.482820481575482
0.482192269057125
0.481494837622345
0.480738919054519
0.479936059162353
0.479098721194044
0.478240381686934
0.47737560740991
0.476520102422258
0.475690715185858
0.474905397097027
0.474183105696693
0.473543648098768
0.473007462754051
0.472595340433652
0.472328088154506
0.472226142557148
0.472309141859977
0.472595467837243
0.473101771193514
0.473842495144775
0.474829412895024
0.47607119497074
0.477573022023345
0.479336257738769
0.4813581949376
0.483631885869081
0.486146065180161
0.488885171178685
0.491829467923464
0.494955267487267
0.498235248578341
0.501638864694512
0.505132832234786
0.508681686605633
0.512248392413455
0.51579499239015
0.519283278791055
0.522675470646021
0.525934880424156
0.529026554359032
0.531917871823937
0.53457909068133
0.536983827381831
0.539109462673897
0.54093746602163
0.542453634131998
0.543648241285856
0.544516101378722
0.545056543645807
0.545273305920821
0.545174350920623
0.544771612430623
0.544080679373482
0.543120426571064
0.541912601561874
0.540481377126903
0.538852879226546
0.53705469988684
0.535115404225132
0.533064040307104
0.530929659913128
0.528740857596246
0.526525334668668
0.524309493987124
0.52211807064371
0.519973802926445
0.517897147204805
0.51590603972546
0.514015707671701
0.512238531239592
0.510583957903465
0.509058469467774
0.507665601915145
0.50640601744528
0.505277627442359
0.504275764400088
0.503393400069979
0.502621406283498
0.501948854044148
0.501363345611251
0.500851373430862
0.500398698944855
0.499990743565801
0.499612983483995
0.499251339515403
0.498892552943907
0.498524538291336
0.49813670418984
0.497720234048832
0.497268319007199
0.496776336732883
0.496241970955582
0.495665268161714
0.495048629599957
0.494396738587534
0.493716425010866
0.493016470813371
0.492307362089406
0.491600995087984
0.490910344907487
0.490249106872695
0.489631321476109
0.489070994294681
0.488581722431302
0.488176338761999
0.487866584594713
0.487662820279451
0.487573781884823
0.48760639032078
0.487765617304708
0.488054410414533
0.488473677234803
0.489022326374254
0.489697361013787
0.49049401872851
0.491405949707268
0.492425424247592
0.493543559597414
0.494750555891396
0.496035931110316
0.497388745671594
0.49879780840632
0.500251857234971
0.501739709738442
0.503250380930476
0.504773167754237
0.506297702022699
0.507813975571195
0.509312343167883
0.510783510124693
0.512218512478208
0.513608698004055
0.514945716157518
0.516221524298284
0.517428416293777
0.518559077870991
0.519606670997866
0.520564947242426
0.521428387618383
0.522192364025736
0.522853315180559
0.523408928037881
0.52385831426719
0.524202170440088
0.524442910303221
0.524584757872878
0.524633791101375
0.52459792749497
0.524486845240614
0.524311836026589
0.524085588697896
0.523821906030908
0.523535360092472
0.523240894712591
0.522953386397775
0.522687177407329
0.522455596588533
0.522270484824566
0.522141742524988
0.522076916447353
0.522080842277382
0.522155357843106
0.522299099655013
0.522507392736168
0.52277224054336
0.523082418310118
0.523423669504921
0.523779001438672
0.524129072519848
0.524452660382269
0.524727197225363
0.524929356318722
0.525035671818602
0.525023172885688
0.524870012615856
0.524556072506109
0.524063524056235
0.523377330607429
0.522485674573696
0.521380297742649
0.520056745206933
0.518514506623582
0.516757051768972
0.514791760644469
0.512629751580369
0.5102856137799
0.507777053450521
0.505124465011056
0.502350440782025
0.499479234022445
0.49653619114667
0.493547169433923
0.490537956540917
0.487533707667894
0.484558415345266
0.481634425545602
0.478782012234147
0.476019020605043
0.473360587166969
0.4708189425989
0.46840330095183
0.466119836381972
0.463971746220093
0.461959396863048
0.460080546768168
0.458330638787314
0.456703152241339
0.455190003550578
0.453781982942533
0.45246921378976
0.451241620519016
0.45008939080054
0.449003417889202
0.447975709552926
0.44699975098338
0.446070810422531
0.445186177926851
0.444345329686738
0.443550012567768
0.442804245977179
0.442114240708908
0.441488237001731
0.440936266572067
0.440469845769733
0.440101609168358
0.439844894766334
0.43971329347334
0.439720176639587
0.439878216014038
0.440198910675627
0.440692135168845
0.44136572231086
0.442225092958641
0.443272943483603
0.444508999863148
0.445929845237722
0.447528825578594
0.449296035847081
0.451218386779657
0.453279750278702
0.455461179389927
0.457741197058002
0.460096146311861
0.462500593267385
0.464927773361083
0.467350070544841
0.469739518768765
0.472068314937623
0.474309332620822
0.476436626096604
0.478425914786868
0.480255038758947
0.481904376706354
0.483357218647328
0.484600086478057
0.485622996471871
0.486419658816517
0.486987610323402
0.487328277523106
0.487446968480447
0.487352792820444
0.487058510653105
0.486580312317204
0.485937532124168
0.485152300561117
0.484249140689294
0.483254515726746
0.482196336002343
0.481103434576532
0.480005021803147
0.478930129913541
0.477907059296643
0.476962838485088
0.476122709902094
0.475409653147196
0.474843956982451
0.47444285021764
0.474220200391169
0.474186287525785
0.474347658343918
0.474707064210241
0.475263483796622
0.476012229115309
0.476945131226092
0.478050799681557
0.479314947719716
0.480720773427402
0.482249385652642
0.483880262396747
0.485591728806092
0.487361441728011
0.489166868092015
0.4909857451023
0.492796511336081
0.494578699273507
0.49631328146412
0.49798296437875
0.499572425917407
0.501068494457369
0.502460269152134
0.503739182862151
0.504899010557695
0.505935827244136
0.506847920399047
0.507635662575149
0.508301350224795
0.508849014966079
0.509284213473393
0.509613801978875
0.50984570106081
0.509988656014741
0.510051997692313
0.510045408283699
0.509978696134334
0.509861583337509
0.509703509532101
0.509513455050466
0.509299786288008
0.509070125879802
0.508831249944828
0.508589014268433
0.508348310815966
0.508113055388453
0.507886206537087
0.507669815050387
0.507465102430925
0.507272565814603
0.507092105792663
0.506923172622472
0.506764925411929
0.506616398091895
0.506476665408578
0.506345001825915
0.506221026170721
0.5061048251119
0.505997049155
0.505898975752213
0.505812535353635
0.505740297716834
0.505685417489187
0.505651539906041
0.505642669320978
0.505663005108668
0.505716751160786
0.505807906640051
0.50594004678535
0.506116103305442
0.50633815421272
0.506607232806888
0.506923164920292
0.507284442505661
0.507688140229542
0.508129879997822
0.508603846366569
0.509102853676687
0.509618463595122
0.510141149649494
0.510660503402436
0.51116547521202
0.511644641136418
0.512086486518057
0.512479696159745
0.512813440797438
0.513077649777506
0.513263260439014
0.513362435646889
0.513368742171012
0.513277284101187
0.513084787164557
0.512789631603343
0.512391833109567
0.511892973134266
0.511296081629988
0.510605476890725
0.509826568572436
0.50896563116677
0.508029556124644
0.507025591457566
0.50596107796393
0.504843191225514
0.503678698196033
0.502473736569219
0.501233624189278
0.499962704582941
0.498664233291057
0.497340308109436
0.495991844671905
0.494618597088055
0.493219221651999
0.491791380035927
0.490331876940073
0.488836825950496
0.487301836410789
0.485722213485034
0.484093163305227
0.482409995169427
0.480668313183579
0.478864190500145
0.476994320364627
0.475056139486896
0.473047920746044
0.470968833844504
0.468818974172567
0.466599361749367
0.464311913593143
0.461959394169417
0.459545349606003
0.457074032094943
0.454550321283506
0.451979649464782
0.449367937005285
0.446721543702033
0.444047240671875
0.441352205985291
0.438644045624825
0.435930839547732
0.433221210746946
0.43052441332586
0.42785043382609
0.42521009846913
0.422615177683798
0.420078478374161
0.41761391390646
0.415236541810572
0.412962559732995
0.410809251251936
0.408794874753153
0.406938490623951
0.405259724482974
0.403778466932373
0.402514513283526
0.401487149739056
0.40071469547345
0.400214012799655
0.4
0.40008508330777
0.400478725838562
0.401186971899605
0.402212044990446
0.403552016922266
0.405200563832836
0.407146822502711
0.409375357362898
0.411866245033631
0.414595279283823
0.417534295107837
0.420651606351185
0.423912547156401
0.427280103619464
0.430715618610617
0.43417954986825
0.437632259343356
0.441034810447644
0.444349749398957
0.447541847285122
0.450578780765751
0.453431731448471
0.456075886824999
0.45849082911694
0.460660802319969
0.462574851988852
0.464226836704039
0.465615314529143
0.466743311937257
0.467617986493442
0.468250197889294
0.468654004614971
0.468846105534051
0.468845246837887
0.468671615272312
0.468346238157561
0.467890409600998
0.467325160500053
0.466670787543604
0.465946453558565
0.465169868344302
0.46435705572903
0.463522209110317
0.462677634342876
0.461833775637968
0.460999317251883
0.460181351259087
0.459385599699715
0.458616677908532
0.45787838489684
0.457174006270631
0.456506615307541
0.45587935844383
0.455295712489062
0.454759702328289
0.454276069621917
0.453850385001925
0.453489098421121
0.453199524574098
0.452989762614234
0.452868551685426
0.452845066020812
0.452928655488024
0.453128539439346
0.453453463514492
0.453911330602672
0.454508818457751
0.455250997432881
0.456140962416565
0.457179493269614
0.458364757845123
0.459692070992424
0.461153721783147
0.462738879550892
0.464433587221965
0.466220847871344
0.468080807526862
0.469991034049889
0.471926888548811
0.473861982356454
0.475768709261568
0.477618839571548
0.47938415984137
0.481037139866283
0.482551606919796
0.483903406316401
0.485071027252136
0.486036173552459
0.486784260425484
0.48730482053139
0.487591805552257
0.487643772865977
0.487463950753294
0.487060179640714
0.486444731036805
0.485634009887122
0.484648149892874
0.483510514764777
0.482247121291536
0.480886002393674
0.479456529938525
0.477988717972295
0.476512527171773
0.475057190751741
0.47365058083038
0.472318632422366
0.471084839883799
0.469969837874339
0.46899107583829
0.468162591751274
0.467494887546518
0.466994905336355
0.466666100386017
0.466508603875971
0.466519465893081
0.466692966894507
0.467020984152283
0.467493398456053
0.468098525655301
0.468823557471552
0.469654996398979
0.4705790704139
0.471582114587976
0.472650908488514
0.473772960379557
0.474936731625195
0.476131797248161
0.477348941213697
0.478580187590214
0.479818771186642
0.481059053489783
0.482296391642257
0.483526969744843
0.484747602884736
0.485955524950306
0.487148171479618
0.488322968510264
0.489477137677006
0.49060752668396
0.491710472817473
0.492781705434845
0.493816291442181
0.494808625747012
0.495752466624878
0.49664101395897
0.497467026478225
0.4982229725037
0.498901207376439
0.499494169730385
0.499994588124632
0.500395689278586
0.500691399263952
0.500876529485953
0.500946940105445
0.500899674672823
0.500733061111575
0.500446775742146
0.500041868706464
0.499520750866407
0.498887143930287
0.498145997135582
0.497303375213141
0.496366323514095
0.495342717041437
0.494241100651137
0.493070527844907
0.491840405355896
0.490560350135183
0.489240064403941
0.487889233184836
0.486517447224424
0.485134152539334
0.483748626048216
0.482369974983182
0.481007156107266
0.479669009296391
0.478364298867327
0.477101755227624
0.475890109053178
0.474738110305928
0.473654525005115
0.472648103749346
0.47172751751352
0.470901258146162
0.470177503174992
0.469563946876136
0.469067601944102
0.468694578376117
0.468449848215696
0.468337006455123
0.468358039560195
0.46851311366329
0.468800394414055
0.469215909758364
0.469753465552245
0.470404621963907
0.471158736166414
0.472003074000853
0.472922990244832
0.473902174020351
0.474922952890861
0.47596664649773
0.477013958324081
0.478045392476544
0.479041681337178
0.479984209612809
0.480855420708622
0.4816391924437
0.482321170833383
0.482889052874786
0.48333281184611
0.483644861406136
0.483820157587176
0.483856240444617
0.483753219504513
0.483513709106649
0.483142721175192
0.482647523801713
0.482037474276723
0.481323834877976
0.480519578878146
0.479639192965766
0.478698480702508
0.47771436990423
0.476704725076385
0.475688164395521
0.474683879332652
0.473711453963207
0.472790680374454
0.471941366403176
0.471183132216965
0.470535192960176
0.47001612575813
0.469643620723139
0.469434217128458
0.4694030274974
0.469563453880414
0.469926901956962
0.470502499711152
0.471296828221557
0.472313672532688
0.473553800621758
0.475014778149162
0.476690826017993
0.478572726819333
0.480647785072298
0.482899844853941
0.485309367028115
0.487853566892659
0.490506611728702
0.493239876498312
0.496022254824787
0.498820521415041
0.501599741242156
0.504323720083013
0.506955490377716
0.509457825817966
0.511793777555946
0.513927224435116
0.515823429170696
0.517449591953794
0.518775392535217
0.519773511491505
0.520420121125241
0.520695336349447
0.520583615999422
0.52007410534931
0.519160911221939
0.517843301993363
0.516125826016042
0.514018343506046
0.511535968729179
0.508698921328568
0.505532287794695
0.502065696307394
0.498332910388517
0.494371348901157
0.49022154182702
0.485926532866603
0.481531241170499
0.477081795375573
0.472624853559424
0.468206922735478
0.46387369110652
0.459669385514268
0.455636165421774
0.451813563411833
0.448237980653879
0.444942244161888
0.441955231011446
0.439301563072094
0.437001374296506
0.435070151231096
0.433518646197763
0.432352861551912
0.431574102541293
0.431179095555426
0.431160167939433
0.431505485017944
0.43219933950279
0.433222488014973
0.43455252901662
0.436164316011728
0.43803039943648
0.440121490232825
0.442406937705582
0.444855213934401
0.447434396783183
0.450112643458417
0.452858646648462
0.45564206555606
0.45843392463371
0.461206973550648
0.463936002851402
0.466598110884291
0.469172918845247
0.471642732147005
0.473992647726632
0.476210608281142
0.478287405707008
0.480216637154613
0.481994618041801
0.483620257063335
0.48509489866246
0.486422138591941
0.487607618097814
0.488658801939865
0.489584744963787
0.490395851317686
0.491103629724132
0.491720447544458
0.492259285767492
0.49273349657555
0.493156564828421
0.493541874687267
0.493902482681893
0.494250898793887
0.494598877552506
0.494957221670462
0.495335601319502
0.49574239268855
0.496184539904221
0.496667444651562
0.497194887847377
0.497768987439919
0.498390195806636
0.49905733928922
0.499767701160632
0.500517147805838
0.501300296184439
0.502110718817323
0.502941180704232
0.50378390084711
0.504630829538887
0.505473931386452
0.506305463263608
0.507118236107524
0.507905849726955
0.508662890598145
0.509385083967975
0.510069393414109
0.510714063248899
0.511318601691382
0.51188370544368
0.512411129055245
0.512903505096724
0.513364123554771
0.513796680871778
0.514205010581948
0.51459280845469
0.514963365395824
0.515319321057506
0.515662450183668
0.515993492216481
0.516312032687134
0.516616442512253
0.516903878635027
0.51717034661887
0.517410822957183
0.517619432138781
0.517789671029105
0.51791467100169
0.517987486572186
0.518001398115055
0.517950215622366
0.517828570410521
0.517632182184634
0.517358089898571
0.517004836347381
0.516572598326675
0.516063256405339
0.515480400789472
0.514829272306673
0.514116640109769
0.513350620188992
0.512540441098701
0.511696165364703
0.510828376768228
0.509947845042674
0.50906518042426
0.50819049093816
0.50733305526425
0.506501023514619
0.505701157287759
0.504938618976991
0.504216818552557
0.503537323970479
0.502899839060312
0.502302250290576
0.501740741293622
0.501209971542363
0.500703313201489
0.500213138013518
0.499731144206831
0.499248711900276
0.498757274385551
0.49824869203792
0.497715615463792
0.497151824847855
0.496552533301197
0.495914643304612
0.495236947039666
0.494520263439642
0.493767507094767
0.492983686622441
0.492175832667009
0.491352858225565
0.490525356406793
0.48970534292429
0.488905952517527
0.488141100007794
0.487425117773575
0.486772382027761
0.486196940375927
0.485712152729607
0.485330356761975
0.485062567767843
0.484918221087786
0.484904963257872
0.485028495846931
0.485292473648381
0.485698456614889
0.486245912773804
0.486932267446186
0.487752992507965
0.488701728257542
0.489770429747115
0.490949529227
0.492228106646428
0.493594060924402
0.495034275894978
0.496534776360756
0.498080871452354
0.499657284369307
0.501248269439213
0.502837719145625
0.504409265217393
0.505946378934435
0.507432476402446
0.508851034626586
0.51018572375057
0.511420559838381
0.512540081112958
0.513529548715435
0.514375170924726
0.515064347516898
0.515585928696876
0.515930480954648
0.516090550430969
0.516060913053521
0.515838799928398
0.51542408631576
0.514819433017393
0.514030370152435
0.513065315050709
0.511935518268743
0.510654934418093
0.509240017450428
0.507709443115207
0.506083764333411
0.504385008058309
0.502636224678368
0.500861003035917
0.499082965593929
0.497325259120325
0.495610056447443
0.493958084411496
0.492388192023225
0.490916971335796
0.489558441451452
0.488323803753559
0.487221273883894
0.486255993327362
0.485430020834426
0.484742401412118
0.4841893083394
0.483764251685681
0.483458345186012
0.483260622085825
0.48315838972484
0.483137612178249
0.483183310191862
0.483279967902001
0.483411936376073
0.483563824795244
0.483720871072159
0.483869284799642
0.483996556607701
0.48409172921703
0.484145626673469
0.484151039392193
0.484102863702004
0.483998195535983
0.483836378749043
0.483619009247583
0.483349896690061
0.483034985965706
0.482682240993155
0.482301493618452
0.481904260553492
0.481503531405445
0.481113530930134
0.480749458722768
0.480427209660545
0.480163078552577
0.479973452646557
0.479874495894987
0.479881829194522
0.480010211169266
0.480273224452762
0.480682972805864
0.481249794753444
0.481981999691864
0.482885632568929
0.483964273226762
0.485218876288243
0.486647657029021
0.488246027990131
0.490006590144721
0.491919181245092
0.493970982568415
0.49614668369221
0.498428703219965
0.500797461611553
0.503231700529858
0.505708841476411
0.508205375037
0.510697270870343
0.513160397715825
0.51557094222262
0.517905815346441
0.520143035435176
0.52226207792216
0.524244182735141
0.526072612059073
0.527732852892908
0.529212760832248
0.530502643599619
0.531595284937627
0.532485911484213
0.533172107078029
0.533653680521363
0.533932494099577
0.534012261078817
0.533898320956729
0.533597401421877
0.533117375802743
0.532467024288485
0.531655806425645
0.530693651391296
0.529590771372199
0.528357502101197
0.527004173273507
0.525541010238929
0.523978067085849
0.522325190035505
0.520592008977463
0.518787954018536
0.516922293099349
0.51500418606168
0.513042750028665
0.511047130590399
0.509026573070989
0.506990488092941
0.504948505755983
0.502910513016977
0.500886669303718
0.498887396025549
0.496923336463053
0.495005283527737
0.493144074073453
0.491350449797651
0.489634886264393
0.488007393172042
0.486477290623895
0.485052967775377
0.483741631752953
0.48254905608728
0.481479338993637
0.480534682585644
0.479715204450607
0.479018792885597
0.478441016449417
0.477975097305182
0.477611956114932
0.477340334032154
0.477146994678862
0.477017005976706
0.476934098436404
0.476881093127499
0.476840389196677
0.476794497632274
0.476726605140758
0.476621149657438
0.476464387293306
0.476244929536417
0.475954229364591
0.475586995637965
0.475141516738808
0.474619876885722
0.474028051803471
0.473375874372993
0.472676865378465
0.471947929339802
0.471208920477218
0.470482088892758
0.469791421860294
0.469161899483287
0.468618687715888
0.468186294678607
0.46788771819747
0.467743613456602
0.467771509523692
0.467985102277497
0.46839364897596
0.469001486437851
0.469807690697924
0.470805891199377
0.471984247300943
0.473325589311967
0.474807720650214
0.476403872266154
0.478083295406242
0.479811974287906
0.481553436494335
0.48326963599597
0.484921881756365
0.486471783928378
0.487882189694877
0.489118081816943
0.490147414844549
0.490941866609939
0.491477485926376
0.491735221200616
0.49170131877211
0.491367584049736
0.49073150276757
0.489796223777586
0.488570408610118
0.48706795645591
0.485307616175327
0.483312499365421
0.481109510384394
0.478728710539492
0.476202634403142
0.47356557646465
0.470852866095219
0.468100148154938
