0.643620894194274
0.643428625931104
0.643089110435504
0.642603310937314
0.641972662997859
0.641199069353735
0.64028489300135
0.639232948553675
0.638046491908586
0.636729208275918
0.63528519861788
0.633718964564687
0.632035391874161
0.630239732510602
0.628337585424333
0.626334876119045
0.624237835099245
0.62205297529485
0.619787068564132
0.617447121379848
0.615040349806458
0.612574153878739
0.610056091494034
0.607493851931546
0.604895229112756
0.602268094717042
0.59962037126596
0.596960005288466
0.594294940677535
0.591633092346256
0.588982320288588
0.586350404146428
0.583745018380758
0.581173708140112
0.578643865914794
0.576162709059937
0.573737258264864
0.571374317040239
0.569080452288236
0.56686197601445
0.564724928233602
0.562675061114272
0.560717824400939
0.558858352144661
0.557101450766743
0.555451588472772
0.553912886027609
0.552489108895139
0.55118366074007
0.549999578282727
0.548939527491687
0.548005801093281
0.547200317371521
0.54652462022682
0.545979880457113
0.545566898220558
0.545286106635025
0.54513757646599
0.545121021851304
0.545235807008623
0.545480953868969
0.545855150578119
0.54635676080608
0.546983833803948
0.547734115146922
0.548605058102044
0.549593835559495
0.550697352466857
0.551912258706672
0.553234962358879
0.554661643291219
0.556188267022502
0.557810598805606
0.559524217879319
0.56132453184047
0.563206791090291
0.565166103311567
0.567197447935773
0.569295690562082
0.571455597292851
0.573671848952844
0.575939055162076
0.578251768234713
0.580604496878892
0.582991719674659
0.585407898309394
0.587847490552109
0.590304962949881
0.592774803231323
0.595251532403518
0.59772971653012
0.600203978179426
0.602669007532167
0.605119573139467
0.607550532322
0.609956841201761
0.612333564358095
0.614675884099733
0.616979109344583
0.619238684098868
0.621450195527034
0.623609381603576
0.625712138337632
0.627754526560898
0.629732778269111
0.631643302507089
0.633482690787111
0.635247722030299
0.636935367020641
0.638542792361384
0.640067363923775
0.641506649778524
0.642858422600892
0.644120661541109
0.645291553552681
0.646369494172347
0.647353087746697
0.648241147102039
0.64903269265577
0.64972695096942
0.650323352745613
0.650821530273408
0.651221314328879
0.65152273054028
0.651725995229788
0.651831510746464
0.651839860307875
0.651751802370566
0.651568264552357
0.651290337132192
0.650919266155946
0.650456446179191
0.64990341268037
0.64926183418015
0.648533504104826
0.647720332433569
0.646824337170935
0.645847635687465
0.644792435972293
0.643661027842435
0.642455774153927
0.641179102060031
0.63983349436153
0.638421480993486
0.636945630691884
0.635408542882242
0.633812839830586
0.632161159095142
0.630456146314737
0.628700448367223
0.62689670692825
0.625047552457478
0.623155598635846
0.621223437273797
0.619253633706533
0.617248722688328
0.615211204793872
0.613143543330415
0.611048161760343
0.608927441629632
0.606783720993554
0.604619293327016
0.602436406903097
0.600237264619641
0.598024024250418
0.595798799094091
0.593563658991422
0.591320631678526
0.589071704441768
0.586818826038031
0.584563908842582
0.582308831185669
0.580055439838286
0.577805552607244
0.575560960999781
0.573323432918475
0.571094715348095
0.568876536997279
0.566670610859585
0.564478636660361
0.562302303158175
0.560143290272037
0.558003271008462
0.555883913165343
0.553786880792809
0.551713835394467
0.549666436855841
0.547646344090203
0.545655215395427
0.543694708518904
0.541766480430843
0.539872186809529
0.538013481245145
0.536192014171644
0.534409431538856
0.532667373239399
0.530967471307159
0.529311347905949
0.527700613128561
0.526136862627637
0.524621675100747
0.523156609652653
0.521743203057982
0.520382966947514
0.5190773849409
0.51782790974795
0.51663596025969
0.515502918649149
0.514430127500396
0.513418886982663
0.512470452084533
0.511586029921194
0.510766777125607
0.510013797332264
0.509328138759971
0.508710791897814
0.50816268729629
0.50768469346341
0.507277614863513
0.50694219001466
0.506679089678683
0.50648891513642
0.50637219653935
0.506329391327712
0.506360882704396
0.506466978153324
0.50664790799077
0.506903823938125
0.507234797704921
0.507640819571571
0.508121796962221
0.508677552999298
0.509307825032824
0.510012263139305
0.510790428586949
0.511641792266143
0.512565733086447
0.513561536343843
0.514628392064586
0.515765393334639
0.516971534626394
0.518245710137064
0.519586712155792
0.520993229479057
0.522463845896445
0.523997038771082
0.525591177741119
0.527244523570514
0.528955227178878
0.530721328881447
0.532540757871164
0.534411331975401
0.536330757720098
0.538296630733835
0.540306436523795
0.54235755165453
0.544447245358998
0.54657268160951
0.548730921673915
0.550918927179728
0.553133563705825
0.55537160491793
0.55762973726037
0.559904565212521
0.562192617114021
0.564490351558292
0.566794164349122
0.56910039601017
0.571405339832219
0.573705250437957
0.575996352838963
0.578274851954548
0.58053694255717
0.582778819604347
0.584996688912384
0.587186778122926
0.589345347909248
0.591468703365537
0.593553205519069
0.595595282902309
0.597591443119509
0.599538284340473
0.601432506652708
0.603270923202344
0.605050471053866
0.606768221699013
0.608421391146021
0.61000734952185
0.611523630122059
0.612967937845589
0.61433815695488
0.615632358105446
0.616848804593245
0.617985957772881
0.619042481604815
0.620017246295314
0.620909330998807
0.621718025558509
0.622442831267714
0.623083460640857
0.623639836190309
0.62411208821184
0.624500551588714
0.624805761631328
0.625028448976268
0.625169533575398
0.62523011781218
0.625211478788765
0.625115059833405
0.624942461283413
0.624695430604133
0.624375851909231
0.623985734951892
0.623527203660339
0.623002484294276
0.62241389330155
0.621763824956305
0.621054738861358
0.620289147398259
0.619469603208648
0.618598686789988
0.617678994287616
0.616713125563239
0.615703672617656
0.614653208442443
0.613564276371836
0.61243938000192
0.61128097373968
0.610091454039385
0.608873151378319
0.607628323018051
0.606359146591206
0.605067714547308
0.603756029484555
0.602426000387542
0.601079439784001
0.599718061826579
0.598343481298656
0.596957213536217
0.595560675250885
0.594155186232524
0.592741971903253
0.591322166688458
0.589896818164388
0.588466891936297
0.587033277195804
0.585596792901328
0.584158194521033
0.582718181273802
0.581277403800365
0.579836472193775
0.578395964316116
0.576956434326494
0.57551842134416
0.574082458169895
0.572649079988743
0.571218832977558
0.569792282741897
0.5683700225083
0.566952681000059
0.565540929927153
0.564135491024085
0.5627371425728
0.561346725351845
0.55996514795719
0.558593391444815
0.557232513250141
0.555883650344662
0.55454802159561
0.553226929300245
0.551921759872153
0.550633983663016
0.549365153909288
0.548116904799379
0.546890948662994
0.54568907229035
0.544513132394928
0.543365050239269
0.54224680544897
0.54116042904555
0.540107995734054
0.53909161548629
0.538113424465271
0.537175575340817
0.536280227050324
0.535429534062384
0.534625635204252
0.533870642117082
0.533166627405328
0.53251561254886
0.531919555647955
0.53138033907263
0.530899757088557
0.530479503532229
0.530121159608008
0.529826181879237
0.529595890524777
0.529431457931043
0.529333897688042
0.529304054055858
0.529342591965755
0.529449987617316
0.52962651973011
0.529872261505049
0.530187073347067
0.530570596396936
0.531022246916015
0.531541211563511
0.532126443601405
0.532776660057665
0.533490339873694
0.534265723057163
0.535100810856552
0.535993366968808
0.536940919786595
0.537940765686697
0.538989973356214
0.540085389148317
0.541223643454557
0.542401158075969
0.54361415457063
0.544858663550853
0.546130534898833
0.547425448865422
0.548738928012684
0.550066349957094
0.551402960866657
0.552743889661824
0.554084162866988
0.555418720056393
0.55674242983572
0.558050106298174
0.559336525891849
0.560596444633289
0.561824615600653
0.56301580663862
0.564164818206239
0.565266501298229
0.566315775369911
0.567307646195844
0.56823722359246
0.569099738935533
0.569890562404052
0.570605219883205
0.571239409460478
0.571789017450527
0.572250133886316
0.572619067416166
0.572892359548704
0.57306679819028
0.573139430422218
0.573107574468276
0.572968830805843
0.572721092377769
0.572362553865214
0.571891719985555
0.571307412783114
0.570608777884383
0.569795289693306
0.56886675550624
0.567823318530259
0.566665459792536
0.565393998932705
0.564010093874138
0.562515239374221
0.560911264457724
0.559200328741375
0.557384917661696
0.55546783662198
0.553452204078094
0.551341443586429
0.549139274840854
0.546849703728978
0.544477011441295
0.542025742669915
0.539500692936608
0.536906895092708
0.534249605036107
0.531534286693091
0.528766596315102
0.525952366142727
0.523097587491177
0.520208393313387
0.517291040298543
0.514351890565289
0.511397393010245
0.508434064373565
0.505468470084286
0.502507204948978
0.49955687374788
0.496624071803143
0.493715365584109
0.490837273414659
0.487996246347621
0.485198649270991
0.482450742310317
0.479758662591009
0.477128406423559
0.474565811973717
0.472076542478502
0.469666070067598
0.467339660248148
0.465102357109199
0.462958969300128
0.460914056835184
0.458971918773944
0.457136581824837
0.455411789916131
0.453800994775677
0.452307347557497
0.450933691549778
0.449682555995148
0.448556151050185
0.447556363906964
0.446684756095136
0.445942561978456
0.44533068845501
0.444849715865477
0.444499900108721
0.444281175958856
0.444193161572621
0.444235164170538
0.444406186869865
0.444704936641905
0.445129833360706
0.44567901990475
0.446350373267806
0.447141516629809
0.448049832333415
0.449072475706895
0.450206389669145
0.451448320048063
0.452794831539169
0.45424232422739
0.455787050591265
0.457425132905552
0.459152580955395
0.460965309972794
0.462859158704231
0.464829907516874
0.466873296449945
0.468985043117484
0.471160860369012
0.473396473615439
0.47568763772897
0.478030153427796
0.480419883058998
0.482852765696269
0.485324831472897
0.487832215074793
0.490371168323279
0.492938071782786
0.495529445334556
0.498141957663857
0.500772434615016
0.503417866375839
0.506075413460493
0.508742411467787
0.511416374599867
0.514094997934575
0.516776158453119
0.519457914833125
0.522138506025564
0.524816348642445
0.52749003319037
0.530158319193115
0.532820129254181
0.535474542117741
0.538120784793476
0.540758223817475
0.543386355727501
0.546004796836566
0.548613272393734
0.551211605225462
0.553799703954468
0.556377550896063
0.558945189734111
0.561502713080192
0.564050250020207
0.566587953752459
0.569115989420258
0.571634522240314
0.574143706025517
0.576643672197309
0.579134519378645
0.581616303653584
0.584089029573865
0.58655264198646
0.589007018749124
0.591451964393324
0.593887204785844
0.596312382831759
0.598727055252468
0.60113069046313
0.60352266756427
0.605902276452512
0.608268719045515
0.610621111606255
0.612958488141947
0.615279804843142
0.617583945519068
0.619869727976038
0.622135911276938
0.624381203811476
0.626604272098986
0.628803750238419
0.630978249913588
0.63312637085592
0.635246711661978
0.637337880858829
0.639398508107096
0.641427255429145
0.643422828348507
0.645383986826199
0.64730955588023
0.649198435776126
0.651049611678932
0.652862162660678
0.65463526996187
0.656368224411006
0.658060432912502
0.659711423920631
0.661320851825104
0.66288850018266
0.664414283738505
0.665898249191417
0.667340574666902
0.668741567873761
0.670101662930705
0.671421415861241
0.67270149876672
0.673942692699196
0.675145879267432
0.676312031020922
0.677442200668063
0.678537509195549
0.679599132966518
0.680628289884896
0.681626224722693
0.682594193715534
0.68353344853952
0.68444521978937
0.68533070008379
0.686191026928966
0.687027265475019
0.687840391303111
0.688631273382637
0.689400657338546
0.690149149168332
0.690877199546547
0.691585088851918
0.692272913048248
0.692940570545282
0.693587750159727
0.694213920289583
0.694818319406989
0.695399947965979
0.695957561811925
0.696489667169079
0.696994517271688
0.697470110692613
0.697914191411415
0.698324250651577
0.698697530503921
0.699031029340612
0.699321509011336
0.699565503800557
0.699759331112215
0.699899103835937
0.6999807443369
0.7
0.699952460248052
0.699833574943382
0.699638674072567
0.699362988605171
0.699001672409299
0.698549825099602
0.69800251568711
0.697354806895015
0.696601780000169
0.695738560056852
0.694760341357037
0.693662412980193
0.692440184285421
0.691089210199536
0.689605216156487
0.687984122546228
0.686222068534844
0.684315435122263
0.682260867309247
0.680055295251526
0.67769595428579
0.675180403719765
0.672506544286744
0.669672634173511
0.666677303539735
0.663519567456296
0.660198837199795
0.656714929850453
0.653068076150719
0.649258926592151
0.64528855570829
0.641158464561462
0.636870581421444
0.632427260643778
0.627831279765135
0.623085834842409
0.618194534071201
0.61316138972787
0.60799080848746
0.602687580177445
0.59725686503434
0.591704179536815
0.586035380894976
0.580256650280885
0.574374474890258
0.568395628929491
0.562327153625781
0.556176336361111
0.549950689033263
0.543657925748776
0.537305939953973
0.530902781110731
0.524456631023721
0.517975779925265
0.511468602422904
0.504943533413147
0.4984090440628
0.491873617956712
0.485345727507759
0.478833810721495
0.472346248404102
0.465891341898091
0.459477291425768
0.453112175115694
0.446803928782324
0.44056032652379
0.434388962197302
0.428297231826042
0.422292316985675
0.416381169212755
0.410570495471368
0.40486674470845
0.399276095522212
0.39380444496223
0.388457398473863
0.383240260993918
0.3781580291988
0.373215384900915
0.368416689583756
0.363765980060967
0.359266965239834
0.354923023964957
0.350737203913553
0.346712221509747
0.342850462821471
0.339153985400184
0.335624521020575
0.332263479274685
0.329071951972601
0.326050718299898
0.323200250680457
0.32052072129213
0.318012009181928
0.315673707927022
0.313505133787821
0.311505334299762
0.309673097251136
0.308006959995358
0.306505219047437
0.30516593991612
0.303986967125129
0.302965934379157
0.302100274832732
0.301387231422726
0.300823867228107
0.300407075823524
0.300133591596351
0.3
0.300002747719477
0.300138152728335
0.300402414219363
0.300791622394392
0.301301768101654
0.301928752311936
0.302668395427536
0.303516446420503
0.304468591799011
0.30552046440275
0.306667652030118
0.307905705901497
0.309230148964254
0.310636484046067
0.312120201863911
0.31367678889644
0.315301735127636
0.316990541669412
0.318738728270415
0.320541840717576
0.322395458135941
0.32429520019117
0.326236734197644
0.328215782133526
0.330228127562367
0.332269622458953
0.334336193935102
0.336423850859033
0.338528690359862
0.340646904206645
0.342774785049329
0.34490873250694
0.347045259086433
0.349180995913824
0.35131269825756
0.353437250822651
0.355551672792814
0.35765312259684
0.359738902374638
0.36180646211789
0.363853403459995
0.365877483090083
0.367876615766183
0.369848876903326
0.371792504713305
0.373705901874049
0.375587636708149
0.37743644385186
0.379251224398013
0.381031045498585
0.382775139415268
0.384482902009114
0.386153890663312
0.387787821636226
0.389384566845094
0.390944150084076
0.392466742683757
0.393952658622612
0.395402349104402
0.396816396618831
0.398195508506149
0.399540510049634
0.400852337123003
0.402132028422775
0.403380717318424
0.404599623355735
0.405790043451199
0.406953342817362
0.408090945660996
0.409204325697489
0.410294996526258
0.411364501912939
0.412414406024905
0.413446283667058
0.414461710564969
0.415462253742282
0.416449462038822
0.417424856815084
0.418389922887763
0.419346099739678
0.420294773045887
0.421237266556029
0.422174834370886
0.423108653649012
0.42403981777683
0.424969330033106
0.425898097775997
0.426826927178094
0.427756518531949
0.428687462145654
0.429620234844948
0.430555197095335
0.431492590754543
0.432432537462637
0.433375037674001
0.434319970332393
0.435267093187295
0.436216043746877
0.43716634086005
0.438117386917317
0.439068470657508
0.440018770564894
0.440967358838758
0.441913205915149
0.442855185518361
0.443792080217577
0.444722587462157
0.445645326067231
0.446558843119546
0.447461621271941
0.448352086393397
0.449228615540268
0.450089545213146
0.450933179862753
0.4517578006073
0.452561674123015
0.453343061668818
0.454100228205646
0.45483145157048
0.455535031664897
0.456209299617813
0.456852626882113
0.45746343422497
0.458040200571997
0.458581471665757
0.459085868499765
0.459552095489853
0.45997894834563
0.46036532160586
0.460710215802728
0.461012744221386
0.461272139222664
0.461487758098558
0.461659088431918
0.461785752933831
0.461867513734341
0.461904276104484
0.461896091590101
0.461843160540529
0.461745834018013
0.461604615076569
0.461420159402021
0.461193275308045
0.46092492308619
0.460616213711128
0.460268406905646
0.459882908573224
0.459461267609347
0.459005172106041
0.458516444967351
0.457997038956717
0.457449031200307
0.456874617173387
0.456276104199664
0.455655904496276
0.455016527799598
0.454360573609393
0.453690723090896
0.453009730676286
0.452320415408561
0.451625652072135
0.45092836215545
0.450231504691601
0.449538067023295
0.448851055538526
0.448173486423026
0.447508376474921
0.446858734026054
0.446227550013142
0.445617789240338
0.445032381872825
0.444474215198911
0.443946125695575
0.44345089142973
0.442991224824487
0.442569765816582
0.442189075427789
0.441851629769687
0.441559814497588
0.441315919725778
0.44112213541255
0.440980547219812
0.440893132848399
0.440861758846645
0.44088817788625
0.440974026496144
0.441120823241883
0.441329967335074
0.441602737654628
0.441940292159082
0.442343667667052
0.44281377998091
0.443351424327202
0.443957276086015
0.444631891780587
0.445375710297848
0.446189054310331
0.447072131870036
0.448025038145234
0.449047757272039
0.450140164293637
0.451302027161528
0.452533008774808
0.453832669035504
0.455200466900182
0.456635762410457
0.458137818687636
0.459705803879465
0.461338793049793
0.46303577000489
0.464795629053119
0.466617176697624
0.468499133264595
0.470440134472545
0.472438732950739
0.474493399717523
0.476602525631691
0.478764422832235
0.480977326183772
0.483239394746637
0.485548713292033
0.487903293883711
0.490301077548449
0.492739936057998
0.495217673845268
0.497732030077275
0.500280680906729
0.502861241923201
0.505471270823508
0.50810827031932
0.510769691298047
0.51345293625085
0.516155362979087
0.518874288587772
0.521606993771647
0.52435072739631
0.527102711373527
0.529860145826433
0.53262021453682
0.535380090663137
0.53813694271429
0.540887940760781
0.543630262861303
0.546361101679522
0.549077671262628
0.551777213950202
0.554457007379154
0.557114371547975
0.559746675901261
0.562351346393542
0.564925872489824
0.567467814059016
0.569974808115508
0.572444575363696
0.57487492650014
0.577263768228371
0.57960910894207
0.581909064033485
0.584161860785487
0.586365842807597
0.588519473978633
0.590621341861316
0.592670160557205
0.594664772973692
0.59660415247846
0.598487403920732
0.600313764002832
0.602082600989953
0.603793413750614
0.605445830124961
0.6070396046229
0.608574615458901
0.610050860935191
0.611468455189947
0.612827623331896
0.61412869598745
0.615372103291101
0.616558368354185
0.617688100251367
0.618761986568126
0.619780785556225
0.620745317947529
0.621656458479596
0.622515127189126
0.623322280531712
0.624078902388189
0.624785995019436
0.625444570032488
0.626055639421476
0.626620206747074
0.62713925851785
0.627613755836202
0.62804462637037
0.628432756712396
0.628778985179865
0.62908409511677
0.629348808745969
0.629573781622447
0.629759597732958
0.629906765283649
0.630015713212985
0.630086788462718
0.630120254034812
0.630116287857166
0.630074982475758
0.629996345585376
0.629880301405629
0.629726692903262
0.629535284856182
0.629305767748889
0.62903776248339
0.628730825884052
0.628384456969408
0.627998103958541
0.627571171974507
0.627103031402297
0.626593026854072
0.626040486689964
0.62544473303853
0.624805092257149
0.624120905769089
0.623391541210896
0.622616403821001
0.621794947998101
0.620926688956012
0.620011214400186
0.619048196150079
0.618037401631032
0.616978705159155
0.61587209894312
0.614717703727546
0.613515779003925
0.612266732716749
0.610971130394637
0.609629703638811
0.608243357904253
0.606813179512204
0.605340441836405
0.60382661060954
0.602273348300713
0.600682517519491
0.599056183406977
0.597396614979572
0.595706285396472
0.593987871127527
0.5922442500038
0.590478498138998
0.58869388571586
0.586893871637553
0.585082097050099
0.583262377747814
0.581438695479685
0.579615188180395
0.577796139155483
0.575985965255699
0.57418920408103
0.572410500260118
0.570654590855817
0.568926289952388
0.567230472484372
0.565572057371403
0.563955990027144
0.562387224314169
0.560870704019872
0.559411343931433
0.558014010590447
0.556683502810048
0.555424532039173
0.554241702660111
0.553139492306527
0.552122232289864
0.55119408822232
0.550359040924522
0.549620867705559
0.548983124102174
0.548449126162718
0.548021933359848
0.547704332214036
0.547498820707607
0.547407593566402
0.547432528483163
0.547575173353431
0.547836734591117
0.54821806658701
0.548719662369249
0.549341645520359
0.550083763400689
0.550945381723135
0.551925480518871
0.553022651528402
0.554235097046678
0.555560630245308
0.556996676988987
0.558540279157275
0.560188099476747
0.56193642786234
0.563781189260461
0.565717952980159
0.567741943492325
0.569848052670629
0.57203085344162
0.57428461480523
0.576603318180837
0.578980675028
0.58141014568518
0.583884959364022
0.586398135231314
0.588942504505426
0.591510733489034
0.594095347455125
0.596688755298863
0.599283274863706
0.601871158846393
0.604444621181974
0.606995863807024
0.60951710369656
0.612000600067964
0.614438681643503
0.616823773861742
0.619148425927335
0.621405337588417
0.623587385530986
0.625687649280373
0.627699436501174
0.62961630758869
0.631432099447264
0.633140948353612
0.634737311806599
0.63621598926865
0.637572141708286
0.638801309858029
0.639899431107104
0.640862854954027
0.641688356950189
0.642373151071997
0.642914900465908
0.643311726517771
0.643562216205325
