-20,-1.15309172508415
-19.9853665918332,-1.13167552652012
-19.9703372661044,-1.11048577793725
-19.9549354842974,-1.08951722813393
-19.9391831754647,-1.06876441389093
-19.9231008121852,-1.04822177886623
-19.9067074910544,-1.02788377359599
-19.8900210149959,-1.00774493889299
-19.8730579753676,-0.987799974790078
-19.8558338323783,-0.968043796990625
-19.8383629927709,-0.948471582585339
-19.8206588840701,-0.92907880658906
-19.8027340249559,-0.909861270653576
-19.7846000915282,-0.89081512512836
-19.7662679793731,-0.871936885473923
-19.7477478614549,-0.853223443883261
-19.7290492419336,-0.834672076835652
-19.7101810060619,-0.816280449192902
-19.6911514663499,-0.798046615349788
-19.671968405207,-0.77996901786638
-19.6526391142796,-0.762046483938527
-19.6331704307081,-0.744278220002552
-19.6135687705207,-0.726663804719682
-19.5938401593774,-0.709203180543576
-19.5739902608673,-0.691896644039335
-19.5540244025512,-0.674744835093594
-19.5339475999305,-0.657748725131663
-19.5137645785111,-0.640909604438556
-19.4934797941198,-0.624229068665323
-19.473097451616,-0.607709004589836
-19.4526215221354,-0.591351575191611
-19.4320557589858,-0.575159204092862
-19.4114037123099,-0.559134559412487
-19.3906687426176,-0.543280537075747
-19.3698540332823,-0.527600243619746
-19.3489626020889,-0.512096978533207
-19.3279973119107,-0.49677421616836
-19.3069608805895,-0.481635587262717
-19.285855890083,-0.466684860109084
-19.2646847949406,-0.45192592141318
-19.2434499301631,-0.437362756879554
-19.2221535184944,-0.422999431568137
-19.2007976771936,-0.408840070065492
-19.1793844243266,-0.394888836516769
-19.1579156846177,-0.38114991456624
-19.1363932948944,-0.367627487256249
-19.1148190091576,-0.354325716936259
-19.0931945033075,-0.341248725235436
-19.07152137955,-0.328400573153874
-19.0498011705094,-0.315785241328983
-19.0280353430689,-0.303406610534883
-19.0062253019599,-0.291268442473659
-18.9843723931188,-0.279374360918167
-18.9624779068283,-0.267727833266602
-18.9405430806586,-0.256332152569334
-18.9185691022246,-0.24519042008848
-18.8965571117701,-0.234305528450334
-18.8745082045939,-0.22368014545019
-18.8524234333263,-0.213316698568073
-18.8303038100691,-0.203217360252672
-18.8081503084064,-0.193384034029125
-18.7859638652973,-0.183818341484409
-18.7637453828561,-0.174521610181837
-18.7414957300298,-0.165494862553611
-18.7192157441787,-0.156738805817511
-18.6969062325666,-0.14825382296067
-18.674567973767,-0.140039964829895
-18.6522017189905,-0.132096943364351
-18.6298081933382,-0.124424126002386
-18.607388096987,-0.117020531290138
-18.5849421063094,-0.109884825715103
-18.5624708749337,-0.103015321783234
-18.5399750347472,-0.0964099773533836
-18.5174551968462,-0.0900663962378904
-18.4949119524362,-0.083981830073131
-18.4723458736856,-0.0781531814586109
-18.4497575145349,-0.0725770083579823
-18.4271474114652,-0.0672495297500566
-18.404516084227,-0.0621666325126006
-18.3818640365334,-0.0573238795163955
-18.359191756718,-0.0527165189017905
-18.336499718361,-0.0483394945048005
-18.3137883808842,-0.0441874573947122
-18.291058190118,-0.0402547784801929
-18.2683095788399,-0.0365355621360991
-18.2455429672888,-0.0330236607985466
-18.222758763654,-0.0297126904713884
-18.199957364542,-0.0265960470830555
-18.177139155421,-0.0236669236287882
-18.1543045110459,-0.0209183280296237
-18.1314537958627,-0.0183431016361707
-18.1085873643959,-0.0159339383021536
-18.0857055616175,-0.0136834039500276
-18.0628087233003,-0.0115839565486266
-18.0398971763552,-0.00962796642084272
-18.016971239154,-0.00780773679774403
-17.9940312218381,-0.00611552453435216
-17.9710774266139,-0.00454356090151134
-17.9481101480359,-0.00308407236789441
-17.9251296732772,-0.00172930128621768
-17.9021362823893,-0.00047152639818359
-17.8791302485508,0.000696916926482837
-17.8561118383058,0.00178361680027055
-17.8330813117927,0.00279606535909518
-17.8100389229636,0.00374163981412314
-17.7869849197948,0.00462758409139276
-17.763919544489,0.0054609911335876
-17.7408430336697,0.00624878593512091
-17.7177556185675,0.00699770937815949
-17.6946575251993,0.00771430293333407
-17.6715489745408,0.00840489428470969
-17.6484301826923,0.00907558393411146
-17.625301361038,0.00973223283516494
-17.6021627163993,0.0103804511024197
-17.5790144511825,0.0110255878357258
-17.5558567635213,0.0116727220946252
-17.5326898474134,0.0123266550519665
-17.5095138928525,0.0129919033502341
-17.4863290859555,0.0136726936782857
-17.4631356090853,0.0143729585802836
-17.4399336409686,0.0150963335026724
-17.4167233568103,0.0158461550790878
-17.3935049284036,0.016625460647131
-17.3702785242359,0.0174369889850251
-17.3470443095918,0.018283182250328
-17.3238024466518,0.0191661890971415
-17.3005530945884,0.0200878689426287
-17.2772964096581,0.0210497973482023
-17.2540325452915,0.0220532724754828
-17.2307616521793,0.0230993225720453
-17.207483878356,0.0241887144371794
-17.1841993692812,0.0253219628133048
-17.1609082679178,0.0264993406444245
-17.1376107148074,0.0277208901390315
-17.1143068481448,0.0289864345712392
-17.0909968038482,0.0302955907506273
-17.0676807156289,0.0316477820883503
-17.0443587150576,0.0330422521845243
-17.0210309316301,0.0344780788597346
-16.9976974928293,0.035954188551758
-16.974358524187,0.0374693709972516
-16.9510141493428,0.0390222941172235
-16.9276644901017,0.0406115190246177
-16.9043096664902,0.0422355150722492
-16.8809497968107,0.0438926748596913
-16.8575849976938,0.0455813291184866
-16.8342153841502,0.0472997613962492
-16.8108410696206,0.0490462224618404
-16.7874621660239,0.0508189443558191
-16.764078783805,0.0526161540127725
-16.7406910319806,0.0544360863849481
-16.7172990181842,0.0562769969997522
-16.6939028487096,0.058137173887221
-16.6705026285539,0.0600149488174035
-16.6470984614589,0.0619087077917749
-16.6236904499517,0.0638169007372474
-16.6002786953839,0.0657380503560749
-16.5768632979711,0.0676707600899152
-16.5534443568299,0.0696137211614908
-16.5300219700152,0.0715657186626717
-16.5065962345558,0.073525636663321
-16.4831672464905,0.0754924623209186
-16.4597351009019,0.0774652889767245
-16.4362998919504,0.079443318230078
-16.4128617129074,0.0814258609882907
-16.3894206561876,0.0834123374954556
-16.365976813381,0.0854022763493321
-16.3425302752839,0.087395312521248
-16.3190811319293,0.0893911843996406
-16.2956294726175,0.0913897298834241
-16.272175385945,0.0933908815567724
-16.2487189598338,0.0953946609821325
-16.2252602815601,0.0974011721532881
-16.2017994377818,0.0994105941550597
-16.1783365145666,0.101423173080721
-16.1548715974191,0.103439213262412
-16.1314047713072,0.105459067873724
-16.1079361206892,0.107483128967148
-16.0844657295392,0.109511817012288
-16.0609936813733,0.111545570003528
-16.0375200592749,0.113584832208242
-16.0140449459195,0.115630042628661
-15.9905684236001,0.11768162325205
-15.9670905742513,0.119739967165031
-15.9436114794739,0.121805426608578
-15.9201312205591,0.123878301050484
-15.896649878512,0.125958825351932
-15.8731675340759,0.128047158104181
-15.8496842677553,0.130143370210327
-15.8262001598397,0.132247433785616
-15.8027152904268,0.134359211447877
-15.7792297394455,0.136478446067317
-15.7557435866788,0.138604751042203
-15.7322569117874,0.140737601163864
-15.7087697943317,0.142876324130951
-15.6852823137954,0.145020092769116
-15.6617644141526,0.147189514359129
-15.6382465145099,0.149405030603295
-15.6147286148671,0.151665316875806
-15.5912107152244,0.153968873570148
-15.5676928155817,0.156314022536708
-15.5441749159389,0.158698904467437
-15.5206570162962,0.16112147724953
-15.4971391166534,0.163579515304493
-15.4736212170107,0.16607060992327
-15.4501033173679,0.168592170602377
-15.4265854177252,0.171141427380239
-15.4030675180825,0.173715434167186
-15.3795496184397,0.176311073056922
-15.356031718797,0.178925059601659
-15.3325138191542,0.181553949027659
-15.3089959195115,0.184194143362649
-15.2854780198687,0.186841899441396
-15.261960120226,0.189493337750886
-15.2384422205833,0.192144452071855
-15.2149243209405,0.194791119869058
-15.1914064212978,0.19742911337858
-15.167888521655,0.200054111336719
-15.1443706220123,0.202661711291596
-15.1208527223695,0.205247442435538
-15.0973348227268,0.207806778893706
-15.0738169230841,0.210335153402058
-15.0502990234413,0.212827971305993
-15.0267811237986,0.215280624809478
-15.0032632241558,0.217688507403516
-14.9797453245131,0.220047028402173
-14.9562274248703,0.222351627514242
-14.9327095252276,0.224597789378879
-14.9091916255849,0.226781057994231
-14.8856737259421,0.228897050969174
-14.8621558262994,0.230941473529773
-14.8386379266566,0.232910132214001
-14.8151200270139,0.23479894819047
-14.7916021273711,0.236603970139614
-14.7680842277284,0.238321386638683
-14.7445663280857,0.239947537995215
-14.7210484284429,0.241478927477209
-14.6975305288002,0.242912231892085
-14.6740126291574,0.244244311470565
-14.6504947295147,0.245472219015912
-14.6269768298719,0.246593208283444
-14.6034589302292,0.247604741559827
-14.5799410305865,0.248504496416402
-14.5564231309437,0.249290371615625
-14.532905231301,0.249960492154553
-14.5093873316582,0.250513213434207
-14.4858694320155,0.250947124548532
-14.4623515323727,0.251261050691493
-14.43883363273,0.251454054685617
-14.4153157330873,0.251525437639954
-14.3917978334445,0.251474738749925
-14.3682799338018,0.251301734255931
-14.344762034159,0.251006435581725
-14.3212441345163,0.250589086677542
-14.2977262348735,0.250050160596696
-14.2742083352308,0.249390355337826
-14.2506904355881,0.248610588988178
-14.2271725359453,0.247711994206203
-14.2036546363026,0.246695912084374
-14.1801367366598,0.245563885435395
-14.1566188370171,0.244317651546955
-14.1331009373743,0.242959134451786
-14.1095830377316,0.241490436761123
-14.0860651380889,0.239913831110568
-14.0625472384461,0.238231751268027
-14.0390293388034,0.236446782953661
-14.0155114391606,0.234561654421736
-13.9919935395179,0.232579226853939
-13.9684756398751,0.230502484613007
-13.9449577402324,0.228334525404597
-13.9214398405897,0.226078550394031
-13.8979219409469,0.223737854323071
-13.8744040413042,0.221315815670068
-13.8508861416614,0.218815886894866
-13.8273682420187,0.216241584807598
-13.8038503423759,0.213596481098127
-13.7803324427332,0.21088419306029
-13.7568145430905,0.208108374542422
-13.7332966434477,0.205272707152753
-13.709778743805,0.202380891745373
-13.6862608441622,0.199436640209422
-13.6627429445195,0.196443667581122
-13.6392250448767,0.193405684495176
-13.615707145234,0.190326389988955
-13.5921892455913,0.187209464669868
-13.5686713459485,0.184058564253244
-13.5451534463058,0.180877313475135
-13.521635546663,0.177669300381541
-13.4981176470203,0.174438070992842
-13.4745997473775,0.171187124339527
-13.4510818477348,0.167919907862847
-13.4275639480921,0.164639813171661
-13.4040460484493,0.161350172144564
-13.3805281488066,0.158054253364411
-13.3570102491638,0.154755258870535
-13.3334923495211,0.151456321212376
-13.3099744498783,0.148160500786847
-13.2864565502356,0.144870783440598
-13.2629386505929,0.141590078317388
-13.2394207509501,0.138321215930069
-13.2159028513074,0.135066946436146
-13.1923849516646,0.131829938095655
-13.1688670520219,0.128612775889995
-13.1453491523791,0.125417960280537
-13.1218312527364,0.122247906086205
-13.0983133530936,0.119104941459784
-13.0747954534509,0.115991306943494
-13.0512775538082,0.112909154585322
-13.0277596541654,0.109860547098737
-13.0042417545227,0.106847457049712
-12.9807238548799,0.103871766056414
-12.9572059552372,0.10093526398852
-12.9336880555944,0.0980396481548125
-12.9101701559517,0.0951865224695088
-12.886652256309,0.0923773965897135
-12.8631343566662,0.0896136850183091
-12.8396164570235,0.0868967061686719
-12.8160985573807,0.0842276813896417
-12.792580657738,0.0816077339512774
-12.7690627580953,0.0790378879940151
-12.7455448584525,0.0765190674459269
-12.7220269588098,0.0740520949148206
-12.698509059167,0.071637690563914
-12.6749911595243,0.0692764709817464
-12.6514732598815,0.0669689480588299
-12.6279553602388,0.0647155278852805
-12.604437460596,0.0625165096852989
-12.5809195609533,0.0603720848058529
-12.5574016613106,0.0582823357782647
-12.5338837616678,0.0562472354725842
-12.5103658620251,0.0542666463656446
-12.4868479623823,0.0523403199445162
-12.4633300627396,0.050467896267712
-12.4398121630968,0.0486489037069172
-12.4162942634541,0.0468827588922372
-12.3927763638114,0.0451687668839446
-12.3692584641686,0.0435061215934883
-12.3457405645259,0.0418939064760589
-12.3222226648831,0.0403310955163336
-12.2987047652404,0.0388165545280961
-12.2751868655976,0.0373490427872921
-12.2516689659549,0.0359272150167077
-12.2281510663122,0.0345496237388719
-12.2046331666694,0.0332147220119739
-12.1811152670267,0.0319208665615862
-12.1575973673839,0.0306663213187654
-12.1340794677412,0.0294492613727256
-12.1105615680984,0.0282677773437053
-12.0870436684557,0.0271198801789374
-12.063525768813,0.0260035063717762
-12.0400078691702,0.0249165236010486
-12.0164899695275,0.0238567367846245
-11.9929720698847,0.0228218945380361
-11.969454170242,0.0218096960257542
-11.9459362705992,0.0208177981894779
-11.9224183709565,0.019843823334522
-11.8989004713138,0.0188853670521391
-11.875382571671,0.0179400064523897
-11.8518646720283,0.0170053086790353
-11.8283467723855,0.0160788396748634
-11.8048288727428,0.015158173162915
-11.7813109731,0.014240899806295
-11.7577930734573,0.0133246365066124
-11.7342751738146,0.0124070357986694
-11.7107572741718,0.0114857952968172
-11.6872393745291,0.0105586671464079
-11.6637214748863,0.00962346743209913
-11.6402035752436,0.00867808549332714
-11.6166856756008,0.00772049309617244
-11.5931677759581,0.00674875341004917
-11.5696498763154,0.00576102973720345
-11.5461319766726,0.0047555939429122
-11.5226140770299,0.00373083453453761
-11.4990961773871,0.00268526433822986
-11.4755782777444,0.00161752772308718
-11.4520603781016,0.000526407323965354
-11.4285424784589,-0.000589169784095411
-11.4050245788162,-0.00173012650472106
-11.3815066791734,-0.00289723077471069
-11.3579887795307,-0.00409109129371351
-11.3344708798879,-0.00531215396536936
-11.3109529802452,-0.00656069908266309
-11.2874350806024,-0.00783683928638074
-11.2639171809597,-0.00914051832140803
-11.240399281317,-0.0104715106111927
-11.2168813816742,-0.0118294216660364
-11.1933634820315,-0.0132136893360147
-11.1698455823887,-0.0146235859142722
-11.146327682746,-0.0160582210912536
-11.1228097831032,-0.0175165457551204
-11.0992918834605,-0.0189973566282304
-11.0757739838178,-0.0204993017241427
-11.052256084175,-0.0220208866042013
-11.0287381845323,-0.0235604814073857
-11.0052202848895,-0.0251163286218364
-10.9817023852468,-0.0266865515613019
-10.958184485604,-0.0282691635047675
-10.9346665859613,-0.029862077452728
-10.9111486863186,-0.0314631164490249
-10.8876307866758,-0.0330700244129002
-10.8641128870331,-0.0346804774219552
-10.8405949873903,-0.0362920953831115
-10.8170770877476,-0.0379024540254265
-10.7935591881048,-0.0395090971458136
-10.7700412884621,-0.0411095490363158
-10.7465233888194,-0.0427013270196656
-10.7230054891766,-0.0442819540184036
-10.6994875895339,-0.0458489710818724
-10.6759696898911,-0.0473999497949481
-10.6524517902484,-0.0489325044924298
-10.6289338906056,-0.0504443042035896
-10.6054159909629,-0.0519330842524805
-10.5818980913202,-0.0533966574412214
-10.5583801916774,-0.0548329247456005
-10.5348622920347,-0.056239885454966
-10.5113443923919,-0.057615646691487
-10.4878264927492,-0.0589584322474368
-10.4643085931064,-0.0602665906831812
-10.4407906934637,-0.0615386026329861
-10.417272793821,-0.062773087270589
-10.3937548941782,-0.0639688078916663
-10.3702369945355,-0.0651246765758332
-10.3467190948927,-0.0662397578966055
-10.32320119525,-0.0673132716537912
-10.2996832956072,-0.0683445946090162
-10.2761653959645,-0.0693332612114906
-10.2526474963218,-0.0702789633076366
-10.229129596679,-0.0711815488347785
-10.2056116970363,-0.0720410195057069
-10.1820937973935,-0.0728575274975081
-10.1585758977508,-0.073631371164564
-10.135057998108,-0.0743629898020262
-10.1115400984653,-0.0750529574923009
-10.0880221988226,-0.0757019760731164
-10.0645042991798,-0.0763108672715292
-10.0409863995371,-0.0768805640537181
-10.0174684998943,-0.0774121012455968
-9.99395060025159,-0.0779066054840738
-9.97043270060884,-0.0783652845632165
-9.9469148009661,-0.0787894162435588
-9.92339690132335,-0.079180336596336
-9.89987900168061,-0.079539427957492
-9.87636110203787,-0.0798681065688765
-9.85284320239513,-0.0801678099860987
-9.82932530275238,-0.0804399843340462
-9.80580740310964,-0.0806860714920632
-9.7822895034669,-0.080907496291251
-9.75877160382415,-0.0811056538062646
-9.73525370418141,-0.0812818968233616
-9.71173580453867,-0.0814375235653091
-9.68821790489593,-0.0815737657520768
-9.66470000525318,-0.0816917770740691
-9.64118210561044,-0.0817926221519682
-9.6176642059677,-0.0818772660541263
-9.59414630632496,-0.0819465644388466
-9.57062840668221,-0.0820012543848867
-9.54711050703947,-0.0820419459691123
-9.52359260739673,-0.0820691146454683
-9.50007470775398,-0.0820830944743448
-9.47655680811124,-0.0820840722460357
-9.4530389084685,-0.082072082536355
-9.42952100882575,-0.0820470037266311
-9.40600310918301,-0.0820085550142788
-9.38248520954027,-0.0819562944339899
-9.35896730989752,-0.0818896179033474
-9.33544941025478,-0.0818077593003594
-9.31193151061204,-0.0817097915741148
-9.2884136109693,-0.0815946288834788
-9.26489571132655,-0.0814610297525558
-9.24137781168381,-0.0813076012255438
-9.21785991204107,-0.0811328039976822
-9.19434201239832,-0.0809349584932242
-9.17082411275558,-0.080712251855854
-9.14730621311284,-0.0804627458116767
-9.1237883134701,-0.0801843853599376
-9.10027041382735,-0.0798750082419448
-9.07675251418461,-0.0795323551343472
-9.05323461454187,-0.0791540805089553
-9.02971671489912,-0.0787377640977155
-9.00619881525638,-0.0782809228982869
-8.98268091561364,-0.077781023652912
-8.95916301597089,-0.0772354957309684
-8.93564511632815,-0.0766417443437133
-8.91212721668541,-0.075997164018312
-8.88860931704266,-0.0752991522572743
-8.86509141739992,-0.0745451233089064
-8.84157351775718,-0.0737325219743191
-8.81805561811444,-0.0728588373769157
-8.79453771847169,-0.0719216166210875
-8.77101981882895,-0.0709184782680956
-8.74750191918621,-0.0698471255587507
-8.72398401954347,-0.0687053593145554
-8.70046611990072,-0.0674910904513801
-8.67694822025798,-0.0662023520425135
-8.65343032061524,-0.0648373108710255
-8.6299124209725,-0.0633942784147833
-8.60639452132975,-0.0618717212111347
-8.58287662168701,-0.0602682705522089
-8.55935872204427,-0.0585827314659261
-8.53584082240152,-0.0568140909421507
-8.51232292275878,-0.0549615253679182
-8.48880502311604,-0.0530244071402878
-8.46528712347329,-0.0510023104300998
-8.44176922383055,-0.0488950160746885
-8.41825132418781,-0.0467025155824301
-8.39473342454506,-0.0444250142368105
-8.37121552490232,-0.0420629332924908
-8.34769762525958,-0.0396169112605731
-8.32417972561684,-0.0370878042849106
-8.30066182597409,-0.0344766856158283
-8.27714392633135,-0.03178484419201
-8.25362602668861,-0.0290137823455203
-8.23010812704586,-0.0261652126489701
-8.20659022740312,-0.0232410539276545
-8.18307232776038,-0.0202434264630959
-8.15955442811764,-0.0171746464177846
-8.13603652847489,-0.0140372195140063
-8.11251862883215,-0.0108338340024965
-8.08900072918941,-0.00756735295920733
-8.06548282954666,-0.00424080595076499
-8.04196492990392,-0.000857380111178384
-8.01844703026118,0.0025795893259317
-7.99492913061843,0.00606662899390263
-7.97141123097569,0.00960013781158703
-7.94789333133295,0.0131763978062445
-7.92437543169021,0.0167915852925337
-7.90085753204746,0.0204417823590756
-7.87733963240472,0.0241229886139974
-7.85382173276198,0.0278311331410689
-7.83030383311923,0.0315620866184583
-7.80678593347649,0.0353116735527761
-7.78326803383375,0.0390756845819112
-7.75975013419101,0.0428498888011791
-7.73623223454826,0.0466300460684865
-7.71271433490552,0.0504119192455451
-7.68919643526278,0.0541912863336185
-7.66567853562003,0.0579639524638559
-7.64216063597729,0.0617257617039139
-7.61864273633455,0.0654726086443037
-7.5951248366918,0.0692004497296651
-7.57160693704906,0.0729053143020076
-7.54808903740632,0.0765833153247759
-7.52457113776358,0.0802306597584561
-7.50105323812083,0.0838436585602687
-7.47753533847809,0.0874187362823064
-7.45401743883535,0.0909524402442636
-7.4304995391926,0.0944414492586336
-7.40698163954986,0.0978825818879481
-7.38346373990712,0.101272804215255
-7.35994584026438,0.104609237110604
-7.33642794062163,0.107889162977801
-7.31291004097889,0.111110031967145
-7.28939214133615,0.114269467641193
-7.2658742416934,0.117365272081928
-7.24235634205066,0.120395430428912
-7.21883844240792,0.1233581148392
-7.19532054276517,0.126251687860876
-7.17180264312243,0.129074705213181
-7.14828474347969,0.131825917967194
-7.12476684383695,0.134504274122049
-7.1012489441942,0.137108919572623
-7.07773104455146,0.139639198465613
-7.05421314490872,0.142094652941853
-7.03069524526597,0.144475022263711
-7.00717734562323,0.146780241327359
-6.98365944598049,0.149010438560764
-6.96014154633775,0.151165933209247
-6.936623646695,0.153247232011584
-6.91310574705226,0.155255025270784
-6.88958784740952,0.157190182324857
-6.86606994776678,0.159053746424209
-6.84255204812403,0.160846929023648
-6.81903414848129,0.162571103498418
-6.79551624883855,0.164227798295224
-6.7719983491958,0.165818689530804
-6.74848044955306,0.167345593052296
-6.72496254991032,0.168810455975437
-6.70144465026757,0.170215347718475
-6.67792675062483,0.171562450551587
-6.65440885098209,0.172854049683626
-6.63089095133935,0.174092522910026
-6.6073730516966,0.175280329847817
-6.58385515205386,0.176420000785837
-6.56033725241112,0.177514125180356
-6.53681935276837,0.178565339828524
-6.51330145312563,0.179576316754184
-6.48978355348289,0.180549750842722
-6.46626565384014,0.181488347263735
-6.4427477541974,0.182394808722287
-6.41922985455466,0.183271822581506
-6.39571195491192,0.184122047901091
-6.37219405526917,0.184948102438031
-6.34867615562643,0.185752549657441
-6.32515825598369,0.186537885802825
-6.30164035634094,0.187306527076337
-6.2781224566982,0.188060796980664
-6.25460455705546,0.18880291387501
-6.23108665741272,0.189534978798233
-6.20756875776997,0.19025896361261
-6.18405085812723,0.190976699521762
-6.16053295848449,0.19168986601614
-6.13701505884174,0.192399980299019
-6.113497159199,0.19310838724521
-6.08997925955626,0.193816249943694
-6.06646135991352,0.194524540874014
-6.04294346027077,0.195234033764673
-6.01942556062803,0.195945296179821
-5.99590766098529,0.196658682878308
-5.97238976134254,0.197374329986629
-5.9488718616998,0.198092150024495
-5.92535396205706,0.198811827818661
-5.90183606241431,0.199532817337295
-5.87831816277157,0.200254339473565
-5.85480026312883,0.200975380803266
-5.83128236348609,0.201694693337289
-5.80776446384334,0.202410795285431
-5.7842465642006,0.203121972843684
-5.76072866455786,0.203826283012501
-5.73721076491512,0.204521557448908
-5.71369286527237,0.205205407350483
-5.69017496562963,0.205875229364411
-5.66665706598689,0.206528212509872
-5.64313916634414,0.207161346097172
-5.6196212667014,0.207771428622077
-5.59610336705866,0.208355077609015
-5.57258546741591,0.20890874037202
-5.54906756777317,0.209428705657665
-5.52554966813043,0.209911116129706
-5.50203176848769,0.210351981650825
-5.47851386884494,0.210747193312698
-5.4549959692022,0.21109253816171
-5.43147806955946,0.211383714563946
-5.40796016991671,0.211616348149671
-5.38444227027397,0.211786008274428
-5.36092437063123,0.211888224931034
-5.33740647098848,0.211918506044318
-5.31388857134574,0.211872355078303
-5.290370671703,0.211745288883757
-5.26685277206026,0.21153285571264
-5.24333487241751,0.211230653324969
-5.21981697277477,0.210834347112951
-5.19629907313203,0.210339688167004
-5.17278117348928,0.209742531208426
-5.14926327384654,0.209038852313951
-5.1257453742038,0.208224766358383
-5.10222747456106,0.207296544102729
-5.07870957491831,0.206250628856915
-5.05519167527557,0.205083652648129
-5.03167377563283,0.203792451828202
-5.00815587599008,0.202374082056036
-4.98463797634734,0.200825832594075
-4.9611200767046,0.199145239861038
-4.93760217706186,0.197330100186619
-4.91408427741911,0.195378481717615
-4.89056637777637,0.193288735428866
-4.86704847813363,0.19105950519656
-4.84353057849088,0.188689736895729
-4.82001267884814,0.186178686488229
-4.7964947792054,0.18352592707203
-4.77297687956266,0.180731354867267
-4.74945897991991,0.177795194119222
-4.72594108027717,0.174718000903085
-4.70242318063443,0.171500665820078
-4.67890528099168,0.168144415579225
-4.65538738134894,0.164650813463675
-4.6318694817062,0.161021758685074
-4.60835158206345,0.157259484633947
-4.58483368242071,0.153366556038398
-4.56131578277797,0.149345865047677
-4.53779788313523,0.145200626261196
-4.51427998349248,0.140934370727468
-4.49076208384974,0.136550938941166
-4.467244184207,0.132054472869938
-4.44372628456425,0.127449407045947
-4.42020838492151,0.122740458760121
-4.39669048527877,0.117932617399918
-4.37317258563603,0.11303113297403
-4.34965468599328,0.108041503869718
-4.32613678635054,0.102969463890632
-4.3026188867078,0.0978209686247509
-4.27910098706505,0.0926021811937261
-4.25558308742231,0.0873194574362086
-4.23206518777957,0.0819793305789011
-4.20854728813682,0.0765884954499157
-4.18502938849408,0.0711537922896793
-4.16151148885134,0.0656821902150449
-4.1379935892086,0.0601807703924798
-4.11447568956585,0.0546567089762003
-4.09095778992311,0.0491172598669365
-4.06743989028037,0.0435697373466293
-4.04392199063762,0.0380214986438134
-4.02040409099488,0.0324799264837225
-3.99688619135214,0.0269524116762902
-3.9733682917094,0.0214463357942057
-3.94985039206665,0.0159690539920451
-3.92633249242391,0.0105278780162416
-3.90281459278117,0.00513005945428032
-3.87929669313842,-0.000217226729958189
-3.85577879349568,-0.00550689832935557
-3.83226089385294,-0.0107319816514988
-3.80874299421019,-0.0158856268594201
-3.78522509456745,-0.0209611228549289
-3.76170719492471,-0.0259519116661805
-3.73818929528197,-0.0308516023030261
-3.71467139563922,-0.035653984045645
-3.69115349599648,-0.0403530391339548
-3.66763559635374,-0.0449429548273323
-3.64411769671099,-0.0494181348062608
-3.62059979706825,-0.0537732098896225
-3.59708189742551,-0.0580030480435084
-3.57356399778277,-0.0621027636595896
-3.55004609814002,-0.0660677260833022
-3.52652819849728,-0.0698935673743345
-3.50301029885454,-0.0735761892841683
-3.47949239921179,-0.0771117694377155
-3.45597449956905,-0.0804967667084133
-3.43245659992631,-0.083727925778476
-3.40893870028356,-0.0868022808783777
-3.38542080064082,-0.0897171587020204
-3.36190290099808,-0.0924701804964564
-3.33838500135534,-0.0950592633274644
-3.31486710171259,-0.0974826205247164
-3.29134920206985,-0.0997387613127337
-3.26783130242711,-0.10182648963629
-3.24431340278436,-0.103744902191391
-3.22079550314162,-0.105493385675418
-3.19727760349888,-0.107071613272479
-3.17375970385614,-0.10847954039246
-3.15024180421339,-0.10971739968467
-3.12672390457065,-0.110785695349354
-3.10320600492791,-0.111685196772718
-3.07968810528516,-0.112416931513352
-3.05617020564242,-0.112982177670212
-3.03265230599968,-0.113382455664439
-3.00913440635694,-0.113619519469376
-2.98561650671419,-0.113695347325125
-2.96209860707145,-0.113612131975821
-2.93858070742871,-0.113372270469583
-2.91506280778596,-0.112978353562659
-2.89154490814322,-0.112433154770796
-2.86802700850048,-0.11173961911214
-2.84450910885773,-0.110900851587114
-2.82099120921499,-0.109920105441686
-2.79747330957225,-0.108800770261206
-2.77395540992951,-0.107546359942552
-2.75043751028676,-0.106160500592696
-2.72691961064402,-0.10464691840193
-2.70340171100128,-0.103009427539946
-2.67988381135853,-0.101251918122611
-2.65636591171579,-0.0993783442968093
-2.63284801207305,-0.0973927124898819
-2.60933011243031,-0.0952990698692688
-2.58581221278756,-0.093101493056663
-2.56229431314482,-0.0908040771395633
-2.53877641350208,-0.0884109250214033
-2.51525851385933,-0.0859261371495305
-2.49174061421659,-0.0833538016581893
-2.46822271457385,-0.0806979849613327
-2.44470481493111,-0.0779627228275689
-2.42118691528836,-0.0751520119668589
-2.39766901564562,-0.0722698021557031
-2.37415111600288,-0.0693199889245577
-2.35063321636013,-0.0663064068280541
-2.32711531671739,-0.0632328233153474
-2.30359741707465,-0.0601029332145447
-2.2800795174319,-0.0569203538417328
-2.25656161778916,-0.0536886207416297
-2.23304371814642,-0.0504111840633494
-2.20952581850368,-0.0470914055712378
-2.18600791886093,-0.0437325562871939
-2.16249001921819,-0.0403378147574023
-2.13897211957545,-0.036910265932948
-2.1154542199327,-0.0334529006504258
-2.09193632028996,-0.0299686156953807
-2.06841842064722,-0.0264602144282707
-2.04490052100448,-0.0229304079496348
-2.02138262136173,-0.0193818167783006
-1.99786472171899,-0.0158169730137989
-1.97434682207625,-0.0122383229516767
-1.9508289224335,-0.00864823011814513
-1.92731102279076,-0.0050489786884586
-1.90379312314802,-0.00144277725163425
-1.88027522350528,0.00216823711742889
-1.85675732386253,0.00578199451865247
-1.83323942421979,0.00939648766153987
-1.80972152457705,0.0130097671159794
-1.7862036249343,0.0166199364215388
-1.76268572529156,0.0202251470978911
-1.73916782564882,0.0238235935989226
-1.71564992600607,0.027413508252717
-1.69213202636333,0.0309931562289724
-1.66861412672059,0.0345608305745178
-1.64509622707785,0.0381148473564423
-1.6215783274351,0.0416535409509578
-1.59806042779236,0.0451752595144862
-1.57454252814962,0.0486783606716164
-1.55102462850687,0.052161207452522
-1.52750672886413,0.0556221645101909
-1.50398882922139,0.0590595946454086
-1.48047092957865,0.0624718556648689
-1.4569530299359,0.0658572975950912
-1.43343513029316,0.0692142602720159
-1.40991723065042,0.0725410713232409
-1.38639933100767,0.0758360445568992
-1.36288143136493,0.0790974787681433
-1.33936353172219,0.0823236569711643
-1.31584563207944,0.0855128460616005
-1.2923277324367,0.0886632969111637
-1.26880983279396,0.0917732448932828
-1.24529193315122,0.0948409108356242
-1.22177403350847,0.0978645023924563
-1.19825613386573,0.100842215827038
-1.17473823422299,0.103772238191527
-1.15122033458024,0.106652749889345
-1.1277024349375,0.109481927602525
-1.10418453529476,0.11225794756428
-1.08066663565202,0.114978989154954
-1.05714873600927,0.117643238797584
-1.03363083636653,0.120248894127529
-1.01011293672379,0.122794168409123
-0.986595037081044,0.125277295170902
-0.963077137438301,0.127696533029837
-0.939559237795558,0.130050170674028
-0.916041338152815,0.132336531972593
-0.892523438510072,0.134553981180911
-0.869005538867329,0.13670092820907
-0.845487639224586,0.138775833921206
-0.821969739581843,0.140777215433469
-0.7984518399391,0.142703651378609
-0.774933940296358,0.144553787105553
-0.751416040653615,0.146326339782982
-0.727898141010872,0.148020103376627
-0.704380241368129,0.149633953470914
-0.680862341725386,0.151166851906654
-0.657344442082643,0.152617851207611
-0.6338265424399,0.153986098770107
-0.610308642797157,0.155270840791195
-0.586790743154414,0.156471425912439
-0.563272843511671,0.157587308557892
-0.539754943868928,0.158618051946546
-0.516237044226185,0.159563330761152
-0.492719144583442,0.160422933457148
-0.4692012449407,0.16119676419711
-0.445683345297957,0.161884844398023
-0.422165445655214,0.162487313880421
-0.398647546012471,0.163004431610294
-0.375129646369728,0.163436576026442
-0.351611746726985,0.163784244947773
-0.328093847084242,0.164048055056787
-0.304575947441499,0.164228740957239
-0.281058047798756,0.164327153805689
-0.257540148156013,0.164344259518283
-0.23402224851327,0.164281136555783
-0.210504348870527,0.16413897329137
-0.186986449227784,0.163919064967346
-0.163468549585041,0.163622810248274
-0.139950649942299,0.16325170737956
-0.116432750299556,0.162807349961834
-0.0929148506568127,0.162291422352824
-0.0693969510140698,0.161705694709662
-0.0458790513713269,0.161052017685827
-0.0223611517285839,0.160332316798061
0.00115674791415898,0.159548586479746
0.0246746475569019,0.158702883838329
0.0481925471996448,0.157797322135398
0.0717104468423878,0.156834064009039
0.0952283464851307,0.155815314459084
0.118746246127874,0.154743313616768
0.142264145770617,0.153620329321229
0.165782045413359,0.152448649526173
0.189299945056102,0.151230574560821
0.212817844698845,0.149968409270106
0.236335744341588,0.148664455059817
0.259853643984331,0.147321001873173
0.283371543627074,0.145940320125961
0.306889443269817,0.144524652628085
0.33040734291256,0.143076206519966
0.353925242555303,0.141597145252806
0.377443142198046,0.140089580642296
0.400961041840789,0.138555565025755
0.424478941483532,0.136997083553154
0.447996841126275,0.135416046642773
0.471514740769018,0.133814282632532
0.49503264041176,0.132193530658186
0.518550540054503,0.130555433789672
0.542068439697246,0.128901532456887
0.565586339339989,0.12723325819602
0.589104238982732,0.125551927747337
0.612622138625475,0.123858737534947
0.636140038268218,0.122154758558531
0.659657937910961,0.120440931726419
0.683175837553704,0.118718063658527
0.706693737196447,0.116986822986767
0.73021163683919,0.115247737179353
0.753729536481933,0.113501189914176
0.777247436124676,0.111747419024912
0.800765335767418,0.109986515041892
0.824283235410161,0.108218420347931
0.847801135052904,0.106442928967289
0.871319034695647,0.104659687003771
0.89483693433839,0.102868193741588
0.918354833981133,0.101067803420074
0.941872733623876,0.0992577276906522
0.965390633266619,0.0974370387615949
0.988908532909362,0.0956046732330985
1.0124264325521,0.0937594366220765
1.03594433219485,0.0919000085728008
1.05946223183759,0.0900249487461579
1.08298013148033,0.0881327033768294
1.10649803112308,0.0862216124841785
1.13001593076582,0.084289917719048
1.15353383040856,0.0823357708250627
1.17705173005131,0.0803572426894228
1.20056962969405,0.078352332954572
1.22408752933679,0.0763189801585716
1.24760542897953,0.0742550723685322
1.27112332862228,0.0721584582680525
1.29464122826502,0.070026958656356
1.31815912790776,0.0678583783136828
1.34167702755051,0.0656505181845531
1.36519492719325,0.0634011878277621
1.38871282683599,0.0611082180794486
1.41223072647873,0.0587694738732976
1.43574862612148,0.0563828671599448
1.45926652576422,0.0539463698659329
1.48278442540696,0.0514580268311887
1.50630232504971,0.0489159686629221
1.52982022469245,0.0463184244431488
1.55333812433519,0.0436637342266809
1.57685602397793,0.0409503612664722
1.60037392362068,0.0381769039036067
1.62389182326342,0.0353421070600282
1.64740972290616,0.0324448732732983
1.67092762254891,0.0294842732142601
1.69444552219165,0.0264595556304586
1.71796342183439,0.0233701566605234
1.74148132147714,0.0202157084674585
1.76499922111988,0.0169960471418585
1.78851712076262,0.0137112198295236
1.81203502040536,0.0103614910416881
1.83555292004811,0.00694734811014668
1.85907081969085,0.00346950575390688
1.88258871933359,-7.10902714229841e-05
1.90610661897634,-0.00367326046547589
1.92962451861908,-0.00733558983517048
1.95314241826182,-0.0110564271207648
1.97666031790456,-0.0148338850044538
2.00017821754731,-0.0186658413046738
2.02369611719005,-0.0225499411538813
2.04721401683279,-0.0264836001521457
2.07073191647554,-0.030464008483525
2.09424981611828,-0.0344881359768711
2.11776771576102,-0.0385527380875203
2.14128561540377,-0.0426543627712647
2.16480351504651,-0.0467893582171337
2.18832141468925,-0.050953881400875
2.21183931433199,-0.0551439074166256
2.23535721397474,-0.0593552395401661
2.25887511361748,-0.0635835199733697
2.28239301326022,-0.0678242412160118
2.30591091290297,-0.0720727580080433
2.32942881254571,-0.0763242997827537
2.35294671218845,-0.0805739835689777
2.37646461183119,-0.0848168272786684
2.39998251147394,-0.0890477633147439
2.42350041111668,-0.093261652433162
2.44701831075942,-0.0974532977926644
2.47053621040217,-0.101617459125564
2.49405411004491,-0.105748866963344
2.51757200968765,-0.109842236851632
2.54108990933039,-0.113892283490403
2.56460780897314,-0.117893734736876
2.58812570861588,-0.12184134541066
2.61164360825862,-0.125729910843122
2.63516150790137,-0.129554280115733
2.65867940754411,-0.13330936893524
2.68219730718685,-0.136990172096925
2.70571520682959,-0.140591775490854
2.72923310647234,-0.144109367609916
2.75275100611508,-0.147538250522536
2.77626890575782,-0.150873850277162
2.79978680540057,-0.154111726710012
2.82330470504331,-0.157247582631985
2.84682260468605,-0.160277272375127
2.8703405043288,-0.163196809683538
2.89385840397154,-0.16600237493806
2.91737630361428,-0.168690321708464
2.94089420325702,-0.171257182631153
2.96441210289977,-0.173699674614555
2.98793000254251,-0.176014703378314
3.01144790218525,-0.178199367336236
3.034965801828,-0.180250960836432
3.05848370147074,-0.182166976775455
3.08200160111348,-0.183945108606216
3.10551950075623,-0.185583251762235
3.12903740039897,-0.187079504523181
3.15255530004171,-0.188432168348782
3.17607319968445,-0.189639747709952
3.1995910993272,-0.190700949447407
3.22310899896994,-0.191614681689186
3.24662689861268,-0.192380052359189
3.27014479825543,-0.192996367309326
3.29366269789817,-0.19346312810794
3.31718059754091,-0.193780029516946
3.34069849718365,-0.193946956689616
3.3642163968264,-0.193963982120118
3.38773429646914,-0.193831362374845
3.41125219611188,-0.1935495346342
3.43477009575463,-0.193119113072008
3.45828799539737,-0.192540885097892
3.48180589504011,-0.191815807486053
3.50532379468285,-0.190945002411806
3.5288416943256,-0.189929753414984
3.55235959396834,-0.188771501307053
3.57587749361108,-0.18747184003639
3.59939539325383,-0.186032512523798
3.62291329289657,-0.184455406477904
3.64643119253931,-0.182742550197734
3.66994909218205,-0.180896108367383
3.6934669918248,-0.178918377845505
3.71698489146754,-0.176811783450125
3.74050279111028,-0.174578873737311
3.76402069075303,-0.17222231677032
3.78753859039577,-0.169744895874123
3.81105649003851,-0.16714950536872
3.83457438968126,-0.164439146273252
3.858092289324,-0.161616921971868
3.88161018896674,-0.158686033831355
3.90512808860948,-0.155649776759891
3.92864598825223,-0.152511534695827
3.95216388789497,-0.149274776015216
3.97568178753771,-0.145943048846834
3.99919968718046,-0.1425199762837
4.0227175868232,-0.139009251480606
4.04623548646594,-0.135414632627875
4.06975338610868,-0.131739937792487
4.09327128575143,-0.127989039618852
4.11678918539417,-0.124165859882788
4.14030708503691,-0.120274363893773
4.16382498467966,-0.116318554742116
4.1873428843224,-0.112302467389515
4.21086078396514,-0.108230162603266
4.23437868360789,-0.104105720736424
4.25789658325063,-0.099933235358168
4.28141448289337,-0.0957168067407824
4.30493238253611,-0.0914605352116881
4.32845028217886,-0.0871685143811294
4.3519681818216,-0.0828448242581608
4.37548608146434,-0.0784935242696416
4.39900398110709,-0.074118646198919
4.42252188074983,-0.069724187062774
4.44603978039257,-0.0653141019469935
4.46955768003531,-0.0608922968226084
4.49307557967806,-0.0564626213663534
4.5165934793208,-0.0520288618102916
4.54011137896354,-0.0475947338467459
4.56362927860629,-0.0431638756157069
4.58714717824903,-0.0387398408027178
4.61066507789177,-0.0343260918758749
4.63418297753451,-0.0299259934910023
4.65770087717726,-0.0255428060942841
4.68121877682,-0.0211796797516274
4.70473667646274,-0.0168396482338232
4.72825457610549,-0.0125256233861417
4.75177247574823,-0.00824038981035903
4.77529037539097,-0.0039865998863638
4.79880827503372,0.000233230840545922
4.82232617467646,0.00441672788181366
4.8458440743192,0.00856166161376689
4.86936197396194,0.0126659506499014
4.89287987360469,0.0167276647571905
4.91639777324743,0.0207450272982157
4.93991567289017,0.0247164171829162
4.96343357253292,0.0286403703159286
4.98695147217566,0.0325155805276952
5.0104693718184,0.0363408999798718
5.03398727146114,0.0401153390379395
5.05750517110389,0.0438380656063769
5.08102307074663,0.0475084039242143
5.10454097038937,0.0511258328212913
5.12805887003212,0.0546899834380157
5.15157676967486,0.0582006364139103
5.1750946693176,0.0616577185526557
5.19861256896035,0.0650612989737487
5.22213046860309,0.0684115847632103
5.24564836824583,0.0717089161380493
5.26916626788857,0.0749537611413433
5.29268416753132,0.0781467098868844
5.31620206717406,0.0812884683742846
5.3397199668168,0.0843798518972974
5.36323786645955,0.0874217780698183
5.38675576610229,0.0904152594956267
5.41027366574503,0.093361396109375
5.43379156538778,0.0962613672176437
5.45730946503052,0.0991164232700472
5.48082736467326,0.101927877391392
5.504345264316,0.104697096706757
5.52786316395875,0.107425493492102
5.55138106360149,0.11011451618357
5.57489896324423,0.112765640279102
5.59841686288697,0.115380359166268
5.62193476252972,0.117960174910374
5.64545266217246,0.120506589036941
5.6689705618152,0.12302109334253
5.69248846145795,0.125505160767692
5.71600636110069,0.127960236365446
5.73952426074343,0.130387728398271
5.76304216038618,0.132788999596029
5.78656006002892,0.135165358606573
5.81007795967166,0.137518051670088
5.8335958593144,0.139848254547348
5.85711375895715,0.142157064731192
5.88063165859989,0.144445493969543
5.90414955824263,0.146714461127244
5.92766745788538,0.148964785412891
5.95118535752812,0.151197179995677
5.97470325717086,0.153412246036062
5.9982211568136,0.155610467152811
6.02173905645635,0.15779220434766
6.04525695609909,0.159957691407522
6.06877485574183,0.162107030802764
6.09229275538458,0.164240190098682
6.11581065502732,0.166356998895867
6.13932855467006,0.168457146313655
6.16284645431281,0.170540179029379
6.18636435395555,0.172605499884594
6.20988225359829,0.174652367067879
6.23340015324103,0.17667989388227
6.25691805288378,0.178687049103705
6.28043595252652,0.180672657935283
6.30395385216926,0.18263540356043
6.32747175181201,0.184573829296391
6.35098965145475,0.186486341347748
6.37450755109749,0.188371212157921
6.39802545074023,0.190226584354837
6.42154335038298,0.192050475285162
6.44506125002572,0.193840782129702
6.46857914966846,0.195595287590716
6.49209704931121,0.197311666140049
6.51561494895395,0.198987490815161
6.53913284859669,0.200620240548191
6.56265074823944,0.202207308011397
6.58616864788218,0.203746007960348
6.60968654752492,0.20523358605444
6.63320444716766,0.206667228132378
6.65672234681041,0.208044069918448
6.68024024645315,0.209361207133544
6.70375814609589,0.210615705983123
6.72727604573864,0.211804613992469
6.75079394538138,0.212924971157942
6.77431184502412,0.21397382138119
6.79782974466687,0.214948224151705
6.82134764430961,0.215845266441528
6.84486554395235,0.216662074774491
6.86838344359509,0.217395827430944
6.89190134323784,0.218043766747685
6.91541924288058,0.218603211471609
6.93893714252332,0.219071569124539
6.96245504216606,0.219446348335786
6.98597294180881,0.21972517109815
7.00949084145155,0.219905784902456
7.03300874109429,0.219986074705195
7.05652664073704,0.219964074683487
7.08004454037978,0.219837979731402
7.10356244002252,0.219606156651681
7.12708033966527,0.219267154997022
7.15059823930801,0.218819717515479
7.17411613895075,0.218262790155026
7.19763403859349,0.21759553158307
7.22115193823624,0.216817322177578
7.24466983787898,0.215927772447617
7.26818773752172,0.21492673084236
7.29170563716447,0.213814290909104
7.31522353680721,0.212590797762512
7.33874143644995,0.211256853829148
7.36225933609269,0.209813323833386
7.38577723573544,0.208261338993023
7.40929513537818,0.206602300395264
7.43281303502092,0.204837881526331
7.45633093466367,0.202970029930619
7.47984883430641,0.201000967978208
7.50336673394915,0.19893319272249
7.5268846335919,0.196769474832813
7.55040253323464,0.194512856590278
7.57392043287738,0.192166648938152
7.59743833252012,0.189734427581787
7.62095623216287,0.187220028136483
7.64447413180561,0.18462754032526
7.66799203144835,0.181961301232161
7.6915099310911,0.179225887620388
7.71502783073384,0.176426107328212
7.73854573037658,0.173566989759351
7.76206363001932,0.170653775488134
7.78558152966207,0.167691905003492
7.80909942930481,0.164687006619372
7.83261732894755,0.161644883582775
7.8561352285903,0.158571500414089
7.87965312823304,0.155472968517778
7.90317102787578,0.152355531104807
7.92668892751852,0.149225547471307
7.95020682716127,0.146089476681076
7.97372472680401,0.142953860702332
7.99724262644675,0.139825307051905
8.02076052608949,0.136710471002539
8.04427842573224,0.133616037411353
8.06779632537498,0.1305487022296
8.09131422501772,0.127515153755811
8.11483212466047,0.124522053696046
8.13835002430321,0.121576018096432
8.16186792394595,0.118683598214321
8.1853858235887,0.115851261395337
8.20890372323144,0.11308537202418
8.23242162287418,0.110392172617452
8.25593952251693,0.107777765126815
8.27945742215967,0.105248092520575
8.30297532180241,0.10280892071128
8.32649322144515,0.100465820896088
8.3500111210879,0.0982241523755777
8.37352902073064,0.0960890459152236
8.39704692037338,0.0940653877120936
8.42056482001612,0.0921578040272969
8.44408271965887,0.0903706465424354
8.46760061930161,0.0887079784957427
8.49111851894435,0.0871735616507471
8.5146364185871,0.0857708441471982
8.53815431822984,0.0845029492806315
8.56167221787258,0.0833726652533549
8.58519011751533,0.0823824359358198
8.60870801715807,0.0815343526733125
8.63222591680081,0.0808301471686848
8.65574381644356,0.0802711854674555
8.6792617160863,0.0798584630670768
8.70277961572904,0.0795926011674981
8.72629751537178,0.0794738440753845
8.74981541501453,0.0795020577695086
8.77333331465727,0.0796767296299213
8.79685121430001,0.0799969693285826
8.82036911394276,0.0804615108742004
8.8438870135855,0.0810687157991167
8.86740491322824,0.0818165774712338
8.89092281287098,0.0827027265091997
8.91444071251373,0.083724437274418
8.93795861215647,0.084878635408925
8.96147651179921,0.086161906383822
8.98499441144195,0.087570505018795
9.0085123110847,0.0891003659293055
9.03203021072744,0.0907471148543428
9.05554811037018,0.0925060808141939
9.07906601001293,0.0943723090445516
9.10258390965567,0.0963405746504448
9.12610180929841,0.0984053969209825
9.14961970894116,0.100561054243739
9.1731376085839,0.102801599555825
9.19665550822664,0.105120876267258
9.22017340786939,0.107512534591213
9.24369130751213,0.109970048215083
9.26720920715487,0.112486731246026
9.29072710679761,0.115055755364805
9.31424500644036,0.117670167122272
9.3377629060831,0.120322905313762
9.36128080572584,0.123006818367959
9.38479870536858,0.125714681688479
9.40831660501133,0.128439214888448
9.43183450465407,0.131173098860706
9.45535240429681,0.133908992628973
9.47887030393956,0.136639549928327
9.5023882035823,0.139357435466559
9.52590610322504,0.142055340821563
9.54942400286779,0.144725999933582
9.57294190251053,0.147362204155132
9.59645980215327,0.149956816825458
9.61997770179602,0.152502787340614
9.64349560143876,0.154993164694571
9.6670135010815,0.157421110471062
9.69053140072424,0.159779911270309
9.71404930036699,0.162062990559052
9.73756720000973,0.164263919936657
9.76108509965247,0.166376429814214
9.78460299929522,0.168394419507658
9.80812089893796,0.170311966749799
9.8316387985807,0.172123336629878
9.85515669822344,0.173822989972724
9.87867459786619,0.175405591172806
9.90219249750893,0.176866015501393
9.92571039715167,0.178199355907645
9.94922829679441,0.179400929336731
9.97274619643716,0.180466282590007
9.9962640960799,0.181391197753812
10.0197819957226,0.182171697224623
10.0432998953654,0.182804048359076
10.0668177950081,0.183284767777741
10.0903356946509,0.183610625351514
10.1138535942936,0.18377864789904
10.1373714939364,0.183786122622815
10.1608893935791,0.183630600310364
10.1844072932218,0.183309898325348
10.2079251928646,0.18282210341154
10.2314430925073,0.182165574330321
10.2549609921501,0.181338944349834
10.2784788917928,0.180341123601034
10.3019967914356,0.179171301312832
10.3255146910783,0.177828947935169
10.349032590721,0.176313817155397
10.3725504903638,0.174625947809682
10.3960683900065,0.172765665687389
10.4195862896493,0.170733585222615
10.443104189292,0.168530611063175
10.4666220889348,0.166157939503535
10.4901399885775,0.163617059764416
10.5136578882202,0.160909755098142
10.537175787863,0.158038103695287
10.5606936875057,0.155004479364849
10.5842115871485,0.15181155195708
10.6077294867912,0.148462287495256
10.631247386434,0.144959947980166
10.6547652860767,0.141308090828853
10.6782831857194,0.13751056790736
10.7018010853622,0.133571524115753
10.7253189850049,0.129495395482708
10.7488368846477,0.125286906726358
10.7723547842904,0.120951068237977
10.7958726839332,0.116493172445451
10.8193905835759,0.111918789514314
10.8429084832186,0.107233762345446
10.8664263828614,0.102444200830372
10.8899442825041,0.097556475327373
10.9134621821469,0.0925772093244148
10.9369800817896,0.0875132712581469
10.9604979814324,0.0823717654619
10.9840158810751,0.0771600222197455
11.0075337807178,0.0718855869081988
11.0310516803606,0.0665562082120442
11.0545695800033,0.0611798254059991
11.0780874796461,0.0557645546994887
11.1016053792888,0.0503186746476053
11.1251232789316,0.0448506106373811
11.1486411785743,0.0393689184647166
11.172159078217,0.0338822670236719
11.1956769778598,0.0283994201362812
11.2191948775025,0.0229292175575282
11.2427127771453,0.0174805551966161
11.266230676788,0.0120623646020667
11.2897485764308,0.00668359176450277
11.3132664760735,0.00135317529710809
11.3367843757162,-0.00391997594030812
11.360302275359,-0.0091270057020349
11.3838201750017,-0.0142591336250018
11.4073380746445,-0.0193076788231493
11.4308559742872,-0.0242640837210132
11.45437387393,-0.0291199380357239
11.4778917735727,-0.0338670028129003
11.5014096732154,-0.0384972344187025
11.5249275728582,-0.0430028083876396
11.5484454725009,-0.0473761430236002
11.5719633721437,-0.0516099226500543
11.5954812717864,-0.0556971204044418
11.6189991714292,-0.059631020471452
11.6425170710719,-0.0634052396502219
11.6660349707146,-0.0670137481514249
11.6895528703574,-0.0704508895218144
11.7130707700001,-0.0737113995959938
11.7365886696429,-0.0767904243780328
11.7601065692856,-0.0796835367589914
11.7836244689284,-0.0823867519804636
11.8071423685711,-0.0848965417588673
11.8306602682138,-0.0872098469903771
11.8541781678566,-0.0893240889620861
11.8776960674993,-0.0912371790011622
11.9012139671421,-0.0929475265003974
11.9247318667848,-0.0944540452656034
11.9482497664276,-0.0957561581377305
11.9717676660703,-0.0968537998503523
11.9952855657131,-0.0977474180912014
12.0188034653558,-0.0984379727447387
12.0423213649985,-0.098926933301213
12.0658392646413,-0.099216274426301
12.089357164284,-0.0993084696941274
12.1128750639268,-0.0992064834952307
12.1363929635695,-0.0989137611397841
12.1599108632123,-0.09843421718508
12.183428762855,-0.0977722220248508
12.2069466624977,-0.0969325867864399
12.2304645621405,-0.0959205465900281
12.2539824617832,-0.0947417422320952
12.277500361426,-0.0934022003629484
12.3010182610687,-0.0919083122354664
12.3245361607115,-0.0902668111091442
12.3480540603542,-0.0884847484000382
12.3715719599969,-0.0865694686732631
12.3950898596397,-0.0845285835802667
12.4186077592824,-0.0823699448481496
12.4421256589252,-0.080101616432808
12.4656435585679,-0.0777318459516048
12.4891614582107,-0.0752690355146273
12.5126793578534,-0.0727217120763251
12.5361972574961,-0.0700984974314506
12.5597151571389,-0.0674080779807168
12.5832330567816,-0.064659174392454
12.6067509564244,-0.0618605112867747
12.6302688560671,-0.0590207870683526
12.6537867557099,-0.0561486440328861
12.6773046553526,-0.0532526388706673
12.7008225549953,-0.0503412136884144
12.7243404546381,-0.0474226676676648
12.7478583542808,-0.0445051294746092
12.7713762539236,-0.0415965305322429
12.7948941535663,-0.0387045792612151
12.8184120532091,-0.0358367363907231
12.8419299528518,-0.0330001914353165
12.8654478524945,-0.0302018404275345
12.8889657521373,-0.0274482649899642
12.91248365178,-0.0247457128235852
12.9360015514228,-0.0221000796822231
12.9595194510655,-0.0195168928955879
12.9830373507083,-0.0170012964957754
13.006555250351,-0.0145580379942998
13.0300731499937,-0.012191456848747
13.0535910496365,-0.00990547465003234
13.0771089492792,-0.00770358705306107
13.100626848922,-0.00558885746536288
13.1241447485647,-0.00356391250005724
13.1476626482075,-0.00163093919133693
13.1711805478502,0.000208316037415598
13.1946984474929,0.00195254667070431
13.2182163471357,0.00360088368876841
13.2417342467784,0.00515289147933244
13.2652521464212,0.00660856211366743
13.2887700460639,0.00796830803436622
13.3122879457067,0.0092329532089002
13.3358058453494,0.010403722809325
13.3593237449921,0.0114822314844116
13.3828416446349,0.0124704702959711
13.4063595442776,0.0133707923961785
13.4298774439204,0.0141858975272792
13.4533953435631,0.0149188154291472
13.4769132432059,0.0155728882437375
13.5004311428486,0.0161517520085468
13.5239490424913,0.0166593173337177
13.5474669421341,0.0170997493594271
13.5709848417768,0.0174774470916491
13.5945027414196,0.0177970222153025
13.6180206410623,0.0180632774841714
13.6415385407051,0.0182811847868376
13.6650564403478,0.0184558629871908
13.6885743399905,0.0185925556369032
13.7120922396333,0.0186966086555844
13.735610139276,0.0187734480721884
13.7591280389188,0.0188285579186466
13.7826459385615,0.0188674583636838
13.8061638382043,0.0188956841713448
13.829681737847,0.0189187635649757
13.8531996374897,0.0189421975732629
13.8767175371325,0.0189714399305048
13.9002354367752,0.0190118775985732
13.923753336418,0.0190688119730801
13.9472712360607,0.0191474408311268
13.9707891357035,0.0192528410726963
13.9943070353462,0.0193899523023347
14.0178249349889,0.0195635612922467
14.0413428346317,0.0197782873623766
14.0648607342744,0.0200385687074758
14.0883786339172,0.0203486496956217
14.1118965335599,0.0207125691571721
14.1354144332027,0.0211341496777712
14.1589323328454,0.0216169879037657
14.1824502324881,0.0221644458633202
14.2059681321309,0.0227796433016195
14.2294860317736,0.0234654510238794
14.2530039314164,0.0242244852354591
14.2765218310591,0.0250591028642025
14.3000397307019,0.0259713978462608
14.3235576303446,0.0269631983530673
14.3470755299873,0.0280360649338759
14.3705934296301,0.0291912895453326
14.3941113292728,0.0304298954369449
14.4176292289156,0.0317526378590398
14.4411471285583,0.0331600055578732
14.4646650282011,0.0346522230209501
14.4881829278438,0.0362292534343528
14.5117008274865,0.0378908023129298
14.5352187271293,0.0396363217635709
14.558736626772,0.0414650153414678
14.5822545264148,0.0433758434592149
14.6057724260575,0.0453675293088446
14.6292903257003,0.0474385652573603
14.652808225343,0.0495872196770545
14.6763261249857,0.0518115441728133
14.6998440246285,0.0541093811697205
14.7233619242712,0.0564783718255457
14.746879823914,0.0589159642341085
14.7703977235567,0.0614194218870367
14.7939156231995,0.0639858323630508
14.8174335228422,0.0666121162155771
14.8409514224849,0.0692950360312253
14.8644693221277,0.0720312056333842
14.8879872217704,0.0748170994069382
14.9115051214132,0.0776490617218003
14.9350230210559,0.0805233164346268
14.9585409206987,0.0834359764496661
14.9820588203414,0.0863830533212198
15.0055767199841,0.0893604668816087
15.0290946196269,0.0923640548798511
15.0526125192696,0.0953895826174594
15.0761304189124,0.0984327525688263
15.0996483185551,0.101489213974608
15.1231662181979,0.104554572397316
15.1466841178406,0.107624399228976
15.1702020174833,0.110694241141256
15.1937199171261,0.11375962946882
15.2172378167688,0.116816089516943
15.2407557164116,0.119859149784533
15.2642736160543,0.122884351093717
15.2877915156971,0.125887255617046
15.3113094153398,0.128863455793175
15.3348273149825,0.131808583121576
15.3583452146253,0.134718316826504
15.381863114268,0.137588392379989
15.4053810139108,0.14041460987319
15.4288989135535,0.143192842224924
15.4524168131963,0.145919043215705
15.475934712839,0.148589255335096
15.4994526124817,0.151199617429701
15.5229705121245,0.153746372138657
15.5464884117672,0.156225873103067
15.57000631141,0.158634591935481
15.5935242110527,0.160969124935201
15.6170421106955,0.163226199535041
15.6405600103382,0.165402680465014
15.6640779099809,0.167495575618429
15.6875958096237,0.169502041605999
15.7110472649524,0.171397859351544
15.7345352331394,0.173158832697644
15.7580233263137,0.174782588311868
15.7815114650726,0.176266917461646
15.8049995699763,0.177609779749113
15.8284875615258,0.178809306506855
15.8519753601395,0.179863803792594
15.8754628861305,0.180771754973512
15.8989500596837,0.181531822892075
15.9224368008324,0.18214285160649
15.9459230294354,0.182603867700265
15.9694086651531,0.182914081156768
15.9928936274245,0.183072885796195
16.0163778354434,0.183079859273893
16.0398612081343,0.182934762640592
16.0633436641283,0.182637539466711
16.0868251217391,0.182188314534567
16.1103054989384,0.181587392103948
16.1337847133305,0.180835253758155
16.1572626821283,0.179932555839223
16.1807393221269,0.17888012648261
16.2042145496784,0.177678962263176
16.227688280666,0.176330224465719
16.2511604304772,0.17483523499474
16.2746309139774,0.173195471939394
16.2980996454826,0.17141256481082
16.321566538732,0.16948828947011
16.3450315068596,0.167424562766211
16.3684944623662,0.165223436903889
16.3919553170901,0.162887093562684
16.4154139821778,0.160417837788342
16.438870368054,0.157818091678791
16.4623243843908,0.155090387886998
16.485775940077,0.152237362963359
16.5092249431857,0.149261750560305
16.5326713009425,0.146166374521819
16.556114919692,0.142954141880402
16.5795557048641,0.13962803578371
16.6029935609395,0.136191108372755
16.6264283914143,0.132646473633001
16.6498600987641,0.12899730023913
16.6732885844068,0.125246804413525
16.6967137486649,0.121398242817749
16.7201354907268,0.11745490549544
16.743553708607,0.113420108884112
16.7669682991055,0.109297188912377
16.790379157766,0.105089494198068
16.8137861788335,0.10080037936168
16.8371892552098,0.0964331984684554
16.8605882784088,0.0919912986113406
16.8839831385101,0.0874780136458974
16.9073737241116,0.0828966580871775
16.9307599222801,0.0782505211774381
16.954141618502,0.0735428611324976
16.9775186966303,0.0687768995734923
17.0008910388328,0.0639558161497424
17.0242585255361,0.0590827433574832
17.04762103537,0.0541607615582548
17.0709784451093,0.0491928941998782
17.0943306296135,0.0441821032420916
17.1176774617657,0.0391312847881661
17.1410188124087,0.0340432649230842
17.1643545502795,0.0289207957582173
17.1876845419412,0.0237665516818473
17.211008651714,0.0185831258143288
17.234326741602,0.0133730266662304
17.2576386712195,0.00813867499736135
17.2809442977137,0.00288240087424261
17.3042434756851,-0.00239355907673437
17.3275360571052,-0.00768706422347089
17.3508218912317,-0.0129960722928731
17.3741008245202,-0.0183186415494966
17.3973727005332,-0.0236529327916587
17.4206373598458,-0.028997211168631
17.4438946399483,-0.0343498478226138
17.4671443751447,-0.0397093213592276
17.4903863964481,-0.0450742191502943
17.5136205314721,-0.0504432384726937
17.5368466043181,-0.055815187487078
17.5600644354584,-0.0611889860602426
17.5832738416153,-0.0665636664349298
17.6064746356351,-0.0719383737508643
17.6296666263573,-0.0773123664208061
17.6528496184794,-0.0826850163654345
17.6760234124158,-0.0880558091108951
17.6991878041513,-0.0934243437528826
17.722342585089,-0.0987903327911842
17.7454875418918,-0.104153601838672
17.7686224563181,-0.109514089208818
17.79174710505,-0.114871845385896
17.8148612595153,-0.120227032382158
17.8379646857015,-0.125579922986383
17.8610571439621,-0.130930899908332
17.8841383888158,-0.136280454823809
17.9072081687351,-0.141629187325154
17.9302662259281,-0.146977803782161
17.9533122961093,-0.152327116118593
17.9763461082614,-0.157678040509589
17.9993673843857,-0.163031596005439
18.0223758392423,-0.16838890308735
18.0453711800783,-0.173751182160933
18.0683531063437,-0.179119751993311
18.0913213093944,-0.184496028099792
18.1142754721819,-0.189881521086188
18.137215268928,-0.19527783495289
18.1601403647847,-0.200686665366851
18.1830504154782,-0.206109797907629
18.2059450669353,-0.211549106293622
18.2288239548931,-0.217006550594575
18.2516867044882,-0.222484175436328
18.2745329298269,-0.227984108203674
18.2973622335341,-0.233508557247019
18.3201742062793,-0.239059810098356
18.3429684262791,-0.244640231701832
18.3657444587744,-0.250252262663941
18.3885018554805,-0.255898417528083
18.4112401540095,-0.261581283077907
18.4339588772619,-0.267303516673559
18.456657532786,-0.273067844624541
18.4793356121045,-0.27887706060256
18.5019925900027,-0.284734024097345
18.5246279237807,-0.290641658918004
18.5472410524623,-0.296602951742104
18.5698313959618,-0.302620950714275
18.5923983542035,-0.308698764095712
18.6149413061915,-0.314839558965627
18.637459609027,-0.321046559975282
18.6599525968684,-0.327323048154963
18.6824195798314,-0.333672359773904
18.7048598428246,-0.340097885252922
18.7272726443153,-0.346603068129292
18.7496572150224,-0.353191404073216
18.7720127565292,-0.359866439955077
18.7943384398116,-0.36663177296263
18.8166334036757,-0.373491049767232
18.8388967530969,-0.380447965738263
18.8611275574552,-0.387506264204994
18.8833248486569,-0.394669735765334
18.9054876191355,-0.401942217641114
18.9276148197225,-0.409327593079882
18.9497053573772,-0.416829790803562
18.9717580927659,-0.42445278450475
18.9937718376777,-0.432200592391955
19.0157453522644,-0.440077276785629
19.0376773420902,-0.448086943767473
19.0595664549762,-0.456233742886173
19.0814112776228,-0.464521866923441
19.1032103319919,-0.472955551724961
19.1249620714283,-0.481539076101672
19.1466648764995,-0.490276761807542
19.1683170505294,-0.499172973600819
19.1899168147991,-0.508232119396499
19.2114623033881,-0.51745865051847
19.2329515576218,-0.526857062060468
19.2543825200937,-0.536431893365566
19.2757530282217,-0.54618772863436
19.2970608072989,-0.556129197672343
19.3183034629927,-0.566260976787068
19.3394784732417,-0.576587789845547
19.3605831794953,-0.587114409501943
19.3816147772357,-0.597845658604761
19.402570305716,-0.608786411791523
19.423446636839,-0.619941597277125
19.4442404630989,-0.631316198839577
19.4649482844951,-0.642915258003658
19.4855663943212,-0.654743876418775
19.5060908637222,-0.666807218422041
19.5265175249029,-0.679110513770885
19.5468419528576,-0.691659060521241
19.5670594454809,-0.704458228017098
19.5871650019062,-0.717513459944655
19.6071532989031,-0.730830277389004
19.6270186651527,-0.744414281812635
19.646755053203,-0.758271157852501
19.6663560088936,-0.772406675805204
19.6858146380224,-0.786826693637047
19.7051235700142,-0.801537158316457
19.7242749183395,-0.816544106219238
19.7432602374214,-0.831853662301061
19.7620704757673,-0.847472037664964
19.7806959250607,-0.863405525072827
19.7991261649651,-0.879660491856885
19.8173500034137,-0.896243369578597
19.8353554122061,-0.913160639655665
19.853129457799,-0.930418814032076
19.8706582272803,-0.948024409799539
19.8879267496572,-0.965983916491212
19.9049189127855,-0.984303754561312
19.9216173765315,-1.00299022334025
19.938003483107,-1.02204943652095
19.9540571659706,-1.04148724299927
19.9697568592669,-1.06130913067747
19.9850794104962,-1.0815201106717
20,-1.10212457927915
