0.870736110996385
0.872104856781456
0.873488008000645
0.874875815236105
0.876258704491569
0.877627346160694
0.878972720234097
0.880286177271518
0.881559494728837
0.882784928295349
0.883955257963685
0.885063828622209
0.886104585026492
0.887072101071824
0.887961603351761
0.888768989047652
0.889490838250332
0.890124420867059
0.890667698313826
0.891119320235044
0.891478616528902
0.89174558498727
0.891920874883783
0.892005766862572
0.892002149493216
0.891912492864858
0.891739819594495
0.891487673621242
0.891160087150548
0.890761546100047
0.890296954382621
0.88977159734271
0.889191104639527
0.888561412846145
0.887888728006979
0.887179488368589
0.886440327470492
0.885678037754407
0.884899534822528
0.884111822448602
0.883321958420186
0.882537021266926
0.881764077908437
0.881010152236633
0.880282194631502
0.879587052396479
0.878931441089958
0.878321916723083
0.877764848790877
0.877266394103923
0.876832471391002
0.876468736649306
0.876180559227668
0.875972998639532
0.875850782115698
0.875818282921871
0.875879499482368
0.876038035368384
0.876297080226781
0.876659391742696
0.877127278746173
0.877702585588796
0.878386677930709
0.879180430090862
0.880084214123581
0.881097890792133
0.882220802614656
0.883451769159341
0.884789084763891
0.8862305188489
0.887773318985846
0.889414216867792
0.891149437314735
0.892974710425925
0.894885286968518
0.896875957065892
0.898941072220091
0.901074570671475
0.903270006065121
0.905520579358233
0.90781917386619
0.910158393307407
0.912530602669259
0.914927971679603
0.917342520631217
0.919766168270434
0.922190781426783
0.924608226028122
0.927010419115951
0.929389381448895
0.931737290259109
0.934046531707006
0.936309752564656
0.938519910647749
0.940670323510489
0.942754714917415
0.944767258611177
0.946702618905844
0.948555987651519
0.950323117137882
0.952000348531803
0.953584635477219
0.95507356252395
0.956465358095741
0.957758901756335
0.958953725585375
0.96005000953299
0.961048570682504
0.96195084641424
0.96275887152925
0.963475249459204
0.964103117756951
0.964646108130503
0.965108301350636
0.965494177427972
0.965808561518499
0.966056566075997
0.966243529824992
0.966374954177608
0.966456437761419
0.966493609762084
0.966492062813647
0.96645728619019
0.966394600064435
0.966309091601594
0.966205553649812
0.966088426771847
0.965961745336077
0.965829088348618
0.965693535662551
0.965557630145354
0.965423346322145
0.965292065940996
0.965164560828125
0.965040983316246
0.964920864439733
0.964803119996735
0.964686064482248
0.964567432798601
0.964444409552363
0.964313665650506
0.964171401815343
0.964013398548461
0.963835071990041
0.963631535042717
0.963397663059715
0.963128163336382
0.962817647593338
0.962460706599054
0.962051986050381
0.961586262811716
0.961058520607524
0.96046402426878
0.959798391651535
0.959057662374907
0.958238362565988
0.95733756484968
0.956352942881711
0.955282819792
0.954126209982158
0.952882853804063
0.951553244734919
0.950138648756659
0.948641115742712
0.947063482751549
0.945409369222862
0.943683164167142
0.941890005531774
0.940035752015106
0.938126947683274
0.936170779821772
0.934175030523918
0.9321480225807
0.930098560290304
0.928035865850418
0.925969512031802
0.923909351857375
0.921865446027143
0.919847988835734
0.917867233326368
0.915933416413034
0.914056684682112
0.912247021556011
0.910514176465558
0.908867596635372
0.90731636203835
0.905869124022417
0.904534048055858
0.903318760977828
0.902230303078869
0.901275085273579
0.900458851564702
0.899786646935887
0.899262790749915
0.898890855671155
0.898673652076026
0.89861321786394
0.898710813534128
0.898966922351283
0.89938125538546
0.899952761179388
0.900679639769343
0.901559360764169
0.9025886851707
0.903763690642724
0.905079799824429
0.906531811457743
0.908113933925686
0.909819820910481
0.911642608855123
0.913574955930031
0.915609082221625
0.917736810876827
0.919949609955803
0.922238634764516
0.924594770458018
0.927008674724668
0.929470820379985
0.931971537716334
0.93450105647074
0.9370495472875
0.939607162564722
0.942164076584353
0.944710524833422
0.947236842430302
0.949733501573619
0.952191147933285
0.954600635903035
0.956953062632135
0.959239800750758
0.961452529699329
0.963583265567161
0.965624389340358
0.967568673453652
0.969409306535932
0.971139916235113
0.972754590005095
0.974247893736176
0.975614888110833
0.976851142569436
0.977952746775594
0.97891631947854
0.979739014680411
0.980418525029587
0.980953082377314
0.981341455453706
0.981582944640688
0.981677373843305
0.981625079486866
0.981426896695179
0.981084142734408
0.980598597837232
0.979972483552683
0.979208438797618
0.978309493815749
0.977279042278972
0.97612081179269
0.974838833091515
0.973437408233451
0.971921078118944
0.970294589675545
0.968562863058906
0.966730959226021
0.964804048236805
0.962787378634923
0.960686248248228
0.958505976733095
0.956251880165457
0.95392924795458
0.951543322323841
0.949099280566323
0.946602220242381
0.944057147442023
0.941468968187576
0.938842483002456
0.936182384620623
0.933493258759366
0.930779587826288
0.928045757380606
0.925296065120124
0.922534732119284
0.919765916001505
0.916993725691341
0.91422223735969
0.911455511148914
0.908697608245077
0.905952607851897
0.903224623615944
0.900517819055279
0.897836421554293
0.89518473450591
0.892567147208389
0.889988142157455
0.887452299414872
0.884964297781299
0.882528912553663
0.8801510097044
0.877835536381002
0.875587507688163
0.873411989780481
0.871314079359998
0.869298879738648
0.867371473689801
0.865536893374418
0.863800087684736
0.862165887400835
0.860638968602026
0.859223814814727
0.857924678410834
0.856745541794731
0.855690078932741
0.854761617785553
0.85396310420192
0.853297067820684
0.852765590508129
0.852370277829131
0.852112234014105
0.851992040839835
0.852009740791884
0.852164824820027
0.852456224937249
0.852882311848119
0.853440897725022
0.854129244181838
0.854944075425396
0.855881596496426
0.856937516444949
0.858107076221082
0.859385081002011
0.860765936620314
0.862243689708652
0.863812071131705
0.865464542238693
0.867194343439232
0.868994544581932
0.870858096599203
0.8727778838731
0.874746776775763
0.876757683843654
0.87880360305722
0.880877671716197
0.882973214425186
0.885083788733617
0.887203228008281
0.889325681154509
0.891445648843143
0.893558015943968
0.895658079911638
0.897741574916525
0.899804691559917
0.901844092059793
0.903856920839638
0.905840810497859
0.90779388317891
0.909714747408918
0.911602490498102
0.913456666649312
0.91527728094654
0.917064769429006
0.918819975485429
0.920544122829296
0.922238785339334
0.923905854070019
0.925547501754903
0.927166145140774
0.928764405503416
0.930345067705872
0.931911038167889
0.933465302120533
0.935010880522957
0.936550787018896
0.938087985308778
0.939625347309199
0.941165612465109
0.942711348571067
0.944264914446636
0.945828424797044
0.947403717573813
0.948992324131046
0.950595442451421
0.952213913691761
0.953848202271304
0.955498379696623
0.957164112285622
0.958844652919338
0.960538836914646
0.96224508207364
0.963961392926685
0.965685369146449
0.967414218069748
0.969144771223487
0.970873504710609
0.972596563272383
0.974309787805
0.976008746071927
0.977688766319108
0.979344973468647
0.980972327538275
0.98256566390932
0.984119735045363
0.985629253247602
0.987088934021493
0.98849353962266
0.989837922348462
0.991117067145137
0.992326133108915
0.993460493473002
0.994515773690479
0.995487887245895
0.996373068855109
0.997167904743576
0.997869359727126
0.998474800856034
0.998982017422155
0.999389237169629
0.999695138591578
0.999898859237671
1
0.999998625386681
0.99989525983366
0.999690880144649
0.999386904186781
0.998985176004804
0.998487947549344
0.997897857244529
0.997217905646935
0.996451428471224
0.995602067277903
0.994673738135256
0.993670598580747
0.99259701321702
0.991457518284165
0.990256785553256
0.988999585886371
0.987690752805606
0.986335146408002
0.984937617955071
0.983502975454823
0.982035950540956
0.980541166938396
0.979023110786661
0.977486103072771
0.975934274403704
0.97437154232474
0.972801591364671
0.97122785596171
0.969653506395262
0.968081437818589
0.966514262455876
0.964954304994634
0.96340360117077
0.961863899509369
0.960336666149493
0.958823092646461
0.957324106610395
0.955840385005849
0.954372369904316
0.952920286449971
0.951484162769515
0.950063851529981
0.948659052824362
0.947269338044386
0.945894174383199
0.944532949598575
0.94318499665993
0.941849617900255
0.940526108297384
0.939213777517936
0.937911970371978
0.93662008534693
0.935337590915397
0.934064039343221
0.932799077760874
0.9315424563028
0.93029403316507
0.929053776480973
0.927821762966298
0.926598173340168
0.925383284582583
0.924177459145266
0.922981131287136
0.921794790758648
0.920618964109499
0.919454193940688
0.918301016463879
0.917159937767472
0.916031409219039
0.914915802457209
0.913813384441982
0.9127242930406
0.911648513626089
0.910585857157302
0.909535940192852
0.90849816726676
0.907471716021464
0.906455525454377
0.905448287588173
0.904448442823121
0.903454179173013
0.902463435525434
0.901473909003423
0.900483066440103
0.899488159911646
0.89848624620836
0.897474210059685
0.896448790867745
0.895406612646865
0.894344216814063
0.893258097428971
0.892144738441692
0.891000652474338
0.88982242063716
0.888606732863371
0.887350428238473
0.886050534800011
0.884704308292141
0.883309269376026
0.881863238821371
0.880364370235893
0.878811179927539
0.87720257353796
0.87553786913438
0.87381681649948
0.872039612414384
0.870206911787129
0.868319834537209
0.866379968204746
0.864389366309674
0.862350542540999
0.860266460907836
0.85814052203181
0.855976545803743
0.853778750665788
0.851551729812893
0.849300424634279
0.847030095736275
0.844746291902394
0.842454817354852
0.84016169768411
0.837873144809664
0.835595521326625
0.833335304579078
0.83109905078333
0.828893359502554
0.826724838749636
0.824600070967972
0.822525580111106
0.820507800012285
0.818553044204743
0.81666747732355
0.814857088190684
0.813127664657156
0.811484770249996
0.809933722648052
0.808479573989172
0.807127092992659
0.805880748865034
0.804744696944184
0.803722766026846
0.802818447317045
0.802034884928377
0.801374867870654
0.800840823451227
0.800434812022866
0.800158523013173
0.800013272174705
0.8
0.800119271251131
0.800371275558987
0.800755829052816
0.80127237698546
0.801919997323878
0.802697405277816
0.803602958741718
0.804634664626026
0.80579018605395
0.807066850398505
0.808461658132246
0.809971292458795
0.811592129691032
0.813320250335993
0.815151450841257
0.817081255952154
0.81910493162377
0.821217498426737
0.823413745381412
0.825688244151576
0.828035363526435
0.830449284118715
0.832924013207156
0.835453399653968
0.838031148831781
0.840650837500484
0.843305928581971
0.845989785790267
0.848695688085556
0.851416843933158
0.854146405362268
0.856877481833996
0.859603153943523
0.86231648699679
0.865010544517472
0.867678401754761
0.870313159276178
0.872907956741763
0.875455986966179
0.877950510382973
0.880384870030122
0.882752507177673
0.885046977716379
0.887261969420557
0.889391320188723
0.891429037351767
0.893369318120531
0.895206571222709
0.896935439753172
0.898550825232378
0.900047912834893
0.901422197714638
0.902669512315865
0.903786054519721
0.904768416436275
0.905613613611877
0.906319114382499
0.906882869066161
0.907303338652576
0.907579522616568
0.907710985454644
0.907697881521945
0.90754097773065
0.907241673661275
0.906802018635902
0.906224725307571
0.905513179333297
0.904671444719629
0.903704264459281
0.902617056115276
0.901415902054686
0.900107534087262
0.898699312324239
0.897199198138748
0.895615721180604
0.893957940473829
0.892235399703857
0.890458076881872
0.888636328654745
0.886780829609247
0.884902506997268
0.883012471383311
0.88112194378514
0.87924217994202
0.87738439240112
0.875559671160425
0.873778903644898
0.872052694820824
0.8703912882707
0.868804489057185
0.867301589199248
0.865891296566761
0.864581667971376
0.863380047192095
0.862293008623941
0.86132630717825
0.860484834994338
0.859772585445516
0.859192624839009
0.858747072120343
0.85843708679974
0.858262865222335
0.858223645207073
0.858317718982456
0.858542454252255
0.858894323132392
0.859368938612601
0.859961098114575
0.860664833643073
0.861473467959013
0.862379676144604
0.863375551880854
0.864452677717834
0.86560219858814
0.866814897794334
0.868081274691744
