0.982176402537669
0.983131296077104
0.984011643836968
0.984813765411266
0.985534094558231
0.986169207972193
0.986715853958843
0.987170980787572
0.987531764491375
0.987795635882514
0.987960306550872
0.988023793612014
0.987984442973443
0.987840950890857
0.987592383591361
0.987238194747992
0.986778240599585
0.986212792522284
0.9855425468738
0.984768631949135
0.983892611906705
0.982916487546786
0.981842693849647
0.980674094208667
0.979413971323668
0.978066014751596
0.976634305144906
0.975123295242372
0.97353778771191
0.97188290997996
0.970164086216493
0.96838700667814
0.966557594643951
0.964681971208071
0.962766418220935
0.960817339694739
0.958841222009619
0.956844593273807
0.954833982203633
0.952815876897429
0.950796683881057
0.948782687801681
0.946780012140775
0.94479458130705
0.942832084455355
0.940897941358761
0.938997270638395
0.937134860629398
0.935315143132195
0.933542170266432
0.931819594611003
0.930150652778082
0.928538152532474
0.92698446353042
0.925491511714776
0.924060777366704
0.922693296778032
0.92138966747379
0.920150056881397
0.918974214311857
0.917861486089441
0.91681083363986
0.915820854323
0.914889804775083
0.914015626506591
0.913195973486562
0.912428241430859
0.911709598501697
0.911037017118036
0.910407306571312
0.90981714613829
0.909263118382504
0.908741742337675
0.908249506270656
0.907782899727653
0.907338444575785
0.906912724762325
0.906502414526228
0.906104304810789
0.905715327642409
0.905332578258582
0.90495333478822
0.904575075309432
0.904195492133706
0.903812503191199
0.903424260419347
0.90302915508626
0.902625820011148
0.90221312867624
0.901790191258025
0.901356347639939
0.900911157503514
0.900454387630114
0.899985996580359
0.899506116952657
0.89901503545553
0.898513171060018
0.898001051527973
0.897479288638885
0.896948552461486
0.896409545036324
0.895862973851178
0.895309525502272
0.894749839940224
0.894184485700309
0.893613936511634
0.893038549668996
0.89245854653453
0.891873995513749
0.891284797822308
0.890690676326125
0.890091167698617
0.889485618095246
0.888873182497896
0.888252827830361
0.887623339892268
0.886983334102757
0.886331269988122
0.88566546929028
0.884984137516229
0.884285388693608
0.883567273044955
0.882827807244165
0.882065006873915
0.881276920663132
0.880461666049776
0.879617465586863
0.878742683689302
0.877835863206232
0.876895761298339
0.875921384102378
0.87491201967575
0.873867268732473
0.87278707270795
0.871671738723212
0.870521961059348
0.869338838798929
0.868123889342784
0.86687905756653
0.865606720441084
0.864309687003816
0.862991193631263
0.861654894629172
0.860304848220153
0.858945498072346
0.857581650573169
0.856218448109504
0.854861338668674
0.853516042122427
0.85218851359812
0.850884904376815
0.849611520786425
0.848374781579139
0.84718117429569
0.84603721112458
0.844949384762094
0.843924124769003
0.842967754902434
0.842086451877023
0.841286205978522
0.84057278391619
0.839951694258269
0.839428155748396
0.839007068750763
0.838692990019191
0.83849011093087
0.838402239270377
0.838432784594585
0.838584747155259
0.838860710304308
0.839262836257707
0.83979286504888
0.840452116461421
0.841241494695176
0.8421614954894
0.8432122154023
0.844393362928209
0.845704271121969
0.84714391139501
0.848710908148994
0.850403553920607
0.852219824724879
0.854157395303858
0.856213654012192
0.858385717100471
0.860670442190609
0.863064440774181
0.865564089603943
0.868165540889753
0.870864731252152
0.873657389428983
0.876539042771865
0.879505022609343
0.882550468591215
0.885670332163271
0.888859379352783
0.892112193071908
0.895423175168234
0.8987865484686
0.902196359073656
0.905646479166197
0.909130610596013
0.912642289497714
0.916174892185934
0.919721642554546
0.923275621183425
0.926829776328226
0.930376936936046
0.933909827793394
0.937421086873075
0.940903284904299
0.944348947146145
0.947750577299376
0.951100683446238
0.954391805863214
0.957616546508504
0.960767599945142
0.96383778542287
0.966820079808015
0.969707651021182
0.972493891618354
0.975172452132434
0.977737273779763
0.98018262013015
0.982503107339563
0.984693732552021
0.986749900091389
0.988667445084516
0.990442654184319
0.992072283094563
0.99355357063674
0.994884249143142
0.996062551008115
0.997087211280996
0.997957466238416
0.998673047929744
0.999234174746404
0.999641538122847
0.999896285532968
1
0.99995467638922
0.999762694800618
0.999426791421831
0.998950027239743
0.998335755041198
0.997587585159002
0.9967093504381
0.99570507090825
0.994578918653507
0.993335183365067
0.991978239052733
0.990512512371401
0.988942452992893
0.987272506420447
0.985507089603797
0.983650569667509
0.981707246014816
0.979681336014334
0.977576964418597
0.97539815660214
0.973148835643895
0.970832823214798
0.968453844167808
0.966015534664891
0.963521453614974
0.960975097139281
0.958379915726757
0.955739333693354
0.953056770515488
0.950335663570731
0.947579491788447
0.944791799690019
0.941976221283099
0.939136503267169
0.93627652700887
0.933400328755108
0.930512117569849
0.927616290506592
0.924717444562527
0.921820385001853
0.91893012968428
0.916051909089572
0.91319116178958
0.910353525184559
0.907544821389948
0.904771038232101
0.902038305385778
0.899352865761444
0.896721042325442
0.894149200609917
0.891643707240757
0.889210884879789
0.886856964040988
0.884588032298487
0.882409981455903
0.880328453291025
0.878348784526535
0.876475951705615
0.874714516670414
0.873068573351244
0.871541696574576
0.870136893588657
0.868856558986604
0.867702433678646
0.866675568527944
0.865776293218719
0.865004190871776
0.864358078861766
0.86383599622338
0.863435197961136
0.863152156500423
0.862982570437105
0.862921380660252
0.862962793838692
0.863100313178014
0.863326776271622
0.863634399788402
0.864014830661604
0.864459203369502
0.864958202829293
0.865502132362179
0.866080986130408
0.866684525396821
0.867302357914636
0.867924019720144
0.868539058574055
0.869137118278456
0.869708023085901
0.870241861414937
0.870729068092258
0.8711605043555
0.871527534872071
0.871822101058075
0.87203679001684
0.872164898458391
0.87220049100881
0.872138452371372
0.871974532858914
0.871705386878608
0.871328604015448
0.870842732428773
0.870247294346351
0.86954279351233
0.868730714518075
0.86781351401791
0.866794603904489
0.865678326590225
0.864469922611409
0.863175490839631
0.861801941650376
0.860356943460624
0.858848863105281
0.857286700575984
0.855680018694485
0.854038868336211
0.852373709857132
0.850695331408359
0.849014764847717
0.84734319997546
0.845691897832201
0.844072103800833
0.842494961250601
0.840971426450648
0.839512185462272
0.838127573694031
0.836827498772004
0.835621367339198
0.834518016353877
0.833525649406795
0.832651778522769
0.831903171853162
0.831285807603571
0.830804834476007
0.830464538837962
0.83026831876288
0.830218665018415
0.830317149011539
0.830564417633697
0.830960194885747
0.831503290102126
0.832191612537235
0.833022192025084
0.833991205376454
0.835094008136512
0.836325171290544
0.837678522476345
0.839147191239134
0.840723657848587
0.84239980518776
0.844166973220031
0.846016015542585
0.847937357542956
0.84992105568832
0.85195685749512
0.854034261748576
0.856142578567098
0.858270988934935
0.860408603356857
0.862544519320631
0.864667877285828
0.866767914950454
0.86883401957944
0.870855778210552
0.872823025583364
0.874725889665083
0.876554834672886
0.878300701515783
0.879954745599603
0.881508671956475
0.882954667675021
0.884285431619567
0.885494201436014
0.886574777848877
0.887521546258606
0.888329495650986
0.888994234831443
0.889512005996988
0.889879695657488
0.890094842916566
0.890155645120974
0.890060960886111
0.889810310504963
0.889403873748247
0.888842485065331
0.888127626198801
0.8872614162304
0.886246599082678
0.885086528509048
0.883785150614988
0.882346983964784
0.880777097341327
0.879081085240785
0.87726504119929
0.875335529064657
0.873299552342429
0.871164521761655
0.868938221221492
0.866628772294563
0.864244597476552
0.861794382383487
0.859287037108167
0.856731656954913
0.854137482777016
0.851513861143761
0.848870204563473
0.846215951985692
0.843560529799262
0.840913313533886
0.838283590460735
0.835680523273143
0.833113115011583
0.83059017537835
0.828120288567031
0.825711782710348
0.823372701027877
0.821110774732809
0.818933397735026
0.816847603156704
0.814860041656928
0.812976961543991
0.811204190638467
0.809547119837234
0.808010688318771
0.806599370323363
0.805317163438663
0.804167578321378
0.803153629789661
0.802277829228058
0.80154217825733
0.800948163634921
0.800496753367803
0.800188394037558
0.800023009357217
0.8
0.800118244761091
0.800376103134133
0.800771419403652
0.801301528372317
0.801963262857119
0.802752963100589
0.803666488251355
0.804699230072179
0.805846129032584
0.80710169293691
0.808460018226852
0.809914814080059
0.811459429403213
0.8130868827892
0.814789895473864
0.816560927288725
0.818392215562413
0.820275816876208
0.822203651528563
0.824167550510851
0.826159304742654
0.828170716260842
0.830193651003472
0.832220092778363
0.834242197958175
0.836252350400068
0.838243216049606
0.840207796656605
0.842139482005893
0.844032100049502
0.845879964319121
0.847677917999511
0.8494213740552
0.851106350824599
0.85272950252754
0.854288144174219
0.855780270415133
0.857204567932441
0.858560421042497
0.859847910256279
0.861067803628021
0.862221540811348
0.863311209835418
0.864339516709464
0.865309748061296
0.866225727112243
0.867091763386063
0.867912596640986
0.868693335600804
0.869439392141196
0.870156411659946
0.870850200423125
0.871526650732398
0.872191664800511
0.872851078251811
0.873510584181772
0.874175658713426
0.874851488979281
0.875542904434547
0.876254312371672
0.876989638457667
0.877752273055149
0.878545024016261
0.879370076556778
0.880228960726813
0.881122526896137
0.882050929567506
0.883013619722334
0.884009345791002
0.885036163226904
0.886091452550661
0.887171945620456
0.88827375977788
0.889392439417566
0.890523004434749
0.891660004919119
0.892797581387104
0.893929529779145
0.895049370394506
0.89615041989431
0.897225865474389
0.898268840293405
0.899272499238581
0.900230094121191
0.901135047416257
0.901981023695198
0.902761997945655
0.903472320028538
0.904106774587345
0.904660635797878
0.905129716426225
0.905510410747984
0.90579973097065
0.905995336892431
0.906095558623015
0.906099412283508
0.906006608692505
0.905817555131685
0.905533350366278
0.905155773171986
0.904687264689613
0.90413090499085
0.903490384292721
0.902769969303654
0.901974465220631
0.901109173924273
0.900179848937034
0.899192647719127
0.898154081877691
0.897070965857512
0.895950364667035
0.894799541172046
0.893625903462126
0.892436952762767
0.891240232329588
0.890043277721648
0.888853568809093
0.88767848382745
0.886525255747601
0.885400931187621
0.884312332051169
0.88326602003747
0.882268264130836
0.881325011143563
0.880441859355191
0.879624035263896
0.878876373442154
0.878203299468894
0.877608815893957
0.87709649117761
0.876669451537839
0.876330375630802
0.876081491984663
0.875924579103688
0.875860968157384
0.875891548168118
0.876016773609607
0.876236674327422
0.876550867690792
0.876958572882173
0.877458627226947
0.878049504460055
0.878729334819175
0.879495926845224
0.880346790760526
0.881279163283103
0.882290033722402
0.883376171187725
0.884534152725999
0.885760392190806
0.887051169630161
0.888402660966994
0.889810967734102
0.891272146614994
0.892782238534096
0.894337297034639
0.895933415680557
0.897566754220371
0.899233563256388
0.900930207171908
0.902653185082568
0.904399149595343
0.906164923180077
0.907947511983421
0.909744116943402
0.91155214209418
0.913369199984317
0.915193114167593
0.917021918762392
0.918853855113344
0.920687365626571
0.922521084886838
0.924353828200537
0.926184577742052
0.928012466512078
0.929836760344422
0.931656838222069
0.933472171183676
0.935282300117678
0.937086812752709
0.938885320160001
0.940677433085709
0.942462738428864
0.944240776174042
0.94601101707711
0.947772841387857
0.949525518875399
0.951268190401346
0.952999851262348
0.954719336498259
0.95642530833535
0.958116245906175
0.959790437359458
0.961445974445043
0.963080749631072
0.964692455783461
0.966278588411681
0.967836450460208
0.969363159601845
0.970855657967665
0.972310724228618
0.973724987925864
0.975094945930714
0.976416980900441
0.977687381583244
0.978902364813985
0.980058099031969
