0.975221126952466
0.977045943462937
0.97881210009498
0.980517770833102
0.982161101430469
0.983740230493987
0.985253312844809
0.98669854468896
0.988074190087854
0.98937860818343
0.990610280608237
0.991767838497595
0.992850088519225
0.993856037345658
0.994784914016087
0.995636189666828
0.996409594152615
0.997105129133761
0.997723077265899
0.998264007198296
0.998728774162469
0.999118516013526
0.99943464467079
0.999678832990369
0.999852997188647
0.999959275020735
1
0.999977672022469
0.999894924831642
0.999754490823753
0.999559163749554
0.999311759915268
0.999015078521477
0.998671861803864
0.998284755653255
0.997856271394204
0.997388749391213
0.99688432512993
0.996344898387452
0.995772106061997
0.995167299178232
0.994531524521537
0.993865511283454
0.993169663022744
0.992444055163225
0.99168843816224
0.990902246393733
0.990084612699006
0.98923438846774
0.988350169023402
0.987430324002055
0.9864730323333
0.985476321357886
0.984438109549552
0.983356252249997
0.982228589776403
0.981052997221331
0.979827435235684
0.978550001067149
0.977218979119241
0.975832890299827
0.974390539442623
0.972891060110309
0.971333956123003
0.969719139200377
0.968046962158677
0.96631824716462
0.964534308615405
0.962696970286835
0.96080857646869
0.958871996886722
0.956890625292756
0.954868371687224
0.952809648220674
0.950719348901362
0.948602823313765
0.946465844626698
0.944314572238814
0.942155509472662
0.939995456785539
0.937841461015427
0.935700761222871
0.933580731724422
0.931488822939891
0.929432500694211
0.92741918462496
0.925456186348934
0.923550648035607
0.921709482022337
0.919939312086135
0.918246416960199
0.916636676650851
0.915115522072471
0.913687888475335
0.912358173094427
0.911130197397099
0.910007174254554
0.908991680307204
0.908085633737681
0.90729027760829
0.906606168862581
0.906033173034115
0.905570464649858
0.905216533261509
0.904969194985919
0.904825609385879
0.904782301475492
0.90483518859024
0.904979611821068
0.90521037167464
0.905521767588428
0.905907640899802
0.906361420842843
0.906876173125364
0.907444650621686
0.908059345704107
0.908712543727816
0.909396377180249
0.910102880006512
0.91082404162759
0.91155186017743
0.912278394498714
0.912995814455
0.913696449138839
0.914372832581311
0.915017746597967
0.91562426043917
0.916185766949084
0.916696014976701
0.917149137824077
0.917539677560902
0.917862605080305
0.918113335817982
0.918287741104759
0.9183821551712
0.91839337787121
0.918318673239272
0.918155764042492
0.917902822533341
0.917558457651448
0.917121698962389
0.91659197765764
0.915969104972212
0.915253248404524
0.9144449061463
0.913544880148435
0.912554248261403
0.911474335895783
0.910306687649503
0.909053039343481
0.907715290896324
0.906295480451736
0.904795760149443
0.903218373901837
0.901565637504693
0.899839921371342
0.898043636136273
0.896179221326666
0.8942491372495
0.892255860188263
0.890201880947667
0.888089706727864
0.885921866252304
0.883700918016392
0.881429461468297
0.879110150879542
0.876745711612143
0.874338958441903
0.871892815554758
0.869410337795555
0.866894732716986
0.864349382951146
0.861777868407901
0.859183987793276
0.856571778937788
0.853945537429135
0.851309833056123
0.848669523590949
0.846029765464968
0.843396020928385
0.840774061326638
0.838169966174963
0.835590117767123
0.833041191113809
0.830530139069896
0.828064172576686
0.825650736014445
0.823297477730987
0.821012215882593
0.818802899793242
0.816677567105753
0.814644297063059
0.81271116031837
0.810886165728561
0.809177204634806
0.807591993177563
0.806138013228792
0.804822452552278
0.803652144822641
0.802633510144857
0.80177249671873
0.801074524286717
0.800544429989054
0.800186417227505
0.800004008108636
0.8
0.800176426688432
0.800534524579792
0.80107470432455
0.801796528194635
0.802698693474839
0.803779022067649
0.805034456444824
0.80646106201305
0.80805403589571
0.809807722068932
0.811715632728513
0.813770475705723
0.815964187695127
0.818287973006842
0.820732347509657
0.823287187390494
0.825941782320004
0.828684892583922
0.831504809715105
0.834389420142044
0.837326271355822
0.840302640088979
0.843305601996112
0.846322102327174
0.84933902708985
0.852343274206826
0.855321824186802
0.858261809844332
0.861150584622681
0.863975789095403
0.866725415246004
0.869387868150434
0.871952024714069
0.874407289142821
0.876743644857071
0.878951702586782
0.881022744416393
0.88294876357871
0.88472249982783
0.886337470252083
0.887787995418878
0.889069220774191
0.890177133250005
0.891108573063314
0.891861240720159
0.892433699267498
0.892825371864345
0.893036534771455
0.893068305885706
0.892922628971047
0.892602253762304
0.892110712141051
0.891452290603959
0.890631999263413
0.889655537637408
0.888529257500828
0.887260123082801
0.885855668904957
0.884323955562865
0.882673523757662
0.880913346886893
0.879052782502762
0.87710152294253
0.875069545429644
0.872967061935508
0.870804469080854
0.868592298342495
0.866341166816242
0.864061728770126
0.861764628204112
0.859460452613537
0.857159688133924
0.854872676224908
0.85260957203112
0.850380304538365
0.848194538624548
0.846061639086944
0.84399063671068
0.841990196428091
0.840068587604959
0.838233656477757
0.836492800755978
0.83485294639542
0.833320526541961
0.83190146264078
0.830601147703069
0.829424431720882
0.828375609220675
0.827458408947054
0.826675985670053
0.82603091411159
0.825525184989346
0.825160203178804
0.82493678799644
0.82485517560856
0.824915023571029
0.825115417504706
0.825454879909653
0.825931381118018
0.826542352380686
0.827284701076368
0.828154828023659
0.829148646866858
0.830261605495013
0.831488709440898
0.832824547192656
0.834263317335798
0.835798857427481
0.837424674488718
0.839133976983785
0.840919708139812
0.842774580443914
0.8446911111403
0.846661658536245
0.848678458913675
0.850733663832871
0.852819377606634
0.854927694717432
0.857050736946723
0.85918068998499
0.861309839293136
0.863430604990666
0.865535575553756
0.867617540116479
0.869669519181279
0.871684793559836
0.873656931382658
0.875579813034731
0.877447653894975
0.879255024778902
0.880996870006174
0.8826685230375
0.884265719647992
0.885784608626365
0.887221760010868
0.88857417089312
0.889839268839901
0.891014913000017
0.892099392978369
0.893091425572256
0.893990149475332
0.894795118062702
0.895506290376158
0.896124020431615
0.896649044971555
0.897082469783796
0.897425754704382
0.897680697417168
0.89784941615595
0.897934331407143
0.897938146702422
0.897863828581712
0.897714585797926
0.897493847826236
0.897205242732784
0.896852574451001
0.89643979950843
0.895971003243345
0.89545037554889
0.894882186183002
0.894270759685238
0.893620449946758
0.892935614487227
0.892220588502114
0.891479658755614
0.890717037408095
0.889936835882117
0.889143038887429
0.888339478742521
0.887529810147725
0.886717485582151
0.885905731513323
0.885097525623685
0.884295575271707
0.883502297416568
0.882719800243796
0.881949866734432
0.881193940421702
0.880453113576617
0.879728118057003
0.87901931904298
0.878326711865833
0.877649922116464
0.876988209194209
0.876340473427112
0.875705266860794
0.875080807775432
0.874464998949377
0.873855449644261
0.87324950124054
0.872644256405151
0.872036611624903
0.87142329289122
0.870800894274698
0.870165919082389
0.869514823247591
0.868844060561963
0.86815012932373
0.867429619944198
0.866679263028499
0.865895977425766
0.865076917729416
0.864219520700063
0.863321550082162
0.862381139290807
0.861396831457265
0.86036761634068
0.859292963638725
0.858172852261546
0.857007795170684
0.8557988594273
0.854547681141438
0.853256475065556
0.851928038630469
0.8505657502795
0.849173562016164
0.847755986141491
0.84631807621823
0.844865402359973
0.843404021002968
0.841940439376308
0.840481574941684
0.839034710126297
0.83760744272141
0.836207632363727
0.834843343557102
0.833522785727459
0.832254250834158
0.83104604908598
0.829906443329479
0.828843582691415
0.82786543606545
0.826979726036255
0.826193863831692
0.825514885886071
0.82494939258463
0.824503489741732
0.824182733342931
0.823992078054355
0.823935829972034
0.824017604049163
0.824240286601135
0.824606003246795
0.8251160926001
0.82577108597951
0.826570693353268
0.827513795687696
0.828598443812911
0.829821863866413
0.831180469320101
0.83266987954083
0.834284944778929
0.836019777423688
0.837867789309877
0.839821734805554
0.841873759358927
0.844015453131545
0.846237909296858
0.84853178653784
0.850887375235274
0.853294666800006
0.855743425568415
0.858223262651006
0.860723711099805
0.863234301741621
0.865744639011487
0.868244476114144
0.870723788841465
0.873172847380531
0.875582285460645
0.877943166208157
0.88024704410535
0.882486022483745
0.88465280602285
0.886740747772151
0.888743890266725
0.890657000364606
0.892475597496486
0.894195975084603
0.895815214957208
0.897331194656722
0.898742587612971
0.900048856226525
0.901250237980448
0.902347724770559
0.903343035713751
0.904238583760033
0.905037436495971
0.905743271584095
0.906360327334146
0.906893348946794
0.90734753100841
0.907728456845967
0.908042035373984
0.908294436080402
0.908492022805329
0.908641286965768
0.908748780871023
0.908821051757696
0.90886457715058
0.908885702126749
0.908890579025504
0.908885110107149
0.908874893619696
0.908865173685239
0.908860794367863
0.908866158233215
0.908885189657283
0.908921303089072
0.908977376419694
0.909055729559397
0.909158108274945
0.909285673293084
0.90943899463185
0.909618051080801
0.909822234713811
0.910050360284281
0.910300679322341
0.910570898726906
0.910858203622172
0.911159284228093
0.911470366477351
0.911787246097007
0.91210532586113
0.912419655710884
0.912724975430481
0.913015759560817
0.913286264227128
0.913530575552456
0.913742659324892
0.913916411583214
0.914045709782746
0.91412446420084
0.914146669239416
0.914106454280661
0.913998133751261
0.913816256050818
0.913555651001488
0.913211475478689
0.912779256887317
0.912254934154474
0.911634895918666
0.910916015606978
0.910095683106165
0.909171832751155
0.908142967375227
0.907008178190313
0.905767160293391
0.904420223625888
0.902968299247089
0.901412940819774
0.899756321246172
0.898001224434654
0.896151032221832
0.894209706520459
0.892181766810143
0.890072263134849
0.887886744817734
0.885631225149523
0.883312142350573
0.880936317148448
0.878510907351522
0.876043359834236
0.87354136038061
0.871012781858907
0.868465631221507
0.865907995839703
0.863347989692956
0.860793699935926
0.858253134364214
0.855734170291107
0.853244505332852
0.850791610579099
0.848382686598534
0.846024622697515
0.843723959812191
0.841486857372591
0.839319064430949
0.837225895296739
0.835212209868084
0.833282398794042
0.831440373545467
0.829689561414359
0.828032905403592
0.826472868911337
0.825011445058131
0.823650170450031
0.822390143119346
0.821232044335699
0.820176163935257
0.819222428775447
0.81837043388687
0.817619475863956
0.816968588011487
0.816416576745928
0.815962058738743
0.815603498283721
0.815339244372097
0.815167566967688
0.81508669198966
0.815094834532501
0.815190229881303
0.815371161915069
0.815635988531244
0.815983163770396
0.816411256370492
0.816918964534814
0.817505126755562
0.818168728595798
0.81890890539473
0.819724940924559
0.820616262090271
0.821582429825851
0.822623126400511
0.823738139405688
0.824927342746769
0.826190675011932
0.827528115633233
0.828939659291324
0.830425289044346
0.831984948682906
0.833618514826219
0.835325769279102
0.83710637216533
0.838959836339879
0.840885503560878
0.842882522871881
0.844949831606875
0.847086139384695
0.849289915407074
0.851559379316133
0.853892495803884
0.856286973099098
0.858740265387199
0.861249579147623
0.863811883321836
0.86642392315521
0.869082237488436
0.871783179210617
0.874522938527569
0.877297568646673
0.880103013434546
0.882935136567108
0.885789751663803
0.888662652879578
0.891549645420059
0.894446575447497
0.897349358857409
0.900254008428362
0.903156658879612
0.90605358941267
0.908941243362722
0.911816244643083
0.914675410729531
0.917515762000139
0.920334527318829
0.923129145825828
0.925897264974011
0.928636734925337
0.93134559949459
0.934022083897042
0.93666457962099
0.939271626804079
0.941841894542695
0.944374159605453
0.946867284054041
0.949320192296658
0.951731848110585
0.95410123217073
0.956427320610238
0.958709065117621
0.960945375042761
0.963135101942128
0.965277026942472
0.967369851243084
0.96941219001063
0.971402569848847
