0.885852713518733
0.887498937504465
0.889078466605365
0.890584479964333
0.892012830471057
0.893361949540194
0.89463268793999
0.895828101009994
0.896953187983684
0.898014596083276
0.899020300559582
0.899979271910087
0.90090114114449
0.901795873218639
0.902673457681097
0.90354362424008
0.904415589439272
0.905297839010007
0.906197948824585
0.907122445785957
0.908076708518301
0.909064906424412
0.910089974587837
0.911153621143167
0.912256363123903
0.913397586416084
0.914575625277457
0.915787856896452
0.917030806626785
0.918300259803755
0.919591376389868
0.920898805077481
0.922216793868371
0.923539294537027
0.924860058757374
0.926172724031862
0.927470887914946
0.928748169382786
0.929998256582683
0.931214940613927
0.932392135457097
0.933523884685912
0.93460435616013
0.935627826495978
0.936588657718152
0.937481269081869
0.938300107574821
0.939039621023393
0.93969423799074
0.940258358725485
0.940726361265735
0.941092626401898
0.941351584546033
0.94149778665415
0.941526000227641
0.941431330124255
0.941209362496813
0.940856328720247
0.940369284744122
0.939746300001459
0.93898664889646
0.938090997057403
0.937061574038013
0.935902324025853
0.934619026394441
0.933219378619529
0.93171303514917
0.930111597229513
0.928428550381637
0.926679148120682
0.924880242516472
0.923050064217652
0.921207956500737
0.919374069667573
0.917569023615664
0.915813547576203
0.914128106803227
0.912532526373986
0.911045622217092
0.909684849035691
0.908465973972715
0.907402783727974
0.906506831451083
0.905787228179381
0.905250481951632
0.904900386092867
0.904737956615653
0.904761417292584
0.904966229785157
0.905345165311204
0.905888413724554
0.906583725575078
0.907416582704355
0.908370393183329
0.909426706868971
0.910565448489784
0.91176516589841
0.913003291882
0.914256418625485
0.915500584511273
0.916711573351554
0.917865226338358
0.918937766929065
0.919906138545485
0.920748354355691
0.921443857550643
0.921973889461174
0.92232186163957
0.922473726721227
0.922418341562486
0.922147814902969
0.921657830707653
0.920947937485335
0.920021793327924
0.918887356229561
0.917557009471086
0.916047612521528
0.914380469022148
0.912581204967998
0.910679552154463
0.908709034260201
0.906706555524207
0.904711894759793
0.902767110336919
0.900915864654096
0.899202679405879
0.897672135526747
0.896368033956874
0.895332535239084
0.894605297341032
0.894222631940251
0.894216699668193
0.894614764459348
0.895438526190129
0.896703549238423
0.898418802487681
0.900586323697796
0.903201018144505
0.906250598079661
0.909715665988102
0.913569940922071
0.917780623494738
0.922308891524063
0.927110514947365
0.932136575579083
0.937334274652706
0.942647808952807
0.948019294769526
0.953389717942516
0.958699887932598
0.963891374174921
0.968907403914892
0.97369370227456
0.978199257390112
0.982376996029832
0.986184358059329
0.989583761365958
0.992542952275798
0.995035239975327
0.997039616864567
0.998540769998601
0.999528991705742
1
0.999954681444486
0.999398770602427
0.998342481087519
0.996800103475077
0.99478958496634
0.992332104744394
0.989451657481456
0.986174655537796
0.982529558136315
0.978546533322845
0.974257155958914
0.969694142471878
0.964891120733756
0.959882431370351
0.954702955114943
0.949387959591795
0.94397295819345
0.938493573522463
0.932985398193372
0.927483846595727
0.922023992439373
0.91664038845213
0.911366866374721
0.906236317285186
0.901280454169255
0.896529560422186
0.892012229519978
0.887755102348374
0.883782609562108
0.8801167268237
0.876776750825269
0.873779103637741
0.871137172192392
0.868861188632745
0.866958155949166
0.865431821803724
0.864282701853874
0.86350815227505
0.863102489643927
0.863057154945811
0.863360917267922
0.864000111776456
0.864958905873399
0.866219586996603
0.867762865355263
0.869568184960795
0.871614036587173
0.87387826673485
0.876338377233801
0.878971810759169
0.881756218205135
0.884669704532215
0.887691050340972
0.890799907011003
0.89397696376725
0.897204085494936
0.900464420526844
0.903742477986099
0.90702417460288
0.910296851255482
0.913549259836041
0.916771521427017
0.919955057209796
0.923092494017928
0.926177546993047
0.929204882390836
0.932169964198228
0.935068888833582
0.937898212774563
0.940654778454564
0.943335544146381
0.945937423770727
0.94845714259019
0.950891114546447
0.953235346549684
0.955485374326267
0.95763623347965
0.959682468240941
0.961618179015281
0.963437108317596
0.965132763098016
0.966698569853914
0.96812805738833
0.969415060681043
0.970553938163212
0.971539793796127
0.972368694804202
0.973037875741331
0.973545919799192
0.973892908897022
0.974080535104785
0.974112167305663
0.973992868641123
0.973729362129039
0.973329943818065
0.972804344848499
0.972163545739291
0.971419548024051
0.970585109936741
0.969673454133707
0.968697956383462
0.967671824728311
0.96660777881221
0.965517738886248
0.964412533474778
0.963301633854919
0.96219292242587
0.961092500786372
0.960004541966597
0.95893118984204
0.957872507354034
0.956826473828604
0.955789030465625
0.954754171994401
0.953714081577137
0.952659305293097
0.951578961946853
0.950460983498329
0.949292381088512
0.948059531407761
0.946748477999002
0.945345241983949
0.943836136630807
0.942208080137868
0.940448900988332
0.938547630245421
0.93649477521823
0.934282569058858
0.931905191074116
0.929358952875492
0.926642445971283
0.923756647041879
0.920704977941758
0.917493318438384
0.914129970815313
0.910625576708747
0.906992987875392
0.903247093956158
0.899404611647338
0.895483840955455
0.891504395328488
0.887486913361357
0.883452760409632
0.879423728764762
0.875421745012226
0.871468592792889
0.867585658417759
0.86379370566705
0.860112684675318
0.856561578122861
0.853158286093515
0.849919549006823
0.846860906083961
0.843996684961238
0.841340016421174
0.838902866861541
0.836696080148523
0.834729419966607
0.833011603730325
0.831550319583906
0.830352218981634
0.829422878785763
0.828766728686394
0.828386941961283
0.828285290055019
0.828461964051591
0.828915368715909
0.829641897256075
0.830635697177692
0.831888439439255
0.833389104462202
0.835123799307886
0.837075620438227
0.839224575887259
0.84154757937864
0.844018526953959
0.846608464085677
0.849285848125698
0.852016907402868
0.854766094470888
0.857496627080656
0.860171106577139
0.862752199772918
0.865203367095949
0.867489617102441
0.869578265421122
0.871439674959401
0.873047953829272
0.874381587978559
0.875423986939672
0.87616392339231
0.876595850299272
0.876720083102154
0.876542838712591
0.87607612763864
0.875337500362665
0.874349653847657
0.873139908605425
0.871739570934703
0.870183198569736
0.868507790935077
0.866751927374979
0.864954878045495
0.863155712590563
0.861392431273819
0.859701141946014
0.858115304167588
0.856665059080479
0.855376660359664
0.854272017918021
0.853368362142928
0.852678032468179
0.852208390185109
0.85196185171673
0.85193603524649
0.852124010715878
0.852514640864743
0.853092999239293
0.853840849961458
0.8547371735371
0.855758723050266
0.856880595692786
0.858076805639154
0.859320845706023
0.860586226933239
0.86184698708346
0.863078160974541
0.864256207433438
0.865359389403242
0.86636810527201
0.867265170767485
0.868036051740199
0.86866904882547
0.869155435340526
0.869489549865151
0.869668844819568
0.869693892053071
0.869568346063044
0.869298865053572
0.868894989693619
0.868368979219136
0.867735604504313
0.867011897952642
0.866216860558696
0.865371127276164
0.864496592884079
0.863616001836749
0.862752507058318
0.861929204226383
0.861168649692964
0.860492371717673
0.859920386035806
0.859470727853666
0.859159013063164
0.858998041719946
0.858997456575079
0.859163468654225
0.859498660531033
0.860001876062055
0.86066820298614
0.861489052016227
0.86245233296433
0.863542725160097
0.864742036083261
0.866029638873042
0.867382976347536
0.868778116502751
0.87019034229195
0.871594756920554
0.872966885015627
0.874283249898893
0.87552190783364
0.87666292152053
0.87768875724329
0.878584592838106
0.879338526976262
0.879941683978914
0.880388212376714
0.880675179522814
0.880802368596683
0.880771988130579
0.880588307591129
0.880257235411979
0.879785858078173
0.879181960315034
0.87845354707131
0.877608387780435
0.876653602342626
0.875595306437317
0.874438331226628
0.873186029352469
0.871840175494408
0.87040096579347
0.868867116322759
0.867236056668767
0.865504210745586
0.863667353357417
0.861721027896688
0.859661008038541
0.857483784463825
0.855187056578677
0.8527702089335
0.850234752578688
0.847584712897208
0.844826947462433
0.841971380093487
0.839031140406031
0.836022601652538
0.832965313368646
0.829881829141636
0.826797433544271
0.823739775790001
0.82073842083436
0.817824331360549
0.815029296255047
0.812385322737123
0.809924010216537
0.807675924206575
0.805669988231244
0.803932910677424
0.802488662018036
0.801358015851607
0.800558164861132
0.80010242019294
0.8
0.800255910087541
0.800870916839971
0.801841609985212
0.803160550341536
0.804816495554434
0.806794695013324
0.809077243671235
0.811643483391883
0.814470439721939
0.817533281624935
0.820805791701817
0.824260834739644
0.827870813047821
0.831608097931263
0.835445427780656
0.839356264599174
0.843315102299285
0.847297721757559
0.851281389373191
0.855244997697567
0.859169148545067
0.863036180813036
0.866830146981484
0.870536743878004
0.874143204726096
0.877638160691736
0.881011481052398
0.884254101689656
0.887357851814452
0.890315288649109
0.893119549202752
0.895764227295087
0.898243282634078
0.90055098708178
0.902681911313422
0.904630952968345
0.906393405200912
0.907965062367489
0.909342357537754
0.91052252469901
0.911503777026353
0.912285491501682
0.912868389543523
0.913254703197257
0.91344831684519
0.913454875313953
0.91328185064129
0.912938561548453
0.912436141758635
0.911787455599928
0.91100696171507
0.910110528047705
0.909115203465943
0.908038953308222
0.906900367698971
0.905718352608141
0.90451181427033
0.90329934771373
0.902098939782447
0.90092769620047
0.89980160097847
0.898735314882571
0.897742017858971
0.896833298340684
0.89601909035628
0.895307657415711
0.894705620356601
0.894218024773524
0.893848442383358
0.893599099742521
0.89347102714702
0.893464220313571
0.893577807540918
0.893810215450133
0.894159327054011
0.894622626753238
0.89519732784094
0.895880479157843
0.896669048621269
0.89755998240307
0.898550239513793
0.899636802432661
0.900816665185994
0.902086800911462
0.903444111452448
0.90488536191344
0.906407103386924
0.908005587250543
0.909676674546845
0.911415744011518
0.913217602321201
0.915076400095446
0.916985557111126
0.918937700067845
0.920924616071927
0.922937224773023
0.924965571778435
0.926998845573332
0.929025419679935
0.931032921189518
0.933008326097964
0.934938081076282
0.936808250427775
0.938604686047982
0.940313217244453
0.941919856330267
0.943411015022423
0.944773725901219
0.945995862566887
0.947066351709766
0.947975370129075
0.948714519822913
0.949276974647598
0.949657592713472
0.949852989638069
0.949861568992266
0.949683507711835
0.949320695853612
0.94877663178836
0.948056275668758
0.947165865712962
0.946112703422364
0.944904915229891
0.943551199182189
0.942060566036053
0.94044208455077
0.938704640754888
0.93685672054807
0.934906224175439
0.932860319911866
0.930725342764198
0.928506742203778
0.926209080956365
0.923836084787972
0.921390741124642
0.918875442324262
0.916292167567662
0.913642695735138
0.910928840351702
0.908152696773172
0.905316891281361
0.902424821676695
0.899480879297628
0.896490643136144
0.893461037818126
0.890400448621815
0.887318788350715
0.884227512684339
0.881139582522284
0.87806937373483
0.875032536560839
0.872045808582274
0.86912678669516
0.866293664742215
0.86356494443911
0.860959127894758
0.858494400390287
0.856188312148338
0.854057467612098
0.852117230289333
0.850381450534543
0.848862222780775
0.847569677731891
0.846511813926576
0.845694371925542
0.845120753188377
0.844791984527641
0.844706727881926
0.844861334059288
0.845249938086522
0.845864592873893
0.846695437082344
0.847730892372721
0.848957884634813
0.850362083348061
0.851928152925163
0.853640009743021
0.855481078579575
0.857434542354773
0.859483579420429
0.861611583153823
0.863802359274862
0.866040297111541
0.868310511961818
0.870598956713723
0.872892501955561
0.875178984895516
0.877447228472512
0.879687033034347
0.881889143842159
0.884045198392977
0.88614765810076
0.888189729215246
0.890165277970881
0.892068744839891
0.893895062420378
0.895639580939991
0.897298004626778
0.898866341329246
0.900340866803003
0.901718104072274
0.902994817274272
0.904168018455765
0.905234984964028
0.906193284402898
0.907040803645139
0.907775778131256
0.908396817657692
0.9089029250675
0.909293504695569
0.90956835806791
0.909727665179285
0.909771950634877
0.909702034991344
0.909518972716564
0.90922397924833
0.908818350612469
0.908303379904258
0.907680275592406
0.906950087028143
0.906113642698321
0.905171506627932
0.904123957904067
0.902970997564386
0.901712386087961
0.900347713478621
0.898876502488477
0.897298343952049
0.895613061559187
0.893820901764554
0.891922742993037
0.889920316933611
0.887816433593924
0.885615200980383
0.883322229827177
0.880944813760059
0.878492075665525
0.875975071841638
0.873406846710515
0.870802432431103
0.868178789602383
0.865554687313273
0.86295052298608
0.860388084677364
0.857890260643029
0.855480702945862
0.853183453594057
0.851022543072039
0.849021572100733
0.847203288004195
0.845589167146377
0.844199014541716
0.843050590964721
0.842159276735404
0.841537779905446
0.841195894893687
0.841140315806856
0.841374506823748
0.8418986302079
0.842709530828142
0.843800774579804
0.845162736868839
0.846782736385954
0.84864520877836
0.850731914523808
0.853022175307226
0.85549313345981
0.85812002949495
0.860876493405481
0.863734846106404
0.866666408148289
0.869641813522919
0.872631326974479
0.875605163666767
0.878533810302395
0.881388346821743
0.884140767621853
0.886764300839797
0.889233723668278
0.891525670955317
0.893618933538452
0.895494741939831
0.897137030269878
0.898532674523205
0.899671698967305
0.900547444081729
0.901156689551175
0.901499726184528
0.90158037134103
0.901405923493425
0.900987052926247
0.900337627216415
0.899474472016488
0.898417069686753
0.897187200417009
0.895808532550818
0.894306170778943
0.892706172610712
0.891035044974393
0.889319233863412
0.887584620572268
0.885856038210987
0.884156821827217
0.882508404600897
0.880929971230893
0.879438177851511
0.878046945665192
0.876767333039223
0.875607488185943
0.874572681833871
0.873665416611884
0.872885607319562
0.872230823947737
0.871696587336891
0.871276705795133
0.870963639901236
0.870748882129713
0.870623337869314
0.870577694855824
0.870602768973904
0.870689815749538
0.870830798584782
0.871018606795611
0.871247218707121
0.871511807337926
0.871808788466272
0.872135813017688
0.872491707660119
0.872876369163149
0.873290619415113
0.873736028957054
0.874214717467249
0.874729139817238
0.875281866142258
0.875875363866336
0.876511788849919
0.87719279185203
0.877919345391691
0.878691594928713
0.87950873713234
0.880368926930525
0.881269214083724
0.882205509241642
0.883172578839197
0.88416406777204
0.885172548548699
0.886189595517754
0.887205882774865
0.888211304418715
0.889195115896795
0.89014609521244
0.891052722711097
0.891903377993726
0.892686552199293
0.89339107345287
0.894006342703372
0.894522576504129
0.894931052562662
0.895224353156846
0.895396600843556
0.895443680335511
0.895363440052498
0.895155866716501
0.894823226496657
0.894370166643508
0.893803772288589
0.893133574111121
0.892371503855492
0.891531796170288
0.8906308368666
0.889686959383892
0.888720192924117
0.887751967286824
0.886804780832403
0.885901839150343
0.885066672861432
0.884322743502242
0.883693046611341
0.883199720964402
0.882863672414079
0.88270422002186
0.88273877117913
0.882982531268938
0.883448252189577
0.884146022816924
0.885083103290909
0.886263803929736
0.88768940864809
0.889358142012021
0.891265178516517
0.893402692318404
0.895759945478229
0.898323412728241
0.90107694084736
0.904001940839896
0.907077611232435
0.910281190874217
0.913588239608143
0.916972945038909
0.920408453340123
0.923867221605733
0.927321388668618
0.930743160601048
0.934105206310374
0.937381057792311
0.940545508754696
0.943575004532911
0.946448015541828
0.949145386003977
0.951650649410188
0.953950302149826
0.956034027024998
0.957894858956398
0.959529286103938
0.960937280854666
0.962122256651226
0.963090948410021
0.9638532162605
0.964421774465799
0.964811849591634
0.965040774199608
0.965127524473895
0.965092212166372
0.964955542986792
0.964738254998362
0.96446055164036
0.964141544634218
0.963798722197548
0.963447457667461
0.963100572813326
0.962767968811798
0.962456336094515
0.962168952111142
0.961905573544872
0.961662426756762
0.961432297314841
0.961204716487691
0.960966239659033
0.960700808857865
0.96039018910149
0.960014466109319
0.959552591242701
0.958982958320354
0.958283996289309
0.957434761612902
0.956415514661489
0.955208265325547
0.953797274460176
0.952169499541265
0.950314974978542
0.948227119791345
0.945902967706538
0.943343317083446
0.940552800313033
0.937539874394888
0.934316736198329
0.930899167414461
0.927306315375984
0.923560416753582
0.919686471644071
0.915711875776279
0.911666018519797
0.907579854143782
0.903485453397321
0.899415542030129
0.895403032398754
0.891480553857871
0.887679987256101
0.884032008565564
0.880565646484363
0.877307858757648
0.874283131949587
0.871513109438591
0.869016252467409
0.866807539119895
0.864898206078533
0.863295537905364
0.862002708353497
0.861018677835044
0.860338150631507
0.859951594732287
0.859845326333852
0.860001660042997
0.860399124726941
0.86101274377025
0.861814377266714
0.862773122427202
0.86385576725509
0.865027291359718
0.866251406672603
0.867491129824091
0.868709377049368
0.869869571738685
0.870936254141402
0.871875682290055
0.872656412941647
0.873249851252221
0.873630758021456
0.873777703681697
0.87367345877543
0.873305311480751
0.87266530381694
0.871750379497791
0.870562437997855
0.869108291245455
0.867399521434152
0.865452240716449
0.86328675596115
0.860927144257196
0.858400747357366
0.855737595690628
0.852969774840257
0.850130749391277
0.847254660701695
0.84437561636004
0.841526989781112
0.838740748502749
0.836046829240083
0.83347257661517
0.83104226072108
0.828776686340319
0.826692903785298
0.824804028057039
0.823119169443886
0.82164347493934
0.820378276095038
0.819321335294867
0.818467179092212
0.817807504338622
0.817331640477788
0.817027049689997
0.816879845627923
0.816875311330476
0.816998397547956
0.817234184132332
0.81756828927835
0.81798721414754
0.818478613641814
0.819031487665806
0.81963629096067
0.820284963331041
0.820970885646133
0.821688770208924
0.822434496805313
0.823204907843993
0.823997577385151
0.824810569475818
0.825642201044338
0.826490823678885
0.827354636986206
0.828231543993075
0.829119056340272
0.83001425397607
0.83091380084667
0.831814014874104
0.832710987473842
0.83360074514839
0.834479443433182
0.835343581773464
0.836190226849778
0.837017231483695
0.837823436546403
0.838608844226472
0.839374752522552
0.840123842816495
0.840860214735045
0.841589365091444
0.842318110372983
0.843054454868272
0.843807408979236
0.844586764423022
0.845402834804526
0.84626617136214
0.847187264515796
0.848176242163384
0.849242575491548
0.850394802426499
0.851640277806596
0.852984957983669
0.854433225937476
0.855987761205313
0.857649457075125
0.859417385649074
0.861288809631209
0.863259238092149
0.865322522067528
0.867470984693673
0.869695579698699
0.871986071462323
0.874331229534811
0.876719030456546
0.879136859929214
0.881571708836222
0.884010357267579
0.886439541544003
0.888846100224202
0.891217096184058
0.89353991304025
0.89580232541526
0.897992543765348
0.900099235675701
0.902111526624577
0.904018984187579
0.90581159045241
0.907479708005033
0.909014045196853
0.910405626483774
0.911645773426065
0.912726101449119
0.913638536698977
0.914375356306749
0.914929254140816
0.915293432726388
0.91546172051131
0.915428712126462
0.915189927805108
0.914741986765601
0.914082788199815
0.913211692611651
0.912129695669824
0.910839586515319
0.909346082616607
0.907655933795268
0.905777988931522
0.903723220064278
0.901504700067855
0.899137531747595
0.896638727969592
0.89402704424089
0.891322766900697
0.88854746169007
0.885723688865739
0.882874692154801
0.880024069668284
0.87719543537784
0.874412079904131
0.871696639178498
0.869070779047961
0.866554903137593
0.864167890314295
0.861926866968709
0.859847018107047
0.85794143998022
0.856221035727697
0.854694454324533
0.853368072029153
0.852246014563551
0.851330217432553
0.850620521110484
0.850114797289085
0.849809101979711
0.849697850981186
0.849774013045049
0.850029315975536
0.850454460877528
0.851039339800851
0.851773252117357
0.852645115106898
0.85364366442322
0.854757640368385
0.855975956234542
0.857287845385106
0.858682984252778
0.860151589034868
0.861684484567233
0.863273144650231
0.864909703968835
0.86658694267196
0.868298245622716
0.870037539264595
0.871799209926558
0.873578008167749
0.875368944395416
0.877167181435531
0.878967929958454
0.880766352634268
0.882557482597202
0.884336161232257
0.88609699946937
0.887834365705756
0.889542402213197
0.891215070474781
0.89284622439572
0.894429708814251
0.895959479274344
0.897429737686147
0.898835077363962
0.900170630059783
0.901432207057598
0.902616426201436
0.903720816924521
0.904743895936822
0.905685207204319
0.906545321187948
0.907325789958244
0.908029056702053
0.908658320215698
0.909217357149013
0.909710306934024
0.910141426404432
0.910514822991623
0.910834176978387
0.911102464520001
0.911321693932986
0.911492668049154
0.911614785199062
0.911685890607246
0.911702188655944
0.911658224630721
0.911546942249044
0.911359820561081
0.911087090789772
0.910718030450501
0.910241328778917
0.909645514227624
0.908919431702787
0.908052754434316
0.907036513037055
0.905863622543565
0.904529387073482
0.903031961430868
0.901372749344
0.89955671930669
0.897592621038717
0.895493088413038
0.893274618222682
0.890957418270426
0.88856512281936
0.886124378275969
0.883664306903443
0.88121586118316
0.878811085954052
0.876482309465662
0.874261287798086
0.872178329571485
0.870261429362366
0.868535438675631
0.867021302647696
0.865735388882461
0.864688932003869
0.863887613749528
0.863331293877109
0.863013901994244
0.862923494868135
0.863042478056545
0.863347985068284
0.863812401945201
0.864404020379075
0.865087798428165
0.865826204735064
0.86658011998087
0.867309768202002
0.867975650555052
0.868539455100784
0.86896491810233
0.869218615065405
0.869270663127695
0.869095320245914
0.868671470735697
0.867982990894969
0.86701899249911
0.865773945729955
0.864247686452121
0.862445315575071
0.860377000470719
0.858057690025486
0.855506755900579
0.852747572995574
0.849807052026316
0.846715136627043
0.843504276569126
0.840208887660313
0.8368648077506
0.833508757115936
0.83017781039515
0.82690888627574
0.823738260295654
0.820701105464221
0.817831064898404
0.815159860295223
0.812716939778186
0.810529168416535
0.808620564468683
0.807012084094404
0.805721456869293
0.804763073885178
0.80414792951049
0.803883617009572
0.803974377190581
0.804421198094894
0.805221962498387
0.806371638720224
0.807862508989974
0.80968442847615
0.811825107095934
0.814270405470767
0.81700463592127
0.82001085925174
0.823271168288524
0.826766949720212
0.830479116734598
0.834388306232726
0.838475035980848
0.842719818876902
0.84710323348531
0.851605952047814
0.856208729217424
0.860892356693582
0.865637590668138
0.870425060439235
0.875235167640832
0.880047986211598
0.884843173448854
0.889599902242492
0.894296823863412
0.898912069515978
0.903423297300232
0.907807789331649
0.912042601614266
0.916104766948845
0.919971548780309
0.923620741549238
0.9270310109094
0.930182265198443
0.933056047882121
0.935635939398746
0.937907955957801
0.93986093242364
0.941486876451215
0.94278128152657
0.943743387473358
0.94437637827623
0.944687508688322
0.944688152970391
0.944393771184783
0.943823790667646
0.943001402557788
0.941953275503666
0.940709190840177
0.939301605569831
0.937765151351688
0.93613607935718
0.934451662262867
0.932749565791631
0.931067203066904
0.929441085595724
0.927906184936439
0.926495319030629
0.92523857678463
0.924162793776476
0.923291090945851
0.922642486809734
0.922231592152889
0.922068394295324
0.922158135971387
0.922501291608864
0.923093641421711
0.923926441285624
0.92498668391771
0.926257444502209
0.927718301669122
0.929345822718164
0.931114100260628
0.932995326094368
0.934960387190383
0.936979468198454
0.939022644902743
0.941060453586296
0.943064422285823
0.945007551403642
0.946864733040596
0.948613100651327
0.950232303114588
0.951704699956781
0.953015477159213
0.954152685608394
0.955107206706499
0.955872651846587
0.95644520428828
0.956823413376358
0.957007951980624
0.957001348477758
0.956807704547171
0.956432409540097
0.955881861254
0.955163201672247
0.954284074696486
0.953252411200865
0.952076244972038
0.95076356136394
0.949322178881292
0.94775966248765
0.9460832662728
0.944299902250435
0.942416131509039
0.940438173703475
0.938371930928184
0.936223022313711
0.933996826180689
0.931698527204548
0.929333166720538
0.926905694963795
0.924421024630591
0.921884085612286
0.91929988105446
0.916673545007743
0.914010401858796
0.911316027471475
0.908596311556555
0.90585752026367
0.903106357401097
0.900350022092856
0.897596260135149
0.894853405869168
0.892130411092252
0.889436857421669
0.886782948630413
0.884179479803965
0.881637780718533
0.879169631598638
0.876787150346281
0.874502651406255
0.872328477595019
0.870276807421713
0.868359441614386
0.866587573678184
0.864971550303889
0.863520628268838
0.862242735089187
0.861144241062156
0.86022975045827
0.859501919474969
0.858961308142661
0.858606272689674
0.858432903940358
0.858435016165259
0.858604189456159
0.858929867200287
0.85939950862132
0.859998794688226
0.860711884018119
0.861521713769318
0.862410338989339
0.863359302501775
0.86435002623522
0.865364213960946
0.866384254751883
0.867393616133329
0.86837721588575
0.869321761791328
0.8702160492861
0.871051207974359
0.871820889255195
0.872521388865528
0.873151699912664
0.873713493897296
0.874211029253953
0.874650988995856
0.875042251079624
0.875395597038821
0.875723366214634
0.876039064484032
0.876356937705897
0.876691521138452
0.877057176801822
0.877467631153142
0.877935525503867
0.878471991344994
0.87908626216931
0.879785332511394
0.880573673792479
0.881453015189612
0.882422196181214
0.883477095690688
0.88461064089433
0.88581289681821
0.887071235860528
0.888370584381058
0.889693741538023
0.89102176366571
0.892334405714458
0.893610609659275
0.894829028364959
0.895968572213724
0.897008964893321
0.897931294143493
0.898718542995453
0.899356087135759
0.899832144497267
0.900138164031374
0.900269141842327
0.900223854449658
0.900005000860265
0.899619247337357
0.899077171197954
0.898393102592604
0.89758486595047
0.896673425533987
0.895682442259344
0.894637751520976
0.893566774129555
0.892497874558076
0.891459682420277
0.890480394420286
0.889587074863791
0.888804973174372
0.888156876693689
0.887662516356444
0.887338041631832
0.887195579439906
0.887242889626646
0.887483127072527
0.887914717685758
0.888531352473654
0.889322100682695
0.890271639744433
0.891360596557818
0.892565991575773
0.893861774338337
0.895219436592898
0.896608687040813
0.897998170113113
0.899356210055363
0.900651561025555
0.901854143893749
0.902935750974054
0.903870700996279
0.904636428196347
0.905213991415926
0.905588491483223
0.905749387818488
0.905690708081073
0.905411147657365
0.90491405878657
0.904207332042521
0.903303175648272
0.902217800618046
0.90097102193092
0.89958578778757
0.898087650444583
0.896504193134151
0.894864428149041
0.893198181306974
0.891535477721946
0.889905943132182
0.888338234005685
0.886859508314028
0.885494947289165
0.884267336717027
0.883196714438142
0.88230008878164
0.881591230714666
0.881080540599722
0.880774988666803
0.880678126666866
0.880790166710883
0.881108122038055
0.881626003412103
0.882335064021253
0.883224085153275
0.884279694522328
0.885486708925179
0.886828492882548
0.888287325057535
0.889844764517602
0.891482009301495
0.893180240252121
0.894920943668636
0.896686207006681
0.898458982609032
0.900223315275722
0.901964530379943
0.903669380199526
0.90532614715711
0.906924703734421
0.908456529931274
0.9099146902554
0.911293773325768
0.912589798214312
0.913800092598425
0.914923148605822
0.91595846286034
0.916906367640725
0.917767860208927
0.918544437224
0.919237940718612
0.919850421378809
0.920384023851894
0.920840897547419
0.921223134944151
0.92153273783877
0.921771610348753
0.9219415758998
0.922044413977236
0.922081911189111
0.922055920255942
0.921968419974539
0.921821569048991
0.921617746966104
0.921359575815676
0.92104991809207
0.920691847010719
0.920288587656019
0.919843429250139
0.919359610885267
0.918840185076148
0.918287865344911
0.917704865631616
0.91709274052949
0.916452236090594
0.915783161176849
0.9150842890125
0.914353297726934
0.913586757291617
0.912780168411401
0.911928056713734
0.911024123095915
0.910061448461745
0.909032748434575
0.907930671104534
0.906748128578537
0.905478651164783
0.904116751533054
0.90265828521964
0.901100793437042
0.899443814322364
0.897689149506126
0.895841074170833
0.89390648053918
0.891894946908741
0.889818726842479
0.887692655831278
0.885533975559892
0.883362078724684
0.881198180067965
0.879064921814601
0.876985923937842
0.874985291571631
0.873087093369149
0.871314825640435
0.869690877659315
0.868236013600884
0.866968886158993
0.865905596016398
0.865059310028863
0.864439949280814
0.864053956126908
0.863904147013081
0.863989655342226
0.864305965989618
0.864845040362407
0.865595528219053
0.86654305990226
0.867670610274311
0.868958923553754
0.870386986506835
0.8719325361055
0.873572586873406
0.875283962734277
0.877043818268771
0.878830134874267
0.880622178385662
0.882400906215079
0.884149313947787
