0.948105722187206
0.947063999432174
0.946000715228154
0.944929354049396
0.943862166532356
0.942809984088729
0.941782104960556
0.940786252986675
0.939828607252616
0.93891389782335
0.938045560030855
0.937225937414578
0.936456521484512
0.935738215066737
0.935071605151181
0.934457230920012
0.933895832997848
0.933388570914575
0.932937197268344
0.932544179060034
0.932212759062351
0.931946952791893
0.931751479563195
0.931631629102791
0.931593068166031
0.931641594406032
0.931782847272446
0.932021987855734
0.932363361241503
0.932810156018192
0.933364076030974
0.934025039262065
0.934790917838081
0.935657331644197
0.936617505918945
0.937662200598036
0.938779716183026
0.93995597766569
0.941174694692965
0.942417592871486
0.943664708047796
0.944894732716298
0.946085401542656
0.947213901462794
0.948257291013367
0.949192913518368
0.949998789507822
0.950653975245191
0.951138876415214
0.951435508759779
0.951527700598591
0.951401235560496
0.951043937289963
0.950445701184511
0.949598481170624
0.94849624196143
0.947134889008861
0.945512189351475
0.943627696694551
0.941482693317285
0.939080159809049
0.936424781268183
0.933522995574743
0.930383085835017
0.927015315284123
0.9234320990388
0.919648203339794
0.915680959533923
0.911550477226004
0.907279838960032
0.902895257609563
0.898426177466509
0.893905300861788
0.889368524023147
0.884854768713687
0.88040569988725
0.876065323986595
0.871879467402701
0.867895139786951
0.8641597921243
0.860720484492867
0.857622983019258
0.854910809474049
0.852624270052317
0.850799492001793
0.849467497792423
0.848653346410881
0.848375370107331
0.848644532564943
0.849463931097734
0.850828461243958
0.852724657180503
0.855130715936142
0.858016707643798
0.861344968268966
0.865070665606747
0.869142524067102
0.873503689061446
0.878092707831205
0.882844600455295
0.887691992635158
0.892566280738507
0.897398799499097
0.902121963690157
0.906670356944169
0.910981743575754
0.914997982641191
0.918665827377122
0.921937597425613
0.924771715688357
0.927133106075522
0.928993452650052
0.930331324558633
0.931132174552888
0.931388221735132
0.931098231342552
0.93026720587798
0.928906002706499
0.927030893400894
0.924663079701358
0.921828180046671
0.918555699343765
0.914878493089078
0.910832235259397
0.906454897667714
0.901786246833754
0.896867362933732
0.891740184130771
0.886447078581916
0.881030445679326
0.875532347596486
0.869994171938067
0.864456326180289
0.858957964572082
0.853536748176462
0.848228638698749
0.843067726614896
0.838086093834462
0.833313710682339
0.82877836635594
0.82450563122669
0.820518848443842
0.816839151320691
0.813485502007813
0.810474746063552
0.807821676799232
0.80553910278232
0.803637911691072
0.802127123879211
0.801013929557978
0.800303704440607
0.8
0.800104506117716
0.800616985780854
0.8015351835222
0.802854711391785
0.804568918278937
0.806668750254427
0.809142611158305
0.811976233817721
0.815152572955396
0.818651730981951
0.822450927419866
0.826524521679679
0.830844097327568
0.835378613905602
0.840094629877453
0.844956597482731
0.849927227320082
0.85496791748197
0.860039239176171
0.865101468130676
0.870115148819201
0.875041676775707
0.879843883076444
0.884486604517137
0.888937223130209
0.893166159468778
0.897147305495411
0.900858384888997
0.904281231031479
0.907401975745448
0.91021114489667
0.912703660117303
0.914878749009329
0.916739769122556
0.918293953648232
0.919552089025545
0.920528136443347
0.921238810476681
0.921703128796558
0.921941947027276
0.921977492418884
0.921832909096221
0.921531826303022
0.921097959358131
0.920554751070247
0.919925059214223
0.919230893453816
0.918493202899275
0.917731713403422
0.916964811807874
0.916209472720831
0.915481222094414
0.914794130912725
0.914160831725216
0.913592550571326
0.913099147033319
0.912689155701885
0.912369823206538
0.912147136101409
0.912025836247867
0.912009421831709
0.912100133721974
0.912298928445586
0.912605440541312
0.913017938394907
0.913533278777131
0.914146866148111
0.914852623306444
0.915642980114065
0.916508886797888
0.91743985771302
0.918424050464084
0.919448383953032
0.920498697303352
0.921559949767319
0.922616459734677
0.923652178918025
0.924650995790181
0.92559706049219
0.926475121816362
0.927270865588589
0.927971242908808
0.928564776321797
0.92904183212688
0.929394847715047
0.929618504040787
0.929709835062373
0.929668268160977
0.929495592094303
0.929195851851304
0.928775172731142
0.928241518940149
0.927604394848085
0.926874499633394
0.926063348248333
0.925182873335147
0.924245023830837
0.923261376442951
0.922242775924488
0.921199019116493
0.92013859608959
0.919068499459879
0.917994110169699
0.916919164825046
0.915845806204769
0.914774714952529
0.913705316888484
0.912636056991277
0.911564728052355
0.910488839429298
0.909406009337754
0.908314362811526
0.907212916886725
0.906101934755645
0.904983231583507
0.903860416348335
0.902739056383123
0.901626754175762
0.900533129299713
0.899469701974521
0.898449678546992
0.897487642993741
0.896599162228387
0.895800316413932
0.895107168507441
0.894535189792087
0.894098660093345
0.893810062667583
0.893679494353038
0.893714111471192
0.893917631171833
0.894289906462222
0.894826591106108
0.895518907997107
0.896353531594285
0.897312591658835
0.898373801961085
0.899510713952581
0.900693091734797
0.901887401116894
0.903057402245497
0.904164832304937
0.905170162209254
0.906033409104459
0.906714984921542
0.907176560200248
0.907381921955537
0.907297804480574
0.906894672653111
0.906147438502854
0.905036093459511
0.90354624077809
0.901669515065023
0.899403878535829
0.896753786549175
0.893730218009426
0.890350569337267
0.886638413805465
0.882623131057996
0.878339414513917
0.873826667046113
0.869128297768678
0.864290934920026
0.859363571652791
0.854396663002614
0.849441193378813
0.844547734579382
0.839765514566259
0.83514151703654
0.830719631191394
0.826539870044515
0.822637674142752
0.819043315718307
0.815781416089165
0.812870586615625
0.81032320075796
0.808145301823077
0.806336647902969
0.804890892366217
0.803795895140588
0.803034156996042
0.802583366178426
0.802417044126866
0.802505274699413
0.802815499391111
0.803313359506998
0.803963565189065
0.804730770618888
0.805580434641644
0.80647964648474
0.807397897164598
0.808307778564954
0.809185593994278
0.81001186624294
0.810771731707468
0.811455211966747
0.812057357214357
0.812578259098897
0.813022933724002
0.81340107873469
0.813726711490498
0.814017698224371
0.814295186739719
0.814582957541443
0.814906710272252
0.815293303883091
0.815769970064996
0.816363520078534
0.817099565216516
0.818001770718294
0.819091162024888
0.820385500841587
0.821898746590272
0.823640616532423
0.825616255183319
0.82782602068786
0.83026539266883
0.832925002777755
0.8357907858716
0.83884424650334
0.842062832349088
0.845420403393612
0.848887783247447
0.852433376949565
0.856023838082958
0.859624767043276
0.863201421880385
0.866719423286852
0.870145436022197
0.873447810303065
0.876597168403988
0.879566923830578
0.882333722862807
0.884877800926031
0.887183249031319
0.889238188332517
0.891034853576109
0.892569588778832
0.893842760775129
0.894858598262973
0.895624965589038
0.89615308171593
0.896457195585853
0.896554229434221
0.896463401526821
0.896205839323075
0.895804193246161
0.895282260118612
0.894664623958051
0.893976320285661
0.893242528446918
0.89248829474814
0.891738287540689
0.891016583801714
0.890346485326148
0.889750361413385
0.88924951395021
0.888864060096609
0.888612827400352
0.888513256114934
0.888581303776222
0.888831347694621
0.889276081916124
0.889926406357293
0.890791307172383
0.891877728899482
0.893190440480466
0.894731898773447
0.896502114589124
0.898498527497964
0.900715896592496
0.903146214977749
0.905778655947326
0.908599558546185
0.91159245950964
0.914738177411853
0.918014953291685
0.921398650109756
0.924863011210556
0.928379975618723
0.931920045603788
0.935452699624612
0.938946841635306
0.942371275913828
0.945695195163962
0.948888668722359
0.951923117331161
0.954771761141269
0.957410028389307
0.959815913510276
0.961970275247301
0.963857067514797
0.965463498257543
0.966780114208254
0.96780081215638
0.968522779977812
0.968946373122516
0.969074934411249
0.968914566767073
0.968473869836866
0.967763652299206
0.966796631987936
0.96558713578741
0.964150810598297
0.962504355571867
0.960665284320324
0.958651723996612
0.956482256072796
0.954175801410328
0.951751549889765
0.949228932534147
0.946627631800994
0.943967623612843
0.941269242822646
0.938553262241766
0.935840974163203
0.933154262552644
0.930515653807782
0.927948334242934
0.92547612326776
0.923123392604166
0.920914923811456
0.918875698830023
0.917030621146028
0.915404168434868
0.914019981045276
0.912900394300881
0.912065926164939
0.911534735166756
0.911322066449292
0.911439706194404
0.911895466355457
0.912692722440129
0.913830026934507
0.915300819779169
0.917093255082065
0.91919016001648
0.921569137693275
0.924202820854769
0.927059277700403
0.930102565248977
0.93329341962589
0.936590066811019
0.939949131972001
0.943326620806016
0.94667894256254
0.949963941822779
0.953141904820533
0.956176506195842
0.959035663602615
0.961692270501185
0.964124781645375
0.966317631047408
0.968261468344466
0.969953206226589
0.971395878616041
0.972598316298937
0.973574653388238
0.974343684049407
0.974928094085018
0.97535359603764
0.975647999273157
0.975840247954362
0.975959459879765
0.976033997884517
0.976090602982028
0.976153614825643
0.97624430059535
0.976380308305187
0.976575255043899
0.976838455072242
0.97717478726546
0.977584696348695
0.978064317934255
0.978605713699097
0.97919720025732
0.979823753452558
0.980467468933569
0.981108059947033
0.981723374203198
0.982289913322616
0.982783340605617
0.983178965510524
0.983452196101973
0.983578953658023
0.983536046435102
0.983301502133517
0.982854860759287
0.982177431248109
0.981252516346345
0.980065610810038
0.978604577998974
0.976859809454081
0.974824371126032
0.972494138666612
0.969867922713437
0.966947583513112
0.963738132659272
0.960247818285895
0.956488188856673
0.952474129814127
0.948223866862182
0.943758929592779
0.939104069544675
0.934287127588538
0.929338846730426
0.924292627957367
0.919184228538463
0.914051404153874
0.908933498255879
0.90387098407247
0.898904966548924
0.89407665319923
0.889426804231532
0.884995173360157
0.880819951378977
0.87693722482351
0.873380461887864
0.870180037200831
0.867362806132786
0.864951738044801
0.86296561635719
0.861418811567877
0.860321131456456
0.859677750733923
0.859489220404972
0.859751555159852
0.860456395260522
0.861591237678701
0.863139729721428
0.865082017074923
0.867395137134607
0.87005344768539
0.873029080462782
0.876292408866944
0.879812519117966
0.883557674426169
0.887495762295795
0.891594715869346
0.89582290123367
0.900149463823241
0.904544628441914
0.9089799489474
0.913428505263812
0.917865047063038
0.92226608513794
0.926609933128552
0.930876703804211
0.935048265497199
0.939108165475962
0.943041527990941
0.946834935382078
0.950476300970577
0.953954742444963
0.95726046408135
0.960384655411464
0.963319412885251
0.966057689698229
0.968593277311852
0.970920820346576
0.973035864542305
0.974934935439808
0.976615643426508
0.978076808901645
0.979318599639677
0.980342671053235
0.981152299055927
0.981752494666348
0.982150089427087
0.982353781166382
0.982374130613371
0.982223500875126
0.981915933755279
0.981466959276605
0.980893337478387
0.98021273448926
0.979443337908237
0.978603419531071
0.977710856301791
0.976782622917638
0.975834271644977
0.974879416503398
0.973929239954522
0.97299204052465
0.972072839359048
0.971173062543666
0.970290314163067
0.969418252548404
0.968546579092643
0.967661145484077
0.966744181366172
0.965774640419383
0.964728658834243
0.963580116260924
0.962301285728661
0.96086355586591
0.959238206137067
0.957397213838371
0.955314070331222
0.952964583473135
0.950327643442158
0.947385930117931
0.944126541832612
0.940541527564808
0.936628307427499
0.932389969490048
0.927835434459116
0.922979483404142
0.917842647431343
0.912450961873134
0.9068355910637
0.901032333024594
0.895081016309297
0.889024803790358
0.882909420270141
0.8767823224245
0.870691830729774
0.864686243671863
0.858812954697107
0.853117592052887
0.84764320090334
0.842429485921127
0.837512130983365
0.832922210677277
0.828685706091061
0.82482313487443
0.821349302851307
0.818273181608322
0.815597913524814
0.813320942714374
0.811434267379127
0.80992480620275
0.808774868694981
0.80796271691684
0.807463203828055
0.807248471667927
0.80728869236352
0.807552831001274
0.808009412935657
0.808627275163765
0.80937628317599
0.810227995591705
0.811156260480994
0.812137729317457
0.81315227694639
0.814183318715964
0.815218018923348
0.816247387880648
0.817266268108593
0.818273213318477
0.81927026684539
0.820262648954179
0.821258364868234
0.822267747396527
0.82330294959717
0.824377403973555
0.825505265227124
0.826700853582507
0.827978115167765
0.829350114903532
0.8308285758742
0.832423477279625
0.834142720865944
0.835991873285896
0.83797398922513
0.84008951743662
0.842336289135712
0.844709585606565
0.847202279435004
0.849805041584876
0.852506604638399
0.855294070979544
0.858153253556196
0.861069036142996
0.864025739760994
0.86700748209827
0.869998517409719
0.87298354543308
0.875947979307624
0.87887816427454
0.881761541015124
0.884586749774973
0.887343673851542
0.890023423503896
0.892618263788916
0.89512149214784
0.897527273673491
0.899830443799694
0.902026289596913
0.904110321870353
0.906078050791795
0.907924777824033
0.909645416205722
0.911234351262878
0.912685350329508
0.913991530141476
0.915145387280334
0.916138894669047
0.916963664353589
0.917611173947606
0.918073051281223
0.918341409090983
0.918409219124212
0.918270712909045
0.917921794751015
0.91736045133368
0.916587141681154
0.915605151221004
0.914420894280539
0.913044150548374
0.911488222803171
0.909770005496778
0.907909956503069
0.905931967411828
0.903863131049827
0.901733408329031
0.899575199929342
0.897422831594546
0.89531196483376
0.893278947465114
0.891360120616277
0.889591100428845
0.888006053743553
0.886636987437343
0.885513070833703
0.884660009731196
0.884099489132566
0.883848699770475
0.883919961095902
0.88432045061576
0.885052046440647
0.88611128673954
0.887489446602853
0.889172729690669
0.891142569082243
0.893376029027118
0.895846296893913
0.898523252571134
0.901374100930372
0.904364051735889
0.907457030581771
0.91061640405271
0.913805702320998
0.916989322787477
0.920133199119125
0.923205421099014
0.926176792051462
0.92902131220183
0.931716578141286
0.934244090556669
0.9365894645181
0.938742538854993
0.940697383455608
0.942452205654899
0.944009159186594
0.945374061421959
0.946556026751808
0.947567025941116
0.948421383048833
0.949135223012889
0.94972588420968
0.95021131117196
0.950609443160171
0.950937614409875
0.951211981612472
0.951446993529027
0.95165491659987
0.95184542901873
0.952025294022091
0.952198121143711
0.95236422194939
0.952520564352283
0.952660827072508
0.952775553207072
0.952852399278787
0.952876473597485
0.952830755353706
0.952696583632952
0.952454203543423
0.952083354945225
0.951563887903409
0.950876388005779
0.950002794128253
0.948926991127664
0.947635360318071
0.946117271454664
0.944365501310377
0.942376565770645
0.940150954662256
0.93769326122649
0.935012201180723
0.932120519605018
0.929034787343447
0.925775092112794
0.92236463294231
0.918829229800117
0.915196763166739
0.911496560771852
0.907758750606043
0.904013600562488
0.900290865584991
0.896619162958236
0.893025395364924
0.889534239578379
0.886167716218161
0.882944852962885
0.879881450110449
0.876989953546554
0.874279436189879
0.871755684997278
0.869421386805797
0.86727640282191
0.865318118586816
0.863541853869371
0.861941315253826
0.860509073251108
0.859237045585447
0.858116968870609
0.857140842134513
0.856301327489049
0.855592095560162
0.855008105960654
0.854545815964432
0.854203313484826
0.85398037333721
0.853878438458194
0.853900530161157
0.85405109355701
0.854335785912788
0.854761216939661
0.855334650802524
0.856063680054461
0.856955881767545
0.85801846591533
0.859257925626235
0.860679698334869
0.862287846168192
0.864084763162556
0.866070916149743
0.868244625392903
0.870601890299075
0.873136264771931
0.875838785973656
0.878697959408746
0.881699802293497
0.884827946104869
0.888063797991737
0.891386759373765
0.894774498558148
0.898203272601026
0.901648291975756
0.905084119950068
0.908485096998183
0.911825779172904
0.915081378231136
0.918228190537286
0.92124400144622
0.92410845205883
0.926803355994383
0.929312955152984
0.931624105335874
0.933726385005186
0.935612123319686
0.937276346770195
0.938716647122599
0.939932976802838
0.940927381159655
0.941703680046529
0.942267113709391
0.942623969901866
0.942781210350069
0.942746115061359
0.942525962462008
0.942127761946337
0.941558053159014
0.940822783292614
0.9399272699865
0.938876253220749
0.937674035100831
0.936324701837319
0.934832417763744
0.933201777128521
0.931438195856101
0.929548322688132
0.927540447244642
0.925424881703825
0.923214293054246
0.920923964239877
0.918571964956184
0.916179216271036
0.913769437493963
0.911368968614585
0.909006466954632
0.906712482182858
0.904518919272
0.902458404076547
0.900563570738975
0.898866293876317
0.897396891282473
0.896183324575234
0.895250425744803
0.894619176903775
0.894306068736103
0.894322560288331
0.894674658984115
0.895362635257602
0.896380881208751
0.897717917419445
0.899356546774938
0.901274149046351
0.903443105323623
0.905831337332618
0.908402943375092
0.911118910202294
0.913937878630382
0.916816940139175
0.919712442028763
0.922580779863987
0.925379157802179
0.928066299836234
0.93060309783701
0.932953185383043
0.935083429560242
0.936964336049285
0.938570365761241
0.939880163924007
0.940876704782131
0.941547356898831
0.94188387541876
0.941882328568075
0.941542966163255
0.940870038020058
0.939871569961371
0.938559104688736
0.936947414181375
0.935054189591456
0.932899713881518
0.930506521756682
0.927899050825328
0.925103287409271
0.922146410035979
0.919056433386132
0.915861855333174
0.91259130968099
0.909273227257926
0.905935508131523
0.902605207838168
0.899308240644953
0.896069102949572
0.8929106199542
0.889853718702411
0.886917230431997
0.884117724964725
0.881469379526922
0.87898388397773
0.876670383925619
0.874535462652244
0.872583162152843
0.870815042961939
0.869230281780457
0.867825805272733
0.866596457775019
0.865535200064353
0.864633335789003
0.863880761667317
0.863266237126527
0.862777668680728
0.862402404040101
0.862127530703173
0.861940173611812
0.861827786346835
0.861778430313635
0.86178103641654
0.861825643853757
0.861903610889037
0.86200779277973
0.86213268247215
0.862274510221455
0.862431298960223
0.862602873029948
0.862790818800719
0.862998396729175
0.863230405529724
0.863493000338698
0.863793468008412
0.864139963944336
0.864541216154445
0.86500620337164
0.86554381519147
0.866162503091296
0.866869931917935
0.86767264190725
0.868575731495616
0.869582571072656
0.870694557389993
0.871910917576439
0.873228570622692
0.874642052807557
0.876143511874769
0.877722772877889
0.879367476544301
0.881063288830283
0.882794178116353
0.884542754298669
0.886290661942808
0.888019017754755
0.889708880960432
0.891341743833908
0.892900028631247
0.894367576616633
0.8957301147425
0.896975685883765
0.898095029330544
0.899081899499964
0.899933312505309
0.900649712272785
0.901235050260072
0.901696775430072
0.902045733879785
0.902295980321098
0.902464506355526
0.902570893075584
0.902636897861795
0.902685987234822
0.902742829187581
0.90283275950004
0.902981237087325
0.903213303430215
0.903553060590903
0.904023181255514
0.90464446272119
0.90543543483393
0.906412029675166
0.90758731839493
0.908971318108625
0.910570869325804
0.912389582070475
0.914427846780313
0.916682904317732
0.919148968050051
0.921817389997162
0.924676862517162
0.927713646893491
0.930911820468965
0.934253534591376
0.937719276525737
0.941288129573104
0.944938026834279
0.948645995287716
0.952388388040051
0.956141103689714
0.959879792667716
0.963580051148962
0.967217603642946
0.970768475671372
0.974209158034009
0.977516764077302
0.98066918114692
0.983645217065699
0.986424742074885
0.988988826250998
0.991319872001051
0.993401740876756
0.995219873657643
0.99676140244857
0.99801525342499
0.998972238837499
0.999625136946251
0.99996875868144
1
0.999717879111666
0.999123557960376
0.99822034755289
0.997013696911822
0.995511165586011
0.99372237977284
0.991658972195271
0.989334505935993
0.986764382470673
0.983965734173434
0.980957301603073
0.977759295931599
0.974393246959583
0.970881837285787
0.967248723368655
0.963518344437555
0.959715720480888
0.955866240850164
0.951995445363159
0.948128800150156
0.94429147084639
0.940508096069584
0.936802564411078
0.933197798389416
0.929715548944796
0.926376204072894
0.923198615093116
0.920199943810923
0.917395533465121
0.91479880585488
0.912421186431664
0.910272058439428
0.908358746420521
0.906686528607846
0.905258676933
0.904076522633424
0.903139544776157
0.902445478465296
0.901990439092304
0.901769058742707
0.901774630799754
0.901999258885079
0.902434006537501
0.903069044432973
0.90389379246174
0.904897054566696
0.906067144869363
0.907392004225316
0.908859306919525
0.910456557699275
0.91217117972065
0.913990594236253
0.915902292969833
0.917893904111989
0.919953252745012
0.922068416288542
0.924227775282522
0.926420059526133
0.928634389308286
0.930860311232718
0.933087827989436
0.935307421377497
0.937510067955458
0.939687246887947
0.941830939861107
0.943933623336632
0.945988253875141
0.947988247748541
0.949927456537598
0.951800140833249
0.953600944488554
0.955324872067785
0.956967272182872
0.958523829278382
0.959990566118562
0.96136385875022
0.962640465081542
0.963817567458238
0.964892828772916
0.965864460755758
0.966731302213383
0.967492904157661
0.968149618045095
0.968702682773136
0.969154305688319
0.969507732679318
0.969767302472275
0.96993848052159
0.970027868390938
0.970043185230249
0.96999321884887
0.969887744928886
0.969737414075149
0.969553607614859
0.969348264291871
0.969133681201141
0.968922293429654
0.968726437867618
0.968558107487622
0.968428703025217
0.968348789403784
0.968327864408726
0.968374147017607
0.968494392429153
0.968693740208492
0.968975601091167
0.969341586885283
0.969791486609419
0.970323290541372
0.970933262274804
0.971616057239238
0.972364884490791
0.973171706987277
0.974027474084298
0.974922378690383
0.975846130457763
0.976788235613683
0.977738273599253
0.978686160611759
0.979622390461371
0.980538243858269
0.981425958328773
0.982278852389024
0.983091399335483
0.983859247980248
0.984579189789942
0.985249074092611
0.985867675203974
0.986434517395695
0.986949665489488
0.98741349042363
0.987826420326143
0.988188688380248
0.988500089040495
0.988759753931817
0.988965958041617
0.989115965623284
0.989205923617758
0.989230808437798
0.989184429734716
0.989059492379848
0.988847715451087
0.988540004629092
0.988126672185707
0.987597696787171
0.98694301372194
0.98615282496403
0.985217917743713
0.984129980040654
0.982881901639401
0.981468050069497
0.979884511847583
0.978129290884146
0.976202457636559
0.974106244497258
0.971845084911586
0.969425595734989
0.966856504280163
0.964148523297094
0.961314178710598
0.958367596263672
0.955324254248914
0.952200710238366
0.949014310143161
0.945782888060078
0.942524465214844
0.939256955922375
0.935997887887576
0.932764143405024
0.929571727120059
0.926435565023966
0.92336933830567
0.920385354601318
0.917494458097398
0.914705978875051
0.91202772085277
0.909465986709499
0.907025637267086
0.904710181996272
0.90252189660048
0.900461963042608
0.89853062692781
0.896727366854193
0.895051070205362
0.893500209891944
0.892073016756249
0.890767642731285
0.889582310381259
0.888515445126014
0.88756578723965
0.886732481579573
0.886015143906638
0.885413903556446
0.884929423071691
0.884562896162896
0.884316025991668
0.884190986235945
0.884190367679562
0.88431711315937
0.884574443605519
0.88496577764041
0.885494646787828
0.88616460782455
0.886979153229505
0.887941620101919
0.88905509738319
0.890322330777935
0.891745624472098
0.893326738624838
0.895066781688217
0.896966096892123
0.899024142713518
0.901239367805761
0.9036090816578
0.906129323134859
0.908794729963187
0.911598413097414
0.914531840685104
0.917584736957089
0.920745001769656
0.923998656661958
0.927329823139651
0.930720738440422
0.934151813282629
0.937601735065933
0.941047618719828
0.944465205933589
0.947829111911647
0.951113117151347
0.954290500108468
0.957334405071942
0.960218238180437
0.962916083338916
0.965403128881041
0.967656095207721
0.969653653333287
0.971376824293632
0.972809349705886
0.97393802439457
0.974752982881538
0.975247932635025
0.975420328239884
0.975271482037173
0.974806608237377
0.974034798991076
0.972968932361707
0.971625513551114
0.970024452050558
0.968188778605527
0.966144306976493
0.963919246440144
0.961543771801895
0.959049558379592
0.956469289971553
0.953836148241783
0.95118329224395
0.948543336965317
0.945947839803358
0.943426803791013
0.941008206160758
0.938717560481732
0.936577520117694
0.93460753013712
0.932823534063393
0.931237740988138
0.929858457593153
0.92868998854831
0.927732607589749
0.926982600353321
0.926432378763874
0.926070665484521
0.925882745635774
0.925850781726618
0.925954186522201
0.926170047428499
0.926473594924235
0.926838706633855
0.92723843782985
0.927645568493834
0.928033156567593
0.92837508670043
0.928646603659159
0.928824819622371
0.928889184840296
0.928821911613314
0.928608342231169
0.928237252423661
0.927701083000019
0.926996093691617
0.926122434747715
0.925084133546296
0.92388899534333
0.922548419257607
0.921077132629951
0.919492848953361
0.917815856586455
0.916068547374218
0.914274896043267
0.912459902749883
0.910649012377791
0.908867525055287
0.907140012843181
0.905489757603507
0.903938224675072
0.902504586152367
0.901205306302055
0.900053799985738
0.899060172934191
0.898231050396875
0.897569498143588
0.897075037105166
0.896743750196459
0.89656847716034
0.896539090698889
0.896642844806419
0.896864784170385
0.897188201832001
0.897595131056476
0.898066856595538
0.898584430256714
0.899129175930607
0.899683169955381
0.900229683884425
0.900753578318129
0.901241638397419
0.901682843755241
0.90206856809241
0.90239270598983
0.902651726991448
0.902844659295359
0.902973007484992
0.903040610540104
0.903053447825323
0.903019401817157
0.902947986974136
0.902850054375959
0.902737481574766
0.902622856553708
0.90251916383164
0.902439479659097
0.902396682000734
0.902403179678954
0.902470663747673
0.902609882953396
0.902830444091048
0.903140637227388
0.903547285179623
0.90405561631515
0.904669159673188
0.905389661573662
0.906217023228651
0.907149259348925
0.908182478275079
0.909310884688346
0.910526806400554
0.911820747023372
0.913181466422928
0.914596090742078
0.916050253402091
0.917528267881169
0.919013332231119
0.920487764275674
0.921933265288939
0.923331208745769
0.924662949538925
0.92591014794294
0.92705510164001
0.928081078368193
0.928972641253644
0.929715958677706
0.930299090620593
0.930712243812897
0.930947988694459
0.931001432092981
0.930870340646704
0.930555211253062
0.930059286171496
0.929388511786834
0.928551441396923
0.927559083679045
0.926424699677583
0.925163552215012
0.923792612545049
0.922330229836795
0.920795769706904
0.919209228515034
0.917590830522226
0.915960615299546
0.914338022981584
0.912741485098026
0.911188028793126
0.909692902256594
0.908269229132386
0.906927699528901
0.905676305004706
0.90452012452341
0.903461167834229
0.902498282016891
0.901627126011407
0.900840216822909
0.900127049747167
0.899474293413634
0.898866058713027
0.89828423880238
0.897708915412117
0.897118824678296
0.89649187375975
0.895805697651133
0.895038243948425
0.894168371941197
0.893176451367904
0.892044945539005
0.890758963356181
0.889306765066039
0.887680207395346
0.885875115013491
0.883891567025923
0.881734089368974
0.879411746481297
0.876938128383852
0.87433123220981
0.871613240180757
0.868810198916004
0.865951607679435
0.863069925612716
0.860200010086511
0.857378499951376
0.85464315863613
0.852032192695623
0.849583561547703
0.847334293780629
0.845319824599257
0.843573367772839
0.842125333926471
0.841002805270247
0.840229074978159
0.839823257505306
0.839799974253134
0.840169117232757
0.840935691794347
0.842099738125382
0.84365633009065
0.845595649089496
0.84790312991868
0.850559675113579
0.853541933845371
0.856822641119635
0.860371012694136
0.864153190757322
0.868132734942488
0.872271152669464
0.876528462099842
0.880863780177707
0.885235927341905
0.889604039593316
0.893928177752266
0.898169923027938
0.902292947527365
0.906263548136487
0.910051132378128
0.913628645441745
0.916972928613239
0.920065000807402
0.922890256788137
0.92543857788945
0.927704353533574
0.929686414469133
0.931387881294628
0.932815934356379
0.933981513383578
0.93489895712616
0.935585594694323
0.93606130119009
0.936348030533294
0.936469338115272
0.936449905099061
0.936315074895187
0.936090410677566
0.935801280887308
0.935472477639954
0.93512787094441
0.934790099793541
0.93448029961495
0.934217864369253
0.934020240813925
0.933902752140099
0.933878448326627
0.933957981093711
0.9341495021988
0.934458584895989
0.934888169555038
0.935438535577692
0.93610730272947
0.936889465708582
0.937777466104971
0.938761305794551
0.939828705232557
0.940965309058017
0.942154939937123
0.943379899729466
0.944621314959593
0.945859521341435
0.947074479873667
0.948246214943565
0.949355263084976
0.9503831196584
0.951312669862164
0.95212859021929
0.952817707057563
0.953369299517469
0.953775336254608
0.95403063718581
0.954132954266564
0.954082968261188
0.953884201637718
0.953542850937149
0.953067545079516
0.952469038930718
0.951759853930653
0.950953879561414
0.950065950825454
0.949111417648011
