-20,-1.00125195828379
-19.9836904925603,-0.978114466549842
-19.9669624979939,-0.955360758095883
-19.9498446134664,-0.932991330516124
-19.9323631569873,-0.911006363048482
-19.9145423375803,-0.889405820519587
-19.8964044211258,-0.868189528621305
-19.8779698890003,-0.847357225743789
-19.8592575877499,-0.826908595879319
-19.8402848688506,-0.806843286441214
-19.8210677181854,-0.787160914235244
-19.8016208752731,-0.767861062286181
-19.7819579425548,-0.748943269759946
-19.7620914852153,-0.730407016828166
-19.7420331221179,-0.712251705990153
-19.7217936084835,-0.694476641089907
-19.7013829109577,-0.677081005035088
-19.6808102757049,-0.660063837033924
-19.6600842901402,-0.643424010008225
-19.6392129388807,-0.627160208710515
-19.6182036544554,-0.611270908965878
-19.5970633632743,-0.595754358370405
-19.5757985273148,-0.58060855870469
-19.554415181943,-0.565831250259849
-19.5329189702488,-0.55141989822269
-19.511315174239,-0.537371681224077
-19.4896087431976,-0.523683482118638
-19.4678043194917,-0.510351881033531
-19.4459062620744,-0.497373150698026
-19.4239186679103,-0.484743254043338
-19.4018453915253,-0.472457844042869
-19.3796900628631,-0.460512265746212
-19.3574561036102,-0.448901560445627
-19.335146742137,-0.437620471900778
-19.3127650271854,-0.426663454536236
-19.2903138404212,-0.416024683516222
-19.2677959079566,-0.405698066592343
-19.2452138109389,-0.39567725761237
-19.2225699952899,-0.385955671571447
-19.1998667806739,-0.376526501081429
-19.1771063687628,-0.367382734129182
-19.1542908508621,-0.358517172990765
-19.1314222149524,-0.349922454165238
-19.1085023521993,-0.341591069189559
-19.0855330629752,-0.333515386194468
-19.0625160624381,-0.325687672060522
-19.0394529857007,-0.318100115033411
-19.0163453926283,-0.310744847658456
-18.9931947722926,-0.303613969895618
-18.9700025471127,-0.296699572278505
-18.9467700767059,-0.28999375898372
-18.9234986614744,-0.28348867068035
-18.900189545946,-0.277176507033535
-18.8768439218909,-0.27104954874073
-18.8534629312299,-0.26510017898457
-18.8300476687511,-0.259320904192013
-18.8065991846499,-0.253704373995692
-18.7831184869048,-0.248243400300156
-18.7596065435021,-0.242930975362732
-18.7360642845199,-0.237760288806238
-18.7124926040825,-0.232724743488501
-18.6888923621939,-0.227817970161637
-18.6652643864596,-0.223033840862296
-18.6416094737044,-0.21836648098237
-18.6179283914936,-0.213810279978171
-18.5942218795637,-0.209359900684561
-18.5704906511702,-0.205010287209023
-18.546735394357,-0.200756671389121
-18.5229567731529,-0.19659457780513
-18.4991554287006,-0.192519827347846
-18.4753319803222,-0.18852853934956
-18.4514870265254,-0.184617132294017
-18.4276211459547,-0.180782323128609
-18.4037348982901,-0.177021125209335
-18.3798288250987,-0.173330844915826
-18.3559034506394,-0.169709076980265
-18.331959282626,-0.166153698580069
-18.3079968129503,-0.162662862249857
-18.2840165183676,-0.159234987673395
-18.2600188611471,-0.155868752420948
-18.2360042896895,-0.152563081701697
-18.2119732391132,-0.149317137204623
-18.1879261318115,-0.146130305104494
-18.1638633779828,-0.143002183312353
-18.1397853761343,-0.139932568052114
-18.1156925135614,-0.136921439846605
-18.0915851668047,-0.133968948997656
-18.067463702085,-0.13107540064554
-18.0433284757179,-0.128241239493368
-18.0191798345093,-0.125467034281841
-17.9950181161323,-0.12275346209911
-17.9708436494877,-0.120101292609437
-17.9466567550476,-0.117511372282857
-17.9224577451838,-0.114984608706186
-17.8982469244819,-0.112521955053492
-17.8740245900417,-0.110124394791548
-17.8497910317641,-0.107792926692939
-17.8255465326262,-0.105528550226282
-17.8012913689447,-0.103332251389611
-17.7770258106281,-0.101204989049274
-17.7527501214183,-0.0991476818428375
-17.7284645591224,-0.0971611957003864
-17.7041693758355,-0.0952463320344235
-17.6798648181538,-0.0934038166441832
-17.6555511273795,-0.0916342893757296
-17.6312285397182,-0.08993829457466
-17.6068972864676,-0.088316272363633
-17.5825575941998,-0.0867685507723056
-17.5582096849365,-0.0852953387426127
-17.5338537763171,-0.0838967200276797
-17.5094900817614,-0.0825726479980503
-17.4851188106256,-0.0813229413643359
-17.4607401683534,-0.0801472808208968
-17.4363543566208,-0.0790452066107359
-17.4119615734767,-0.0780161170074658
-17.387562013478,-0.0770592677059827
-17.3631558678206,-0.0761737721093971
-17.3387433244656,-0.0753586024958082
-17.314324568261,-0.0746125920447011
-17.2898997810608,-0.0739344376990899
-17.2654691418384,-0.0733227038360502
-17.2410328267978,-0.0727758267149737
-17.2165910094809,-0.0722921196697527
-17.1921438608715,-0.0718697790081742
-17.167691549496,-0.0715068905790654
-17.1432342415217,-0.0712014369652121
-17.1187721008519,-0.0709513052577483
-17.0943052892181,-0.0707542953656164
-17.0698339662702,-0.0706081288118232
-17.0453582896639,-0.0705104579665497
-17.0208784151459,-0.0704588756657579
-16.9963944966373,-0.0704509251627375
-16.971906686314,-0.0704841103590736
-16.9474151346862,-0.070555906260794
-16.9229199906753,-0.07066376960497
-16.8984214016895,-0.0708051496017993
-16.8739195136975,-0.0709774987371863
-16.8494144713006,-0.0711782835810795
-16.8249064178037,-0.0714049955472911
-16.8003954952843,-0.0716551615512355
-16.7758818446608,-0.0719263545129725
-16.7513656057593,-0.0722162036541164
-16.7268469173788,-0.0725224045385799
-16.7023259173567,-0.0728427288087519
-16.6778027426314,-0.0731750335705553
-16.6532775293057,-0.0735172703828922
-16.6287504127083,-0.0738674938092395
-16.6042215274551,-0.0742238694916194
-16.579691007509,-0.0745846817098018
-16.5551589862402,-0.0749483403914114
-16.5306255964851,-0.0753133875415813
-16.5060909706047,-0.0756785030639089
-16.4815552405427,-0.0760425099477287
-16.4570185378837,-0.076404378800072
-16.43248099391,-0.0767632317041617
-16.4079427396591,-0.077118345389825
-16.3834039059806,-0.0774691537048406
-16.3588384844179,-0.0777869310174196
-16.3342730628553,-0.0780431066054816
-16.3097076412926,-0.0782375814400459
-16.2851422197299,-0.0783704104904291
-16.2605767981672,-0.0784418016543699
-16.2360113766045,-0.0784521139971796
-16.2114459550418,-0.0784018553143493
-16.1868805334792,-0.0782916790354513
-16.1623151119165,-0.0781223804904543
-16.1377496903538,-0.0778948925627207
-16.1131842687911,-0.0776102807559423
-16.0886188472284,-0.077269737705082
-16.0640534256658,-0.0768745771640098
-16.0394880041031,-0.0764262275049279
-16.0149225825404,-0.0759262247668655
-15.9903571609777,-0.0753762052924699
-15.965791739415,-0.0747778979940178
-15.9412263178523,-0.0741331162910052
-15.9166608962897,-0.0734437497628489
-15.892095474727,-0.0727117555611226
-15.8675300531643,-0.0719391496263717
-15.8429646316016,-0.0711279977548867
-15.8183992100389,-0.0702804065608743
-15.7938337884762,-0.0693985143792434
-15.7692683669136,-0.0684844821537283
-15.7447029453509,-0.0675404843543171
-15.7201375237882,-0.0665686999669246
-15.6955721022255,-0.0655713035969935
-15.6710066806628,-0.0645504567271976
-15.6464412591002,-0.0635082991677052
-15.6218758375375,-0.0624469407355295
-15.5973104159748,-0.0613684531973854
-15.5727449944121,-0.0602748625081867
-15.5481795728494,-0.0591681413748947
-15.5236141512867,-0.0580502021728733
-15.4990487297241,-0.0569228902392515
-15.4744833081614,-0.0557879775650567
-15.4499178865987,-0.0546471569050901
-15.425352465036,-0.0535020363216876
-15.4007870434733,-0.0523541341756742
-15.3762216219106,-0.0512048745749962
-15.351656200348,-0.0500555832887299
-15.3270907787853,-0.0489074841314353
-15.3025253572226,-0.0477616958201759
-15.2779599356599,-0.0466192293039752
-15.2533945140972,-0.0454809855630472
-15.2288290925346,-0.0443477538728442
-15.2042636709719,-0.043220210525815
-15.1796982494092,-0.0420989180017862
-15.1551328278465,-0.0409843245760693
-15.1305674062838,-0.0398767643527764
-15.1060019847211,-0.0387764577093923
-15.0814365631585,-0.0376835121374213
-15.0568711415958,-0.0365979234628901
-15.0323057200331,-0.0355195774296544
-15.0077402984704,-0.0344482516278266
-14.9831748769077,-0.0333836177491948
-14.958609455345,-0.0323252441512606
-14.9340440337824,-0.0312725987114441
-14.9094786122197,-0.0302250519531158
-14.884913190657,-0.0291818804253627
-14.8603477690943,-0.0281422703188123
-14.8357823475316,-0.0271053213003687
-14.811216925969,-0.0260700505503671
-14.7866515044063,-0.0250353969864046
-14.7620860828436,-0.0240002256589341
-14.7375206612809,-0.0229633323045978
-14.7129552397182,-0.0219234480442149
-14.6883898181555,-0.0208792442132937
-14.6638243965929,-0.0198293373139043
-14.6392589750302,-0.0187722940777014
-14.6146935534675,-0.0177066366308052
-14.5901281319048,-0.0166308477521263
-14.5655627103421,-0.0155433762175302
-14.5409972887794,-0.0144426422229733
-14.5164318672168,-0.0133270428803852
-14.4918664456541,-0.0121949577806163
-14.4673010240914,-0.0110447546181989
-14.4427356025287,-0.00987479487298296
-14.418170180966,-0.00868343954389392
-14.3936047594034,-0.00746905493011593
-14.3690393378407,-0.00623001845492969
-14.344473916278,-0.00496472452722854
-14.3199084947153,-0.00367159043540205
-14.2953430731526,-0.0023490622678156
-14.2707776515899,-0.00099562085353723
-14.2462122300273,0.00039021228372757
-14.2216468084646,0.00180986896632122
-14.1970813869019,0.00326472840665001
-14.1725159653392,0.00475611126419798
-14.1479505437765,0.00628527372622611
-14.1233851222139,0.00785340162391553
-14.0988197006512,0.00946160459681203
-14.0742542790885,0.0111109103195492
-14.0496888575258,0.0128022588059406
-14.0251234359631,0.0145364968066291
-14.0005580144004,0.0163143723175438
-13.9759925928378,0.018136529217418
-13.9514271712751,0.0200035020535658
-13.9268617497124,0.0219157109959592
-13.9022963281497,0.0238734569804031
-13.877730906587,0.0258769170622377
-13.8531654850243,0.0279261400025041
-13.8286000634617,0.0300210421088741
-13.804034641899,0.0321614033538603
-13.7794692203363,0.0343468637928783
-13.7549037987736,0.0365769203046202
-13.7303383772109,0.0388509236759167
-13.7057729556483,0.0411680760528079
-13.6812075340856,0.0435274287789046
-13.6566421125229,0.0459278806413139
-13.6320766909602,0.0483681765434131
-13.6075112693975,0.0508469066225996
-13.5829458478348,0.0533625058298201
-13.5583804262722,0.055913253986202
-13.5338150047095,0.0584972763304732
-13.5092495831468,0.0611125445690901
-13.4846841615841,0.0637568784390867
-13.4601187400214,0.0664279477916431
-13.4355533184587,0.0691232752022504
-13.4109878968961,0.071840239111137
-13.3864224753334,0.0745760774953415
-13.3618570537707,0.077327892071471
-13.337291632208,0.0800926530258014
-13.3127262106453,0.0828672042659636
-13.2881607890827,0.0856482691860354
-13.26359536752,0.0884324569344442
-13.2390299459573,0.0912162691716824
-13.2144645243946,0.093996107302483
-13.1898991028319,0.0967682801647825
-13.1653336812692,0.099529012155557
-13.1407682597066,0.102274451771442
-13.1162028381439,0.105000680539965
-13.0916374165812,0.107703722315244
-13.0670719950185,0.110379552910122
-13.0425065734558,0.113024110034972
-13.0179411518931,0.115633303511775
-12.9933757303305,0.118203025730596
-12.9688103087678,0.120729162314225
-12.9442448872051,0.123207602955561
-12.9196794656424,0.125634252391284
-12.8951140440797,0.128005041474426
-12.8705486225171,0.130315938307766
-12.8459832009544,0.132562959399345
-12.8214177793917,0.13474218080101
-12.796852357829,0.136849749190606
-12.7722869362663,0.138881892858338
-12.7477215147036,0.140834932557844
-12.723156093141,0.142705292182755
-12.6985906715783,0.144489509229807
-12.6740252500156,0.146184245010097
-12.6494598284529,0.147786294570694
-12.6248944068902,0.149292596289563
-12.6003289853275,0.150700241107682
-12.5757635637649,0.152006481363255
-12.5511981422022,0.153208739194069
-12.5266327206395,0.154304614475329
-12.5020672990768,0.15529189226168
-12.4775018775141,0.156168549703651
-12.4529364559515,0.156932762410334
-12.4283710343888,0.157582910231861
-12.4038056128261,0.158117582436995
-12.3792401912634,0.158535582263128
-12.3546747697007,0.158835930817904
-12.330109348138,0.159017870313793
-12.3055439265754,0.159080866619111
-12.2809785050127,0.159024611111177
-12.25641308345,0.158849021819632
-12.2318476618873,0.158554243850298
-12.2072822403246,0.15814064908239
-12.1827168187619,0.157608835134361
-12.1581513971993,0.156959623596225
-12.1335859756366,0.156194057528731
-12.1090205540739,0.155313398232422
-12.0844551325112,0.15431912129222
-12.0598897109485,0.153212911905842
-12.0353242893859,0.15199665950707
-12.0107588678232,0.150672451697518
-11.9861934462605,0.149242567503291
-11.9616280246978,0.147709469975556
-11.9370626031351,0.146075798156708
-11.9124971815724,0.144344358436455
-11.8879317600098,0.142518115324706
-11.8633663384471,0.140600181670675
-11.8388009168844,0.138593808360097
-11.8142354953217,0.136502373524827
-11.789670073759,0.134329371301399
-11.7651046521963,0.132078400177358
-11.7405392306337,0.129753150966213
-11.715973809071,0.127357394453916
-11.6914083875083,0.124894968761527
-11.6668429659456,0.122369766470493
-11.6422775443829,0.119785721558448
-11.6177121228203,0.117146796194832
-11.5931467012576,0.114456967446821
-11.5685812796949,0.111720213947011
-11.5440158581322,0.108940502575146
-11.5194504365695,0.106121775206711
-11.4948850150068,0.103267935581592
-11.4703195934442,0.100382836346151
-11.4457541718815,0.0974702663219358
-11.4211887503188,0.0945339380539291
-11.3966233287561,0.091577475690647
-11.3720579071934,0.0886044032475749
-11.3474924856308,0.0856181333043475
-11.3229270640681,0.0826219561847581
-11.2983616425054,0.079619029667108
-11.2737962209427,0.0766123692705909
-11.24923079938,0.0736048391613451
-11.2246653778173,0.0705991437195184
-11.2000999562547,0.0675978198061617
-11.175534534692,0.0646032297660307
-11.1509691131293,0.0616175551994181
-11.1264036915666,0.0586427915329927
-11.1018382700039,0.055680743416284
-11.0772728484412,0.0527330209669444
-11.0527074268786,0.0498010368842616
-11.0281420053159,0.0468860044465918
-11.0035765837532,0.0439889364044673
-10.9790111621905,0.0411106447771095
-10.9544457406278,0.0382517415559795
-10.9298803190652,0.0354126403148358
-10.9053148975025,0.0325935587215737
-10.8807494759398,0.0297945219429028
-10.8561840543771,0.0270153669287178
-10.8316186328144,0.0242557475588363
-10.8070532112517,0.0215151406306609
-10.7824877896891,0.0187928526622702
-10.7579223681264,0.016088027481505
-10.7333569465637,0.0133996545677861
-10.708791525001,0.0107265781097257
-10.6842261034383,0.00806750673808104
-10.6596606818756,0.00542102389027135
-10.635095260313,0.00278559875956502
-10.6105298387503,0.000159597779146065
-10.5859644171876,-0.00245870341137737
-10.5613989956249,-0.00507110757185387
-10.5368335740622,-0.00767948309680631
-10.5122681524996,-0.0102857509387656
-10.4877027309369,-0.0128918712800358
-10.4631373093742,-0.0154998300144282
-10.4385718878115,-0.0181116251014226
-10.4140064662488,-0.0207292528557971
-10.3894410446861,-0.023354694236048
-10.3648756231235,-0.025989901194856
-10.3403102015608,-0.028636783154484
-10.3157447799981,-0.0312971936692854
-10.2911793584354,-0.0339729173364862
-10.2666139368727,-0.0366656570150749
-10.24204851531,-0.0393770214110061
-10.2174830937474,-0.0421085130850015
-10.1929176721847,-0.0448615169370321
-10.168352250622,-0.0476372892191036
-10.1437868290593,-0.0504369471252514
-10.1192214074966,-0.0532614590047075
-10.094655985934,-0.0561116352410447
-10.0700905643713,-0.0589881198367493
-10.0455251428086,-0.0618913827391508
-10.0209597212459,-0.0648217129399609
-9.99639429968323,-0.0677792123768683
-9.97182887812055,-0.0707637906617274
-9.94726345655786,-0.0737751606558846
-9.92269803499518,-0.0768128349091346
-9.8981326134325,-0.0798761229747103
-9.87356719186982,-0.0829641296086111
-9.84900177030713,-0.0860757538574856
-9.82443634874445,-0.0892096890352259
-9.79987092718177,-0.0923644235844321
-9.77530550561909,-0.0955382428149801
-9.7507400840564,-0.098729231508094
-9.72617466249372,-0.101935277370611
-9.70160924093104,-0.105154075320547
-9.67704381936836,-0.108383132581629
-9.65247839780567,-0.111619774561205
-9.62791297624299,-0.114861151482829
-9.60334755468031,-0.118104245741933
-9.57878213311763,-0.121345879950291
-9.55421671155495,-0.124582725632459
-9.52965128999226,-0.127811312535132
-9.50508586842958,-0.131028038508269
-9.4805204468669,-0.134229179915001
-9.45595502530422,-0.137410902525747
-9.43138960374153,-0.140569272850547
-9.40682418217885,-0.143700269862494
-9.38225876061617,-0.1467997970642
-9.35769333905349,-0.149863694848516
-9.33312791749081,-0.152887753104228
-9.30856249592812,-0.155867724017204
-9.28399707436544,-0.158799335017324
-9.25943165280276,-0.161678301821702
-9.23486623124008,-0.164500341524998
-9.21030080967739,-0.167261185688088
-9.18573538811471,-0.169956593377062
-9.16116996655203,-0.172582364105308
-9.13660454498935,-0.175134350632449
-9.11203912342667,-0.177608471575005
-9.08747370186398,-0.18000072378491
-9.0629082803013,-0.182307194453426
-9.03834285873862,-0.184524072899447
-9.01377743717594,-0.186647662002848
-8.98921201561325,-0.188674389245191
-8.96464659405057,-0.190600817321943
-8.94008117248789,-0.1924236542922
-8.91551575092521,-0.194139763233903
-8.89095032936252,-0.19574617137453
-8.86638490779984,-0.197240078669359
-8.84181948623716,-0.198618865801529
-8.81725406467448,-0.199880101580333
-8.7926886431118,-0.201021549716418
-8.76812322154911,-0.202041174954859
-8.74355779998643,-0.202937148549399
-8.71899237842375,-0.203707853063513
-8.69442695686107,-0.204351886486336
-8.66986153529838,-0.204868065653931
-8.6452961137357,-0.205255428968794
-8.62073069217302,-0.20551323841297
-8.59616527061034,-0.205640980852632
-8.57159984904766,-0.205638368634438
-8.54703442748497,-0.205505339476509
-8.52246900592229,-0.205242055659347
-8.49790358435961,-0.204848902524483
-8.47333816279693,-0.204326486291174
-8.44877274123424,-0.203675631203876
-8.42420731967156,-0.2028973760257
-8.39964189810888,-0.20199296989544
-8.3750764765462,-0.20096386756813
-8.35051105498351,-0.199811724061424
-8.32594563342083,-0.19853838873231
-8.30138021185815,-0.197145898810904
-8.27681479029547,-0.195636472420121
-8.25224936873279,-0.194012501112089
-8.2276839471701,-0.192276541954039
-8.20311852560742,-0.190431309198228
-8.17855310404474,-0.188479665572092
-8.15398768248206,-0.186424613226388
-8.12942226091937,-0.18426928438043
-8.10485683935669,-0.182016931704743
-8.08029141779401,-0.179670918482526
-8.05572599623133,-0.177234708592109
-8.03116057466865,-0.174711856353313
-8.00659515310596,-0.172105996281018
-7.98202973154328,-0.169420832789509
-7.9574643099806,-0.166660129891189
-7.93289888841792,-0.163827700933014
-7.90833346685523,-0.160927398413591
-7.88376804529255,-0.157963103923194
-7.85920262372987,-0.154938718248016
-7.83463720216719,-0.151858151678891
-7.8100717806045,-0.148725314563256
-7.78550635904182,-0.145544108137594
-7.76094093747914,-0.14231841567571
-7.73637551591646,-0.139052093986176
-7.71181009435378,-0.135748965290018
-7.68724467279109,-0.132412809507274
-7.66267925122841,-0.12904735697843
-7.63811382966573,-0.125656281643956
-7.61354840810305,-0.122243194702212
-7.58898298654036,-0.118811638762964
-7.56441756497768,-0.115365082510542
-7.539852143415,-0.111906915887444
-7.51528672185232,-0.108440445805856
-7.49072130028963,-0.104968892391208
-7.46615587872695,-0.101495385758499
-7.44159045716427,-0.0980229633187806
-7.41702503560159,-0.0945545676098271
-7.39245961403891,-0.0910930446417932
-7.36789419247622,-0.0876411427454345
-7.34332877091354,-0.0842015119074226
-7.31876334935086,-0.0807767035743331
-7.29419792778818,-0.0773691709041075
-7.26963250622549,-0.0739812694411864
-7.24506708466281,-0.0706152581891092
-7.22050166310013,-0.0672733010521963
-7.19593624153745,-0.0639574686159761
-7.17137081997477,-0.0606697402343344
-7.14680539841208,-0.0574120063899287
-7.1222399768494,-0.0541860712932616
-7.09767455528672,-0.0509936556849406
-7.07310913372404,-0.0478363998050767
-7.04854371216135,-0.0447158664934971
-7.02397829059867,-0.0416335443844621
-6.99941286903599,-0.0385908511598936
-6.97484744747331,-0.0355891368257226
-6.95028202591062,-0.0326296869768573
-6.92571660434794,-0.0297137260174341
-6.90115118278526,-0.0268424203044459
-6.87658576122258,-0.0240168811845222
-6.8520203396599,-0.0212381678955472
-6.82745491809721,-0.0185072903069374
-6.80288949653453,-0.0158252114747237
-6.77832407497185,-0.0131928499900902
-6.75375865340917,-0.0106110821026734
-6.72919323184648,-0.00808074360271219
-6.7046278102838,-0.00560263144902447
-6.68006238872112,-0.00317750513274773
-6.65549696715844,-0.000806087769798916
-6.63093154559576,0.00151093308195752
-6.60636612403307,0.00377290488180742
-6.58180070247039,0.00597920983952004
-6.55723528090771,0.00812926491793675
-6.53266985934503,0.0102225220969671
-6.50810443778234,0.01225846888838
-6.48353901621966,0.0142366290881445
-6.45897359465698,0.0161565637505902
-6.4344081730943,0.018017872366343
-6.40984275153162,0.0198201942238707
-6.38527732996893,0.0215632099325531
-6.36071190840625,0.0232466430834967
-6.33614648684357,0.0248702620228507
-6.31158106528089,0.0264338817111622
-6.2870156437182,0.0279373656413432
-6.26245022215552,0.0293806277871132
-6.23788480059284,0.0307636345533353
-6.21331937903016,0.0320864066994799
-6.18875395746748,0.0333490212075297
-6.16418853590479,0.034551613065975
-6.13962311434211,0.0356943769421389
-6.11505769277943,0.0367775687159085
-6.09049227121675,0.037801506849016
-6.06592684965406,0.0387665735653098
-6.04136142809138,0.0396732158189607
-6.0167960065287,0.0405219460292503
-5.99223058496602,0.0413133425624634
-5.96766516340334,0.0420480499434566
-5.94309974184065,0.04272677878165
-5.91853432027797,0.0433503053985044
-5.89396889871529,0.0439194711459503
-5.86940347715261,0.044435181407731
-5.84483805558992,0.0448984042781717
-5.82027263402724,0.04531016891548
-5.79570721246456,0.0456715635692887
-5.77114179090188,0.0459837332847619
-5.74657636933919,0.0462478772881617
-5.72201094777651,0.0464652460613123
-5.69744552621383,0.0466371381148708
-5.67288010465115,0.0467648964727034
-5.64831468308846,0.0468499048819556
-5.62374926152578,0.046893583765581
-5.5991838399631,0.0468973859361336
-5.57461841840042,0.0468627920915253
-5.55005299683774,0.0467913061151934
-5.52548757527505,0.0466844502046868
-5.50092215371237,0.0465437598540804
-5.47635673214969,0.0463707787168284
-5.45179131058701,0.0461670533766875
-5.42722588902433,0.0459341280551565
-5.40266046746164,0.0456735392845034
-5.37809504589896,0.0453868105758683
-5.35352962433628,0.045075447112153
-5.3289642027736,0.0447409304954267
-5.30439878121091,0.0443847135784072
-5.27983335964823,0.0440082154092111
-5.25526793808555,0.0436128163180159
-5.23070251652287,0.0431998531735526
-5.20613709496018,0.0427706148364471
-5.1815716733975,0.0423263378353742
-5.15700625183482,0.0418682022907743
-5.13244083027214,0.0413973281095383
-5.10787540870945,0.0409147714725843
-5.08330998714677,0.0404215216356555
-5.05874456558409,0.0399184980619691
-5.03417914402141,0.0394065479035498
-5.00961372245873,0.0388864438462143
-4.98504830089604,0.0383588823312278
-4.96048287933336,0.0378244821646661
-4.93591745777068,0.0372837835234774
-4.911352036208,0.0367372473651765
-4.88678661464531,0.0361852552460249
-4.86222119308263,0.0356281095504616
-4.83765577151995,0.0350660341324739
-4.81309034995727,0.0344991753675334
-4.78852492839459,0.0339276036116885
-4.7639595068319,0.0333513150624073
-4.73939408526922,0.0327702340138147
-4.71482866370654,0.0321842154970685
-4.69026324214386,0.0315930482947863
-4.66569782058117,0.0309964583166713
-4.64113239901849,0.0303941123217907
-4.61656697745581,0.0297856219713585
-4.59200155589313,0.0291705481943477
-4.56743613433045,0.0285484058468303
-4.54287071276776,0.027918668644603
-4.51830529120508,0.0272807743474248
-4.4937398696424,0.0266341301720501
-4.46917444807972,0.025978118410211
-4.44460902651703,0.025312102226775
-4.42004360495435,0.0246354316124783
-4.39547818339167,0.0239474494649266
-4.37091276182899,0.0232474977709478
-4.3463473402663,0.0225349238628852
-4.32178191870362,0.021809086721033
-4.29721649714094,0.0210693632941449
-4.27265107557826,0.0203151548097721
-4.24808565401558,0.0195458930461376
-4.22352023245289,0.0187610465373019
-4.19895481089021,0.017960126683539
-4.17438938932753,0.017142693739111
-4.14982396776485,0.0163083626500067
-4.12525854620216,0.0154568087146979
-4.10069312463948,0.014587773041554
-4.0761277030768,0.0137010677772573
-4.05156228151412,0.0127965810813592
-4.02699685995143,0.0118742818230248
-4.00243143838875,0.0109342239770155
-3.97786601682607,0.00997655069707039
-3.95330059526339,0.00900149804604518
-3.92873517370071,0.008009398363468
-3.90416975213802,0.00700068325256522
-3.87960433057534,0.00597588617028511
-3.85503890901266,0.00493564460541943
-3.83047348744998,0.00388070183156381
-3.80590806588729,0.00281190822338769
-3.78134264432461,0.00173022212647531
-3.75677722276193,0.000636710272862079
-3.73221180119925,-0.000467452263691472
-3.70764637963657,-0.00158098257667348
-3.68308095807388,-0.00270249090201592
-3.6585155365112,-0.00383048205943128
-3.63395011494852,-0.00496335735773955
-3.60938469338584,-0.00609941695993896
-3.58481927182315,-0.00723686270167865
-3.56025385026047,-0.00837380135469723
-3.53568842869779,-0.00950824832471622
-3.51112300713511,-0.0106381317712276
-3.48655758557242,-0.0117612971346097
-3.46199216400974,-0.0128755120540464
-3.43742674244706,-0.0139784716578392
-3.41286132088438,-0.0150678042058856
-3.3882958993217,-0.0161410770623772
-3.36373047775901,-0.0171958029751507
-3.33916505619633,-0.0182294466366193
-3.31459963463365,-0.0192394314998326
-3.29003421307097,-0.0202231468219718
-3.26546879150828,-0.0211779549064894
-3.2409033699456,-0.022101198514165
-3.21633794838292,-0.0229902084125744
-3.19177252682024,-0.0238423110328664
-3.16720710525756,-0.0246548362023193
-3.14264168369487,-0.0254251249209053
-3.11807626213219,-0.0261505371500414
-3.09351084056951,-0.0268284595818341
-3.06894541900683,-0.0274563133574521
-3.04437999744414,-0.0280315617037679
-3.01981457588146,-0.0285517174581072
-2.99524915431878,-0.0290143504518153
-2.9706837327561,-0.0294170947244008
-2.94611831119342,-0.0297576555412306
-2.92155288963073,-0.0300338161891176
-2.89698746806805,-0.0302434445256616
-2.87242204650537,-0.0303844992598486
-2.84785662494269,-0.0304550359431845
-2.82329120338,-0.0304532126525066
-2.79872578181732,-0.0303772953475779
-2.77416036025464,-0.0302256628885984
-2.74959493869196,-0.0299968117008482
-2.72502951712928,-0.0296893600757975
-2.70046409556659,-0.0293020521001467
-2.67589867400391,-0.0288337612063928
-2.65133325244123,-0.0282834933406223
-2.62676783087855,-0.0276503897452961
-2.60220240931586,-0.0269337293568002
-2.57763698775318,-0.0261329308194598
-2.5530715661905,-0.0252475541195547
-2.52850614462782,-0.0242773018445955
-2.50394072306513,-0.0232220200747202
-2.47937530150245,-0.0220816989145414
-2.45480987993977,-0.0208564726750806
-2.43024445837709,-0.0195466197165967
-2.4056790368144,-0.0181525619640971
-2.38111361525172,-0.016674864108151
-2.35654819368904,-0.0151142325042697
-2.33198277212636,-0.0134715137845893
-2.30741735056368,-0.0117476931958917
-2.28285192900099,-0.00994389267812437
-2.25828650743831,-0.00806136869753725
-2.23372108587563,-0.00610150984835751
-2.20915566431295,-0.00406583423656916
-2.18459024275026,-0.00195598665887929
-2.16002482118758,0.000226264410666248
-2.1354593996249,0.00247903001467743
-2.11089397806222,0.00480030407610777
-2.08632855649954,0.00718796692161617
-2.06176313493685,0.00963978895554112
-2.03719771337417,0.0121534344764243
-2.01263229181149,0.0147264656290398
-1.98806687024881,0.0173563464859008
-1.96350144868612,0.0200404472532217
-1.93893602712344,0.0227760485972641
-1.91437060556076,0.0255603460879082
-1.88980518399808,0.0283904547571058
-1.8652397624354,0.0312634137706108
-1.84067434087271,0.0341761912119964
-1.81610891931003,0.0371256889784724
-1.79154349774735,0.0401087477883667
-1.76697807618467,0.0431221523003552
-1.74241265462198,0.046162636344569
-1.7178472330593,0.0492268882656097
-1.69328181149662,0.0523115563772178
-1.66871638993394,0.0554132545279043
-1.64415096837125,0.0585285677762348
-1.61958554680857,0.0616540581736896
-1.59502012524589,0.0647862706520825
-1.57045470368321,0.0679217390114405
-1.54588928212053,0.0710569920030307
-1.52132386055784,0.0741885595008688
-1.49675843899516,0.0773129787535947
-1.47219301743248,0.0804268007070548
-1.4476275958698,0.0835265963863102
-1.42306217430711,0.0866089633241273
-1.39849675274443,0.0896705320213063
-1.37393133118175,0.0927079724225051
-1.34936590961907,0.0957180003895321
-1.32480048805639,0.0986973841524463
-1.3002350664937,0.101642950717233
-1.27566964493102,0.104551592207354
-1.25110422336834,0.107420272115107
-1.22653880180566,0.110246031437534
-1.20197338024297,0.113025994670552
-1.17740795868029,0.115757375634145
-1.15284253711761,0.118437483100771
-1.12827711555493,0.121063726198748
-1.10371169399224,0.123633619562176
-1.07914627242956,0.126144788199012
-1.05458085086688,0.128594972049273
-1.0300154293042,0.130982030205929
-1.00545000774152,0.133303944771939
-0.980884586178833,0.135558824328052
-0.956319164616151,0.137744906987431
-0.931753743053469,0.139860563014892
-0.907188321490786,0.141904296990531
-0.882622899928104,0.143874749499756
-0.858057478365422,0.145770698334256
-0.83349205680274,0.147591059191132
-0.808926635240057,0.149334885860365
-0.784361213677375,0.15100136989392
-0.759795792114693,0.15258983975305
-0.735230370552011,0.1540997594338
-0.710664948989328,0.155530726574237
-0.686099527426646,0.156882470050536
-0.661534105863964,0.158154847072708
-0.636968684301282,0.159347839794429
-0.612403262738599,0.160461551455065
-0.587837841175917,0.161496202075601
-0.563272419613235,0.162452123733667
-0.538706998050552,0.163329755446266
-0.51414157648787,0.164129637691997
-0.489576154925188,0.16485240660766
-0.465010733362506,0.165498787896898
-0.440445311799823,0.166069590491146
-0.415879890237141,0.166565700005427
-0.391314468674459,0.166988072033537
-0.366749047111777,0.167337725328827
-0.342183625549094,0.167615734918124
-0.317618203986412,0.167823225197256
-0.29305278242373,0.167961363057269
-0.268487360861047,0.168031351090586
-0.243921939298365,0.168034420926149
-0.219356517735683,0.167971826741999
-0.194791096173001,0.16784483900271
-0.170225674610318,0.167654738467711
-0.145660253047636,0.1674028105147
-0.121094831484954,0.167090339820188
-0.0965294099222716,0.166718605436661
-0.0719639883595893,0.166288876302921
-0.047398566796907,0.165802407220957
-0.0228331452342248,0.165260435329143
0.00173227632845752,0.164664177097728
0.0262976978911398,0.164014825868531
0.0508631194538221,0.163313549956435
0.0754285410165043,0.162561491325805
0.0999939625791866,0.161759764850317
0.124559384141869,0.160909458159958
0.149124805704551,0.160011632074102
0.173690227267233,0.159067321614741
0.198255648829916,0.158077537589098
0.222821070392598,0.15704326872602
0.24738649195528,0.155965484345857
0.271951913517962,0.154845137538908
0.296517335080645,0.153683168823117
0.321082756643327,0.152480510247429
0.345648178206009,0.15123808990325
0.370213599768692,0.149956836802722
0.394779021331374,0.148637686079097
0.419344442894056,0.147281584461416
0.443909864456738,0.145889495972954
0.468475286019421,0.144462407800574
0.493040707582103,0.143001336280158
0.517606129144785,0.141507332941798
0.542171550707467,0.139981490557339
0.56673697227015,0.138424949132216
0.591302393832832,0.136838901783385
0.615867815395514,0.135224600445395
0.640433236958197,0.133583361347406
0.664998658520879,0.131916570205134
0.689564080083561,0.130225687073364
0.714129501646243,0.128512250806716
0.738694923208926,0.126777883078846
0.763260344771608,0.125024291913168
0.78782576633429,0.123253274681439
0.812391187896973,0.121466720530153
0.836956609459655,0.119666612198678
0.861522031022337,0.117855027197274
0.886087452585019,0.116034138317659
0.910652874147701,0.114206213453508
0.935218295710384,0.112373614713217
0.959783717273066,0.110538796812318
0.984349138835748,0.108704304738141
1.00891456039843,0.106872770684592
1.03347998196111,0.1050469102602
1.0580454035238,0.103229517977896
1.08261082508648,0.101423462040239
1.10717624664916,0.0996316784389543
1.13174166821184,0.0978571643926917
1.15630708977452,0.0961029711517827
1.18087251133721,0.0943721962034466
1.20543793289989,0.0926679749153283
1.23000335446257,0.0909934716594163
1.25456877602525,0.0893518704622603
1.27913419758794,0.0877463652309411
1.30369961915062,0.0861801496074381
1.3282650407133,0.0846564065068464
1.35283046227598,0.0831782973973122
1.37739588383866,0.0817489513815625
1.40196130540135,0.0803714541414823
1.42652672696403,0.0790488368083409
1.45109214852671,0.0777840648219737
1.47565757008939,0.0765800268424889
1.50022299165208,0.0754395237778903
1.52478841321476,0.0743652579903854
1.54935383477744,0.0733598227431026
1.57391925634012,0.0724256919474675
1.59848467790281,0.0715652102696124
1.62305009946549,0.070780583651924
1.64761552102817,0.0700738703031969
1.67218094259085,0.0694469722078722
1.69674636415353,0.068901627201527
1.72131178571622,0.0684394016561748
1.7458772072789,0.0680616838150558
1.77044262884158,0.0677696778124834
1.79500805040426,0.0675643984099879
1.81957347196695,0.0674466664755082
1.84413889352963,0.0674171052277467
1.86870431509231,0.0674761372630671
1.89326973665499,0.0676239823775103
1.91783515821767,0.0678606561916674
1.94240057978036,0.0681859695813104
1.96696600134304,0.0685995289118882
1.99153142290572,0.069100737070264
2.0160968444684,0.0696887952824519
2.04066226603109,0.0703627057016245
2.06522768759377,0.0711212747463414
2.08979310915645,0.0719631171648311
2.11435853071913,0.072886660797256
2.13892395228182,0.0738901520042395
2.1634893738445,0.0749716617265543
2.18805479540718,0.0761290921377815
2.21262021696986,0.0773601838489717
2.23718563853254,0.0786625236218837
2.26175106009523,0.0800335525452599
2.28631648165791,0.0814705746268304
2.31088190322059,0.0829707657523217
2.33544732478327,0.0845311829616946
2.36001274634596,0.0861487739921414
2.38457816790864,0.087820387037042
2.40914358947132,0.089542780670101
2.433709011034,0.0913126338842664
2.45827443259668,0.0931265561957402
2.48283985415937,0.0949810977644412
2.50740527572205,0.0968727594836403
2.53197069728473,0.0987980029931436
2.55653611884741,0.100753260572349
2.5811015404101,0.102734944871691
2.60566696197278,0.104739458443445
2.63023238353546,0.106763203035506
2.65479780509814,0.108802588614598
2.67936322666083,0.110854042088413
2.70392864822351,0.112914015699277
2.72849406978619,0.114978995065252
2.75305949134887,0.117045506847874
2.77762491291155,0.11911012602915
2.80219033447424,0.121169482783851
2.82675575603692,0.123220268936521
2.8513211775996,0.125259243996049
2.87588659916228,0.127283240763917
2.90045202072497,0.129289170515517
2.92501744228765,0.131274027757014
2.94958286385033,0.13323489456324
2.97414828541301,0.135168944504915
2.99871370697569,0.137073446176144
3.02327912853838,0.138945766335558
3.04784455010106,0.140783372676741
3.07240997166374,0.142583836245505
3.09697539322642,0.144344833523391
3.12154081478911,0.1460641481982
3.14610623635179,0.1477396726436
3.17067165791447,0.14936940913081
3.19523707947715,0.150951470795986
3.21980250103984,0.152484082387362
3.24436792260252,0.153965580816275
3.2689333441652,0.155394415536043
3.29349876572788,0.15676914877223
3.31806418729056,0.158088455627133
3.34262960885325,0.159351124080349
3.36719503041593,0.160556054906153
3.39176045197861,0.161702261526938
3.41632587354129,0.162788869820406
3.44089129510398,0.163815117896372
3.46545671666666,0.164780355857101
3.49002213822934,0.165684045552957
3.51458755979202,0.166525760342944
3.5391529813547,0.167305184867387
3.56371840291739,0.168022114837609
3.58828382448007,0.168676456845011
3.61284924604275,0.169268228189543
3.63741466760543,0.169797556725075
3.66198008916812,0.170264680716803
3.6865455107308,0.170669948703469
3.71111093229348,0.171013819354924
3.73567635385616,0.171296861313439
3.76024177541884,0.171519753005161
3.78480719698153,0.171683282406284
3.80937261854421,0.171788346746862
3.83393804010689,0.171835952133719
3.85850346166957,0.171827213072734
3.88306888323226,0.171763351869743
3.90763430479494,0.1716456978886
3.93219972635762,0.171475686644453
3.9567651479203,0.171254858710092
3.98133056948299,0.170984858413306
4.00589599104567,0.170667432303551
4.03046141260835,0.17030442736685
4.05502683417103,0.169897788968802
4.07959225573371,0.169449558506741
4.1041576772964,0.168961870753569
4.12872309885908,0.168436950877506
4.15328852042176,0.167877111123969
4.17785394198444,0.167284747147971
4.20241936354713,0.166662333987877
4.22698478510981,0.166012421673899
4.25155020667249,0.165337630467544
4.27611562823517,0.164640645731069
4.30068104979785,0.1639242124291
4.32524647136054,0.163191129267642
4.34981189292322,0.162444242478918
4.3743773144859,0.161686439263688
4.39894273604858,0.16092064090592
4.42350815761127,0.160149795577882
4.44807357917395,0.159376870856858
4.47263900073663,0.158604845977741
4.49720442229931,0.157836703848676
4.521769843862,0.157075422859714
4.54633526542468,0.156323968517043
4.57090068698736,0.155585284937737
4.59546610855004,0.154862286242177
4.62003153011272,0.154157847883161
4.64459695167541,0.153474797952403
4.66916237323809,0.152815908506455
4.69372779480077,0.152183886955116
4.71829321636345,0.151581367556121
4.74285863792614,0.151010903060267
4.76742405948882,0.150474956551175
4.7919894810515,0.149975893523585
4.81655490261418,0.14951597424338
4.84112032417686,0.149097346431574
4.86568574573955,0.14872203831309
4.89025116730223,0.148391952069493
4.91481658886491,0.148108857732802
4.93938201042759,0.147874387555179
4.96394743199028,0.147690030886654
4.98851285355296,0.147557129590133
5.01307827511564,0.147476874019797
5.03764369667832,0.147450299585554
5.06220911824101,0.147478283922669
5.08677453980369,0.147561544681873
5.11133996136637,0.147700637951351
5.13590538292905,0.147895957317991
5.16047080449173,0.148147733571123
5.18503622605442,0.148456035047862
5.2096016476171,0.148820768614961
5.23416706917978,0.149241681277945
5.25873249074246,0.149718362404191
5.28329791230515,0.150250246542639
5.30786333386783,0.150836616818894
5.33242875543051,0.151476608880807
5.35699417699319,0.152169215366036
5.38155959855588,0.15291329085981
5.40612502011856,0.153707557308001
5.43069044168124,0.154550609847852
5.45525586324392,0.15544092301614
5.4798212848066,0.156376857292411
5.50438670636929,0.157356665933017
5.52895212793197,0.158378502050189
5.55351754949465,0.159440425889223
5.57808297105733,0.160540412256065
5.60264839262002,0.161676358047168
5.6272138141827,0.162846089833482
5.65177923574538,0.164047371450771
5.67634465730806,0.165277911549184
5.70091007887074,0.166535371056107
5.72547550043343,0.167817370507779
5.75004092199611,0.169121497206965
5.77460634355879,0.170445312166124
5.79917176512147,0.171786356797946
5.82373718668416,0.173142159317923
5.84830260824684,0.174510240826611
5.87286802980952,0.175888121042529
5.8974334513722,0.177273323660134
5.92199887293489,0.178663381311008
5.94656429449757,0.180055840110223
5.97112971606025,0.181448263773857
5.99569513762293,0.182838237297703
6.02026055918561,0.184223370191363
6.0448259807483,0.1856012992661
6.06939140231098,0.186969690979022
6.09395682387366,0.188326243340271
6.11852224543634,0.189668687394044
6.14308766699903,0.190994788288176
6.16765308856171,0.192302345950927
6.19221851012439,0.193589195397258
6.21678393168707,0.194853206690414
6.24134935324975,0.196092284587854
6.26591477481244,0.197304367903671
6.29048019637512,0.198487428622313
6.3150456179378,0.199639470800958
6.33961103950048,0.200758529299989
6.36417646106317,0.201842668382858
6.38874188262585,0.202889980228079
6.41330730418853,0.203898583397211
6.43787272575121,0.204866621303394
6.4624381473139,0.205792260725388
6.48700356887658,0.206673690411986
6.51156899043926,0.20750911982129
6.53613441200194,0.208296778038477
6.56069983356462,0.209034912914518
6.58526525512731,0.209721790466697
6.60983067668999,0.210355694579848
6.63439609825267,0.210934927044882
6.65896151981535,0.211457807968523
6.68352694137803,0.211922676585162
6.70809236294072,0.21232789249842
6.7326577845034,0.212671837376419
6.75722320606608,0.212952917120835
6.78178862762876,0.213169564525729
6.80635404919145,0.213320242437774
6.83091947075413,0.213403447424958
6.85548489231681,0.213417713956172
6.88005031387949,0.213361619089238
6.90461573544218,0.213233787660043
6.92918115700486,0.213032897960435
6.95374657856754,0.212757687887581
6.97831200013022,0.212406961542454
7.00287742169291,0.211979596250217
7.02744284325559,0.211474549970387
7.05200826481827,0.210890869059964
7.07657368638095,0.210227696348118
7.10113910794364,0.209484279476677
7.12570452950632,0.20865997945651
7.150269951069,0.207754279386024
7.17483537263168,0.206766793274461
7.19940079419436,0.205697274909396
7.22396621575705,0.204545626705018
7.24853163731973,0.203311908465284
7.27309705888241,0.201996345993969
7.29766248044509,0.200599339482064
7.32222790200777,0.199121471601785
7.34679332357046,0.197563515235866
7.37135874513314,0.195926440770577
7.39592416669582,0.194211422881343
7.4204895882585,0.192419846740677
7.44505500982119,0.190553313579557
7.46962043138387,0.188613645535349
7.49418585294655,0.186602889721813
7.51875127450923,0.184523321459743
7.54331669607191,0.1823774466103
7.5678821176346,0.180168002957094
7.59244753919728,0.177897960587565
7.61701296075996,0.175570521229162
7.64157838232264,0.173189116501206
7.66614380388533,0.17075740504909
7.69070922544801,0.168279268533673
7.71527464701069,0.165758806455165
7.73984006857337,0.163200329797647
7.76440549013606,0.160608353487394
7.78897091169874,0.157987587665407
7.81353633326142,0.155342927782031
7.8381017548241,0.152679443529005
7.86266717638679,0.150002366631918
7.88723259794947,0.147317077533637
7.91179801951215,0.144629091006791
7.93636344107483,0.141944040740881
7.96092886263751,0.139267662956846
7.9854942842002,0.136605779108994
8.01005970576288,0.133964277741034
8.03462512732556,0.131349095569417
8.05919054888824,0.128766197873324
8.08375597045092,0.126221558276365
8.10832139201361,0.123721138010244
8.13288681357629,0.121270864755437
8.15745223513897,0.118876611158064
8.18201765670165,0.116544173125767
8.20658307826434,0.114279248008373
8.23114849982702,0.112087412771446
8.2557139213897,0.109974102272534
8.28027934295238,0.107944587750856
8.30484476451507,0.106003955641464
8.32941018607775,0.10415708682451
8.35397560764043,0.102408636419043
8.37854102920311,0.100763014228973
8.40310645076579,0.0992243659462275
8.42767187232848,0.0977965552129057
8.45223729389116,0.0964831466403137
8.47680271545384,0.0952873898781914
8.50136813701652,0.0942122048222666
8.52593355857921,0.0932601680425029
8.55049898014189,0.0924335005080937
8.57506440170457,0.0917340566784399
8.59962982326725,0.0911633150220742
8.62419524482993,0.0907223700178122
8.64876066639262,0.090411925684378
8.6733260879553,0.0902322906764133
8.69789150951798,0.090183374976205
8.72245693108066,0.0902646882017057
8.74702235264335,0.0904753395425458
8.77158777420603,0.0908140393267901
8.79615319576871,0.09127910221226
8.82071861733139,0.091868451987361
8.84528403889408,0.092579627957607
8.86984946045676,0.0934097928854576
8.89441488201944,0.0943557424427559
8.91898030358212,0.095413916127014
8.9435457251448,0.0965804095851014
8.96811114670749,0.0978509882805962
8.99267656827017,0.0992211024341992
9.01724198983285,0.100685903160243
9.04180741139553,0.102240259716466
9.06637283295822,0.103878777778937
9.0909382545209,0.105595818649281
9.11550367608358,0.107385519297255
9.14006909764626,0.10924181313825
9.16463451920895,0.111158451442437
9.18919994077163,0.113129025270073
9.21376536233431,0.115146987825979
9.23833078389699,0.117205677125283
9.26289620545967,0.119298338862293
9.28746162702235,0.12141814937479
9.31202704858504,0.123558238597027
9.33659247014772,0.12571171289638
9.3611578917104,0.127871677690818
9.38572331327308,0.130031259747116
9.41028873483577,0.132183629063082
9.43485415639845,0.134322020240835
9.45941957796113,0.136439753262481
9.48398499952381,0.138530253584187
9.5085504210865,0.14058707146978
9.53311584264918,0.142603900490381
9.55768126421186,0.144574595122334
9.58224668577454,0.146493187381682
9.60681210733723,0.148353902439625
9.63137752889991,0.150151173169799
9.65594295046259,0.151879653584688
9.68050837202527,0.153534231125117
9.70507379358795,0.155110037773346
9.72963921515064,0.156602459967007
9.75420463671332,0.158007147297634
9.778770058276,0.159320019984152
9.80333547983868,0.160537275118034
9.82790090140137,0.161655391683156
9.85246632296405,0.162671134359444
9.87703174452673,0.163581556125302
9.90159716608941,0.164383999679464
9.9261625876521,0.165076097708293
9.95072800921478,0.165655772029666
9.97529343077746,0.166121231649393
9.99985885234014,0.166470969770589
10.0244242739028,0.166703759800582
10.0489896954655,0.166818650403744
10.0735551170282,0.166814959652072
10.0981205385909,0.166692268328442
10.1226859601536,0.166450412440143
10.1472513817162,0.166089475002691
10.1718168032789,0.165609777155834
10.1963822248416,0.165011868675293
10.2209476464043,0.164296517944999
10.245513067967,0.163464701455444
10.2700784895296,0.162517592894277
10.2946439110923,0.161456551895424
10.319209332655,0.160283112512832
10.3437747542177,0.158998971484423
10.3683401757804,0.157605976351003
10.3929055973431,0.156106113493753
10.4174710189057,0.154501496152487
10.4420364404684,0.152794352485173
10.4666018620311,0.150987013727242
10.4911672835938,0.149081902507033
10.5157327051565,0.147081521371252
10.5402981267192,0.14498844157174
10.5648635482818,0.142805292161973
10.5894289698445,0.140534749448749
10.6139943914072,0.138179526841357
10.6385598129699,0.135742365137259
10.6631252345326,0.133226023279877
10.6876906560952,0.130633269620639
10.7122560776579,0.127966873713845
10.7368214992206,0.125229598669275
10.7613869207833,0.122424194083839
10.785952342346,0.119553389569869
10.8105177639087,0.116619888893969
10.8350831854713,0.113626364736699
10.859648607034,0.110575454079747
10.8842140285967,0.107469754223654
10.9087794501594,0.104311819435692
10.9333448717221,0.101104158224077
10.9579102932848,0.0978492312313761
10.9824757148474,0.0945494497368223
11.0070411364101,0.0912071747541529
11.0316065579728,0.0878247167087146
11.0561719795355,0.0844043356747999
11.0807374010982,0.0809482421516075
11.1053028226608,0.0774585983538026
11.1298682442235,0.0739375199904318
11.1544336657862,0.07038707850391
11.1789990873489,0.0668093037389641
11.2035645089116,0.0632061870097771
11.2281299304743,0.059579684532149
11.2526953520369,0.0559317211862631
11.2772607735996,0.0522641945746221
11.3018261951623,0.0485789793389067
11.326391616725,0.0448779316988881
11.3509570382877,0.0411628941761097
11.3755224598503,0.0374357004648268
11.400087881413,0.0336981804126495
11.4246533029757,0.0299521650734743
11.4492187245384,0.026199491795595
11.4737841461011,0.0224420093083504
11.4983495676638,0.0186815827712877
11.5229149892264,0.0149200987505751
11.5474804107891,0.0111594700882868
11.5720458323518,0.00740164063119001
11.5966112539145,0.00364858978677056
11.6211766754772,-9.76631245530254e-05
11.6457420970399,-0.00383505475079404
11.6703075186025,-0.00756147385174041
11.6948729401652,-0.011274757731255
11.7194383617279,-0.0149726889840342
11.7440037832906,-0.0186529925808103
11.7685692048533,-0.0223133333144315
11.7931346264159,-0.0259513136276746
11.8177000479786,-0.0295644718420526
11.8422654695413,-0.03315028080527
11.866830891104,-0.0367061469733593
11.8913963126667,-0.0402294099419132
11.9159617342294,-0.0437173424392034
11.940527155792,-0.0471671507923482
11.9650925773547,-0.0505759758760712
11.9896579989174,-0.0539408945519639
12.0142234204801,-0.0572589216045369
12.0387888420428,-0.0605270121787114
12.0633542636055,-0.06374206472176
12.0879196851681,-0.0669009244310516
12.1124851067308,-0.0700003872072854
12.1370505282935,-0.0730372041112082
12.1616159498562,-0.0760080863200923
12.1861813714189,-0.0789097105785058
12.2107467929815,-0.0817387251361256
12.2353122145442,-0.0844917561635258
12.2598776361069,-0.0871654146350104
12.2844430576696,-0.0897563036656581
12.3090084792323,-0.0922610262877906
12.333573900795,-0.0946761936500805
12.3581393223576,-0.096998433620467
12.3827047439203,-0.09922439977196
12.407270165483,-0.101350780728281
12.4318355870457,-0.103374309844119
12.4564010086084,-0.105291775192593
12.4809664301711,-0.107100029830271
12.5055318517337,-0.1087960023079
12.5300972732964,-0.110376707392735
12.5546626948591,-0.111839256966165
12.5792281164218,-0.113180871058133
12.6037935379845,-0.114398888977702
12.6283589595471,-0.11549078049705
12.6529243811098,-0.116454157044173
12.6774898026725,-0.117286782857657
12.7020552242352,-0.117986586055151
12.7266206457979,-0.118551669565497
12.7511860673606,-0.118980321873037
12.7757514889232,-0.119271027521347
12.8003169104859,-0.11942247732256
12.8248823320486,-0.119433578217643
12.8494477536113,-0.119303462732406
12.874013175174,-0.119031497973716
12.8985785967366,-0.118617294110402
12.9231440182993,-0.118060712283629
12.947709439862,-0.117361871892175
12.9722748614247,-0.116521157199
12.9968402829874,-0.11553922320685
13.0214057045501,-0.114417000752315
13.0459711261127,-0.113155700769837
13.0705365476754,-0.111756817679588
13.0951019692381,-0.110222131855947
13.1196673908008,-0.10855371113649
13.1442328123635,-0.106753911334933
13.1687982339262,-0.104825375725361
13.1933636554888,-0.102771033469326
13.2179290770515,-0.10059409696193
13.2424944986142,-0.0982980580778808
13.2670599201769,-0.095886683303657
13.2916253417396,-0.0933640077472945
13.3161907633022,-0.0907343280229481
13.3407561848649,-0.0880021940131864
13.3653216064276,-0.0851723995179514
13.3898870279903,-0.0822499718052149
13.414452449553,-0.0792401600845359
13.4390178711157,-0.0761484229309477
13.4635832926783,-0.072980414692818
13.488148714241,-0.0697419709235062
13.5127141358037,-0.0664390928827241
13.5372795573664,-0.0630779311594672
13.5618449789291,-0.0596647684741565
13.5864104004918,-0.0562060017231954
13.6109758220544,-0.0527081233344339
13.6355412436171,-0.0491777020070261
13.6601066651798,-0.0456213629138063
13.6846720867425,-0.0420457674485668
13.7092375083052,-0.0384575926044598
13.7338029298678,-0.0348635100731242
13.7583683514305,-0.03127016515704
13.7829337729932,-0.0276841555899951
13.8074991945559,-0.0241120103624
13.8320646161186,-0.0205601686494776
13.8566300376813,-0.0170349589410763
13.8811954592439,-0.0135425784719894
13.9057608808066,-0.0100890730512042
13.9303263023693,-0.00668031738745398
13.954891723932,-0.00332199600679169
13.9794571454947,-1.95848556659647e-05
14.0040225670574,0.00322166631984407
14.02858798862,0.00639675073136795
14.0531534101827,0.00950092035883027
14.0777188317454,0.0125297007354269
14.1022842533081,0.0154789046331014
14.1268496748708,0.0183446445800793
14.1514150964334,0.0211233441478944
14.1759805179961,0.0238117479516338
14.2005459395588,0.0264069303137725
14.2251113611215,0.0289063025489427
14.2496767826842,0.0313076188342315
14.2742422042469,0.0336089806370838
14.2988076258095,0.0358088396805475
14.3233730473722,0.0379059994334005
14.3479384689349,0.0398996151205816
14.3725038904976,0.0417891922572611
14.3970693120603,0.0435745837177903
14.421634733623,0.0452559853585953
14.4462001551856,0.0468339302217983
14.4707655767483,0.0483092813538906
14.495330998311,0.0496832232811151
14.5198964198737,0.0509572521902847
14.5444618414364,0.0521331648705215
14.569027262999,0.0532130464778261
14.5935926845617,0.0541992571904042
14.6181581061244,0.0550944178282879
14.6427235276871,0.0559013945159344
14.6672889492498,0.0566232824711381
14.6918543708125,0.0572633890077437
14.7164197923751,0.0578252158432403
14.7409852139378,0.0583124408053749
14.7655506355005,0.0587288990343858
14.7901160570632,0.0590785637793498
14.8146814786259,0.0593655268884251
14.8392469001886,0.0595939790934728
14.8638123217512,0.0597681901896319
14.8883777433139,0.0598924892099348
14.9129431648766,0.0599712446939644
14.9375085864393,0.0600088451479064
14.962074008002,0.0600096797911342
14.9866394295646,0.0599781196817203
15.0112048511273,0.0599184993099974
15.03577027269,0.0598350987455379
15.0603356942527,0.059732126418704
15.0849011158154,0.0596137026132695
15.1094665373781,0.0594838437415682
15.1340319589407,0.0593464474682242
15.1585973805034,0.0592052787427814
15.1831628020661,0.0590639567955508
15.2077282236288,0.0589259431447354
15.2322936451915,0.0587945306564486
15.2568590667541,0.0586728336926355
15.2814244883168,0.0585637793751991
15.3059899098795,0.0584700999878439
15.3305553314422,0.0583943265303581
15.3551207530049,0.0583387834332662
15.3796861745676,0.0583055844340758
15.4042515961302,0.0582966296097298
15.4288170176929,0.0583136035534173
15.4533824392556,0.0583579746776263
15.4779478608183,0.0584309956192736
15.502513282381,0.0585337047169626
15.5270787039437,0.0586669285249349
15.5516441255063,0.0588312853231137
15.576209547069,0.0590271895778344
15.6007749686317,0.0592548573034295
15.6253403901944,0.0595143122708117
15.6499058117571,0.0598053930056044
15.6744712333197,0.0601277605152042
15.6990366548824,0.0604809066814608
15.7236020764451,0.0608641632534145
15.7481674980078,0.0612767113727618
15.7727329195705,0.0617175915634226
15.7972983411332,0.062185714115755
15.8218637626958,0.0626798697956109
15.8464291842585,0.0631987408085334
15.8709946058212,0.0637409119499552
15.8955600273839,0.0643048818732582
15.9201254489466,0.0648890744089792
15.9446908705093,0.0654918498702695
15.9692562920719,0.0661115162819312
15.9938217136346,0.0667463404729163
16.0183871351973,0.0673945589750781
16.04295255676,0.0680543886741646
16.0675179783227,0.0687240371625211
16.0920833998853,0.0694017127466853
16.116648821448,0.07008563406698
16.1412142430107,0.0707740392903096
16.1657796645734,0.0714651948415984
16.1903450861361,0.0721574036436462
16.2149105076988,0.0728490128395829
16.2394759292614,0.0735384209765379
16.2640413508241,0.074224084633569
16.2886067723868,0.074904524481291
16.3131721939495,0.0755783307649611
16.3377376155122,0.0762441682069916
16.3623030370749,0.0769007803289418
16.3868684586375,0.0775469931969516
16.4113631439789,0.0781535030734838
16.435902743973,0.0786908839675953
16.4604425316443,0.0791582143594162
16.4849823763286,0.0795546588652262
16.5095221472661,0.0798794691786839
16.5340617135447,0.0801319846196153
16.5586009440432,0.0803116322215594
16.5831397073734,0.0804179263845999
16.6076778718228,0.0804504681215168
16.6322153052963,0.0804089439264498
16.6567518752578,0.0802931242961261
16.6812874486711,0.0801028619342331
16.7058218919403,0.0798380896697349
16.7303550708494,0.0794988181198605
16.7548868505014,0.0790851331281096
16.7794170952565,0.0785971930069844
16.8039456686695,0.078035225614248
16.8284724334261,0.0773995252903633
16.8529972512786,0.0766904496834111
16.8775199829801,0.0759084164862253
16.9020404882176,0.0750539001087508
16.9265586255442,0.0741274283067652
16.9510742523096,0.0731295787861105
16.9755872245895,0.0720609757994948
17.0000973971133,0.0709222867507872
17.0246046231904,0.0697142188195387
17.0491087546342,0.0684375156162836
17.0736096416857,0.0670929538769941
17.0981071329335,0.0656813402029516
17.1226010752331,0.0642035078502288
17.1470913136236,0.0626603135710337
17.1715776912422,0.061052634507314
17.1960600492362,0.0593813651353196
17.2205382266732,0.0576474142582729
17.2450120604477,0.0558517020429198
17.2694813851858,0.0539951570945383
17.2939460331467,0.0520787135639934
17.318405834121,0.0501033082796356
17.3428606153261,0.048069877896254
17.3673102012983,0.045979356052948
17.3917544137808,0.0438326705316137
17.4161930716087,0.0416307404078173
17.4406259905896,0.0393744731860922
17.4650529833801,0.0370647619121669
17.4894738593586,0.0347024822552889
17.5138884244925,0.0322884895546445
17.5382964812015,0.0298236158248739
17.5626978282154,0.0273086667168164
17.5870922604266,0.024744418430895
17.6114795687375,0.0221316145819175
17.6358595399012,0.0194709630155338
17.6602319563568,0.0167631325781067
17.6845965960577,0.0140087498433167
17.708953232293,0.0112083958003912
17.7333016335024,0.0083626025104212
17.7576415630822,0.00547184973875977
17.7819727791846,0.00253656157298014
17.8062950345075,-0.000442896962729068
17.8306080760761,-0.00346622328454898
17.8549116450145,-0.0065331806040248
17.8792054763079,-0.00964360124665074
17.9034892985536,-0.0127973899187351
17.9277628337017,-0.0159945269065089
17.9520257967837,-0.0192350711908869
17.9762778956283,-0.0225191634609541
18.0005188305651,-0.0258470290090838
18.0247482941132,-0.029218980490649
18.0489659706565,-0.032635420531548
18.0731715361023,-0.0360968441672355
18.0973646575243,-0.0396038410976172
18.1215449927875,-0.0431570977430476
18.1457121901552,-0.0467573990877229
18.1698658878762,-0.0504056302980312
18.1940057137511,-0.0541027781048268
18.2181312846767,-0.0578499319401781
18.2422422061671,-0.0616482848208612
18.2663380718495,-0.0654991339727147
18.2904184629339,-0.0694038811919097
18.3144829476545,-0.0733640329412288
18.3385310806809,-0.0773812001815398
18.3625624024977,-0.0814570979407767
18.3865764387502,-0.0855935446249003
18.410572699553,-0.0897924610774536
18.4345506787608,-0.094055869396457
18.4585098531975,-0.0983858915194429
18.4824496818408,-0.102784747589463
18.5063696049603,-0.107254754116788
18.5302690432043,-0.111798321952848
18.5541473966332,-0.116417954094645
18.5780040436948,-0.121116243339402
18.6018383401372,-0.125895869810628
18.6256496178558,-0.130759598377979
18.6494371836683,-0.135710275994387
18.673200318013,-0.140750828974783
18.6969382735649,-0.145884260241444
18.7206502737632,-0.151113646561504
18.7443355112422,-0.156442135802506
18.7679931461608,-0.161872944232018
18.7916223044199,-0.167409353887294
18.8152220757602,-0.173054710040805
18.8387915117312,-0.178812418787095
18.8623296235194,-0.184685944775936
18.8858353796262,-0.19067880911615
18.9093077033813,-0.196794587473733
18.9327454702786,-0.2030369083871
18.9561475051202,-0.209409451821375
18.9795125789499,-0.2159159479827
19.0028394057609,-0.22256017641256
19.0261266389555,-0.229345965381104
19.0493728675356,-0.236277191597468
19.072576612,-0.243357780254115
19.0957363199217,-0.250591705421296
19.1188503611756,-0.257982990806843
19.141917022784,-0.265535710895733
19.1649345033442,-0.27325399248312
19.1879009069977,-0.28114201661391
19.2108142368979,-0.289204020941443
19.2336723881257,-0.29744430251736
19.2564731399997,-0.30586722102439
19.2792141477201,-0.314477202463478
19.3018929332785,-0.323278743306399
19.324506875559,-0.332276415124688
19.3470531995462,-0.341474869705407
19.3695289645473,-0.350878844663715
19.3919310513237,-0.360493169561508
19.4142561480147,-0.370322772540299
19.436500734724,-0.380372687474864
19.458661066622,-0.39064806165188
19.4807331554008,-0.401154163974496
19.5027127488984,-0.411896393689188
19.5245953086874,-0.422880289625095
19.546375985398,-0.434111539927637
19.5680495915168,-0.445595992257225
19.589610571376,-0.457339664409287
19.6110529680067,-0.469348755293003
19.6323703864999,-0.48162965618173
19.6535559534704,-0.494188962116784
19.6746022721795,-0.507033483306378
19.6955013728195,-0.5201702563108
19.7162446574145,-0.533606554740929
19.7368228387363,-0.54734989911658
19.7572258725831,-0.561408065430256
19.7774428827153,-0.575789091835783
19.7974620776983,-0.590501282724684
19.817270658869,-0.605553209259247
19.8368547186281,-0.620953705192673
19.8561991282789,-0.636711856514713
19.8752874146952,-0.652836983106757
19.8941016252358,-0.669338610163774
19.9126221805487,-0.68622642663323
19.9308277152756,-0.703510227326816
19.9486949072124,-0.721199834678483
19.9661982962815,-0.739304995360135
19.9833100957916,-0.757835246148335
20,-0.776799742609932
