0,1340
1340,76
1416,176
1592,176
1768,76
1844,89
1933,205
2138,205
2343,89
2432,58
2490,132
2622,132
2754,58
2812,65
2877,149
3026,149
3175,65
3240,56
3296,128
3424,128
3552,56
3608,85
3693,196
3889,196
4085,85
4170,49
4219,109
4328,109
4437,49
4486,68
4554,156
4710,156
4866,68
4934,58
4992,133
5125,133
5258,58
5316,64
5380,145
5525,145
5670,64
5734,54
5788,120
5908,120
6028,54
6082,74
6156,168
6324,168
6492,74
6566,72
6638,165
6803,165
6968,72
7040,53
7093,77
7170,77
7247,54
7301,52
7353,75
7428,75
7503,52
7555,80
7635,117
7752,117
7869,80
7949,60
8009,85
8094,85
8179,60
8239,87
8326,127
8453,127
8580,87
8667,65
8732,94
8826,94
8920,65
8985,72
9057,110
9167,109
9276,72
9348,72
9420,107
9527,105
9632,72
9704,66
9770,97
9867,97
9964,66
10030,84
10114,123
10237,123
10360,84
10444,80
10524,124
10648,126
10774,80
10854,55
10909,79
10988,79
11067,55
11122,52
11174,76
11250,76
11326,52
11378,70
11448,100
11548,100
11648,70
11718,95
11813,145
11958,145
12103,95
12198,55
12253,82
12335,82
12417,55
12472,77
12549,121
12670,120
12790,79
12869,56
12925,78
13003,78
13081,54
13135,47
13182,65
13247,65
13312,48
13360,70
13430,103
13533,103
13636,69
13705,74
13779,111
13890,110
14000,76
14076,59
14135,83
14218,83
14301,57
14358,59
14417,86
14503,86
14589,59
14648,77
14725,120
14845,119
14964,79
15043,61
15104,94
15198,95
15293,61
15354,77
15431,114
15545,114
15659,77
15736,79
15815,116
15931,117
16048,77
16125,78
16203,117
16320,118
16438,80
16518,75
16593,108
16701,108
16809,73
16882,70
16952,101
17053,101
17154,72
17226,47
17273,68
17341,69
17410,47
17457,45
17502,58
17560,58
17618,43
17661,67
17728,98
17826,98
17924,69
17993,73
18066,105
18171,105
18276,73
18349,46
18395,70
18465,71
18536,46
18582,68
18650,101
18751,101
18852,70
18922,74
18996,113
19109,113
19222,74
19296,82
19378,122
19500,122
19622,82
19704,65
19769,93
19862,93
19955,65
20020,59
20079,81
20160,81
20241,57
20298,56
20354,80
20434,80
20514,56
20570,80
20650,122
20772,121
20893,82
20975,68
21043,98
21141,99
21240,68
21308,86
21394,126
21520,126
21646,86
21732,85
21817,131
21948,131
22079,83
22162,61
22223,88
22311,88
22399,62
22461,48
22509,62
22571,62
22633,46
22679,85
22764,125
22889,125
23014,87
23101,59
23160,90
23250,90
23340,59
23399,49
23448,72
23520,72
23592,48
23640,54
23694,78
23772,78
23850,56
23906,81
23987,122
24109,122
24231,81
24312,74
24386,117
24503,115
24618,73
24691,58
24749,85
24834,85
24919,59
24978,66
25044,99
25143,99
25242,67
25309,66
25375,96
25471,96
25567,65
25632,60
25692,87
25779,87
25866,62
25928,77
26005,111
26116,111
26227,75
26302,73
26375,106
26481,106
26587,73
26660,68
26728,105
26833,107
26940,70
27010,45
27055,66
27121,67
27188,45
27233,50
27283,69
27352,69
27421,49
27470,56
27526,81
27607,81
27688,57
27745,81
27826,126
27952,127
28079,81
28160,77
28237,116
28353,116
28469,78
28547,72
28619,104
28723,104
28827,71
28898,59
28957,86
29043,86
29129,59
29188,86
29274,123
29397,122
29519,84
29603,79
29682,117
29799,117
29916,81
29997,59
30056,86
30142,86
30228,59
30287,56
30343,88
30431,88
30519,55
30574,51
30625,71
30696,71
30767,53
30820,89
30909,133
31042,133
31175,88
31263,87
31350,129
31479,129
31608,89
31697,83
31780,122
31902,122
32024,83
32107,65
32172,93
32265,93
32358,63
32421,67
32488,99
32587,97
32684,67
32751,80
32831,119
32950,119
33069,82
33151,64
33215,91
33306,91
33397,64
33461,45
33506,64
33570,64
33634,45
33679,50
33729,69
33798,70
33868,48
33916,65
33981,101
34082,101
34183,67
34250,89
34339,129
34468,129
34597,87
34684,57
34741,85
34826,85
34911,59
34970,60
35030,91
35121,89
35210,60
35270,78
35348,113
35461,113
35574,76
35650,50
35700,69
35769,69
35838,51
35889,79
35968,115
36083,115
36198,78
36276,71
36347,111
36458,111
36569,70
36639,77
36716,110
36826,110
36936,77
37013,94
37107,137
37244,137
37381,94
37475,55
37530,79
37609,79
37688,57
37745,53
37798,74
37872,74
37946,53
37999,92
38091,133
38224,133
38357,90
38447,65
38512,95
38607,97
38704,65
38769,71
38840,109
38949,108
39057,73
39130,84
39214,124
39338,124
39462,84
39546,73
39619,102
39721,102
39823,71
39894,64
39958,100
40058,99
40157,65
40222,50
40272,68
40340,68
40408,50
40458,51
40509,71
40580,71
40651,49
40700,52
40752,74
40826,74
40900,54
40954,52
41006,76
41082,76
41158,52
41210,75
41285,106
41391,106
41497,73
41570,61
41631,88
41719,88
41807,63
41870,67
41937,96
42033,96
42129,66
42195,53
42248,75
42323,75
42398,52
42450,73
42523,111
42634,111
42745,75
42820,55
42875,80
42955,80
43035,55
43090,74
43164,113
43277,113
43390,73
43463,56
43519,83
43602,83
43685,58
43743,64
43807,94
43901,94
43995,64
44059,88
44147,130
44277,130
44407,88
44495,49
44544,73
44617,73
44690,48
44738,78
44816,116
44932,115
45047,78
45125,88
45213,129
45342,129
45471,88
45559,52
45611,75
45686,75
45761,50
45811,75
45886,120
46006,120
46126,77
46203,73
46276,103
46379,103
46482,72
46554,58
46612,87
46699,87
46786,59
46845,73
46918,108
47026,108
47134,72
47206,73
47279,105
47384,105
47489,72
47561,55
47616,80
47696,80
47776,56
47832,75
47907,109
48016,109
48125,74
48199,87
48286,133
48419,132
48551,86
48637,60
48697,85
48782,85
48867,58
48925,56
48981,78
49059,78
49137,56
49193,80
49273,118
49391,118
49509,82
49591,63
49654,92
49746,91
49837,63
49900,84
49984,120
50104,120
50224,82
50306,55
50361,82
50443,80
50523,55
50578,71
50649,108
50757,107
50864,73
50937,66
51003,99
51102,99
51201,66
51267,56
51323,80
51403,80
51483,56
51539,66
51605,96
51701,97
51798,64
51862,50
51912,74
51986,72
52058,52
52110,64
52174,90
52264,90
52354,64
52418,60
52478,85
52563,85
52648,60
52708,66
52774,96
52870,97
52967,68
53035,63
53098,92
53190,91
53281,61
53342,70
53412,104
53516,104
53620,72
53692,94
53786,135
53921,135
54056,93
54149,72
54221,110
54331,111
54442,70
54512,61
54573,91
54664,91
54755,62
54817,94
54911,137
55048,137
55185,94
55279,72
55351,107
55458,107
55565,74
55639,71
55710,102
55812,102
55914,71
55985,51
56036,69
56105,69
56174,49
56223,68
56291,97
56388,97
56485,68
56553,55
56608,79
56687,79
56766,57
56823,50
56873,72
56945,72
57017,50
57067,56
57123,80
57203,80
57283,56
57339,67
57406,95
57501,95
57596,65
57661,55
57716,84
57800,85
57885,55
57940,78
58018,116
58134,116
58250,80
58330,57
58387,78
58465,78
58543,55
58598,88
58686,132
58818,132
58950,90
59040,84
59124,125
59249,124
59373,82
59455,68
59523,102
59625,102
59727,70
59797,67
59864,97
59961,97
60058,65
60123,54
60177,80
60257,81
60338,52
60390,84
60474,123
60597,123
60720,85
60805,58
60863,81
60944,81
61025,58
61083,81
61164,120
61284,120
61404,82
61486,84
61570,124
61694,124
61818,84
61902,84
61986,118
62104,118
62222,82
62304,68
62372,106
62478,105
62583,68
62651,52
62703,74
62777,75
62852,54
62906,50
62956,71
63027,72
63099,50
63149,50
63199,71
63270,71
63341,50
63391,76
63467,111
63578,110
63688,74
63762,59
63821,88
63909,88
63997,61
64058,52
64110,75
64185,75
64260,52
64312,73
64385,106
64491,106
64597,71
64668,61
64729,90
64819,91
64910,62
64972,71
65043,103
65146,102
65248,69
65317,77
65394,116
65510,116
65626,79
65705,80
65785,118
65903,118
66021,78
66099,73
66172,112
66284,114
66398,70
66468,80
66548,116
66664,116
66780,80
66860,83
66943,121
67064,121
67185,83
67268,61
67329,88
67417,88
67505,63
67568,64
67632,93
67725,91
67816,64
67880,67
67947,98
68045,98
68143,65
68208,62
68270,90
68360,90
68450,62
68512,80
68592,121
68713,121
68834,82
68916,60
68976,86
69062,86
69148,60
69208,64
69272,91
69363,91
69454,64
69518,66
69584,98
69682,98
69780,65
69845,59
69904,85
69989,85
70074,61
70135,89
70224,126
70350,126
70476,87
70563,73
70636,103
70739,103
70842,75
70917,53
70970,76
71046,78
71124,53
71177,55
71232,78
71310,78
71388,55
71443,49
71492,66
71558,66
71624,49
71673,74
71747,108
71855,108
71963,71
72034,1339
