0.13501740563469
0.134357118211348
0.133697428588732
0.13303911236937
0.132382945880538
0.131729705077484
0.13108016445571
0.130435095973165
0.129795267982783
0.129161444175389
0.128534382532627
0.127914834289153
0.127303542902983
0.126701243032558
0.126108659518763
0.125526506369897
0.124955485747356
0.124396286949644
0.123849585392213
0.123316041580584
0.122796300074247
0.122290988438907
0.12180071618484
0.12132607368933
0.120867631101513
0.120425937228309
0.120001518400617
0.119594877319461
0.119206491882377
0.118836813991013
0.118486268341591
0.11815525120068
0.117844129169522
0.117553237940972
0.117282881054005
0.117033328651568
0.116804816248462
0.116597543516768
0.116411673097169
0.116247329445319
0.116104597723149
0.115983522745663
0.115884107994433
0.115806314709451
0.115750061071485
0.11571522148734
0.115701625990657
0.115709059770923
0.115737262843288
0.115785929871588
0.115854710156576
0.115943207800874
0.116050982061453
0.116177547899647
0.116322376737705
0.116484897429755
0.116664497453791
0.116860524329846
0.117072287267996
0.117299059048168
0.117540078131935
0.117794551004643
0.118061654744259
0.118340539811324
0.118630333052365
0.118930140907044
0.119239052807257
0.119556144754352
0.119880483058619
0.120211128223267
0.120547138953228
0.120887576267393
0.121231507691225
0.121578011505241
0.121926181023521
0.122275128875262
0.1226239912615
0.122971932158371
0.123318147437821
0.123661868876437
0.124002368023078
0.124338959896246
0.124671006482695
0.124997920009536
0.125319165963202
0.125634265829904
0.125942799533835
0.126244407551151
0.126538792679837
0.12682572144781
0.1271050251441
0.12737660046056
0.127640409734403
0.127896480784765
0.128144906339555
0.128385843051984
0.128619510109321
0.128846187439661
0.129066213525635
0.129279982837178
0.129487942898536
0.129690591007665
0.129888470629028
0.130082167483464
0.130272305361313
0.130459541687232
0.13064456286718
0.130828079449823
0.131010821136084
0.131193531671758
0.131376963658972
0.131561873322832
0.13174901526981
0.131939137274296
0.132132975129317
0.132331247596615
0.132534651490206
0.132743856926101
0.1329595027692
0.133182192306364
0.133412489172454
0.133650913553653
0.133897938689742
0.134153987694145
0.134419430707614
0.134694582398321
0.134979699818015
0.135274980620666
0.135580561646922
0.135896517874475
0.136222861731443
0.13655954276688
0.136906447669715
0.137263400624783
0.137630163992171
0.138006439293875
0.138391868489806
0.138786035523473
0.139188468116261
0.1395986397881
0.140015972081494
0.140439836965363
0.140869559394954
0.141304420004144
0.141743657906859
0.142186473584957
0.14263203184087
0.143079464794421
0.143527874904623
0.143976337998812
0.144423906293161
0.144869611390523
0.145312467243404
0.145751473071964
0.14618561622889
0.14661387500507
0.147035221371954
0.14744862365842
0.147853049161759
0.148247466694105
0.148630849067144
0.149002175519298
0.149360434090727
0.149704623952416
0.150033757696346
0.150346863594183
0.150642987832171
0.150921196729868
0.151180578950128
0.151420247707212
0.151639342979221
0.151837033730081
0.152012520145228
0.152165035883824
0.15229385034892
0.152398270975421
0.152477645534053
0.152531364447853
0.152558863115908
0.152559624237398
0.1525331801272
0.152479115012734
0.152397067300106
0.152286731796187
0.15214786187193
0.151980271551125
0.151783837507793
0.151558500954692
0.151304269404897
0.151021218288082
0.150709492403114
0.150369307188745
0.150000949794636
0.149604779935624
0.14918123051309
0.148730807988412
0.1482540924949
0.147751737676143
0.147224470240506
0.146673089223402
0.146098464951052
0.145501537701612
0.14488331606185
0.144244874979836
0.143587353516538
0.142911952301561
0.142219930700621
0.141512603704686
0.14079133855292
0.140057551103724
0.139312701970173
0.138558292438035
0.137795860186234
0.137026974831189
0.136253233317736
0.135476255180521
0.134697677700598
0.133919150982684
0.133142332978951
0.132368884485457
0.131600464137314
0.130838723428437
0.130085301781303
0.129341821691429
0.128609883970477
0.12789106311081
0.127186902793124
0.126498911557409
0.125828558655997
0.125177270105822
0.124546424955314
0.123937351779545
0.123351325415397
0.122789563946642
0.122253225946897
0.121743407986546
0.121261142407801
0.120807395370273
0.120383065167588
0.119988980813902
0.119625900897523
0.119294512697285
0.118995431555931
0.118729200503396
0.118496290121727
0.118297098642286
0.11813195226495
0.118001105688231
0.117904742838558
0.117842977786433
0.11781585583678
0.117823354780495
0.117865386294077
0.117941797474156
0.118052372493806
0.118196834367667
0.118374846813172
0.118586016195495
0.118829893544207
0.119105976630123
0.119413712091302
0.119752497597709
0.120121684044629
0.120520577765541
0.120948442755731
0.121404502898574
0.12188794418703
0.122397916933487
0.122933537961705
0.123493892775182
0.124078037696826
0.124685001975359
0.12531378985438
0.125963382600521
0.126632740487575
0.127320804733925
0.128026499391023
0.128748733181058
0.129486401282337
0.130238387061279
0.131003563750248
0.131780796070846
0.132568941802575
0.133366853297175
0.134173378939236
0.134987364554067
0.135807654764141
0.136633094295793
0.137462529238217
0.138294808257183
0.139128783766264
0.139963313058758
0.140797259403854
0.141629493110985
0.142458892566664
0.143284345248481
0.144104748721233
0.144919011620513
0.145726054629325
0.146524811453535
0.147314229802147
0.148093272378526
0.148860917888714
0.149616162073013
0.150358018766856
0.151085520996845
0.151797722117505
0.152493696993958
0.153172543235214
0.153833382482175
0.154475361753777
0.155097654853849
0.155699463840414
0.156280020558086
0.15683858823317
0.157374463129853
0.157886976264635
0.1583754951748
0.158839425735362
0.159278214017518
0.159691348180187
0.160078360384784
0.160438828721964
0.160772379137679
0.161078687344562
0.161357480703395
0.161608540058266
0.161831701507961
0.162026858095257
0.162193961394989
0.162333022981225
0.162444115753462
0.16252737510157
0.162582999889253
0.16261125323602
0.162612463078168
0.162587022489994
0.162535389747404
0.162458088117322
0.162355705357713
0.162228892914738
0.162078364805424
0.161904896176364
0.161709321531248
0.161492532622481
0.161255476004814
0.160999150251619
0.160724602837337
0.160432926692553
0.160125256441136
0.159802764331881
0.159466655880099
0.159118165237498
0.158758550311607
0.158389087658707
0.158011067176836
0.157625786627895
0.157234546020048
0.15683864188365
0.156439361475624
0.156037976948668
0.155635739522818
0.155233873697685
0.154833571544199
0.154435987114774
0.154042231010635
0.153653365144418
0.153270397735231
0.152894278572048
0.152525894579664
0.152166065719444
0.151815541254792
0.151474996408649
0.151145029437444
0.150826159142775
0.150518822838722
0.150223374789151
0.149940085125622
0.14966913925271
0.149410637743598
0.149164596724846
0.148930948745276
0.148709544119978
0.148500152736579
0.14830246630721
0.148116101045991
0.147940600748506
0.147775440246574
0.147620029208723
0.147473716254216
0.147335793346181
0.147205500427485
0.147082030261451
0.146964533438349
0.146852123507801
0.146743882196923
0.146638864674017
0.146536104818145
0.146434620455709
0.146333418526457
0.146231500142954
0.146127865509502
0.146021518668869
0.145911472047754
0.145796750774855
0.145676396748506
0.14554947243422
0.145415064375962
0.145272286408584
0.145120282562586
0.14495822965606
0.144785339572408
0.144600861226081
0.144404082222138
0.144194330218824
0.143970974005585
0.143733424311948
0.143481134365389
0.143213600218763
0.142930360869972
0.142630998198277
0.142315136743065
0.14198244335184
0.141632626724815
0.141265436883635
0.140880664591564
0.140478140751799
0.140057735809568
0.139619359182249
0.139162958739995
0.138688520357226
0.138196067552954
0.137685661235222
0.137157399562035
0.136611417928013
0.136047889082775
0.135467023383667
0.134869069182004
0.13425431333859
0.133623081860817
0.132975740650365
0.132312696347292
0.131634397253307
0.130941334314191
0.130234042138811
0.129513100029915
0.128779132999971
0.128032812743772
0.127274858538364
0.126506038040066
0.125727167948022
0.124939114503827
0.124142793797254
0.123339171849092
0.122529264443469
0.121714136683831
0.12089490224892
0.120072722327669
0.119248804214817
0.118424399552259
0.117600802204633
0.116779345761349
0.115961400661204
0.11514837093972
0.114341690603557
0.113542819640479
0.112753239677593
0.111974449304674
0.111207959083445
0.110455286267555
0.109717949261648
0.108997461851408
0.108295327239535
0.107613031925503
0.106952039469371
0.106313784181995
0.105699664785673
0.105111038090453
0.104549212732123
0.104015443018199
0.103510922928088
0.103036780312972
0.102594071339883
0.102183775222918
0.101806789282566
0.1014639243718
0.101155900704778
0.10088334412095
0.100646782813934
0.100446644550832
0.100283254403721
0.100156833010961
0.10006749538166
0.100015250252287
0.1
0.100021541112829
0.100079565212479
0.100173660621207
0.100303314460103
0.100467915262084
0.100666756079188
0.100899038060216
0.10116387447156
0.101460295131165
0.101787251222986
0.102143620457135
0.10252821253906
0.102939774909713
0.103376998717579
0.103838524982864
0.104322950913841
0.104828836335537
0.105354710191435
0.105899077079743
0.106460423786972
0.10703722578307
0.107627953644137
0.108231079370776
0.108845082572339
0.109468456489782
0.110099713832312
0.110737392405725
0.111380060512953
0.112026322110109
0.112674821703965
0.11332424897949
0.11397334314856
0.114620897013448
0.115265760740925
0.115906845344934
0.116543125877698
0.117173644330803
0.117797512249244
0.118413913062659
0.119022104138917
0.119621418565949
0.120211266668196
0.120791137264265
0.121360598672397
0.121919299470162
0.122466969014384
0.123003417726736
0.123528537149768
0.12404229977726
0.124544758661935
0.125036046802557
0.125516376311479
0.12598603736273
0.126445396919758
0.126894897241126
0.127335054161663
0.127766455145951
0.12818975711055
0.128605684011073
0.129015024190125
0.129418627482239
0.129817402072288
0.130212311104466
0.130604369039726
0.130994637760667
0.131384222424164
0.131774267063584
0.132165949944169
0.132560478677175
0.132959085100435
0.133363019935355
0.133773547232748
0.134191938622427
0.134619467384058
0.135057402359386
0.135507001728517
0.135969506675507
0.136446134970965
0.136938074501698
0.137446476779625
0.13797245046415
0.138517054933938
0.139081293945514
0.139666109417335
0.140272375378796
0.140900892124244
0.141552380612183
0.142227477149719
0.142926728401651
0.143650586762726
0.144399406130139
0.14517343811169
0.145972828702845
0.146797615463495
0.147647725222374
0.14852297233394
0.149423057509083
0.150347567237312
0.151295973814091
0.152267635982869
0.153261800197003
0.154277602502339
0.155314071036676
0.156370129137786
0.157444599047066
0.158536206191394
0.159643584021335
0.160765279379491
0.161899758368716
0.163045412685931
0.164200566383628
0.165363483017739
0.166532373137452
0.167705402069818
0.168880697949603
0.17005635994283
0.17123046661091
0.172401084361037
0.173566275927822
0.174724108830839
0.175872663752885
0.177010042784329
0.178134377479991
0.179243836676361
0.180336634018895
0.181411035151332
0.182465364521644
0.183498011762211
0.184507437605138
0.185492179297291
0.186450855483503
0.187382170530596
0.188284918269218
0.189157985135035
0.190000352695515
0.190811099553338
0.191589402622304
0.192334537776505
0.193045879878406
0.193722902196273
0.194365175226159
0.194972364938208
0.195544230471541
0.196080621306177
0.196581473944478
0.197046808138346
0.197476722701831
0.197871390951961
0.198231055823318
0.198556024704338
0.198846664045251
0.199103393789191
0.199326681679128
0.199517037493988
0.199675007267573
0.199801167543679
0.199896119720161
0.199960484533531
0.199994896734149
0.2
0.199976442134637
0.199924870591989
0.199845928367496
0.199740250291406
0.199608459756117
0.199451165905182
0.199268961307062
0.199062420131923
0.198832096844826
0.198578525423509
0.198302219103744
0.198003670649953
0.197683353143435
0.197341721275298
0.19697921312597
0.196596252408099
0.196193251144765
0.19577061275023
0.195328735476108
0.194868016181693
0.194388854383519
0.193891656535872
0.193376840491091
0.192844840086071
0.192296109799475
0.191731129422722
0.191150408686982
0.190554491788088
0.189943961751518
0.189319444580431
0.188681613131135
0.188031190662289
0.18736895400667
0.186695736317323
0.186012429343479
0.185319985195598
0.18461941756338
0.183911802355413
0.183198277734361
0.182480043527112
0.18175835999512
0.181034545956146
0.180309976254801
0.17958607858549
0.178864329677698
0.178146250859753
0.177433403023425
0.176727381017687
0.176029807505804
0.175342326325441
0.174666595396684
0.174004279227745
0.173357041072475
0.172726534797795
0.17211439652256
0.171522236092237
0.170951628456093
0.170404105015255
0.16988114501107
0.169384167023632
0.168914520650099
0.168473478431562
0.168062228095732
0.167681865180551
0.167333386101125
0.167017681719014
0.166735531469063
0.166487598094559
0.166274423036608
0.166096422518376
0.165953884359099
0.16584696554684
0.165775690592642
0.165739950682302
0.165739503635343
0.1657739746741
0.165842857999076
0.1659455191601
0.166081198206239
0.166249013591039
0.166447966803492
0.166676947689314
0.16693474042153
0.167220030074285
0.167531409749092
0.167867388198518
0.168226397888639
0.168606803438441
0.169006910371805
0.16942497411573
0.169859209177118
0.170307798429698
0.17076890244255
0.17124066878221
0.171721241221422
0.172208768789308
0.172701414599983
0.173197364399453
0.173694834773907
0.174192080966318
0.174687404252444
0.17517915883189
0.175665758194816
0.176145680930053
0.176617475945779
0.177079767079523
0.177531257079908
0.17797073094833
0.178397058634485
0.178809197085343
0.179206191652743
0.179587176870184
0.179951376614549
0.180298103673461
0.18062675874353
0.180936828889039
0.181227885494481
0.181499581747819
0.181751649694337
0.181983896903518
0.18219620279344
0.182388514658747
0.18256084344935
0.182713259347572
0.182845887191557
0.182958901792371
0.18305252319136
0.183127011903053
0.183182664187175
0.183219807391234
0.1832387954027
0.183240004247016
0.183223827864633
0.183190674096962
0.183140960907674
0.183075112862126
0.182993557883952
0.182896724304086
0.18278503821363
0.182658921128225
0.182518787967859
0.182365045352423
0.182198090209886
0.182018308690671
0.181826075378751
0.181621752787148
0.181405691122971
0.181178228304837
0.180939690213537
0.18069039115515
0.18043063451444
0.180160713575338
0.179880912484602
0.179591507334317
0.179292767338825
0.178984956081823
0.178668332809837
0.178343153749004
0.178009673422995
0.177668145951094
0.177318826306754
0.176961971518445
0.176597841796209
0.17622670156906
0.175848820420143
0.175464473908379
0.175073944267213
0.174677520972868
0.174275501176365
0.173868189995323
0.173455900663233
0.173038954535538
0.172617680953368
0.172192416967151
0.171763506923673
0.171331301921288
0.170896159139046
0.170458441046424
0.170018514501174
0.169576749743458
0.169133519295045
0.168689196772812
0.168244155626183
0.167798767808443
0.167353402392103
0.166908424138672
0.166464192033319
0.166021057795008
0.165579364372773
0.165139444438834
0.164701618889331
0.164266195363482
0.163833466792051
0.163403709986036
0.162977184276604
0.162554130217339
0.162134768359963
0.16171929811478
0.161307896707129
0.16090071824123
0.160497892882771
0.160099526171608
0.159705698475841
0.159316464598398
0.158931853547005
0.158551868478108
0.158176486824846
0.157805660618606
0.157439317012958
0.15707735901792
0.156719666451445
0.156366097113824
0.156016488189341
0.155670657877929
0.155328407257882
0.154989522378756
0.154653776581555
0.154320933041064
0.153990747522874
0.153662971345173
0.153337354532813
0.153013649148555
0.152691612783739
0.152371012187915
0.152051627014366
0.151733253655838
0.151415709142298
0.151098835070175
0.150782501530363
0.150466611000251
0.150151102163337
0.149835953618494
0.149521187439825
0.149206872547254
0.148893127847564
0.148580125105559
0.148268091505445
0.147957311863338
0.147648130453086
0.147340952409328
0.147036244673889
0.146734536454258
0.146436419165942
0.146142545834008
0.145853629933005
0.145570443648707
0.145293815549751
0.145024627662105
0.144763811944495
0.144512346168248
0.144271249210564
0.144041575775831
0.143824410565283
0.14362086192095
0.143432054975447
0.143259124344586
0.143103206405077
0.142965431204564
0.142846914055954
0.14274874687233
0.142671989302631
0.142617659731755
0.142586726211651
0.142580097392379
0.142598613523902
0.142643037600589
0.142714046720975
0.142812223735231
0.142938049252102
0.143091894075666
0.143274012140258
0.143484534009242
0.143723461000038
0.14399065999398
0.144285858985132
0.144608643417294
0.14495845335303
0.145334581512694
0.145736172215286
0.146162221246416
0.146611576671899
0.147082940608555
0.14757487195668
0.148085790091466
0.148613979503539
0.149157595371588
0.149714670043141
0.150283120392683
0.150860756019748
0.151445288243346
0.152034339843117
0.152625455492092
0.153216112820781
0.153803734047697
0.154385698107251
0.154959353202368
0.155522029706074
0.156071053333856
0.156603758506653
0.15711750182302
0.157609675558277
0.158077721108294
0.158519142295982
0.158931518459547
0.159312517243078
0.159659907012108
0.159971568819294
0.16024550784841
0.160479864268273
0.160672923432094
0.160823125361959
0.160929073462722
0.160989542414438
0.161003485197609
0.160970039210839
0.160888531446034
0.160758482691974
0.160579610742859
0.160351832594301
0.16007526561515
0.159750227689444
0.15937723632866
0.158957006760276
0.158490449004394
0.157978663955791
0.15742293849424
0.156824739651282
0.156185707866709
0.155507649372942
0.154792527750138
0.154042454699282
0.153259680084617
0.152446581300626
0.151605652022275
0.150739490400431
0.149850786767225
0.148942310918602
0.148016899043456
0.147077440370484
0.146126863605263
0.145168123231036
0.144204185747241
0.143238015920007
0.142272563118598
0.141310747811113
0.140355448291716
0.139409487710196
0.138475621472778
0.137556525080881
0.136654782471818
0.135772874922498
0.134913170573721
0.134077914629044
0.133269220278076
0.132489060389778
0.131739260016735
0.131021489746477
0.130337259930899
0.129687915819536
0.129074633617046
0.12849841747973
0.127960097460265
0.127460328404198
0.126999589796051
0.126578186547231
0.126196250712378
0.125853744115287
0.125550461860221
0.125286036699261
0.125059944221412
0.124871508824472
0.124719910426275
0.124604191867807
0.124523266956909
0.124475929097915
0.124460860449492
0.124476641550372
0.124521761350435
0.124594627582804
0.12469357741131
0.124816888286712
0.124962788944654
0.125129470478262
0.125315097418705
0.125517818757863
0.125735778848489
0.125967128118862
0.126210033540961
0.126462688793521
0.126723324064084
0.126990215437098
0.127261693818484
0.127536153350581
0.127812059275202
0.128087955206467
0.128362469779279
0.128634322643516
0.128902329778479
0.129165408106522
0.129422579389372
0.129672973395107
0.129915830328319
0.130150502520457
0.130376455381721
0.130593267620245
0.130800630738475
0.13099834782072
0.131186331629777
0.131364602034251
0.13153328279172
0.131692597716248
0.131842866261826
0.131984498556203
0.132117989922183
0.132243914925841
0.132362920993174
0.132475721638595
0.132583089350177
0.132685848177866
0.13278486607189
0.132881047019309
0.132975323027097
0.133068646000364
0.133161979564189
0.133256290877248
0.133352542484762
0.133451684257498
0.133554645462424
0.133662327009344
0.133775593916297
0.133895268034774
0.134022121073883
0.134156867960519
0.134300160570297
0.134452581861629
0.134614640442774
0.134786765599043
0.134969302804562
0.135162509740187
0.135366552836228
0.135581504355711
0.135807340030881
0.136043937262664
0.136291073889783
0.136548427531224
0.136815575502783
0.137091995305481
0.137377065680801
0.137670068224847
0.137970189550876
0.138276523986975
0.138588076793172
0.138903767879886
0.139222436007301
0.139542843443173
0.139863681054529
0.140183573806911
0.140501086643083
0.140814730711622
0.141122969914401
0.141424227740781
0.141716894355276
0.141999333904572
0.142269892009069
0.14252690340358
0.142768699691414
0.142993617175888
0.143200004733239
0.143386231691001
0.143550695676208
0.14369183039816
0.143808113331063
0.143898073262565
0.143960297675029
0.143993439927381
0.143996226206434
0.143967462217845
0.143906039588162
0.143810941950865
0.143681250690843
0.143516150323373
0.143314933485365
0.143077005518446
0.142801888625284
0.142489225582475
0.142138782995271
0.14175045408143
0.141324260973495
0.140860356530861
0.140359025655053
0.139820686103708
0.1392458888008
0.138635317642708
0.137989788801723
0.137310249530589
0.136597776473591
0.135853573491607
0.135078969010354
0.134275412902808
0.13344447291847
0.132587830673756
0.131707277219257
0.130804708201105
0.129882118634936
0.128941597312197
0.127985320859672
0.127015547474094
0.126034610354643
0.125044910856926
0.124048911392758
0.12304912810064
0.12204812331238
0.121048497841663
0.120052883120761
0.119063933211738
0.118084316718748
0.11711670862802
0.116163782102206
0.115228200255676
0.114312607937254
0.113419623546727
0.112551830911249
0.111711771247501
0.110901935235222
0.11012475522733
0.109382597621586
0.108677755418282
0.108012440988086
0.107388779073676
0.10680880004837
0.106274433454386
0.105787501842867
0.105349714937177
0.104962664140356
0.104627817406889
0.104346514498241
0.104119962640717
0.103949232603361
0.103835255212571
0.103778818319059
0.103780564231571
0.103840987630518
0.103960433973247
0.104139098401142
0.104377025157128
0.104674107520343
0.105030088262844
0.105444560631188
0.10591696985357
0.106446615170909
0.107032652387914
0.107674096937652
0.108369827450564
0.109118589816261
0.109919001723672
0.11076955766243
0.111668634365609
0.112614496671176
0.113605303776839
0.114639115860323
0.115713901034568
0.116827542604913
0.117977846593089
0.119162549490712
0.120379326203157
0.121625798143006
0.122899541430952
0.124198095160919
0.125518969685461
0.126859654877045
0.128217628320781
0.12959036339446
0.13097533719245
0.132370038251046
0.133771974034331
0.135178678141417
0.13658771719814
0.137996697398811
0.139403270666534
0.140805140403794
0.142200066808501
0.143585871734444
0.144960443079051
0.146321738685516
0.147667789750635
0.148996703734081
0.150306666769263
0.151595945580363
0.1528628889145
0.154105928502269
0.155323579564007
0.1565144408831
0.157677194471287
0.158810604854376
0.159913518009795
0.160984859990165
0.162023635269338
0.163028924849278
0.163999884167537
0.164935740846091
0.165835792322745
0.166699403406337
0.167526003796463
0.168315085607474
0.169066200935055
0.169778959501787
0.170453026415776
0.171088120073687
0.171684010236436
0.172240516302353
0.17275750579889
0.17323489311003
0.173672638452332
0.174070747108286
0.174429268921235
0.174748298051661
0.17502797299026
0.175268476818792
0.175470037705538
0.175632929618042
0.175757473232022
0.175844037011717
0.175893038433641
0.175904945322795
0.175880277267815
0.175819607079355
0.175723562254314
0.175592826407205
0.175428140629177
0.17523030473486
0.175000178357323
0.174738681852102
0.174446796972273
0.174125567278155
0.173776098247167
0.173399557051765
0.172997171976211
0.172570231446036
0.172120082647566
0.171648129718663
0.171155831495828
0.170644698807086
0.170116291304469
0.169572213834433
0.169014112349174
0.168443669366447
0.167862598990117
0.167272641508264
0.166675557590111
0.166073122107417
0.165467117610095
0.164859327489743
0.164251528868478
0.163645485253791
0.163042939003251
0.162445603645534
0.161855156106654
0.161273228892132
0.160701402277453
0.160141196560181
0.159594064427841
0.159061383495857
0.158544449069652
0.158044467184346
0.157562547974408
0.157099699424086
0.156656821547539
0.156234701045211
0.155834006480327
0.155455284016269
0.155098953752199
0.154765306690573
0.154454502366154
0.154166567161911
0.153901393332667
0.153658738752725
0.15343822739887
0.153239350575203
0.153061468881268
0.152903814919876
0.152765496735981
0.152645501972935
0.152542702727527
0.152455861080354
0.152383635273416
0.152324586502275
0.1522771862859
0.152239824373191
0.152210817141494
0.152188416438894
0.152170818818999
0.152156175114118
0.152142600290364
0.152128183526215
0.152110998454468
0.152089113506355
0.152060602295875
0.152023553982068
0.151976083547133
0.151916341928844
0.151842525946762
0.151752887963164
0.151645745221481
0.151519488807301
0.151372592179627
0.151203619223114
0.151011231775346
0.15079419658688
0.150551391675761
0.150281812042405
0.149984574715188
0.149658923101705
0.149304230625457
0.148920003632571
0.148505883558195
0.148061648347149
0.147587213128477
0.147082630148472
0.146548087971654
0.145983909963945
0.145390552076895
0.144768599956253
0.144118765402352
0.143441882213757
0.142738901449254
0.142010886146614
0.141259005539596
0.140484528817271
0.139688818472053
0.138873323284694
0.138039570996
0.137189160716081
0.136323755122634
0.135445072500002
0.134554878670591
0.133654978869698
0.132747209613828
0.131833430611298
0.130915516762226
0.129995350293028
0.12907481306821
0.128155779119661
0.127240107430816
0.126329635009954
0.125426170283694
0.124531486838293
0.123647317532852
0.12277534900492
0.121917216585335
0.121074499635471
0.120248717316422
0.119441324796098
0.118653709896697
0.117887190181686
0.117143010478205
0.116422340827802
0.115726274855586
0.11505582854531
0.114411939405546
0.113795466010059
0.113207187893665
0.11264780578335
0.1121179421432
0.111618142010735
0.111148874101593
0.110710532159121
0.110303436525343
0.109927835909896
0.109583909333953
0.109271768226746
0.108991458653151
0.108742963651792
0.1085262056643
0.108341049037667
0.108187302583046
0.108064722175845
0.107973013383505
0.107911834108937
0.107880797239152
0.107879473290188
0.107907393040911
0.107964050149713
0.108048903749453
0.108161381017199
0.108300879716429
0.108466770710278
0.108658400445226
0.108875093405221
0.109116154536713
0.109380871645349
0.109668517765186
0.109978353501246
0.110309629346011
0.110661587970086
0.111033466486782
0.111424498689709
0.111833917261756
0.112260955952994
0.112704851724147
0.113164846851307
0.113640190986623
0.114130143168664
0.11463397377522
0.115150966410364
0.11568041971671
0.116221649103033
0.116773988376708
0.117336791269877
0.117909432847779
0.118491310787443
0.119081846514792
0.119680486188257
0.120286701517265
0.120899990404354
0.121519877400305
0.122145913962461
0.122777678507407
0.12341477625034
0.124056838824797
0.12470352367792
0.125354513238056
0.126009513853306
0.126668254501495
0.127330485274047
0.127995975638307
0.128664512484962
0.129335897969375
0.130009947157791
0.130686485491513
0.13136534608425
0.13204636686987
0.132729387619721
0.133414246850564
0.134100778645794
0.134788809414256
0.135478154612282
0.136168615455797
0.136859975650332
0.137551998167541
0.13824442209737
0.138936959605329
0.139629293024376
0.140321072110733
0.141011911492507
0.141701388339286
0.142389040279947
0.143074363594681
0.143756811705841
0.144435793990512
0.145110674935804
0.145780773655785
0.146445363786631
0.14710367377408
0.147754887564635
0.148398145709132
0.149032546884353
0.149657149835315
0.150270975737735
0.150873010976957
0.151462210336387
0.152037500585205
0.152597784451887
0.153141944966794
0.153668850153948
0.154177358048975
0.154666322017223
0.155134596343164
0.155581042059467
0.156004532981598
0.156403961911412
0.156778246971089
0.157126338026857
0.157447223160308
0.157739935143736
0.158003557874892
0.158237232725748
0.15844016475947
0.158611628769677
0.158750975096323
0.158857635173135
0.15893112676251
0.158971058835074
0.158977136052793
0.158949162816571
0.15888704684162
0.158790802226635
0.158660551985828
0.158496530016236
0.15829908247636
0.158068668556077
0.157805860621935
0.157511343726279
0.15718591447318
0.156830479238828
0.156446051748814
0.156033750019581
0.155594792676173
0.155130494663293
0.154642262371439
0.154131588204581
0.153600044620383
0.15304927767829
0.152481000134913
0.15189698412996
0.151299053509444
0.150689075836041
0.150068954139218
0.149440618460057
0.148806017247555
0.148167108664566
0.147525851862435
0.146884198283739
0.146244083052385
0.145607416509661
0.144976075953596
0.144351897637305
0.143736669079731
0.143132121739508
0.142539924099493
0.141961675205906
0.141398898702028
0.140853037392025
0.140325448365828
0.139817398711035
0.139330061832647
0.13886451439614
0.138421733903947
0.138002596909948
0.137607877871075
0.137238248629775
0.136894278515737
0.136576435050217
0.136285085231391
0.136020497374575
0.135782843476868
0.135572202071862
0.135388561536573
0.135231823809687
0.135101808477596
0.134998257182643
0.13492083830635
0.134869151879369
0.134842734669286
0.134841065397415
0.134863570036137
0.134909627139324
0.134978573159793
0.135069707709617
0.13518229872141
0.135315587471332
0.1354687934276
0.135641118891551
0.135831753401851
0.136039877876185
0.136264668468644
0.136505300125014
0.136760949822198
0.137030799482046
0.137314038553825
0.137609866263467
0.137917493531466
0.138236144564834
0.138565058131896
0.138903488531765
0.139250706273145
0.139605998479604
0.139968669040644
0.14033803852969
0.140713443911633
0.141094238063678
0.141479789133999
0.141869479763172
0.142262706193407
0.142658877290384
0.143057413501982
0.143457745777327
0.143859314468566
0.144261568236423
0.14466396297914
0.145065960802694
0.145467029048408
0.145866639392158
0.146264267027392
0.146659389942183
0.147051488298497
0.147440043919865
0.147824539891701
0.148204460276633
0.14857928994543
0.148948514522468
0.14931162044314
0.149668095119246
0.1500174272072
0.150359106972837
0.150692626745727
0.15101748145522
0.151333169239916
0.15163919212189
0.151935056736825
0.15222027511114
0.152494365477316
0.15275685311885
0.153007271236581
0.153245161828605
0.153470076576498
0.153681577731143
0.153879238992114
0.154062646375234
0.154231399063584
0.154385110237979
0.154523407883549
0.154645935569762
0.154752353201805
0.154842337741855
0.154915583899229
0.154971804788927
0.155010732558419
0.155032118982887
0.15503573602936
0.155021376390387
0.154988853987995
0.154938004448729
0.154868685550576
0.154780777642477
0.154674184037071
0.154548831377082
0.154404669975648
0.154241674130614
0.154059842412595
0.15385919792638
0.153639788544977
0.153401687115368
0.153144991634812
0.152869825396329
0.152576337101785
0.152264700940903
0.151935116634335
0.151587809438917
0.15122303011315
0.150841054840976
0.150442185111977
0.150026747556191
0.149595093731926
0.149147599865077
0.14868466653872
0.148206718331983
0.147714203407469
0.147207593046849
0.146687381134541
0.146154083589745
0.145608237747469
0.145050401689522
0.144481153526811
0.143901090634629
0.143310828842952
0.142711001584053
0.142102259000063
0.141485267013339
0.140860706362711
0.140229271608902
0.139591670112508
0.138948620988051
0.138300854037671
0.137649108667987
0.136994132793671
0.136336681731133
0.135677517085599
