0.178191593976425
0.178229384954129
0.178252639673367
0.178261740549834
0.178257098832788
0.178239153234094
0.178208368615929
0.178165234717275
0.178110264897603
0.178043994874849
0.177966981434042
0.177879801082742
0.177783048629756
0.177677335664429
0.177563288915165
0.177441548467676
0.177312765825709
0.177177601799757
0.177036724212325
0.17689080541177
0.176740519590429
0.176586539906724
0.176429535415027
0.176270167811328
0.176109088007016
0.17594693254737
0.175784319895548
0.17562184660692
0.175460083422467
0.175299571313514
0.175140817513405
0.174984291574544
0.174830421491767
0.174679589934944
0.174532130635221
0.174388324970219
0.174248398793861
0.174112519556233
0.173980793758011
0.173853264782487
0.173729911146091
0.173610645205586
0.173495312356737
0.173383690755378
0.173275491587316
0.173170359908565
0.173067876072
0.172967557750691
0.172868862562071
0.17277119129065
0.172673891700409
0.17257626292128
0.172477560387366
0.172377001297848
0.17227377056497
0.172167027207123
0.172055911139008
0.171939550305213
0.171817068098328
0.171687590998078
0.171550256363933
0.171404220310283
0.171248665590651
0.171082809415595
0.170905911127908
0.170717279658613
0.170516280687923
0.170302343436972
0.170074967018582
0.169833726278678
0.169578277064162
0.169308360858028
0.16902380872825
0.168724544543425
0.168410587415194
0.168082053335114
0.167739155981715
0.167382206681934
0.167011613519852
0.166627879594552
0.166231600437875
0.165823460611764
0.16540422951365
0.164974756426802
0.164535964860735
0.164088846234368
0.163634452961755
0.163173891006608
0.162708311977564
0.162238904840991
0.161766887332165
0.161293497148748
0.160819983012611
0.160347595687216
0.159877579037895
0.159411161221537
0.158949546090343
0.158493904891506
0.158045368340964
0.157605019144758
0.15717388503613
0.156752932390332
0.156343060472305
0.155945096364977
0.155559790618096
0.155187813649207
0.154829752919898
0.154486110901722
0.154157303837455
0.153843661294618
0.153545426499673
0.153262757432945
0.152995728656432
0.152744333839102
0.15250848893734
0.152288035981821
0.152082747416389
0.151892330929562
0.151716434715102
0.151554653094727
0.151406532433504
0.151271577276843
0.151149256637152
0.15103901035834
0.150940255487196
0.150852392582411
0.150774811894491
0.15070689935299
0.150648042301421
0.150597634924638
0.150555083318579
0.150519810157723
0.15049125892154
0.15046889764743
0.150452222184098
0.150440758925903
0.150434067015416
0.150431740008062
0.15043340699928
0.150438733221071
0.150447420120922
0.150459204941986
0.150473859828846
0.150491190488309
0.1505110344392
0.150533258889251
0.150557758280685
0.150584451549026
0.150613279142039
0.150644199847395
0.150677187478805
0.150712227470831
0.150749313432481
0.15078844370898
0.15082961799982
0.150872834079367
0.150918084663952
0.150965354466574
0.151014617477052
0.151065834501861
0.151118950993888
0.151173895198078
0.151230576634436
0.151288884935193
0.151348689048117
0.1514098368131
0.151472154914277
0.151535449205095
0.151599505399019
0.151664090113997
0.151728952254407
0.15179382471009
0.151858426348239
0.151922464270389
0.151985636303636
0.152047633692445
0.152108143955141
0.15216685386727
0.152223452532651
0.152277634502046
0.15232910289893
0.15237757251196
0.152422772814267
0.152464450870812
0.152502374096533
0.152536332830014
0.152566142689839
0.152591646683607
0.152612717042803
0.152629256760246
0.152641200810705
0.152648517039341
0.152651206706976
0.152649304685629
0.152642879302352
0.152632031834022
0.152616895660358
0.152597635087023
0.152574443855091
0.152547543357442
0.152517180586709
0.152483625843135
0.152447170234149
0.152408123000494
0.152366808706362
0.152323564333133
0.152278736317942
0.152232677579405
0.152185744573356
0.152138294421415
0.152090682154551
0.152043258112581
0.151996365538721
0.151950338405863
0.151905499508327
0.151862158849288
0.151820612350095
0.151781140903207
0.151744009785639
0.151709468444532
0.151677750660991
0.151649075092576
0.151623646188965
0.151601655469336
0.151583283144109
0.151568700057808
0.151558069924164
0.151551551819142
0.151549302892544
0.151551481254151
0.151558248986268
0.151569775230909
0.151586239296947
0.151607833730278
0.151634767288547
0.151667267761236
0.151705584576011
0.151749991133123
0.15180078681144
0.151858298592257
0.151922882250491
0.151994923067101
0.152074836021558
0.152163065428947
0.152260083992653
0.152366391250582
0.152482511400349
0.152608990496826
0.152746393023656
0.152895297848894
0.153056293583478
0.153229973369941
0.153416929137226
0.153617745365854
0.153832992415607
0.154063219475496
0.154308947202721
0.154570660123709
0.15484879887587
0.155143752373494
0.155455849985011
0.155785353811691
0.156132451159668
0.156497247297851
0.156879758593909
0.157279906118921
0.157697509808639
0.158132283265435
0.158583829280124
0.159051636146847
0.159535074837193
0.160033397091848
0.160545734479234
0.161071098461084
0.161608381494695
0.162156359190872
0.162713693535413
0.163278937170564
0.163850538721294
0.164426849139641
0.165006129028943
0.165586556898558
0.166166238288967
0.166743215696875
0.16731547922045
0.167880977836084
0.16843763121025
0.168983341943256
0.169516008136011
0.170033536166426
0.17053385355886
0.171014921828076
0.171474749178572
0.171911402940911
0.172323021628764
0.172707826503802
0.173064132540267
0.173390358687031
0.173685037332018
0.173946822882105
0.174174499380754
0.174366987095724
0.174523348019969
0.1746427902403
0.174724671140263
0.174768499415938
0.174773935895798
0.174740793168215
0.174669034032566
0.174558768801957
0.174410251497273
0.174223874983383
0.174000165108766
0.173739773919513
0.173443472027354
0.173112140219169
0.172746760402037
0.172348405983446
0.171918231790559
0.171457463635522
0.170967387635621
0.170449339397647
0.169904693175176
0.169334851105544
0.168741232630301
0.168125264198716
0.167488369348764
0.166831959253856
0.166157423816629
0.165466123383322
0.164759381143964
0.164038476274637
0.163304637868837
0.162559039695347
0.161802795810312
0.161036957041423
0.160262508352417
0.159480367086559
0.15869138207857
0.15789633361558
0.157095934219327
0.156290830213993
0.155481604036843
0.154668777242306
0.153852814144331
0.153034126036765
0.152213075927236
0.151389983716553
0.150565131752904
0.149738770688284
0.14891112556341
0.148082402047066
0.147252792756108
0.146422483583444
0.145591659962964
0.14476051300265
0.143929245419959
0.143098077216863
0.142267251035704
0.141437037141189
0.14060773797835
0.139779692261076
0.138953278550867
0.13812891829071
0.137307078264312
0.136488272456474
0.135673063295916
0.134862062267494
0.134055929886341
0.133255375032057
0.132461153646619
0.131674066805104
0.130894958173719
0.13012471087481
0.129364243783649
0.128614507286692
0.127876478535728
0.127151156236849
0.126439555017477
0.125742699418648
0.12506161756356
0.124397334556754
0.123750865671415
0.123123209385014
0.122515340325811
0.121928202194647
0.121362700727939
0.120819696768694
0.12029999951287
0.119804359998297
0.119333464902734
0.118887930716408
0.118468298352571
0.118075028257139
0.117708496075449
0.117368988930483
0.117056702362608
0.116771737975983
0.116514101831325
0.116283703618668
0.116080356637198
0.115903778602238
0.115753593291968
0.115629333038673
0.115530442061188
0.115456280626853
0.115406130022823
0.115379198308029
0.11537462680857
0.115391497310937
0.115428839899297
0.115485641375228
0.115560854190876
0.115653405819565
0.115762208481608
0.115886169137446
0.116024199655389
0.116175227057287
0.116338203742364
0.116512117587415
0.116696001820482
0.116888944565222
0.117090097954223
0.117298686711865
0.117514016110587
0.117735479208941
0.117962563285298
0.118194855387653
0.118432046927506
0.118673937254245
0.118920436155755
0.119171565240992
0.119427458170973
0.119688359715806
0.119954623627049
0.120226709326611
0.120505177425482
0.120790684097719
0.121083974347139
0.121385874215913
0.121697281995705
0.122019158512854
0.122352516569369
0.122698409631026
0.123057919862457
0.123432145616817
0.123822188494174
0.12422914008824
0.124654068545271
0.125098005061923
0.125561930450491
0.126046761900266
0.126553340062688
0.127082416585609
0.127634642218226
0.128210555603319
0.128810572867133
0.129434978109912
0.130083914891591
0.130757378797689
0.131455211160108
0.132177093996411
0.132922546219378
0.133690921156365
0.13448140540531
0.135293019041346
0.136124617174951
0.136974892849669
0.137842381254619
0.138725465214645
0.139622381908975
0.140531230757924
0.141449982406525
0.142376488724188
0.143308493730621
0.144243645350386
0.145179507891738
0.146113575139797
0.147043283949745
0.147966028222608
0.148879173144306
0.149780069568066
0.150666068420948
0.15153453501709
0.152382863163361
0.153208488947278
0.154008904102314
0.154781668851922
0.155524424140753
0.156234903169411
0.156910942157725
0.157550490270641
0.158151618650461
0.158712528509099
0.159231558244159
0.159707189552883
0.1601380525282
0.16052292973114
0.160860759243669
0.161150636715373
0.161391816426369
0.161583711397156
0.161725892583879
0.161818087204435
0.161860176247136
0.161852191219025
0.16179431019552
0.161686853236722
0.16153027723856
0.161325170288789
0.161072245598941
0.160772335083466
0.160426382656658
0.160035437316552
0.159600646082784
0.159123246852626
0.158604561235934
0.158045987425812
0.15744899315736
0.156815108802051
0.156145920640191
0.155443064348561
0.154708218734856
0.153943099745002
0.153149454763838
0.152329057224242
0.151483701534397
0.150615198327799
0.149725370035752
0.148816046777527
0.147889062559186
0.146946251768264
0.14598944594812
0.145020470832834
0.144041143621044
0.143053270465121
0.142058644150538
0.141059041939212
0.140056223550012
0.139051929249442
0.138047878025795
0.137045765820714
0.136047263793173
0.135054016592257
0.134067640616849
0.13308972224231
0.132121815996473
0.131165442669745
0.130222087346688
0.129293197349268
0.128380180084762
0.12748440079431
0.126607180200999
0.12574979205938
0.124913460611238
0.124099357955293
0.123308601341333
0.122542250401922
0.121801304337389
0.121086699072153
0.120399304402662
0.119739921159202
0.1191092784056
0.118508030702425
0.117936755460533
0.117395950412892
0.116886031233343
0.116407329331463
0.115960089852876
0.115544469914257
0.115160537101884
0.114808268261861
0.11448754860916
0.114198171181271
0.113939836660684
0.113712153588463
0.113514638989025
0.113346719423702
0.113207732487962
0.11309692876416
0.113013474238434
0.112956453186954
0.112924871533077
0.112917660673196
0.112933681765098
0.112971730468691
0.113030542124795
0.113108797353638
0.113205128050529
0.113318123752171
0.113446338343074
0.113588297067696
0.113742503810307
0.113907448601102
0.114081615303925
0.114263489438106
0.114451566084357
0.114644357822536
0.114840402647347
0.115038271806742
0.11523657750697
0.115433980427875
0.115629196992231
0.115821006333589
0.11600825690833
0.116189872699385
0.116364858961349
0.116532307459499
0.116691401158503
0.1168414183204
0.116981735975553
0.117111832734959
0.117231290917214
0.117339797968748
0.117437147161521
0.117523237558135
0.11759807324031
0.117661761802693
0.117714512120119
0.117756631402522
0.117788521557713
0.117810674888136
0.117823669153409
0.117828162035884
0.117824885051577
0.117814636953626
0.117798276679735
0.117776715899013
0.117750911217004
0.117721856100604
0.117690572586875
0.117658102841563
0.117625500634257
0.117593822797739
0.117564120739024
0.117537432068979
0.117514772416201
0.117497127489067
0.117485445447523
0.117480629643371
0.117483531784436
0.117494945574265
0.117515600874757
0.117546158434609
0.117587205221557
0.11763925039123
0.117702721920063
0.11777796392417
0.117865234680397
0.117964705360035
0.118076459479918
0.118200493069896
0.118336715550032
0.118484951305317
0.118644941940363
0.118816349191338
0.118998758467519
0.119191682990149
0.119394568491986
0.119606798436875
0.119827699715031
0.120056548766427
0.120292578081765
0.120534983028025
0.120782928943449
0.121035558445198
0.121291998891594
0.121551369940071
0.121812791141507
0.122075389511624
0.122338307020541
0.122600707942385
0.122861786008065
0.123120771305924
0.123376936876936
0.123629604953451
0.123878152793195
0.124122018063195
0.124360703731681
0.124593782429607
0.124820900247347
0.125041779936305
0.125256223489549
0.125464114080203
0.125665417341144
0.125860181974477
0.126048539684359
0.126230704431927
0.12640697101633
0.126577712991109
0.126743379930471
0.126904494065182
0.127061646312944
0.127215491733112
0.127366744440415
0.12751617201698
0.127664589466261
0.127812852756559
0.127961852005502
0.128112504360179
0.128265746630519
0.128422527735963
0.128583801027419
0.12875051654794
0.128923613296482
0.129104011559401
0.12929260537419
0.129490255189076
0.129697780780773
0.12991595449069
0.130145494837374
0.130387060559891
0.130641245143266
0.130908571872986
0.131189489461039
0.131484368281004
0.131793497244377
0.132117081344656
0.132455239889859
0.132808005437982
0.13317532344374
0.133557052618572
0.133952965999606
0.134362752717009
0.134786020443014
0.135222298499952
0.135671041598907
0.136131634175182
0.136603395281712
0.137085583996858
0.137577405298796
0.13807801635494
0.138586533171567
0.139102037546089
0.139623584262181
0.140150208466383
0.140680933163622
0.141214776768648
0.141750760650288
0.142287916606023
0.142825294205393
0.143361967942259
0.143897044137947
0.144429667539686
0.144959027561559
0.145484364118322
0.146004973005928
0.146520210786331
0.14702949913813
0.147532328638811
0.148028261948691
0.148516936371163
0.148998065768437
0.149471441816584
0.14993693458844
0.150394492457554
0.150844141321124
0.151285983144438
0.15172019383399
0.152147020450929
0.152566777780928
0.152979844280895
0.153386657427159
0.153787708493823
0.154183536793932
0.154574723419883
0.15496188452312
0.155345664176592
0.15572672686672
0.156105749664645
0.15648341412937
0.156860397997973
0.157237366720435
0.157614964898648
0.157993807690952
0.158374472245005
0.15875748922287
0.159143334482988
0.159532420984058
0.159925090975819
0.160321608541278
0.160722152554025
0.161126810112949
0.161535570514824
0.161948319822964
0.162364836087332
0.162784785268251
0.163207717912087
0.163633066623045
0.164060144370541
0.164488143666462
0.164916136641071
0.165343076040377
0.165767797161496
0.166189020735925
0.166605356763791
0.167015309295072
0.167417282146569
0.167809585536086
0.168190443607994
0.168558002817006
0.168910341129884
0.169245477997779
0.16956138504519
0.169855997415138
0.170127225704117
0.170372968414876
0.170591124850024
0.17077960836503
0.170936359895355
0.171059361669325
0.171146651015915
0.171196334174952
0.171206600016305
0.171175733574519
0.17110212930601
0.170984303977346
0.170820909095406
0.170610742793109
0.170352761088141
0.170046088436425
0.169690027507104
0.169284068111357
0.168827895223478
0.168321396039165
0.167764666022912
0.167158013903606
0.166501965584887
0.165797266944415
0.165044885503883
0.164246010959214
0.163402054567992
0.16251464739853
0.16158563745214
0.160617085677054
0.159611260898872
0.158570633698568
0.157497869274622
0.156395819331017
0.155267513037405
0.154116147111803
0.152945075079639
0.151757795765941
0.150557941079787
0.149349263152003
0.148135620888406
0.146920966001718
0.145709328585681
0.144504802294886
0.14331152919342
0.142133684334812
0.140975460134744
0.139841050596918
0.138734635451127
0.137660364261215
0.13662234055916
0.135624606060089
0.134671125011626
0.133765768729661
0.132912300371401
0.132114359995513
0.131375449958177
0.130698920693137
0.130087956923141
0.129545564349717
0.129074556867822
0.12867754435164
0.1283569210576
0.128114854690509
0.127953276178497
0.127873870202216
0.127878066523386
0.127967032157223
0.128141664432537
0.128402584982255
0.128750134705772
0.129184369742775
0.129705058496041
0.130311679738101
0.131003421833526
0.131779183104998
0.132637573367148
0.133576916647498
0.13459525510858
0.135690354179635
0.136859708900046
0.138100551470023
0.139409859997024
0.140784368418959
0.142220577577617
0.143714767407857
0.14526301020017
0.146861184886195
0.148504992288899
0.150189971271346
0.151911515710537
0.153664892215685
0.155445258503655
0.157247682338232
0.159067160934448
0.160898640724521
0.162737037378067
0.164577255966235
0.166414211157352
0.168242847330515
0.170058158493469
0.171855207892001
0.173629147199967
0.175375235181996
0.177088855724777
0.178765535137669
0.180400958629055
0.181990985871402
0.183531665575221
0.185019249000054
0.186450202339104
0.187821217923021
0.189129224197687
0.190371394440356
0.191545154188151
0.192648187362623
0.193678441083621
0.194634129175127
0.195513734374754
0.196316009267266
0.197039975970687
0.197684924611107
0.198250410629321
0.198736250968652
0.199142519198876
0.199469539635903
0.19971788052084
0.199888346325214
0.199981969251546
0.2
0.199943897872748
0.199815320287778
0.199616111773389
0.199348292513477
0.199014046512068
0.198615709443399
0.198155756251341
0.197636788559083
0.197061521946907
0.196432773152598
0.19575344724566
0.195026524823107
0.194255049271231
0.193442114134478
0.192590850629413
0.191704415338872
0.190785978118639
0.189838710246588
0.188865772842035
0.18787030558118
0.186855415732924
0.18582416753804
0.184779571953644
0.183724576784122
0.182662057219081
0.181594806798524
0.180525528825183
0.179456828243811
0.178391204007139
0.177331041948126
0.176278608178016
0.175236043029505
0.174205355564011
0.173188418661517
0.172186964710768
0.171202581916661
0.17023671124045
0.169290643986873
0.168365520050551
0.167462326831829
0.166581898829869
0.16572491791802
0.164891914303485
0.164083268169997
0.163299211998651
0.162539833558275
0.16180507955275
0.161094759908614
0.160408552682053
0.159746009560163
0.159106561927121
0.158489527461696
0.157894117228474
0.157319443221229
0.156764526313184
0.15622830456545
0.155709641841798
0.155207336675167
0.154720131328911
0.154246720993871
0.153785763060903
0.153335886407489
0.152895700636685
0.152463805206678
0.152038798389955
0.151619286002221
0.151203889843024
0.150791255792317
0.15038006151006
0.149969023689307
0.149556904817115
0.149142519401885
0.148724739630541
0.148302500424037
0.147874803865195
0.147440722978598
0.146999404848279
0.146550073065107
0.14609202950205
0.14562465542184
0.145147411927868
0.14465983977538
0.144161558566142
0.143652265355576
0.143131732706975
0.142599806232622
0.142056401666438
0.141501501517123
0.140935151354543
0.140357455785337
0.139768574176257
0.139168716185703
0.138558137165055
0.137937133491894
0.137306037896885
0.136665214845058
0.136015056030391
0.135355976040048
0.134688408241329
0.134012800940421
0.133329613857365
0.132639314956461
0.131942377665519
0.131239278511127
0.130530495190451
0.12981650509316
0.129097784279869
0.128374806916247
0.127648045154638
0.126917969447819
0.126185049272563
0.125449754233936
0.124712555514969
0.123973927630577
0.123234350439369
0.122494311362521
0.121754307755086
0.121014849372254
0.120276460870976
0.119539684286306
0.118805081421617
0.118073236092691
0.117344756167447
0.116620275345811
0.115900454627883
0.115185983423097
0.114477580258395
0.113775993049527
0.11308199890632
0.112396403450022
0.111720039628563
0.111053766023599
0.110398464651436
0.109755038268249
0.109124407198216
0.108507505711259
0.107905277984753
0.107318673690849
0.106748643257724
0.106196132859077
0.105662079191392
0.105147404102838
0.104653009141068
0.104179770089563
0.103728531563484
0.103300101736286
0.102895247267476
0.102514688499997
0.102159094992768
0.101829081449898
0.101525204103185
0.101247957598666
0.100997772431405
0.10077501296538
0.100579976067454
0.100412890376076
0.100273916216659
0.10016314616672
0.100080606264891
0.100026257849035
0.1
0.100001672559182
0.100031059680149
0.10008789386723
0.100171860447273
0.100282602414886
0.100419725586358
0.100582803993333
0.100771385444082
0.100984997178046
0.101223151538144
0.101485351585206
0.101771096579803
0.102079887258613
0.102411230835353
0.102764645660059
0.103139665475135
0.103535843212004
0.103952754278258
0.104389999291946
0.104847206226797
0.105324031939792
0.105820163060388
0.106335316228735
0.106869237678419
0.107421702167319
0.107992511268168
0.108581491038127
0.109188489094091
0.109813371127425
0.110456016898323
0.111116315755917
0.111794161735553
0.112489448289308
0.113202062709714
0.11393188030987
0.114678758425516
0.115442530306317
0.11622299896451
0.117019931049184
0.117833050813914
0.11866203424416
0.119506503408902
0.120366021098436
0.121240085807085
0.122128127115974
0.123029501526873
0.123943488793633
0.124869288792907
0.125806018970723
0.1267527123962
0.127708316448214
0.128671692155308
0.129641614203586
0.130616771621789
0.131595769147342
0.132577129271823
0.133559294959219
0.13454063302537
0.135519438162379
0.136493937587361
0.137462296290804
0.138422622856068
0.139372975818089
0.14031137052626
0.14123578647372
0.142144175052839
0.143034467694643
0.143904584348169
0.144752442254314
0.145575964967644
0.146373091578794
0.14714178608957
0.147880046892548
0.148585916306951
0.149257490122747
0.149892927105282
0.150490458413333
0.151048396884183
0.151565146140189
0.152039209472327
0.152469198457299
0.152853841266032
0.153191990622686
0.153482631374723
0.153724887636034
0.153918029466668
0.154061479054344
0.154154816364557
0.154197784227854
0.154190292834651
0.154132423609797
0.154024432441055
0.153866752237636
0.15365999479702
0.153404951960438
0.153102596039644
0.152754079499919
0.152360733886718
0.151924067985855
0.151445765209823
0.150927680205551
0.150371834681817
0.149780412457493
0.149155753734945
0.148500348606112
0.147816829802168
0.147107964701124
0.146376646611296
0.145625885352261
0.144858797158674
0.144078593936188
0.143288571902599
0.14249209965134
0.141692605678399
0.14089356541776
0.140098487834405
0.139310901627868
0.138534341103165
0.13777233176965
0.137028375731941
0.136305936940458
0.135608426372285
0.134939187215994
0.13430148013664
0.133698468699433
0.133133205032408
0.132608615809872
0.132127488639319
0.131692458934959
0.13130599736086
0.130970397925958
0.130687766811875
0.13046001201244
0.130288833861154
0.130175716519429
0.130121920494383
0.130128476250136
0.130196178971087
0.130325584529423
0.130517006702258
0.130770515676265
0.131085937869537
0.131462857091726
0.1319006170543
0.132398325233128
0.132954858075585
0.133568867534093
0.134238788897511
0.134962849881221
0.135739080926153
0.136565326646549
0.137439258356016
0.138358387591493
0.139320080545338
0.140321573306816
0.141359987806113
0.142432348346535
0.143535598604072
0.144666618967962
0.145822244091439
0.146999280518581
0.148194524251109
0.149404778118217
0.15062686881308
0.151857663461593
0.153094085592191
0.15433313038022
0.155571879046341
0.156807512295727
0.158037322693342
0.159258725880339
0.160469270547376
0.161666647092475
0.162848694903698
0.164013408220308
0.165158940540073
0.166283607554833
0.167385888611144
0.168464426707663
0.169518027055726
0.170545654244126
0.171546428063253
0.172519618057366
0.173464636886613
0.174381032592404
0.175268479870679
0.176126770467379
0.176955802818915
0.177755571067515
0.178526153586916
0.179267701157909
0.179980424935692
0.180664584351748
0.181320475092123
0.181948417291482
0.182548744078194
0.183121790600057
0.1836678836531
0.184187332027384
0.184680417673887
0.185147387785562
0.185588447873694
0.186003755907764
0.186393417573512
0.186757482689732
0.187095942809933
0.187408730020316
0.187695716930941
0.187956717842494
0.188191491057008
0.188399742287372
0.188581129107601
0.188735266373899
0.188861732535494
0.188960076744404
0.189029826664578
0.189070496873538
0.189081597743679
0.189062644685833
0.18901316763471
0.188932720654203
0.188820891540536
0.188677311302564
0.188501663401411
0.188293692635736
0.188053213564448
0.187780118365285
0.187474384035454
0.187136078849254
0.186765367997126
0.186362518340923
0.185927902230984
0.1854620003419
0.184965403495449
0.184438813450795
0.183883042653824
0.183299012948929
0.182687753267861
0.182050396321061
0.181388174327184
0.180702413826194
0.179994529630289
0.179266017975052
0.178518448940382
0.177753458217029
0.176972738299813
0.176178029192832
0.175371108715169
0.174553782497777
0.173727873763362
0.172895212981213
0.172057627488141
0.171216931164934
0.170374914255188
0.169533333409962
0.168693902037686
0.167858281033975
0.167028069960783
0.166204798738575
0.1653899199091
0.164584801519951
0.16379072067549
0.163008857792019
0.162240291588288
0.161485994835762
0.160746830886403
0.160023550989324
0.159316792401445
0.158627077291328
0.157954812429781
0.157300289655525
0.156663687099331
0.156045071145555
0.155444399105863
0.154861522576293
0.154296191445482
0.153748058518993
0.15321668472218
0.152701544841832
0.152202033765041
0.151717473172197
0.151247118639778
0.150790167107615
0.150345764664541
0.149913014605746
0.14949098571477
0.14907872072278
0.148675244897622
0.148279574715115
0.147890726565048
0.14750772544449
0.147129613591163
0.146755459009887
0.146384363845408
0.146015472555281
0.145647979836955
0.145281138263737
0.144914265584996
0.144546751646712
0.144178064889471
0.143807758382038
0.143435475350016
0.143060954160541
0.142684032725757
0.14230465228981
0.141922860566361
0.141538814196213
0.141152780497505
0.140765138484099
0.140376379131293
0.139987104871774
0.139598028308867
0.139209970138479
0.138823856275884
0.138440714188347
0.138061668439792
0.137687935459035
0.137320817548603
0.136961696156754
0.136612024441011
0.136273319157158
0.135947151913334
0.135635139834362
0.135338935686874
0.135060217520958
0.13480067788895
0.13456201270662
0.134345909826154
0.134154037394143
0.133988032071049
0.133849487191378
0.133739940945978
0.133660864669428
0.133613651316445
0.133599604211464
0.133619926155163
0.133675708970566
0.133767923569577
0.133897410618257
0.134064871876005
0.134270862279948
0.13451578284133
0.134799874415631
0.135123212402462
0.135485702425097
0.135887077032868
0.136326893462537
0.136804532487376
0.137319198374946
0.137869919966618
0.138455552883793
0.139074782857602
0.139726130170666
0.140407955191354
0.141118464972984
0.141855720882601
0.142617647216395
0.143402040751639
0.144206581178132
0.145028842345781
0.145866304258992
0.146716365743188
0.14757635770392
0.148443556894836
0.14931520010718
0.150188498690521
0.151060653312172
0.151928868861088
0.152790369401127
0.153642413078263
0.154482306886717
0.155307421200022
0.156115203974658
0.156903194536201
0.157669036860733
0.158410492267687
0.159125451444203
0.159811945725495
0.160468157560574
0.161092430097973
0.161683275831765
0.162239384254181
0.162759628467435
0.16324307071396
0.16368896679104
0.164096769322838
0.164466129869966
0.16479689986401
0.165089130361753
0.165343070621249
0.165559165509261
0.165738051756948
0.165880553087937
0.165987674250131
0.166060593989563
0.166100657011476
0.166109364980394
0.16608836661727
0.166039446957816
0.165964515841788
0.165865595708258
0.165744808776735
0.165604363698348
0.16544654176513
0.165273682768727
0.165088170602498
0.164892418703051
0.164688855428597
0.164479909472225
0.164267995408116
0.164055499467984
0.163844765643492
0.163638082208077
0.163437668748627
0.163245663793622
0.163064113119825
0.162894958814373
0.162740029163193
0.162601029430088
0.162479533583681
0.162376977021717
0.162294650334042
0.162233694137009
0.162195095003182
0.162179682501061
0.162188127350308
0.162220940688588
0.162278474436892
0.162360922741053
0.162468324458235
0.16260056664867
0.162757389024708
0.162938389301688
0.163143029388079
0.163370642346064
0.163620440048106
0.16389152145034
0.164182881399696
0.164493419888702
0.164821951669874
0.16516721614049
0.165527887408427
0.165902584450558
0.16628988127695
0.166688317016744
0.16709640584511
0.167512646674951
0.167935532542065
0.168363559618153
0.168795235792321
0.169229088768468
0.169663673633061
0.170097579855264
0.170529437688929
0.170957923953711
0.171381767180216
0.171799752111646
0.172210723561777
0.172613589636127
0.173007324329854
0.173390969522091
0.173763636392101
0.174124506287691
0.17447283108074
0.174807933048446
0.1751292043219
0.175436105945899
0.175728166595482
0.176004980995466
0.176266208089398
0.17651156900375
0.176740844851924
0.176953874420807
0.177150551780185
0.177330823852379
0.177494687976141
0.177642189495054
0.177773419396665
0.177888512024292
0.177987642879005
0.178071026524778
0.178138914605294
