0.818094858390273
0.818247996066852
0.818565230744211
0.819048283750396
0.81969803129525
0.820514501490184
0.821496877566587
0.822643507170522
0.82395191755561
0.825418836443106
0.827040218268455
0.828811275487471
0.830726514573149
0.832779776296201
0.834964279849142
0.837272670345224
0.839697069200145
0.842229126886226
0.844860077536035
0.847580794865122
0.850381848881939
0.853253562856939
0.856186070032513
0.859169369570561
0.862193381255119
0.865247998493379
0.868323139189332
0.871408794099968
0.874495072323998
0.87757224361701
0.880630777274439
0.883661377373979
0.88665501422164
0.889602951899774
0.892496771870372
0.895328392642011
0.898090085563226
0.900774486857944
0.903374606069208
0.905883831124884
0.90829593028266
0.910605051250637
0.912805717813572
0.914892824322678
0.916861628428406
0.918707742450315
0.920427123785725
0.922016064759162
0.923471182307551
0.924789407881769
0.925967977923759
0.927004425250238
0.92789657163956
0.928642521878142
0.929240659477679
0.92968964422499
0.92998841167365
0.930136174631487
0.930132426641644
0.929976947398215
0.92966980998157
0.929211389744435
0.928602374628645
0.927843776645226
0.926936944208015
0.925883574974258
0.924685728815292
0.923345840517107
0.921866731794881
0.920251622197761
0.918504138480573
0.916628322027706
0.914628633931229
0.912509957349965
0.910277596808518
0.907937274134593
0.905495120778613
0.90295766631106
0.900331822949087
0.897624866023933
0.894844410363483
0.891998382628808
0.889094989708706
0.886142683340894
0.883150121191576
0.880126124685494
0.877079633935191
0.87401966017023
0.870955236113442
0.867895364791365
0.864848967298963
0.861824830064108
0.858831552174693
0.855877493340227
0.852970723060404
0.850118971565232
0.847329583075133
0.844609471905173
0.841965081905775
0.839402349693247
0.836926672078155
0.834542878048404
0.832255205608038
0.83006728371282
0.82798211948083
0.826002090791449
0.824128944320279
0.822363798991773
0.820707154766661
0.81915890661851
0.817718363494055
0.816384271995931
0.815154844475037
0.814027791173596
0.813000356019628
0.812069355639485
0.81123122112767
0.810482042092629
0.809817612483616
0.809233477697189
0.808724982462133
0.80828731900854
0.807915575039963
0.807604781046631
0.807349956522104
0.807146154674945
0.80698850526028
0.806872255192834
0.806792806642538
0.806745752355178
0.806726907983332
0.806732341255985
0.80675839785833
0.806801723935432
0.806859285174216
0.806928382456971
0.8070066641158
0.807092134850753
0.807183161404357
0.807278475111728
0.807377171468106
0.807478706874483
0.807582892736885
0.807689887105896
0.807800184050276
0.807914600962201
0.808034263991972
0.808160591807256
0.808295277866464
0.808440271387928
0.808597757186722
0.808770134539488
0.808959995225034
0.809170100875172
0.809403359756605
0.809662803091178
0.809951561008764
0.810272838214907
0.810629889444358
0.811025994762142
0.811464434766041
0.811948465738527
0.812481294792455
0.813066055053253
0.813705780921015
0.814403383458793
0.815161625958426
0.815983099742308
0.816870200268393
0.81782510361632
0.818849743444366
0.819945788519873
0.821114620939364
0.822357315168371
0.823674618044716
0.825066929902041
0.826534286982487
0.82807634531793
0.829692366267887
0.831381203908428
0.833141294470001
0.834970648022494
0.836866842602865
0.838827020974
0.840847890192942
0.842925724152127
0.845056369238727
0.847235253234727
0.84945739755402
0.851717432882854
0.854009618256743
0.856327863570755
0.858665755481536
0.86101658661895
0.863373387983485
0.865728964363289
0.868075932562512
0.870406762191359
0.872713818728641
0.874989408530366
0.877225825423885
0.87941539849692
0.881550540665138
0.883623797581417
0.885627896435066
0.887555794180407
0.889400724731658
0.89115624466513
0.89281627698043
0.894375152489626
0.895827648426931
0.897169023901161
0.898395051848473
0.89950204718326
0.900486890889799
0.901347049845644
0.902080592218953
0.902686198335084
0.903163166961926
0.903511417017666
0.903731484758004
0.903824516551371
0.90379225739958
0.903637035406697
0.903361742440083
0.902969811263846
0.902465189455853
0.901852310444553
0.901136062020911
0.900321752693559
0.899415076261868
0.89842207498211
0.897349101696519
0.896202781284151
0.894989971776581
0.8937177254611
0.892393250269935
0.891023871726753
0.889616995692115
0.888180072118322
0.886720559992113
0.8852458936116
0.883763450312386
0.882280519727747
0.880804274639565
0.879341743450978
0.877899784288811
0.876485060724201
0.875104019083551
0.873762867309212
0.872467555320122
0.871223756816939
0.870036852473775
0.868911914459271
0.867853692233051
0.866866599569253
0.865954702766274
0.865121710010762
0.864370961873678
0.863705422926384
0.86312767447491
0.862639908420076
0.862243922259911
0.861941115258141
0.861732485808421
0.861618630027928
0.861599741616043
0.861675613013805
0.861845637897762
0.862108815037754
0.862463753542206
0.862908679506838
0.863441444073627
0.864059532896524
0.86476007699939
0.865539864999932
0.866395356661708
0.867322697724699
0.868317735953943
0.86937603833563
0.870492909341076
0.871663410171464
0.872882378890314
0.874144451346482
0.87544408278818
0.876775570068077
0.878133074341005
0.879510644158943
0.880902238872803
0.882301752256745
0.883703036278177
0.885099924944837
0.886486258169248
0.887855905599901
0.889202790377465
0.890520912782806
0.89180437375126
0.893047398234039
0.894244358392735
0.8953897966161
0.896478448349655
0.897505264727835
0.898465434995313
0.899354408698779
0.900167917622743
0.900901997433022
0.901553008979607
0.902117659196675
0.90259302152207
0.902976555741832
0.903266127147667
0.903460024877214
0.903556979288838
0.903556178205162
0.903457281843001
0.903260436232444
0.902966284914972
0.902575978700315
0.902091183254599
0.901514084288861
0.900847390117402
0.900094331360273
0.899258657573536
0.898344630605182
0.897357014493717
0.896301061750543
0.895182495896294
0.894007490155008
0.892782642248279
0.891514945273813
0.890211754698791
0.888880751547473
0.887529901913884
0.886167412983621
0.884801685802789
0.883441265086177
0.88209478640993
0.880770921185374
0.879478319859225
0.878225553830307
0.877021056613136
0.875873064813407
0.874789559508702
0.873778208648874
0.872846311103832
0.87200074299131
0.871247906913161
0.8705936847155
0.87004339436535
0.869601751504426
0.869272836199304
0.869060065356904
0.868966171215287
0.868993186252978
0.869142434786019
0.869414531441793
0.869809386613272
0.870326218908016
0.870963574514214
0.87171935331273
0.872590841470889
0.87357475016216
0.874667259967395
0.875864070429401
0.877160454154772
0.878551314786475
0.880031248109021
0.881594605496176
0.883235558870325
0.884948166313465
0.886726437453156
0.888564397743094
0.890456150767484
0.892395937721212
0.89437819325373
0.89639759691317
0.898449119487885
0.900528063614514
0.902630098103778
0.904751285526256
0.906888102698986
0.909037453818405
0.911196676094119
0.913363537849651
0.915536229168811
0.917713345277826
0.919893862962161
0.922077110421144
0.924262731061576
0.926450641821718
0.928640986698134
0.930834086218378
0.93303038366157
0.935230388875388
0.937434620571491
0.939643548001228
0.941857532919629
0.944076772738093
0.946301245745128
0.948530659240505
0.950764401381916
0.953001497485579
0.955240571454306
0.957479812929517
0.959716950678935
0.96194923264066
0.964173412948461
0.966385746164139
0.968581988842042
0.970757408450072
0.972906799572058
0.975024507219825
0.977104456990868
0.979140191720544
0.9811249141972
0.98305153543562
0.984912727939373
0.986700983326801
0.988408673648815
0.99002811568988
0.991551637516505
0.992971646520396
0.99428069819582
0.995471564892603
0.99653730379688
0.99747132341095
0.998267447830572
0.998919978152139
0.99942375038273
0.999774189272108
0.99996735753664
1
0.999869582233518
0.999574323339467
0.999113222582527
0.998486079637582
0.997693508285025
0.996736943447412
0.995618641522932
0.99434167403129
0.992909914645789
0.991328019741226
0.98960140264041
0.987736201792284
0.985739243161749
0.983617997154932
0.981380530443884
0.979035453091302
0.976591861408839
0.974059277011787
0.971447582558449
0.968766954684232
0.966027794658495
0.963240657306409
0.960416178748558
0.957565003517758
0.954697711615578
0.951824746070342
0.948956341554007
0.946102454607222
0.943272696010142
0.940476265821193
0.937721891587053
0.935017770204555
0.932371513889298
0.929790100676322
0.927279829845542
0.9248462826288
0.922494288516529
0.920227897440368
0.918050358063752
0.915964102365888
0.91397073665578
0.912071039102536
0.910264963816251
0.908551651460906
0.906929446327184
0.905395919739427
0.903947899617561
0.902581505962189
0.901292191979742
0.900074790514933
0.898923565410533
0.897832267369926
0.896794193856664
0.895802252527737
0.894849027663948
0.89392684903205
0.893027862589546
0.892144102424566
0.891267563310362
0.890390273246797
0.889504365360035
0.88860214853644
0.887676176177568
0.886719312479931
0.885724795665933
0.884686297620695
0.88359797942322
0.882454542299144
0.881251273565757
0.879984087187678
0.878649558612883
0.877244953613395
0.875768250911998
0.87421815843545
0.872594123095063
0.870896334056609
0.869125719522639
0.867283937110784
0.865373357970919
0.863397044841428
0.861358724299831
0.859262753515009
0.857114081856793
0.85491820776326
0.852681131306315
0.850409302931688
0.848109568880012
0.845789113820981
0.843455401252491
0.841116112231061
0.838779083008608
0.836452242153856
0.834143547734266
0.831860925126574
0.829612206010854
0.827405069084763
0.825246983011455
0.823145152086858
0.821106465079901
0.819137447663169
0.817244218811797
0.81543245150544
0.813707338022492
0.812073560067609
0.810535263923623
0.809096040767534
0.807758912237919
0.806526321288308
0.805400128308354
0.804381612442501
0.803471477984753
0.802669865678727
0.80197636870477
0.801390053091156
0.800909482244642
0.800532745257467
0.800257488613591
0.800080950887044
0.8
0.80001117258794
0.800110715004273
0.800294625487279
0.8005586970083
0.8008985603219
0.801309726746201
0.801787630214706
0.802327668159544
0.80292524080999
0.803575788518994
0.804274826763992
0.80501797850599
0.805801003632314
0.80661982525291
0.80747055266712
0.808349500866594
0.80925320648998
0.810178440195199
0.811122215465033
0.812081793910361
0.813054687182183
0.814038655647627
0.815031704025879
0.81603207421674
0.817038235586627
0.818048873003916
0.819062872937046
0.820079307944464
0.821097419895082
0.822116602261305
0.823136381823841
0.824156400118602
0.825176394941192
0.826196182204191
0.827215638417036
0.828234684028445
0.829253267837553
0.830271352643089
0.831288902260717
0.832305869998018
0.833322188635367
0.834337761920067
0.835352457541468
0.836366101517293
0.837378473886884
0.838389305576327
0.839398276274193
0.840405013135475
0.841409090115788
0.842410027728399
0.84340729301342
0.844400299511594
0.845388407044634
0.846370921119664
0.84734709179682
0.848316111885879
0.849277114369412
0.850229168985564
0.851171277942394
0.852102370776855
0.853021298413828
0.853926826523286
0.85481762831543
0.855692276953496
0.856549237800855
0.857386860751928
0.858203372924445
0.85899687201286
0.859765320618462
0.860506541880421
0.861218216733152
0.861897883108681
0.862542937388084
0.863150638383523
0.863718114102241
0.864242371506392
0.864720309438491
0.865148734832118
0.86552438227239
0.865843936911356
0.866104060681265
0.866301421684521
0.866432726574519
0.866494755677571
0.866484400544193
0.866398703559253
0.866234899186189
0.865990456371777
0.86566312159579
0.865250962015255
0.864752408126687
0.864166295352239
0.863491903947589
0.862728996630953
0.861877853343811
0.860939302574825
0.859914748708639
0.858806194900359
0.85761626102397
0.856348196297911
0.855005886252692
0.853593853772767
0.85211725401679
0.850581863095705
0.848994060465696
0.847360805071569
0.845689605354463
0.843988483314695
0.842265932894847
0.840530873018881
0.838792595689025
0.83706070960259
0.835345079804952
0.833655763941919
0.832002945714203
0.830396866168197
0.82884775348052
0.827365751908731
0.825960850587137
0.824642812844934
0.823421106714239
0.822304837278198
0.821302681484788
0.820422826020628
0.81967290880169
0.819059964594879
0.818590375236699
0.818269824863371
