0.129007014324292
0.130187416867619
0.131386029146416
0.132600757254155
0.133829445583485
0.13506988537726
0.136319823160339
0.13757696899715
0.138839004525493
0.140103590722981
0.141368375368862
0.142631000170477
0.143889107530359
0.145140346936728
0.146382380966872
0.147612890899491
0.14882958193841
0.150030188056089
0.151212476470925
0.15237425177744
0.153513359752956
0.154627690868227
0.155715183532709
0.156773827107587
0.15780166472142
0.158796795924173
0.159757379215582
0.160681634483213
0.161567845384182
0.162414361702491
0.163219601711178
0.163982054565141
0.164700282746618
0.165372924580939
0.165998696835421
0.166576397409211
0.167104908116649
0.167583197561322
0.168010324092603
0.168385438831182
0.168707788744953
0.16897671975178
0.169191679821209
0.169352222043126
0.169458007627868
0.169508808799385
0.169504511540759
0.169445118149816
0.169330749561708
0.169161647395246
0.168938175680402
0.168660822225806
0.168330199587221
0.16794704560079
0.167512223448406
0.167026721226638
0.166491650995363
0.165908247287363
0.165277865065728
0.164601977121741
0.16388217091199
0.163120144839653
0.16231770399108
0.161476755344947
0.160599302477184
0.159687439790546
0.158743346303019
0.157769279034077
0.156767566032182
0.155740599090592
0.154690826201701
0.153620743802456
0.152532888865108
0.151429830888407
0.150314163844552
0.149188498136533
0.148055452619174
0.146917646735123
0.145777692814265
0.1446381885817
0.143501709915493
0.142370803891026
0.141247982143953
0.140135714578658
0.139036423443751
0.137952477790686
0.136886188326023
0.135839802662436
0.134815500968251
0.133815392010217
0.132841509579496
0.131895809286527
0.13098016570654
0.130096369854196
0.129246126963101
0.128431054543815
0.127652680692546
0.126912442621938
0.126211685385241
0.125551660765731
0.124933526304423
0.124358344440956
0.123827081744867
0.123340608217398
0.122899696647243
0.122505022007398
0.122157160884225
0.121856590934047
0.121603690366889
0.121398737461355
0.121241910118846
0.121133285469488
0.121072839545993
0.121060447045222
0.121095881200354
0.121178813789247
0.121308815306682
0.121485355329728
0.121707803106357
0.121975428397687
0.122287402603756
0.122642800201623
0.12304060052273
0.123479689893992
0.123958864163931
0.124476831631445
0.125032216390526
0.125623562099485
0.12624933617807
0.126907934430378
0.127597686085693
0.128316859243523
0.129063666703133
0.129836272151974
0.130632796681629
0.131451325594383
0.132289915458308
0.133146601363985
0.134019404331705
0.134906338814338
0.135805420237994
0.136714672520304
0.137632135504615
0.138555872247634
0.139483976098138
0.140414577505311
0.141345850497041
0.142276018771102
0.143203361345575
0.144126217719036
0.145042992495959
0.145952159438325
0.146852264910616
0.147741930692025
0.148619856136801
0.149484819671108
0.15033567962238
0.151171374384982
0.151990921933753
0.152793418704741
0.153578037869963
0.154344027040225
0.1550907054369
0.155817460579884
0.156523744544702
0.157209069846875
0.157873005015986
0.158515169925524
0.159135230947278
0.159732896000963
0.160307909570693
0.160860047759984
0.161389113456072
0.161894931672546
0.162377345136631
0.162836210183892
0.163271393018815
0.163682766394597
0.164070206759697
0.164433591912277
0.164772799196741
0.165087704269143
0.165378180450531
0.165644098679229
0.165885328064927
0.166101737039176
0.166293195088703
0.166459575049901
0.166600755934992
0.166716626252912
0.16680708778081
0.166872059735551
0.166911483288529
0.166925326361785
0.166913588638751
0.166876306719059
0.166813559343768
0.166725472615111
0.166612225133536
0.166474052974269
0.166311254426106
0.166124194416386
0.165913308548322
0.165679106679889
0.165422175977355
0.165143183381193
0.164842877427552
0.16452208937455
0.164181733589411
0.163822807159795
0.163446388700437
0.16305363633451
0.162645784837628
0.162224141941288
0.161790083801507
0.161345049647501
0.160890535634297
0.160428087932143
0.159959295094309
0.159485779753379
0.1590091897042
0.158531188439325
0.158053445209848
0.157577624691051
0.157105376338027
0.156638323521498
0.156178052538239
0.155726101593874
0.155283949858182
0.154853006694576
0.154434601165812
0.154029971917544
0.153640257539722
0.153266487503336
0.152909573766425
0.152570303138758
0.152249330489105
0.151947172872641
0.15166420464881
0.151400653651901
0.151156598467917
0.15093196686186
0.150726535389662
0.150539930218576
0.150371629169059
0.150220964980194
0.150087129789503
0.149969180806789
0.149866047150553
0.14977653780453
0.149699350641293
0.149633082449597
0.149576239892431
0.149527251313617
0.149484479302403
0.149446233917862
0.149410786468206
0.149376383734282
0.149341262521763
0.149303664422798
0.149261850665201
0.14921411692579
0.149158807984012
0.14909433209279
0.14901917494533
0.148931913119645
0.148831226886539
0.148715912271914
0.148584892270274
0.148437227113287
0.148272123505087
0.148088942744547
0.147887207664065
0.147666608324219
0.147427006414032
0.147168438317327
0.146891116816713
0.14659543141797
0.146281947288975
0.145951402818593
0.145604705812224
0.145242928351678
0.144867300357795
0.14447920190451
0.144080154342977
0.143671810303615
0.143255942652671
0.142834432487839
0.142409256264795
0.141982472152891
0.141556205723948
0.14113263508277
0.140713975551903
0.140302464026064
0.139900343113689
0.139509845184078
0.139133176438805
0.138772501125204
0.138429926008124
0.138107485213486
0.137807125553835
0.137530692441755
0.137279916492052
0.137056400907836
0.1368616097392
0.136696857096166
0.136563297389934
0.136461916668363
0.136393525103079
0.136358750676688
0.136358034109364
0.136391625054675
0.136459579584944
0.136561758976811
0.13669782979803
0.136867265287024
0.137069348007297
0.137303173749704
0.137567656646704
0.137861535454267
0.138183380949061
0.138531604381051
0.138904466914625
0.13930008998505
0.139716466491332
0.140151472741574
0.140602881062657
0.141068372982562
0.141545552890954
0.142031962081694
0.142525093079854
0.143022404155467
0.143521333926707
0.144019315956414
0.144513793247871
0.14500223254837
0.145482138372494
0.14595106666094
0.146406637995283
0.146846550294057
0.147268590921027
0.147670648142343
0.148050721875441
0.148406933678897
0.148737535939026
0.149040920215621
0.14931562471589
0.149560340872268
0.14977391900626
0.149955373066798
0.150103884437704
0.150218804814645
0.150299658157467
0.150346141728944
0.150358126235702
0.150335655091422
0.150278942826344
0.150188372670544
0.150064493341536
0.149908015069328
0.149719804894293
0.149500881275027
0.14925240804481
0.148975687756383
0.148672154455599
0.148343365925019
0.147990995438855
0.147616823070792
0.147222726596208
0.146810672030182
0.146382703842489
0.145940934890545
0.145487536111041
0.145024726010768
0.144554759996964
0.14407991958742
0.143602501540501
0.143124806945293
0.142649130312164
0.142177748704237
0.141712910950441
0.141256826981137
0.140811657327529
0.140379502826416
0.139962394572011
0.139562284156759
0.139181034243138
0.138820409508356
0.138482068003587
0.138167552968967
0.137878285144864
0.137615555618959
0.137380519247446
0.137174188687079
0.136997429072893
0.136850953374173
0.136735318458664
0.136650921892068
0.136597999496586
0.136576623688654
0.136586702612103
0.136627980078775
0.136700036324157
0.136802289580956
0.136933998468676
0.137094265192306
0.137282039538187
0.137496123650059
0.13773517756326
0.13799772547008
0.138282162684486
0.138586763269787
0.138909688288424
0.139248994629011
0.139602644361939
0.139968514571524
0.140344407609685
0.140728061713583
0.141117161927615
0.141509351268551
0.141902242071474
0.142293427453617
0.142680492833037
0.143061027439452
0.14343263575536
0.14379294882689
0.14413963538545
0.144470412723375
0.144783057269156
0.14507541481059
0.14534541031718
0.145591057316346
0.145810466781415
0.1460018554929
0.146163553838213
0.146294013018657
0.146391811636219
0.146455661636388
0.146484413586797
0.146477061275069
0.146432745612604
0.14635075783437
0.146230541987893
0.146071696707604
0.145873976273546
0.145637290956121
0.145361706651042
0.145047443811071
0.144694875683329
0.144304525863146
0.143877065177435
0.143413307912569
0.142914207403665
0.142380851004115
0.141814454456088
0.141216355684696
0.140588008040473
0.139930973016877
0.139246912471635
0.138537580382934
0.137804814173766
0.137050525640093
0.136276691520933
0.135485343751013
0.134678559439171
0.133858450618285
0.133027153815103
0.13218681949087
0.131339601406124
0.130487645965394
0.129633081599647
0.128778008246352
0.127924486988652
0.127074529916493
0.12623009027357
0.125393052954422
0.124565225416141
0.12374832906864
0.122943991206443
0.122153737543292
0.121378985408661
0.120621037662303
0.11988107737947
0.119160163355149
0.118459226470842
0.117779066961865
0.117120352617045
0.11648361793597
0.115869264261782
0.115277560899765
0.114708647223961
0.114162535765621
0.113639116268681
0.113138160688701
0.112659329102872
0.112202176489945
0.111766160330371
0.111350648968566
0.110954930671317
0.110578223308848
0.110219684578169
0.109878422682155
0.109553507372311
0.10924398125863
0.108948871286248
0.108667200275927
0.108397998423759
0.108140314654878
0.107893227726524
0.107655856977418
0.107427372623145
0.107207005501075
0.106994056173232
0.10678790330141
0.106588011215677
0.106393936605112
0.106205334268135
0.106021961868983
0.105843683656673
0.10567047311306
0.105502414507198
0.10533970334411
0.105182645706958
0.105031656502618
0.104887256631365
0.104750069111939
0.104620814203319
0.104500303574143
0.104389433579674
0.104289177714432
0.104200578316069
0.104124737602573
0.104062808130496
0.104015982766448
0.103985484267652
0.103972554569774
0.103978443881665
0.104004399686884
0.104051655751136
0.104121421232951
0.104214869992109
0.104333130186614
0.104477274244387
0.104648309290463
0.104847168104353
0.105074700675485
0.105331666417374
0.105618727093456
0.105936440499492
0.10628525493918
0.106665504521232
0.107077405297759
0.107521052255449
0.107996417162887
0.10850334726939
0.109041564843189
0.109610667529589
0.11021012950302
0.110839303380754
0.111497422860418
0.112183606038514
0.112896859362793
0.113636082167683
0.114400071739036
0.115187528852123
0.115997063725253
0.116827202330423
0.117676393002151
0.118543013285959
0.119425376968899
0.120321741236004
0.121230313898505
0.12214926064211
0.123076712246494
0.124010771730347
0.124949521379852
0.125891029622247
0.126833357710078
0.127774566185862
0.128712721101113
0.12964589996789
0.130572197425321
0.131489730607678
0.132396644204732
0.133291115209015
0.134171357348411
0.135035625206034
0.135882218032684
0.136709483260171
0.137515819726573
0.138299680626867
0.139059576204472
0.13979407620098
0.14050181208266
0.141181479063379
0.141831837944152
0.142451716789805
0.143040012463117
0.143595692036323
0.144117794099022
0.14460542998042
0.145057784902302
0.14547411907743
0.145853768765982
0.146196147300407
0.146500746086598
0.14676713558663
0.146994966285538
0.14718396964174
0.14733395901777
0.147444830585081
0.147516564193739
0.147549224195034
0.147542960202326
0.147498007772927
0.14741468899149
0.147293412933337
0.147134675984389
0.146939061992939
0.146707242227446
0.146439975113882
0.14613810572592
0.145802565001463
0.145434368659696
0.145034615793967
0.14460448711742
0.144145242840384
0.14365822016103
0.143144830353809
0.142606555443522
0.142044944456642
0.141461609245615
0.140858219886215
0.140236499652695
0.139598219580254
0.138945192629304
0.138279267471004
0.137602321918514
0.136916256033365
0.136222984941056
0.135524431394598
0.134822518128948
0.134119160053202
0.133416256330909
0.1327156824019
0.132019282001496
0.131328859234902
0.130646170765883
0.129972918179474
0.129310740578465
0.1286612074727
0.128025812018847
0.127405964666206
0.126802987261398
0.126218107661368
0.125652454900156
0.125107054950283
0.124582827114555
0.124080581078495
0.123601014647691
0.123144712188084
0.122712143780711
0.12230366509573
0.121919517983826
0.121559831776332
0.121224625278753
0.120913809435896
0.120627190640577
0.120364474652006
0.120125271084432
0.11990909842167
0.119715389508612
0.119543497466962
0.119392701979203
0.119262215882175
0.119151192009798
0.119058730223263
0.118983884566567
0.118925670485503
0.118883072049159
0.118855049114594
0.118840544377617
0.118838490255424
0.11884781555029
0.118867451847357
0.118896339603934
0.118933433892377
0.118977709763638
0.119028167203763
0.119083835661002
0.11914377812662
0.119207094757944
0.119272926037576
0.119340455467902
0.119408911805138
0.119477570841852
0.11954575675147
0.119612843012307
0.119678252932451
0.119741459800065
0.119801986686556
0.119859405932365
0.119913338347062
0.119963452156777
0.120009461732927
0.12005112613662
0.1200882475131
0.120120669370133
0.120148274773377
0.120170984490534
0.120188755114509
0.120201577193911
0.120209473397098
0.12021249673359
0.120210728854134
0.120204278448012
0.120193279753403
0.120177891193743
0.120158294150172
0.120134691877278
0.120107308566517
0.120076388558948
0.120042195706239
0.120005012876356
0.119965141597955
0.119922901835186
0.119878631882586
0.11983268836775
0.119785446347771
0.119737299483854
0.119688660277187
0.119639960347921
0.11959165073821
0.119544202219418
0.119498105583071
0.119453871894707
0.119412032689601
0.119373140089353
0.1193377668185
0.119306506100721
0.119279971414778
0.119258796091122
0.119243632731049
0.119235152431466
0.119234043799694
0.119241011744254
0.11925677602936
0.119282069582739
0.119317636548511
0.119364230079157
0.119422609863027
0.119493539386441
0.119577782932185
0.119676102319053
0.119789253390033
0.119917982259794
0.120063021335206
0.120225085125752
0.120404865863788
0.120603028957686
0.120820208303899
0.121057001486853
0.121313964898323
0.12159160881051
0.12189039243934
0.122210719036607
0.122552931051321
0.122917305402082
0.123304048903394
0.123713293889484
0.124145094079515
0.124599420727885
0.125076159102734
0.125575105334686
0.12609596367635
0.126638344211084
0.127201761047124
0.127785631030229
0.128389273004735
0.129011907649158
0.129652657908407
0.130310550040249
0.130984515288949
0.131673392194013
0.132375929536806
0.133090789922464
0.133816553989095
0.134551725230762
0.13529473541528
0.136043950572447
0.136797677523028
0.137554170913731
0.138311640718506
0.139068260161918
0.139822174016095
0.140571507218858
0.141314373757176
0.142048885757106
0.142773162718836
0.143485340833507
0.144183582316972
0.144866084694831
0.145531089972719
0.146176893626089
0.146801853344606
0.147404397467627
0.147983033049276
0.14853635349411
0.14906304570745
0.149561896707991
0.150031799654355
0.150471759241689
0.150880896429292
0.151258452465477
0.151603792181373
0.151916406531193
0.152195914362461
0.152442063405862
0.152654730480601
0.152833920917465
0.152979767208051
0.153092526894805
0.153172579722613
0.153220424078533
0.153236672751906
0.153222048052435
0.153177376328782
0.153103581934852
0.153001680695082
0.152872772923722
0.152718036056262
0.152538716953763
0.152336123942912
0.152111618656034
0.151866607736199
0.15160253447273
0.151320870432112
0.151023107148279
0.150710747934702
0.150385299878574
0.150048266074684
0.14970113815339
0.149345389153442
0.148982466786267
0.148613787133899
0.148240728817896
0.1478646276715
0.147486771942034
0.147108398045039
0.146730686886157
0.146354760761181
0.145981680839169
0.145612445228087
0.145247987617173
0.144889176485126
0.144536814858445
0.144191640599701
0.143854327201398
0.143525485057302
0.143205663179745
0.142895351328485
0.142594982514262
0.142304935838128
0.142025539626119
0.141757074817723
0.14149977856598
0.141253848006804
0.141019444155373
0.14079669588796
0.140585703968577
0.140386545081036
0.140199275828578
0.140023936665056
0.139860555723606
0.139709152510975
0.139569741437944
0.139442335158711
0.139326947694539
0.139223597319506
0.139132309188662
0.139053117691376
0.138986068515101
0.138931220407138
0.138888646624289
0.138858436062519
0.138840694060846
0.138835542875794
0.13884312182466
0.138863587097792
0.138897111241907
0.138943882318266
0.139004102741284
0.139077987804889
0.139165763905644
0.139267666473393
0.139383937621892
0.13951482353365
0.139660571594981
0.139821427299052
0.139997630936544
0.140189414095401
0.140396995992963
0.140620579665679
0.140860348043383
0.14111645993694
0.141389045969777
0.141678204485446
0.141983997464872
0.142306446488272
0.142645528777895
0.143001173358625
0.143373257374173
0.143761602596918
0.144165972169481
0.144586067615802
0.145021526158754
0.145471918380192
0.14593674625784
0.146415441611378
0.146907364987742
0.147411805012779
0.147927978233168
0.148455029468832
0.14899203269209
0.149537992445377
0.150091845804724
0.150652464891269
0.151218659927926
0.151789182833089
0.152362731337908
0.152937953608288
0.153513453347475
0.15408779534989
0.15465951147191
0.155227106980511
0.155789067236353
0.156343864663813
0.15688996595698
0.157425839467524
0.157949962717881
0.158460829981303
0.158956959869036
0.159436902864253
0.159899248742452
0.160342633818687
0.160765747963432
0.161167341330855
0.161546230745974
0.16190130570039
0.162231533910127
0.162535966393372
0.16281374203072
0.163064091575624
0.163286341088242
0.163479914771562
0.163644337194579
0.163779234893252
0.163884337345985
0.163959477326279
0.164004590641025
0.164019715268482
0.164004989915328
0.163960652017125
0.163887035211173
0.163784566314846
0.163653761846211
0.163495224126857
0.163309637009495
0.163097761274938
0.162860429744559
0.162598542155238
0.162313059844193
0.162005000290865
0.161675431562368
0.161325466707801
0.160956258145072
0.160568992081839
0.160164883009745
0.159745168308396
0.159311102992526
0.158863954632585
0.158404998475633
0.157935512789941
0.157456774453209
0.156970054800788
0.156476615746826
0.155977706187906
0.155474558695495
0.154968386500466
0.154460380770068
0.153951708175097
0.153443508742574
0.152936893987132
0.152432945312365
0.151932712671802
0.151437213477776
0.150947431745349
0.15046431745757
0.149988786137689
0.149521718613491
0.149063960958679
0.148616324596075
0.148179586547492
0.147754489815228
0.147341743880377
0.146942025303427
0.146555978412937
0.146184216068421
0.145827320483907
0.145485844098942
0.145160310484124
0.144851215268459
0.144559027076072
0.144284188459934
0.144027116820405
0.14378820529644
0.143567823617375
0.143366318903229
0.143184016401499
0.14302122014845
0.142878213543033
0.14275525982165
0.142652602422261
0.142570465226621
0.142509052669911
0.142468549707593
0.142449121630115
0.142450913716989
0.142474050722935
0.142518636190088
0.142584751581832
0.14267245523556
0.142781781133636
0.142912737493995
0.143065305184162
0.143239435965003
0.143435050573179
0.143652036654068
0.143890246559793
0.144149495029923
0.144429556775348
0.144730163988733
0.145051003807783
0.14539171576026
0.145751889222189
0.146131060923031
0.146528712533588
0.14694426837413
0.147377093281578
0.147826490675483
0.148291700863071
0.148771899623568
0.14926619711159
0.149773637118301
0.150293196727492
0.150823786401619
0.151364250530167
0.151913368469482
0.152469856099506
0.15303236791858
0.153599499692833
0.15416979167149
0.154741732373976
0.155313762948858
0.155884282098563
0.156451651557584
0.157014202105435
0.157570240089238
0.158118054424381
0.158655924035453
0.159182125693539
0.159694942200211
0.160192670863099
0.160673632202934
0.161136178827517
0.16157870440415
0.161999652658864
0.162397526328216
0.16277089598768
0.163118408679655
0.163438796263957
0.16373088341434
0.163993595186131
0.164225964082428
0.164427136549551
0.164596378836462
0.16473308215768
0.164836767104799
0.164907087257918
0.164943831955181
0.164946928186028
0.164916441581615
0.164852576484145
0.164755675085384
0.164626215633381
0.164464809715253
0.164272198632713
0.164049248895744
0.163796946868327
0.1635163926083
0.163208792951245
0.162875453895537
0.162517772352408
0.162137227330889
0.161735370632783
0.161313817137292
0.160874234758567
0.160418334162152
0.159947858328114
0.1594645720495
0.158970251454637
0.158466673640748
0.15795560650435
0.157438798850986
0.156917970863061
0.156394804999931
0.155870937399034
0.15534794984074
0.154827362332952
0.1543106263642
0.153799118866313
0.153294136919731
0.152796893226205
0.152308512365218
0.15183002784197
0.151362379926348
0.150906414274036
0.150462881312924
0.150032436370303
0.149615640509155
0.149212962035144
0.148824778629864
0.148451380060484
0.148092971411277
0.147749676778624
0.147421543368022
0.147108545929402
0.146810591465714
0.146527524149214
0.146259130380291
0.146005143924852
0.145765251068286
0.145539095726856
0.145326284460819
0.145126391337756
0.144938962599366
0.1447635210902
0.144599570412548
0.144446598777706
0.144304082530181
0.144171489327804
0.144048280967281
0.143933915851174
0.143827851098682
0.143729544308712
0.143638454989601
0.14355404567525
0.143475782752456
0.143403137028637
0.143335584073011
0.143272604367469
0.143213683305904
0.143158311082527
0.143105982510723
0.143056196814304
0.143008457432525
0.142962271879004
0.142917151692752
0.142872612516925
0.142828174337589
0.142783361910994
0.142737705403448
0.142690741263046
0.142642013337322
0.142591074245369
0.142537487007264
0.1424808269278
0.142420683725681
0.142356663893535
0.14228839326847
0.14221551978753
0.142137716397342
0.142054684082647
0.141966154974257
0.141871895493416
0.141771709486626
0.141665441302715
0.141552978762399
0.141434255969816
0.141309255915495
0.141178012821032
0.141040614177294
0.140897202430357
0.14074797627249
0.140593191499315
0.140433161398808
0.140268256642939
0.140098904658447
0.139925588459435
0.139748844931073
0.139569262560628
0.139387478619193
0.139204175804783
0.139020078364819
0.138835947723281
0.138652577644958
0.138470788976059
0.138291424006983
0.13811534050909
0.137943405502857
0.137776488819704
0.137615456524005
0.137461164265242
0.137314450632941
0.137176130588772
0.137046989051126
0.136927774707399
0.136819194128288
0.136721906256426
0.136636517338905
0.136563576369412
0.136503571101118
0.136456924685977
0.136423992989846
0.136405062625889
0.136400349741149
0.13640999958302
0.136434086863747
0.136472616932134
0.136525527752389
0.136592692680686
0.136673924020571
0.136768977329012
0.136877556435708
0.136999319129378
0.137133883456305
0.137280834568377
0.137439732050552
0.137610117650928
0.137791523330756
0.13798347954665
0.138185523673159
0.138397208470708
0.13861811050183
0.138847838397549
0.139086040875831
0.139332414415148
0.139586710488432
0.139848742266
0.140118390700396
0.140395609911449
0.140680431796175
0.140972969795366
0.141273421756762
0.141582071843441
0.141899291445534
0.1422255390633
0.142561359140026
0.142907379833949
0.143264309729345
0.14363293349798
0.144014106533135
0.144408748589298
0.144817836471214
0.14524239582624
0.14568349210368
0.146142220753929
0.146619696748708
0.14711704351134
0.147635381352815
0.148175815515235
0.148739423929099
0.14932724479466
0.149940264100292
0.150579403192389
0.151245506511714
0.151939329610468
0.152661527562468
0.153412643875894
0.154193100014075
0.155003185624709
0.155843049571934
0.156712691858742
0.157611956519522
0.158540525554008
0.159497913964837
0.160483465951223
0.161496352301165
0.162535569014135
0.163599937175547
0.164688104093466
0.165798545697244
0.16692957018703
0.16807932291259
0.169245792449689
0.170426817832413
0.171620096890558
0.172823195632381
0.174033558604935
0.175248520156782
0.176465316521247
0.177681098632518
0.178892945581942
0.180097878617742
0.181292875588166
0.182474885725772
0.183640844669135
0.184787689617732
0.18591237451612
0.187011885164669
0.188083254156152
0.189123575540194
0.190130019121088
0.191099844298598
0.192030413366113
0.192919204185802
0.193763822166196
0.194562011473782
0.195311665416796
0.196010835946159
0.196657742225641
0.19725077823049
0.197788519341141
0.198269727905948
0.198693357754258
0.199058557648431
0.199364673670569
0.199611250546735
0.199798031918252
0.199924959576227
0.199992171681725
0.2
0.199948966182829
0.199839777138251
0.199673319531924
0.199450653468789
0.199173005407806
0.198841760366161
0.198458453472553
0.198024760931903
0.197542490466155
0.197013571297625
0.196440043742796
0.195824048485314
0.195167815597437
0.194473653379199
0.193743937084075
0.192981097599095
0.19218761014603
0.191365983068542
0.19051874676809
0.189648442848852
0.188757613529061
0.187848791372951
0.186924489393944
0.185987191575927
0.185039343855333
0.184083345602464
0.183121541635935
0.182156214799482
0.181189579125515
0.180223773604948
0.179260856577863
0.178302800754612
0.177351488872055
0.176408709984744
0.175476156386159
0.174555421150489
0.17364799628104
0.172755271447196
0.17187853328792
0.171018965256157
0.17017764797518
0.169355560074958
0.168553579474019
0.167772485070035
0.167012958800564
0.166275588033924
0.165560868249204
0.164869205963771
0.164200921866507
0.163556254115161
0.162935361756876
0.162338328231888
0.161765164921785
0.161215814705377
0.160690155487258
0.160188003666417
0.159709117514832
0.159253200438766
0.158819904098458
0.158408831365071
0.158019539097053
0.157651540721416
0.157304308608929
0.156977276235657
0.156669840126799
0.156381361582165
0.15611116818604
0.155858555107448
0.155622786199967
0.155403094913258
0.155198685031264
0.155008731254684
0.154832379647674
0.154668747970931
0.154516925925138
0.15437597533043
0.154244930268811
0.154122797217495
0.154008555201873
0.153901155997171
0.15379952440798
0.153702558654567
0.153609130894313
0.153518087905762
0.153428251961515
0.153338421914732
0.153247374522182
0.15315386602467
0.153056634003315
0.152954399527517
0.15284586960759
0.152729739961953
0.152604698105499
0.152469426762314
0.152322607602364
0.152162925298034
0.151989071892686
0.151799751469561
0.151593685105535
0.151369616090459
0.151126315389064
0.150862587318785
0.150577275413369
0.150269268438797
0.149937506524939
0.149580987373497
0.149198772500199
0.148789993466905
0.148353858057383
0.147889656348908
0.147396766630669
0.146874661119204
0.146322911420739
0.145741193690431
0.14512929343905
0.144487109938697
0.143814660180612
0.143112082340067
0.142379638705752
0.141617718033876
0.140826837290446
0.14000764274884
0.139160910413811
0.138287545747406
0.137388582676945
0.136465181870157
0.13551862826772
0.134550327868803
0.133561803770718
0.13255469146935
0.131530733432691
0.130491772965434
0.129439747388126
0.128376680559913
0.127304674779186
0.126225902101584
0.125142595119708
0.124057037253467
0.122971552604286
0.121888495430275
0.120810239302992
0.119739166009493
0.118677654265987
0.117628068311549
0.116592746451987
0.115573989625095
0.114574050059104
0.113595120096277
0.11263932125309
0.111708693587532
0.11080518544254
0.109930643632646
0.109086804138417
0.108275283370395
0.107497570060844
0.106755017837883
0.106048838532413
0.105380096263769
0.104749702345199
0.104158411045222
0.103606816235556
0.103095348950805
0.102624275879394
0.10219369879944
0.101803554967333
0.101453618460875
0.101143502472858
0.100872662545061
0.100640400726756
0.100445870636097
0.100288083397089
0.100165914419428
0.100078110983186
0.100023300585299
0.1
0.100006625000842
0.100041500687686
0.10010287235816
0.100188916859508
0.100297754353515
0.100427460424393
0.100576078457015
0.100741632210863
0.100922138513423
0.101115619995518
0.101320117790359
0.101533704117718
0.10175449467479
0.101980660755897
0.102210441024243
0.102442152860472
0.102674203214742
0.102905098891546
0.103133456199401
0.103358009900935
0.103577621402756
0.10379128612875
0.103998140025203
0.104197465151223
0.104388694313496
0.104571414710246
0.10474537055551
0.104910464661334
0.105066758962297
0.105214473973752
0.105353987182389
0.105485830375021
0.105610685918934
0.105729382014528
0.105842886948426
0.105952302382503
0.106058855721469
0.106163891608573
0.106268862605663
0.106375319120154
0.106484898647384
0.106599314402258
0.106720343419019
0.106849814202323
0.10698959401646
0.107141575902618
0.10730766551636
0.107489767878992
0.107689774137286
0.107909548425915
0.108150914926087
0.108415645212132
0.108705445975304
0.109021947210649
0.109366690948744
0.109741120609184
0.110146571047148
0.11058425935813
0.111055276499101
0.111560579776999
0.112100986247647
0.112677167060011
0.113289642772233
0.113938779657222
0.114624787006797
0.115347715434635
0.116107456169556
0.116903741322217
0.117736145100065
0.118604085937554
0.119506829501287
0.120443492522905
0.121413047406339
0.12241432755056
0.123446033324175
0.124506738624275
0.125594897948839
0.126708853909716
0.1278468451119
