0.771377085638415
0.774119540144336
0.776909983217542
0.779727986914371
0.782551066133897
0.785354916226156
0.788113707357606
0.79080043010699
0.793387285629703
0.795846112806423
0.798148844076198
0.800267981130235
0.802177081288937
0.803851245177656
0.805267596233964
0.806405742603262
0.807248212099699
0.807780851123622
0.807993178741862
0.807878687567902
0.807435083646192
0.806664458272468
0.805573385593482
0.804172940944432
0.802478636211928
0.800510270054754
0.798291692560251
0.795850485831982
0.793217564049934
0.790426698658923
0.787513976453049
0.784517200354154
0.781475244546124
0.778427377240997
0.775412565639208
0.772468778537732
0.769632302484035
0.766937087337161
0.764414136567133
0.762090956609932
0.759991078128846
0.758133660165957
0.756533185969072
0.755199256832738
0.754136487689269
0.753344505523575
0.752818049059858
0.75254716566931
0.752517499156431
0.752710660065116
0.753104668456027
0.753674457778928
0.754392427514944
0.755229031694812
0.756153390195462
0.757133909851123
0.758138902848916
0.759137190567647
0.760098681913683
0.760994916259759
0.761799562253768
0.76248886499164
0.763042035303773
0.763441576157835
0.763673542409108
0.763727731317592
0.763597802390066
0.763281326192418
0.762779762814146
0.762098371657205
0.761246055170455
0.760235140063514
0.759081100412455
0.757802227913899
0.756419255349065
0.754954940076248
0.753433615065634
0.751880715606874
0.750322290337124
0.748784505632862
0.747293152660096
0.745873166462933
0.744548166371349
0.743340026711203
0.742268486294813
0.741350804457654
0.740601470492379
0.740031972230149
0.739650628253521
0.739462486824622
0.739469293112681
0.739669524746625
0.740058494144506
0.740628514526434
0.741369125044671
0.742267369104538
0.743308118739233
0.744474436871798
0.745747968473039
0.747109351023337
0.748538634320239
0.750015699547136
0.751520667630147
0.753034287253963
0.754538293472311
0.756015728620579
0.75745121819998
0.758831195535296
0.760144070290401
0.761380337334301
0.76253262396022
0.763595675043459
0.764566277350088
0.765443125844255
0.76622663645015
0.766918711265232
0.767522463651308
0.768041911904726
0.768481651281
0.76884651497878
0.769141235232716
0.769370115889933
0.769536727724275
0.769643637260605
0.769692179035524
0.76968228002218
0.769612343421833
0.769479197215
0.769278110825777
0.769002881052232
0.768645986130799
0.768198804517
0.767651892764148
0.766995314849543
0.76621901351136
0.765313212685977
0.764268839028236
0.763077949793276
0.761734154077481
0.760233014558778
0.758572417426467
0.756752899115288
0.754777919711606
0.75265407442508
0.750391236254371
0.74800262485467
0.7455047985734
0.742917568597388
0.740263836095594
0.737569355099317
0.734862425598616
0.732173522919959
0.729534870863775
0.726979967306004
0.724543071993667
0.722258667082297
0.720160901565411
0.71828303112546
0.716656865083606
0.715312232033556
0.714276475403752
0.713573989595853
0.713225806492172
0.713249241013274
0.713657603049776
0.714459981510146
0.71566110445067
0.71726127732856
0.719256399399591
0.721638056232947
0.724393684311332
0.727506801801126
0.730957297893251
0.734721771703966
0.738773910650796
0.74308489753365
0.74762383528941
0.75235817856415
0.757254161853384
0.762277214967282
0.767392357933551
0.772564569084854
0.777759121904057
0.782941888121711
0.788079606472629
0.793140118318843
0.798092572936926
0.802907606562474
0.807557500213458
0.812016321827678
0.816260058321447
0.820266742805528
0.824016581404013
0.827492082959901
0.830678193446776
0.833562435226028
0.836135049493696
0.838389138458254
0.840320802090768
0.841929262798682
0.843216970191468
0.844189677313874
0.844856479384982
0.845229806241034
0.845325360354564
0.845161993483669
0.844761516659188
0.844148440285729
0.843349643534665
0.842393974844688
0.841311788105892
0.840134421865637
0.838893631534571
0.837620986967889
0.83634724983739
0.835101746795045
0.833911755477702
0.832801920856576
0.831793719260099
0.830904986586743
0.830149525794278
0.8295368067477
0.829071768997595
0.828754735131939
0.828581439101888
0.82854317048229
0.828627032113759
0.828816305110369
0.829090911927427
0.829427965181592
0.829802387303446
0.830187583967462
0.830556152655397
0.830880606715454
0.831134094909275
0.831291096698407
0.831328074397007
0.831224064773521
0.830961194668032
0.830525107634222
0.829905291432036
0.829095299294121
0.828092861162811
0.826899884436439
0.825522347063943
0.823970088976749
0.822256510743506
0.820398190881988
0.818414435380956
0.816326774605738
0.814158423835466
0.811933724178054
0.809677580523669
0.807414912543419
0.805170133554506
0.802966670414184
0.800826535549776
0.798769959873348
0.796815092772017
0.794977772719632
0.793271369435748
0.791706696032783
0.790291987342009
0.78903293867959
0.787932797772719
0.786992501458877
0.786210848120303
0.785584696618647
0.785109182725202
0.784777944652437
0.784583350216833
0.784516719321648
0.784568536753097
0.784728651643811
0.784986461285288
0.785331078187163
0.785751480319038
0.786236645281115
0.786775669703005
0.787357875456557
0.78797290429947
0.788610802371363
0.789262095588311
0.78991785648271
0.790569762476848
0.791210145026955
0.791832028592968
0.792429158033204
0.792996012836273
0.793527806613701
0.79402047049804
0.794470619517228
0.794875501624666
0.7952329298186
0.795541198634735
0.795798987184966
0.796005251780569
0.796159111958663
0.796259734368927
0.796306219424754
0.796297495842247
0.796232228158735
0.796108742032176
0.795924971582065
0.795678432264066
0.795366221810485
0.79498505066335
0.794531302129856
0.79400112125892
0.793390530230217
0.792695566918026
0.791912442289985
0.791037711465419
0.790068452619189
0.789002447493879
0.787838357083572
0.786575886074022
0.785215929855509
0.783760698347515
0.782213811465253
0.780580361790518
0.778866940856217
0.77708162638893
0.775233928852807
0.773334696679881
0.771395980638498
0.769430858867698
0.767453225177945
0.765477544274957
0.763518578590655
0.761591092388172
0.759709539728373
0.75788774372085
0.756138575206112
0.754473639596489
0.752902981006547
0.751434812993203
0.750075285165064
0.748828294576778
0.747695350169853
0.746675497538295
0.745765309978843
0.744958950139268
0.744248304628296
0.743623191738414
0.743071640017126
0.7425802328784
0.742134511864138
0.741719428646587
0.74131983351547
0.740920986029068
0.74050907183477
0.740071708481075
0.739598422434988
0.739081079551958
0.738514251961727
0.737895505746783
0.737225595884623
0.736508557653751
0.735751686988631
0.734965406004592
0.734163013968763
0.733360328216052
0.732575223734668
0.73182708420101
0.731136180956959
0.730522999629801
0.730007536648587
0.729608589685917
0.72934306695617
0.729225340269359
0.729266665752216
0.729474694222519
0.72985309039741
0.730401276528026
0.731114311812493
0.731982914207975
0.732993626223333
0.734129121125054
0.735368640934482
0.736688552834931
0.738063006332082
0.73946466988862
0.740865522925494
0.742237677154354
0.743554200247598
0.744789914892036
0.745922147295888
0.746931401173131
0.74780193602325
0.748522232035471
0.749085328025358
0.749489023290529
0.749735938971979
0.74983343924606
0.749793417272058
0.749631955115861
0.749368870714304
0.749027168213323
0.748632410609633
0.748212035483439
0.747794635692757
0.747409227202878
0.747084525770874
0.746848253044929
0.746726490844603
0.746743100053075
0.746919217782445
0.747272843385217
0.747818520601033
0.748567119770878
0.74952572074125
0.750697593930994
0.752082274146302
0.753675719193473
0.755470543227525
0.757456313142319
0.75961989518977
0.761945838426706
0.764416781521747
0.767013869884916
0.769717170963655
0.772506076817539
0.775359684662715
0.778257147876998
0.781177991881977
0.784102391270991
0.787011406435565
0.789887179669307
0.792713092220785
0.795473884965272
0.798155746228672
0.800746370806429
0.80323499437961
0.805612407365603
0.807870951798427
0.81000450417689
0.812008446423642
0.813879626247604
0.815616307380333
0.817218109442709
0.818685936660158
0.820021894334798
0.821229191934077
0.822312031878051
0.823275483588851
0.824125343071465
0.824867979170685
0.825510168625514
0.826058923040236
0.826521311827196
0.826904285969389
0.827214508028749
0.827458194130423
0.82764097364467
0.827767771948385
0.827842720982535
0.827869101357886
0.827849318547725
0.827784914308674
0.827676612967667
0.827524400690342
0.827327634390412
0.827085175633607
0.826795543805955
0.826457082012904
0.826068128693503
0.825627187793449
0.825133090542632
0.824585142407799
0.823983249602314
0.82332802058157
0.822620839172409
0.821863907309573
0.821060256711428
0.820213730152566
0.819328934220208
0.818411166521128
0.817466321194074
0.816500777249972
0.81552127469223
0.814534783559034
0.813548370986966
0.812569071139456
0.811603762401533
0.810659055647102
0.809741196673497
0.808855985108777
0.808008711268318
0.807204111604667
0.806446342591222
0.805738972134424
0.805084986944439
0.804486813729311
0.80394635162592
0.803465012951625
0.803043769158006
0.802683198793556
0.802383534333458
0.802144704906741
0.801966372237004
0.801847957503241
0.801788657310773
0.80178744752562
0.801843074353422
0.801954032718554
0.802118532700341
0.802334455488764
0.80259930100706
0.802910129986409
0.803263503840608
0.803655426147759
0.804081289874084
0.80453583464652
0.805013118374304
0.805506507319055
0.806008688308959
0.806511706184863
0.80700702876343
0.807485640624152
0.80793816590246
0.808355019039651
0.808726581149808
0.809043398368887
0.809296397310821
0.809477111630592
0.80957791274393
0.809592237032297
0.809514801416867
0.80934179905273
0.809071067097762
0.808702219058435
0.808236735100358
0.807678004911972
0.807031319187751
0.806303807500986
0.805504322202454
0.804643269937778
0.803732394344826
0.802784515392334
0.80181323257205
0.800832600683489
0.799856788184603
0.798899728965502
0.797974778890831
0.797094388519325
0.796269803032685
0.795510799593542
0.794825471124746
0.794220063897535
0.793698874388461
0.793264208683091
0.792916405349875
0.79265392027115
0.792473469497965
0.792370223891582
0.792338047226912
0.79236976765562
0.792457471043888
0.792592803782345
0.79276727226654
0.792972526397581
0.793200615162801
0.793444203609131
0.793696742275447
0.793952582337934
0.794207032255551
0.794456354472537
0.794697703618669
0.794929010513349
0.79514881899115
0.795356084992507
0.795549949382216
0.795729497465409
0.795893519083292
0.796040283433755
0.796167342350122
0.79627137469248
0.796348082800403
0.796392149694899
0.796397263000615
0.796356208509425
0.796261033063948
0.796103273154926
0.795874242453754
0.795565368589816
0.795168566968803
0.794676637430853
0.794083668159417
0.793385430537008
0.792579748633823
0.79166682770737
0.790649527450011
0.78953356768011
0.788327656637167
0.787043534895693
0.785695931024261
0.78430242834402
0.78288324534163
0.78146093532764
0.780060013677155
0.778706523338072
0.777427551158786
0.776250708914146
0.775203593665825
0.774313242279923
0.773605594566453
0.77310497865256
0.772833630924583
0.772811261259122
0.773054672405753
0.773577440383175
0.774389660703681
0.775497763237867
0.776904396650418
0.778608381641433
0.780604730761057
0.782884731354537
0.785436087248332
0.788243114096726
0.791286982849426
0.794546005539705
0.797995957488553
0.8016104300285
0.805361207927718
0.809218665801334
0.813152177900778
0.817130535750789
0.821122368145737
0.825096558021319
0.829022650693892
0.832871247926097
0.836614382258991
0.840225866076597
0.843681609968999
0.846959905163082
0.85004166511995
0.852910621872096
0.855553473300315
0.857959978329356
0.860122997941622
0.862038480949616
0.863705394601672
0.865125601286224
0.866303683807579
0.867246722888279
0.867964031667784
0.868466852974682
0.868768026015416
0.868881629818205
0.868822611276065
0.868606405935407
0.868248559772837
0.86776436009662
0.867168483411804
0.866474667615484
0.865695415261484
0.864841733874104
0.863922918421537
0.862946380103197
0.861917524582162
0.860839681722349
0.859714087786275
0.858539919927492
0.857314381685911
0.856032837077874
0.854688989781516
0.853275102869772
0.851782253559714
0.850200616553452
0.848519768771761
0.846729007659134
0.84481767480189
0.842775476382042
0.840592792018696
0.838260963848871
0.83577255828498
0.833121593758579
0.830303728907095
0.827316407053699
0.824158954426111
0.820832631297772
0.81734063704131
0.813688071875764
0.809881859776144
0.805930638506033
0.801844623945598
0.797635456743591
0.793316039763895
0.788900374787005
0.784403406451351
0.779840880491991
0.775229221995907
0.770585437710885
0.765927044508674
0.761272024021178
0.75663880136114
0.752046243831751
0.747513673745598
0.743060888024876
0.738708176236762
0.734476328201272
0.730386622336216
0.726460786485673
0.722720924092496
0.719189400167858
0.715888683498915
0.712841143812651
0.710068805055678
0.707593058421747
0.705434341124621
0.703611789043351
0.702142873143118
0.701043030901497
0.700325304776678
0.7
0.700074373650533
0.70055236609618
0.701434384515089
0.702717146419973
0.704393588994025
0.7064528477227
0.708880305390906
0.711657710131147
0.714763358969845
0.718172341329392
0.721856835287835
0.725786448140274
0.729928591985796
0.73424888469484
0.73871156668333
0.74327992439636
0.747916712230212
0.752584565723977
0.757246400146404
0.761865789997832
0.766407326348046
0.770836950249346
0.775122261619831
0.779232803918367
0.783140325580307
0.786819019522459
0.790245742048641
0.79340021220713
0.796265192102692
0.798826647901764
0.80107389035841
0.802999692711107
0.804600382843069
0.805875905750073
0.806829851704022
0.807469445112855
0.807805489018895
0.807852260490883
0.807627352870786
0.80715146193245
0.806448114468185
0.805543339590778
0.804465285049845
0.80324378302202
0.801909872039837
0.800495283861188
0.799031906034639
0.797551232574156
0.796083816418717
0.794658738132523
0.793303105535894
0.792041598606348
0.790896073042381
0.789885234357077
0.789024392311211
0.788325302979794
0.787796102869273
0.787441336381476
0.787262074685202
0.787256120844652
0.787418293004066
0.787740774672137
0.788213518807761
0.788824690581813
0.789561132456321
0.790408834634109
0.79135339401145
0.792380445506397
0.793476051000322
0.794627033057028
0.795821242986715
0.79704775559635
0.798296985995618
0.799560726983123
0.800832108693622
0.802105485221097
0.803376255730772
0.804640630036573
0.805895350666826
0.807137385008343
0.808363602166345
0.809570449685209
0.810753645243016
0.811907897880053
0.813026672282032
0.814102008160015
0.815124404907714
0.816082779536541
0.816964503457119
0.817755521062471
0.818440550342366
0.819003362989426
0.819427138712947
0.819694885822398
0.819789917644012
0.819696372054842
0.819399759422093
0.81888752258311
0.818149591252864
0.81717891245712
0.815971938311402
0.814529052740684
0.81285491959353
0.810958736063733
0.808854377390891
0.806560421446745
0.80410004498116
0.801500786930774
0.798794178190565
0.796015241496723
0.793201869430941
0.790394092878297
0.787633256389995
0.78496112065163
0.782418915475258
0.780046369269603
0.777880742667996
0.77595589480689
0.7743014105819
0.772941816035534
0.771895906865404
0.771176211941212
0.770788609782497
0.770732111314523
0.770998817056999
0.771574051404779
0.772436671043029
0.773559539019532
0.774910150788231
0.776451393841206
0.77814241853844
0.779939594572052
0.781797525272627
0.783670090746242
0.785511490643922
0.787277258188407
0.788925218852322
0.790416369695315
0.791715658692225
0.792792647262184
0.79362204346603
0.794184097795307
0.79446485795041
0.794456283327059
0.794156223944697
0.79356827212518
0.792701498259648
0.791570084410134
0.790192871235697
0.788592834797441
0.786796510199176
0.784833378804115
0.782735234999674
0.780535547247872
0.778268826557482
0.775970013654229
0.773673894118488
0.771414548715755
0.769224844166704
0.767135967782785
0.765177007807118
0.763374580008025
0.761752500112743
0.760331501058953
0.759128993776992
0.758158870269559
0.757431348082309
0.75695285579427
0.756725959824172
0.756749333560676
0.757017770489993
0.757522243523385
0.758250013036553
0.759184786152405
0.760306929475713
0.761593736792375
0.763019752172941
0.764557147492759
0.766176151650517
0.767845526810322
0.769533084909984
0.771206235587877
0.772832554711759
0.774380360977736
0.775819286713411
0.777120828179328
0.778258860408102
0.77921010201236
0.779954516456686
0.780475638012118
0.780760812940874
0.780801349301694
0.780592571995298
0.780133783129699
0.779428131301611
0.778482396778948
0.77730670264861
0.775914164595376
0.774320493958321
0.772543569961983
0.770602997473355
0.768519666272881
0.766315326676824
0.764012194486328
0.761632595785088
0.759198659218428
0.756732060243556
0.754253818639681
0.751784147505173
0.749342349233163
0.746946751709498
0.744614676346082
0.742362428633978
0.740205301711625
0.738157583980942
0.736232563005584
0.734442519683659
0.732798708857236
0.731311324930814
0.729989453533443
0.72884101258447
0.727872688132134
0.727089871871421
0.726496608190859
0.72609555886753
0.725887993093828
0.725873809396868
0.726051594269486
0.726418720082704
0.726971482242723
0.727705272767464
0.72861478468038
0.729694239047038
0.730937624296896
0.732338935839922
0.733892403032925
0.735592690359433
0.737435060297485
0.739415486749313
0.741530710033404
0.743778227184514
0.746156214523768
0.748663382971388
0.751298770182759
0.754061477090685
0.7569503596349
0.759963689172794
0.763098797139407
0.766351720842786
0.769716867768057
0.773186715391852
0.776751562296892
0.780399344388675
0.784115527357441
0.787883083337633
0.791682556158721
0.795492215835724
0.799288299201319
0.803045330015491
0.806736508670696
0.810334158885153
0.813810216659506
0.817136745343272
0.82028645996061
0.823233243984971
0.825952642497471
0.828422317048964
0.830622449477043
0.832536084290374
0.834149401892798
0.835451917740144
0.836436605365401
0.837099943942653
0.837441893570488
0.837465803644689
0.837178261484384
0.836588889727597
0.835710101899726
0.834556825985862
0.833146205832023
0.831497289807734
0.829630715444642
0.827568397794309
0.825333228099392
0.822948788121824
0.820439084190443
0.817828303781063
0.815140596275202
0.812399878497565
0.80962966473152
0.806852920167891
0.804091936156105
0.801368225189681
0.798702433255682
0.796114266992265
0.793622433011137
0.791244586735957
0.788997288169655
0.786895962124375
0.784954860622353
0.783187025403883
0.781604248761587
0.780217031261586
0.779034535314304
0.778064534020216
0.777313355234436
0.776785821358624
0.776485185963353
0.776413068946801
0.776569392519496
0.776952320838976
0.777558206570435
0.778381547987797
0.779414960425917
0.780649165925639
0.782073004764173
0.783673472227637
0.785435783465107
0.787343468578714
0.789378499276982
0.791521447481796
0.793751675272877
0.796047554521572
0.798386713553335
0.800746307230003
0.803103305998805
0.805434798749271
0.807718303777535
0.809932081796822
0.812055444759801
0.814069054270394
0.815955203547778
0.817698077244855
0.819283983892804
0.820701556314575
0.821941915994453
0.822998798080104
0.823868634403269
0.824550592615434
0.825046570231482
0.825361143050021
0.82550146807286
0.825477141682903
0.825300014469162
0.824983964722321
0.824544633277823
0.823999123068189
0.82336566747071
0.822663272303751
0.821911337129634
0.821129262350556
0.820336049412227
0.819549902224155
0.818787838622802
0.818065321293711
0.817395917975855
0.816791000938603
0.816259495593729
0.815807687632718
0.815439097224995
0.815154427551655
0.814951593276722
0.81482583248985
0.814769903230391
0.814774362986178
0.814827926638223
0.814917895302305
0.815030645525046
0.815152165461926
0.815268622139648
0.815366941824743
0.815435384013753
0.815464088738898
0.81544557683235
0.815375183565298
0.815251407690787
0.815076160347026
0.814854901453988
0.814596655053853
0.814313899361539
0.814022331931114
0.813740515110425
0.813489411640198
0.813291824643126
0.813171760140172
0.813153733442412
0.813262043143904
0.813520037869586
0.813949401341787
0.814569480698035
0.815396681349613
0.816443949090749
0.817720356772346
0.819230808798394
0.820975872172556
0.822951738020054
0.825150312646455
0.827559432477385
0.830163192845389
0.832942376723106
0.835874966287254
0.838936717741816
0.842101778199753
0.845343322649869
0.848634189111085
0.85194749095758
0.855257187012651
0.858538592259849
0.861768814792232
0.864927107787853
0.867995128729774
0.870957101649807
0.873799881739164
0.876512925117334
0.879088169774953
0.881519836612937
0.88380416200895
0.885939075388946
0.887923836817219
0.88975865060979
0.89144427140528
0.892981618992232
0.894371417504949
0.89561387338928
0.896708404848045
0.897653433360085
0.898446245397627
0.899082929726517
0.899558392755568
0.899866451405523
0.9
0.899951244846563
0.899711997578758
0.899274016065756
0.898629379849489
0.897770885709446
0.896692448133262
0.895389489216776
0.893859302837377
0.892101378823346
0.890117674241046
0.887912820782304
0.885494259479367
0.882872296513627
0.88006007661618
0.87707347337779
0.873930898586888
0.870653035395585
0.867262502582196
0.863783459353888
0.860241161948648
0.856661484702715
0.853070419216259
0.849493565762357
0.845955631145012
0.842479946839104
0.839088020469982
0.835799132555162
0.832629988985547
0.829594438025103
0.82670325871533
0.823964025544793
0.821381052144227
0.818955414651714
0.816685053314092
0.814564948899695
0.812587368638211
0.810742174715116
0.809017186864426
0.807398589352156
0.805871371646223
0.804419791342661
0.80302784747374
0.801679752165492
0.800360388739532
0.799055744760434
0.797753309203575
0.796442423842473
0.795114580107905
0.79376365402783
0.792386073388221
0.790980912928087
0.78954991516249
0.788097436278526
0.786630318432822
0.785157691655716
0.78369071039672
0.782242231487243
0.780826441908729
0.779458446196074
0.778153824536657
0.776928173604778
0.77579664286217
0.774773479423108
0.773871594598096
0.773102164870544
0.772474279312487
0.771994644305482
0.77166735491175
0.771493740363486
0.77147228894616
0.771598655102315
0.771865748949399
0.772263905676858
0.772781129564329
0.773403404752649
0.774115062514679
0.774899192723692
0.7757380856053
0.776613688772799
0.777508064053129
0.778403828754209
0.779284566817282
0.780135196721221
0.780942285007288
0.781694296788504
0.782381777484105
0.782997463139074
0.78353631989652
0.783995516322301
0.784374335172374
0.784674033688381
0.784897663469442
0.78504986228814
0.785136630821271
0.785165107115297
0.785143350710023
0.785080146752393
0.784984838237576
0.784867191845504
0.784737299856418
0.784605517508506
0.784482432094629
0.784378857273419
0.784305843670828
0.784274695027238
0.784296978026434
0.784384513610157
0.784549338074995
0.784803623558257
0.785159549590008
0.785629120118279
0.786223923662725
0.786954837846353
0.787831683300398
0.788862835628154
0.790054807543377
0.79141181627331
0.792935353662856
0.794623777993959
0.796471947240475
0.798470913255918
0.800607695228227
0.802865148668395
0.805221943309581
0.80765265970151
0.810128010146941
0.812615185123211
0.815078321659432
0.817479085501968
0.81977735449707
0.821931986636847
0.823901652818382
0.825645711692867
0.827125102135072
0.828303227908985
0.829146809069541
0.829626675510479
0.829718479795516
0.829403308911404
0.828668177746614
0.827506390794913
0.825917762660238
0.823908692240037
0.821492089828714
0.818687160655462
0.815519052406297
0.812018377948707
0.808220627668705
0.80416548845641
0.79989608837464
0.795458187377688
0.790899335102622
0.786268016745357
0.781612807393816
0.776981553975913
0.772420602263475
0.767974084240816
0.763683278694382
0.759586055209729
0.755716408977671
0.752104091014298
0.748774335685239
0.745747684879107
0.743039905872077
0.740661997923691
0.738620280985164
0.736916558609914
0.735548346238107
0.7345091554721
0.733788824741499
0.733373886836025
0.733247964112293
0.733392182701481
0.733785597700623
0.734405622064408
0.735228452675104
0.736229487812318
0.737383730938537
0.738666176339998
0.740052172706654
0.741517761202979
0.743039984986354
0.744597167492618
0.746169157154366
0.74773753657331
0.749285794557502
0.750799459876292
0.752266196091272
0.753675857391467
0.755020505986713
0.756294392276042
0.757493899681206
0.758617456686806
0.759665419222787
0.760639927028037
0.761544738015508
0.762385044897052
0.763167278407387
0.763898901390086
0.764588197785036
0.765244060208783
0.76587577937837
0.76649283813475
0.767104712316177
0.767720680257565
0.768349642287213
0.768999951288462
0.76967925521145
0.77039435236722
0.771151060408058
0.771954100075665
0.772806995052729
0.773711989544349
0.774669985498147
0.775680501598157
0.776741656291554
0.777850177088634
0.779001438183657
0.78018952805777
0.781407348139425
0.782646742821488
0.783898660191042
0.785153341754761
0.78640053828765
0.787629747752873
0.788830470097001
0.789992472681829
0.791106059232235
0.792162334514989
0.79315345656304
0.794072868159125
0.794915499514015
0.795677934626098
0.796358534683182
0.796957513042177
0.797476957761845
0.797920799319158
0.798294722952044
0.798606026972626
0.798863430312646
0.799076834420708
0.799257046354045
0.799415471423683
0.79956378499566
0.799713593966078
0.799876098969519
0.800061768518139
0.80028003598732
0.800539029664573
0.80084534498001
0.801203866574486
0.801617646086682
0.802087839518383
0.802613705845105
0.803192666262937
0.803820421193239
0.804491119997134
0.805197576371685
0.805931520692535
0.806683879206643
0.807445069022799
0.808205297339311
0.808954853311693
0.80968438140197
0.810385125949167
0.811049138021148
0.811669437296766
0.812240123713526
0.812756435815842
0.813214755059326
0.81361255766858
0.81394831790976
0.814221368727835
0.814431727522431
0.814579896316871
0.814666646648644
0.814692800129453
0.814659015762089
0.814565594753199
0.814412312740278
0.814198288093138
0.813921893309321
0.813580714570718
0.813171562350801
0.812690533653941
0.812133124132456
0.811494386066883
0.810769126111164
0.809952134890069
0.809038439072258
0.8080235654944
0.806903806325898
0.805676474165332
0.804340136351195
0.802894818630519
0.801342169617545
0.799685579128167
0.797930245415509
0.796083188464954
0.794153208732269
0.792150792921367
0.790087970495334
0.787978126499223
0.785835777860523
0.783676321553797
0.781515763819382
0.779370439983483
0.777256734332242
0.775190808962432
0.773188349604684
0.771264335149854
0.769432836079562
0.767706845294884
0.766098143046745
0.764617195894661
0.763273087951256
0.762073481195295
0.761024600430559
0.76013123759088
0.759396769583495
0.758823183743355
0.758411105238677
0.758159821400436
0.758067298903334
0.758130190944229
0.758343832972669
0.758702227044691
0.759198016407049
0.759822453385984
0.760565364967836
0.761415121541839
0.76235861506443
0.763381253350588
0.764466977270355
0.765598307316001
0.766756425315101
0.767921296023747
0.769071831986137
0.770186103450752
0.771241593359684
0.772215495555175
0.773085052458718
0.773827926656158
0.774422599146087
0.7748487855501
0.775087860403273
0.775123278789637
0.774940984093929
0.774529790525303
0.773881729333225
0.772992348267708
0.771860954808848
0.77049079496642
0.768889160981463
0.767067422994304
0.76504098161888
0.762829140321767
0.7604548984868
0.757944667996364
0.755327918026287
0.752636754486466
0.749905442103621
0.747169878502307
0.744467030768515
0.741834345855999
0.739309146804253
0.736928027069461
0.734726255321807
0.732737202834993
0.730991805092306
0.729518068468294
0.728340631831215
0.727480391668784
0.726954197893607
0.726774625865128
0.726949828407258
0.72748346974513
0.728374741374748
0.729618457963321
0.731205229505488
0.733121704182311
0.735350874735746
0.737872439729297
0.740663209859333
0.743697548549411
0.746947835432709
0.750384941027794
0.753978700953052
0.757698378407518
0.76151310436171
0.765392285931829
0.769305974723549
0.773225188487102
0.7771221811733
0.780970658362895
0.7847459369952
0.78842505027791
0.791986800548389
0.795411764607616
0.798682257594809
0.801782262752915
0.804697335400334
0.807414490031597
0.809922079691686
0.812209676593054
0.814267962375878
0.816088635472271
0.817664341763357
0.818988633169152
0.82005595705449
0.820861677450235
0.821402127166122
0.821674688001479
0.821677894533534
0.82141155546479
0.820876885315273
0.820076638411919
0.819015236697167
0.817698882872648
0.816135650810091
0.814335545976779
0.812310529792516
0.810074503296643
0.807643247179967
0.80503431704052
0.802266894562107
0.799361597099638
0.796340249800238
0.793225625820095
0.790041161354654
0.786810653042628
0.783557945810333
0.780306619389627
0.777079681586312
0.77389927592854
0.770786410631798
0.767760714932191
0.764840227821464
0.76204122312347
0.75937807373656
0.756863156775738
0.754506800318306
0.752317271511336
0.750300804950954
0.748461669493338
0.746802270997739
0.745323287918362
0.744023836137357
0.742901658948076
0.741953337642704
0.741174517723747
0.740560145345717
0.74010470821162
0.739802474818071
0.739647725690206
0.739634970106328
0.739759141818197
0.740015767461084
0.740401101748323
0.740912224179693
0.741547092871303
0.742304552231984
0.743184292546942
0.744186761046904
0.745313025688404
0.746564594583869
0.747943195725076
0.749450523261995
0.751087958052691
0.752856271415602
0.754755321930224
0.756783755697191
0.758938720652799
0.761215605324858
0.763607811825096
0.766106571926818
0.768700813820891
