0.158948935352605
0.158112760480199
0.157292467643375
0.15649032553971
0.155708541075954
0.154949247786732
0.154214494658531
0.153506235418547
0.152826318344126
0.152176476644431
0.15155831946173
0.150973323535278
0.150422825566351
0.149908015318435
0.149429929482078
0.148989446329434
0.148587281179095
0.148223982687486
0.14789992997891
0.147615330622228
0.147370219458283
0.147164458278403
0.146997736350776
0.14686957178808
0.146779313746563
0.146726145443707
0.14670908797877
0.146727004937768
0.146778607761894
0.14686246185593
0.146976993410874
0.147120496912743
0.147291143307347
0.147486988788708
0.147705984176682
0.147945984847278
0.148204761177069
0.148480009461003
0.148769363260772
0.149070405138759
0.149380678730356
0.14969770110524
0.15001897536589
0.150342003429364
0.150664298936052
0.150983400226827
0.15129688332779
0.15160237487962
0.151897564946471
0.152180219637442
0.15244819347189
0.152699441418363
0.152932030535697
0.153144151143941
0.153334127452238
0.153500427570771
0.153641672834248
0.153756646365413
0.153844300808568
0.153903765165315
0.153934350667533
0.153935555626183
0.15390706919877
0.153848774023329
0.153760747672543
0.153643262888111
0.153496786562709
0.153321977444837
0.153119682550442
0.152890932274443
0.152636934205068
0.152359065654186
0.152058864927498
0.151738021369432
0.151398364228753
0.151041850402204
0.150670551124683
0.150286637685562
0.149892366261496
0.149490061966409
0.149082102229081
0.148670899617809
0.148258884239798
0.147848485850111
0.147442115811168
0.147042149048596
0.14665090615285
0.146270635778156
0.145903497490983
0.145551545219416
0.145216711452318
0.144900792333135
0.144605433787542
0.144332118816902
0.144082156080744
0.143856669881218
0.143656591650882
0.143482653032232
0.143335380623331
0.143215092448814
0.143121896199547
0.143055689267611
0.143016160586094
0.143002794265714
0.143014875002689
0.143051495214762
0.14311156384509
0.143193816756938
0.143296828626147
0.143419026223138
0.143558702962179
0.143714034582795
0.143883095816723
0.14406387788394
0.144254306652991
0.144452261294347
0.144655593250805
0.144862145346159
0.145069770852437
0.145276352337017
0.145479820113855
0.145678170127809
0.145869481107606
0.146051930831282
0.14622381135778
0.146383543089765
0.146529687545394
0.146660958730673
0.146776233018918
0.146874557459598
0.14695515645519
0.147017436761584
0.147060990784655
0.147085598162859
0.147091225642789
0.147078025271426
0.147046330945128
0.146996653371089
0.146929673511851
0.146846234597352
0.146747332801834
0.146634106694548
0.146507825583479
0.146369876880283
0.146221752622027
0.146065035291329
0.145901383080857
0.145732514751044
0.145560194231118
0.14538621511336
0.145212385188726
0.145040511168783
0.144872383734322
0.144709763045124
0.144554364838198
0.144407847233583
0.144271798357506
0.14414772488249
0.144037041573053
0.14394106191395
0.143860989885766
0.143797912940049
0.143752796213324
0.143726478006303
0.143719666541605
0.143732938000363
0.143766735825441
0.14382137126663
0.14389702513138
0.143993750693286
0.14411147769998
0.144250017412185
0.144409068596725
0.144588224388149
0.14478697992655
0.145004740673085
0.14524083129969
0.145494505045628
0.145764953430746
0.146051316213735
0.146352691483229
0.146668145770268
0.146996724072476
0.147337459683179
0.147689383722666
0.148051534273716
0.148422965029412
0.148802753368023
0.149190007777289
0.149583874558697
0.149983543751263
0.150388254223711
0.150797297893828
0.151210023043936
0.151625836711801
0.15204420614683
0.152464659331894
0.152886784581511
0.153310229237306
0.153734697491531
0.154159947378853
0.15458578698554
0.155012069933489
0.155438690204144
0.155865576374198
0.156292685340979
0.156719995620519
0.157147500305468
0.157575199773177
0.158003094236437
0.158431176230481
0.158859423129957
0.159287789788605
0.159716201392466
0.16014454661445
0.160572671154271
0.161000371742916
0.161427390685237
0.161853411007868
0.162278052272573
0.162700867107485
0.163121338500476
0.163538877890302
0.163952824082225
0.164362443005673
0.16476692832224
0.165165402883044
0.165556921025332
0.1659404716892
0.166314982326664
0.166679323567034
0.167032314594717
0.167372729188391
0.167699302363833
0.168010737556867
0.168305714277689
0.16858289616358
0.16884093935347
0.16907850110529
0.169294248575261
0.169486867677503
0.16965507194241
0.169797611293136
0.169913280661401
0.170000928366349
0.170059464183623
0.170087867035862
0.170085192240566
0.17005057825662
0.16998325287656
0.169882538817962
0.169747858673957
0.16957873918974
0.169374814839048
0.169135830681758
0.168861644490935
0.168552228144804
0.168207668286112
0.167828166258092
0.167414037332735
0.166965709253182
0.166483720117753
0.16596871563838
0.165421445810906
0.164842761038923
0.164233607756383
0.163595023597242
0.162928132162757
0.162234137438838
0.161514317916994
0.16077002047295
0.160002654056985
0.159213683249402
0.158404621733397
0.157577025735947
0.15673248748522
0.155872628730454
0.154999094367367
0.154113546208914
0.153217656937705
0.152313104272671
0.151401565378676
0.150484711543765
0.149564203144668
0.148641684917094
0.147718781543302
0.14679709356548
0.145878193629584
0.14496362306066
0.14405488876712
0.143153460468251
0.142260768236189
0.141378200340893
0.140507101384233
0.139648770707193
0.13880446105241
0.137975377462836
0.137162676396172
0.136367465033952
0.135590800763712
0.134833690812518
0.13409709201031
0.133381910661989
0.132689002507897
0.13201917275333
0.13137317614895
0.130751717105395
0.130155449826969
0.129584978451083
0.129040857181984
0.128523590409295
0.128033632803928
0.127571389386027
0.127137215561661
0.126731417127084
0.126354250241358
0.126005921370087
0.125686587204865
0.125396354564682
0.125135280287174
0.124903371118903
0.12470058361513
0.12452682406049
0.124381948422792
0.124265762352746
0.124178021242735
0.124118430357884
0.124086645052574
0.124082271085188
0.124104865043369
0.124153934891266
0.124228940649357
0.124329295216264
0.124454365340742
0.124603472750589
0.124775895443696
0.12497086914486
0.125187588930272
0.1254252110199
0.125682854736212
0.12595960462601
0.126254512740394
0.126566601066292
0.126894864101406
0.127238271563005
0.127595771219619
0.127966291833543
0.128348746200961
0.128742034275641
0.129145046361413
0.129556666358071
0.129975775044969
0.130401253386365
0.130831985842467
0.13126686367031
0.131704788198765
0.132144674062421
0.132585452379563
0.13302607386009
0.133465511829932
0.133902765159321
0.134336861083091
0.134766857902125
0.13519184755594
0.135610958057398
0.136023355781421
0.136428247600574
0.136824882861259
0.137212555195185
0.137590604161602
0.137958416716645
0.138315428506885
0.138661124984946
0.138995042345725
0.13931676828246
0.13962594256248
0.139922257423123
0.140205457788878
0.140475341311401
0.140731758234608
0.140974611087664
0.141203854209216
0.141419493106869
0.14162158365646
0.141810231146357
0.141985589172635
0.142147858391639
0.142297285137147
0.142434159910004
0.142558815748828
0.142671626491015
0.142773004934009
0.142863400907377
0.142943299266853
0.143013217822059
0.143073705210051
0.143125338727222
0.143168722132389
0.143204483433988
0.143233272674386
0.14325575972415
0.143272632098847
0.143284592810505
0.143292358265263
0.143296656217938
0.143298223793293
0.143297805582683
0.143296151823433
0.143294016666943
0.143292156539885
0.143291328601229
0.143292289296043
0.143295793005189
0.143302590788126
0.143313429214177
0.143329049275713
0.143350185374873
0.143377564373737
0.143411904696186
0.143453915468258
0.143504295682481
0.143563733370586
0.143632904768167
0.143712473454256
0.143803089448506
0.143905388248645
0.144019989791232
0.144147497319335
0.144288496141772
0.144443552269825
0.14461321091895
0.144797994864951
0.144998402646283
0.145214906606611
0.145447950774511
0.145697948580075
0.145965280411315
0.146250291016469
0.146553286761645
0.146874532756577
0.147214249864666
0.147572611616755
0.147949741051333
0.14834570750691
0.148760523395195
0.149194140986364
0.149646449240038
0.150117270717668
0.150606358613696
0.151113393944163
0.15163798293234
0.152179654631378
0.152737858824015
0.15331196423886
0.153901257121877
0.154504940200238
0.155122132073868
0.15575186706765
0.156393095574477
0.157044684916163
0.157705420745629
0.158374009009834
0.159049078488678
0.159729183920539
0.160412809720334
0.161098374291017
0.161784234924318
0.162468693281308
0.163150001438142
0.16382636847709
0.164495967597802
0.165156943718706
0.165807421533575
0.166445513983611
0.167069331101031
0.167676989176075
0.168266620195584
0.168836381498034
0.169384465586964
0.169909110042317
0.17040860746724
0.170881315406463
0.171325666171401
0.171740176506753
0.172123457033498
0.172474221403827
0.172791295104779
0.173073623849031
0.173320281493514
0.173530477429225
0.173703563388712
0.173839039621319
0.173936560390177
0.173995938749253
0.174017150563354
0.174000337738836
0.173945810637854
0.173854049654202
0.173725705934152
0.173561601231106
0.173362726888301
0.173130241949191
0.172865470400447
0.17256989755767
0.172245165608961
0.171893068336236
0.171515545038789
0.171114673687826
0.170692663344718
0.170251845879348
0.169794667028245
0.16932367683517
0.168841519519425
0.168350922819387
0.167854686860702
0.167355672600096
0.166856789896993
0.166360985266055
0.165871229364353
0.16539050426726
0.164921790587241
0.164468054489627
0.164032234659176
0.163617229270759
0.163225883016973
0.162860974244765
0.162525202252451
0.162221174797669
0.161951395866002
0.161718253749123
0.161524009480487
0.161370785675683
0.161260555823752
0.161195134074864
0.161176165568923
0.161205117348734
0.161283269900477
0.161411709363226
0.161591320448198
0.161822780107239
0.162106551988754
0.162442881717802
0.162831793035409
0.163273084830245
0.163766329093625
0.164310869826372
0.164905822923254
0.165550077057628
0.166242295585438
0.166980919483844
0.167764171335575
0.168590060365465
0.169456388530648
0.170360757660582
0.171300577637366
0.172273075600839
0.17327530615669
0.174304162559327
0.175356388834566
0.176428592800429
0.177517259937477
0.178618768053274
0.179729402678829
0.180845373128226
0.181962829146353
0.183077878063531
0.184186602370237
0.185285077619924
0.186369390563295
0.187435657413417
0.188480042137687
0.189498774670134
0.190488168935733
0.191444640577484
0.192364724276964
0.193245090559909
0.194082561980164
0.19487412857805
0.195616962512817
0.196308431773407
0.196946112877127
0.197527802472119
0.198051527766518
0.198515555714978
0.198918400901639
0.199258832067651
0.199535877240838
0.199748827435018
0.19989723889671
0.199980933887389
0.2
0.199954788018986
0.199845908343556
0.199674226004152
0.199440854312065
0.199147147191722
0.198794690254233
0.198385290679392
0.197920965981161
0.197403931738929
0.196836588383249
0.196221507130436
0.195561415165165
0.194859180174186
0.194117794337274
0.193340357883698
0.192530062323731
0.191690173465102
0.190824014323777
0.189934948037153
0.189026360885607
0.188101645525469
0.18716418453293
0.186217334354135
0.185264409751933
0.184308668834382
0.183353298744323
0.182401402083094
0.181455984134954
0.180519940951916
0.179596048351713
0.178686951874391
0.177795157735781
0.176923024808795
0.176072757656158
0.17524640063098
0.17444583305441
0.173672765472613
0.172928736988489
0.172215113656901
0.171533087925815
0.170883679099577
0.170267734794699
0.169685933352958
0.169138787171309
0.16862664690322
0.16814970648137
0.167708008907458
0.167301452750921
0.166929799294876
0.166592680264466
0.166289606070039
0.166019974495323
0.165783079758827
0.165578121875288
0.165404216243012
0.165260403382428
0.16514565875118
0.165058902561552
0.164999009527032
0.164964818466334
0.164955141695246
0.164968774139268
0.165004502103093
0.165061111636664
0.16513739644165
0.165232165266885
0.16534424874641
0.16547250563935
0.165615828436846
0.165773148307608
0.165943439360314
0.166125722208023
0.166319066826856
0.166522594708472
0.166735480313106
0.16695695183725
0.167186291317122
0.167422834096081
0.167665967690722
0.167915130096716
0.168169807581247
0.168429532014157
0.168693877794611
0.16896245843399
0.169234922859002
0.169510951501331
0.169790252241739
0.170072556277149
0.170357613979017
0.170645190810075
0.170935063364463
0.171227015593252
0.171520835273484
0.171816310774178
0.17211322816727
0.172411368725322
0.17271050684104
0.173010408396398
0.17331082960141
0.17361151631466
0.173912203849437
0.174212617261149
0.174512472103434
0.174811475632437
0.175109328431013
0.175405726417351
0.175700363195831
0.175992932701851
0.176283132087076
0.176570664787096
0.176855243709939
0.177136594481341
0.177414458681095
0.177688597004369
0.177958792282427
0.178224852298862
0.178486612340148
0.178743937423017
0.178996724145856
0.179244902116886
0.179488434918249
0.179727320572237
0.179961591483626
0.180191313840239
0.180416586462519
0.180637539101647
0.180854330194737
0.181067144094538
0.18127618779982
0.181481687221123
0.181683883024545
0.181883026103789
0.182079372737505
0.18227317949504
0.182464697958934
0.18265416933677
0.18284181903823
0.183027851295458
0.183212443905867
0.183395743176558
0.183577859148331
0.183758861174994
0.18393877393032
0.184117573910551
0.18429518649493
0.184471483620372
0.184646282119187
0.184819342760772
0.184990370029582
0.185159012662518
0.185324864959268
0.185487468869254
0.185646316848773
0.185800855471817
0.185950489768035
0.186094588251524
0.18623248859469
0.18636350389243
0.186486929453522
0.186602050048421
0.186708147535754
0.186804508783815
0.186890433798347
0.186965243963871
0.18702829030296
0.187078961656057
0.18711669268387
0.187140971594934
0.187151347502707
0.187147437319483
0.187128932098482
0.187095602740634
0.187047304988787
0.186983983639258
0.186905675908698
0.186812513903171
0.186704726145904
0.186582638130376
0.186446671876063
0.186297344475218
0.186135265630276
0.185961134192872
0.185775733726756
0.185579927128034
0.185374650347036
0.185160905266508
0.184939751800689
0.184712299289029
0.18447969726668
0.184243125701416
0.18400378479313
0.183762884437544
0.183521633460044
0.183281228728704
0.183042844257444
0.182807620410903
0.182576653321954
0.18235098463091
0.182131591652288
0.181919378070662
0.181715165261599
0.181519684327055
0.181333568927005
0.181157348980492
0.180991445299955
0.180836165212586
0.180691699211859
0.180558118671254
0.180435374640799
0.180323297735498
0.18022159911308
0.180129872527067
0.180047597429883
0.179974143089925
0.179908773676197
0.179850654254428
0.179798857629717
0.179752371962673
0.179710109078953
0.179670913386014
0.17963357130594
0.179596821129346
0.179559363192706
0.179519870279947
0.179476998148837
0.179429396083528
0.179375717376597
0.179314629646939
0.179244824903922
0.179165029273196
0.179074012305349
0.178970595795175
0.178853662046518
0.178722161525373
0.178575119852032
0.1784116440915
0.178230928309937
0.178032258373491
0.177815015974412
0.177578681877658
0.177322838389215
0.177047171054971
0.176751469606148
0.176435628173794
0.176099644800825
0.175743620285298
0.175367756393118
0.174972353482134
0.174557807582531
0.174124606980663
0.173673328354887
0.173204632512684
0.172719259778371
0.172218025080069
0.171701812783367
0.171171571317365
0.170628307636593
0.170073081559668
0.169507000022707
0.168931211282371
0.168346899100181
0.167755276936425
0.167157582178691
0.166555070426862
0.165949009853331
0.165340675654395
0.164731344606181
0.164122289736213
0.163514775119785
0.162910050808744
0.162309347899106
0.161713873743078
0.161124807310651
0.160543294705812
0.15997044484265
0.159407325287176
0.158854958271442
0.158314316887522
0.157786321470085
0.15727183617749
0.156771665782658
0.156286552686205
0.155817174165527
0.155364139874615
0.154927989610213
0.154509191360623
0.154108139653821
0.153725154221614
0.15336047899629
0.153014281455588
0.152686652330767
0.152377605691196
0.152087079417053
0.151814936069622
0.151560964166141
0.15132487986336
0.151106329050848
0.15090488985175
0.150720075525156
0.150551337760559
0.150398070351106
0.150259613228549
0.150135256839078
0.150024246835486
0.149925789057688
0.149839054770252
0.149763186122627
0.149697301795015
0.149640502790502
0.149591878332136
0.149550511822119
0.149515486819266
0.149485892990301
0.149460831990514
0.149439423229706
0.14942080948026
0.149404162285568
0.149388687128844
0.149373628324614
0.149358273597809
0.149341958318346
0.149324069362371
0.149304048574877
0.1492813958121
0.149255671546032
0.149226499017292
0.149193565926677
0.14915662565965
0.149115498042017
0.149070069628838
0.149020293532309
0.148966188797864
0.148907839340989
0.148845392460279
0.148779056945034
0.148709100798123
0.148635848597067
0.148559678518115
0.148481019049694
0.148400345422903
0.148318175787699
0.148235067164193
0.148151611198967
0.148068429756592
0.147986170376621
0.147905501626217
0.147827108378364
0.147751687045201
0.147679940795594
0.147612574785493
0.147550291429008
0.147493785737515
0.147443740753396
0.147400823104322
0.147365678703257
0.14733892861863
0.147321165138331
0.14731294805042
0.14731480116257
0.147327209081411
0.147350614271925
0.147385414416059
0.1474319600885
0.147490552766318
0.147561443187729
0.147644830073636
0.147740859223848
0.147849622997898
0.147971160188231
0.148105456291158
0.148252444178414
0.148412005169372
0.148583970501044
0.14876812318985
0.148964200275877
0.149171895436998
0.149390861956707
0.149620716026066
0.149861040356652
0.150111388077904
0.150371286888991
0.15064024343206
0.150917747850789
0.151203278495443
0.151496306733209
0.151796301820598
0.152102735793049
0.152415088325752
0.152732851519028
0.153055534561486
0.15338266822462
0.153713809143467
0.154048543839545
0.15438649244442
0.154727312084932
0.155070699894361
0.155416395617536
0.155764183782098
0.156113895412729
0.156465409270146
0.156818652601893
0.157173601397473
0.157530280145945
0.157888761099844
0.158249163054893
0.15861164966058
0.158976427282024
0.159343742438656
0.159713878850007
0.160087154123224
0.160463916120786
0.160844539050183
0.161229419320013
0.161618971209044
0.162013622396116
0.162413809399483
0.162819972974182
0.163232553515266
0.163651986513381
0.164078698107056
0.164513100773431
0.164955589195845
0.165406536342965
0.16586628978985
0.166335168306798
0.166813458736841
0.167301413177701
0.167799246478712
0.168307134058004
0.168825210039966
0.169353565708007
0.169892248262757
0.170441259871418
0.171000556989821
0.171570049935187
0.172149602684466
0.172739032870689
0.173338111947873
0.173946565493884
0.174564073620121
0.175190271457139
0.175824749686169
0.176467055088115
0.177116691083778
0.177773118241917
0.178435754735105
0.179103976727217
0.179777118680689
0.180454473576299
0.181135293043111
0.181818787401289
0.182504125625593
0.183190435242451
0.183876802178472
0.184562270582992
0.185245842651638
0.185926478481902
0.186603095995193
0.187274570962749
0.187939737175043
0.188597386795865
0.189246270943041
0.189885100537733
0.190512547463426
0.191127246074019
0.191727795087929
0.192312759901763
0.192880675353018
0.193430048956327
0.193959364632268
0.194467086941482
0.194951665830131
0.195411541885517
0.195845152093089
0.196250936078257
0.196627342808478
0.196972837723053
0.197285910250247
0.197565081663594
0.197808913222015
0.198016014531426
0.198185052059287
0.198314757727891
0.198403937507412
0.19845147992576
0.19845636440932
0.198417669366692
0.198334579926692
0.198206395242089
0.198032535271993
0.197812546958349
0.197546109715701
0.197233040158248
0.196873295994142
0.196466979023958
0.196014337188203
0.195515765617572
0.194971806649243
0.194383148782847
0.193750624560527
0.19307520736684
0.192358007155768
0.191600265123842
0.190803347360079
0.189968737514996
0.189098028542228
0.188192913577086
0.18725517602666
0.18628667895555
0.185289353860028
0.184265188931108
0.183216216913697
0.182144502674451
0.181052130595255
0.179941191912191
0.178813772121507
0.177671938574324
0.17651772838073
0.175353136741398
0.174180105821028
0.173000514272753
0.171816167516258
0.170628788864791
0.169440011587542
0.168251371984262
0.167064303538425
0.165880132203959
0.164700072868696
0.163525227025285
0.1623565816676
0.161195009417791
0.160041269876157
0.158896012173216
0.15775977869074
0.156633009906373
0.155516050304782
0.154409155287314
0.153312499001907
0.152226183005707
0.151150245664466
0.150084672185556
0.14902940517526
0.14798435560608
0.146949414076071
0.145924462239757
0.144909384289003
0.143904078362301
0.142908467762261
0.141922511863656
0.140946216598113
0.139979644406381
0.139022923555047
0.138076256721425
0.137139928758157
0.136214313557625
0.135299879945541
0.134397196542967
0.133506935546358
0.132629875385902
0.131766902233458
0.130919010342443
0.130087301213191
0.12927298158834
0.128477360293671
0.127701843950388
0.126947931594997
0.126217208252634
0.125511337518827
0.124832053213118
0.124181150175776
0.123560474285767
0.122971911784332
0.122417377993787
0.121898805525523
0.121418132074644
0.120977287901149
0.120578183099097
0.120222694755812
0.119912654102771
0.119649833758605
0.119435935162426
0.119272576292692
0.119161279763009
0.119103461381649
0.119100419256292
0.11915332351959
0.119263206744625
0.11943095511239
0.119657300385995
0.119942812738575
0.120287894473906
0.120692774670572
0.121157504772302
0.121681955138872
0.122265812563844
0.122908578757431
0.123609569785089
0.124367916445048
0.125182565560998
0.126052282159667
0.126975652496981
0.127951087891148
0.128976829316149
0.130050952705073
0.131171374909209
0.132335860256168
0.133542027648241
0.13478735814096
0.13606920294126
0.137384791764766
0.138731241492562
0.140105565069247
0.141504680586137
0.142925420496074
0.144364540909394
0.145818730924148
0.147284621947536
0.148758796969709
0.150237799755491
0.151718143924103
0.153196321891594
0.154668813655269
0.156132095403918
0.157582647942025
0.159016964920254
0.160431560868394
0.16182297903043
0.163187799004578
0.164522644193798
0.165824189074551
0.167089166293334
0.168314373601757
0.169496680641685
0.170633035592213
0.171720471689948
0.172756113633365
0.173737183880794
0.174661008849976
0.175525025025158
0.176326784975364
0.177063963284875
0.177734362394139
0.178335918346339
0.178866706431744
0.179324946718831
0.179709009458043
0.180017420340987
0.180248865594959
0.180402196889946
0.180476436032745
0.180470779420626
0.180384602225048
0.180217462274399
0.179969103603532
0.179639459637139
0.179228655973598
0.178737012736037
0.178165046457828
0.177513471470637
0.176783200764479
0.175975346290933
0.175091218682755
0.17413232636555
0.1731003740399
0.171997260515361
0.170825075881015
0.169586098000722
0.168282788324849
0.166917787014056
0.165493907374526
0.164014129607972
0.162481593883681
0.16089959274373
0.159271562856401
0.157601076136565
0.155891830255489
0.154147638566022
0.15237241947252
0.150570185278054
0.148745030544459
0.146901120003604
0.145042676060879
0.143173965934286
0.141299288474712
0.139422960714926
0.137549304196605
0.135682631126242
0.133827230412115
0.131987353635643
0.130167201011395
0.128370907390769
0.126602528364911
0.124866026522845
0.123165257920981
0.121503958820204
0.119885732746622
0.118314037931732
0.11679217518728
0.115323276269468
0.113910292786293
0.112555985700825
0.111262915481991
0.11003343295306
0.108869670886399
0.107773536391222
0.106746704139016
0.105790610469
0.104906448413417
0.104095163679633
0.103357451622902
0.102693755240264
0.102104264212352
0.101588915015889
0.101147392125352
0.10077913031768
0.100483318088985
0.100258902186999
0.100104593257529
0.100018872597349
0.1
0.100046022674647
0.100154785211705
0.100323940562319
0.100550961991998
0.100833155961895
0.10116767588434
0.101551536692391
0.101981630156413
0.102454740874089
0.102967562853884
0.103516716605882
0.104098766648172
0.1047102393317
0.105347640881677
0.106007475549483
0.106686263765447
0.107380560180115
0.108086971479595
0.108802173859448
0.10952293004137
0.110246105717641
0.110968685310087
0.111687786933035
0.112400676453606
0.11310478054754
0.1137976986547
0.114477213745337
0.115141301816176
0.115788140044301
0.116416113536596
0.117023820623161
0.117610076654455
0.118173916273935
0.118714594150468
0.119231584167728
0.119724577080981
0.120193476665002
0.120638394390188
0.121059642677079
0.121457726792382
0.12183333546196
0.122187330288015
0.122520734068739
0.122834718128809
0.123130588778161
0.123409773024471
0.123673803671374
0.123924303939817
0.124162971753801
0.124391563834157
0.124611879744852
0.124825746035607
0.125035000622348
0.125241477543175
0.12544699222224
0.125653327367144
0.125862219617345
0.126075347051666
0.126294317652467
0.126520658812465
0.126755807957754
0.127001104347444
0.127257782096629
0.127526964455341
0.127809659361882
0.128106756274667
0.128419024272639
0.128747111400532
0.12909154522211
0.129452734531902
0.12983097216433
0.130226438828371
0.130639207886286
0.131069250986561
0.131516444454061
0.131980576334682
0.132461353987416
0.132958412113864
0.13347132111377
0.133999595655105
0.134542703348608
0.135100073419386
0.135671105272139
0.136255176851722
0.13685165270695
0.137459891672757
0.138079254093783
0.138709108521152
0.139348837823464
0.13999784466263
0.140655556295104
0.141321428669057
0.141994949798014
0.142675642401309
0.143363065811202
0.14405681715563
0.144756531834142
0.145461883312527
0.146172582268957
0.146888375130926
0.147609042048015
0.148334394350337
0.14906427154649
0.14979853791796
0.15053707876913
0.151279796393423
0.152026605816687
0.152777430378676
0.153532197212581
0.154290832680953
0.155053257824158
0.155819383874843
0.156589107888688
0.15736230853828
0.158138842113075
0.158918538764487
0.159701199030936
0.160486590673542
0.161274445848888
0.162064458641173
0.162856282971993
0.163649530902092
0.164443771335748
0.165238529134894
0.166033284646851
0.166827473646495
0.1676204876909
0.168411674881939
0.169200341030035
0.169985751210153
0.170767131699199
0.171543672282322
0.172314528914008
0.173078826718413
0.173835663312049
0.174584112430628
0.175323227840667
0.176052047515186
0.176769598051672
0.177474899309197
0.17816696924034
0.17884482889226
0.179507507549931
0.180154047993171
0.180783511837719
0.181394984929199
0.181987582757405
0.182560455857
0.183112795159392
0.183643837259349
0.184152869558818
0.184639235249506
0.185102338095009
0.185541646972841
0.185956700136437
0.186347109157342
0.186712562508192
0.187052828747929
0.187367759271861
0.187657290590834
0.187921446105802
0.188160337346598
0.188374164646647
0.188563217228747
0.188727872680851
0.18886859580501
0.188985936827257
0.189080528961148
0.18915308532298
0.189204395202208
0.189235319696374
0.189246786725719
0.189239785448697
0.189215360105598
0.189174603323486
0.189118648921543
0.189048664261585
0.188965842193951
0.18887139265411
0.188766533970014
0.18865248394453
0.188530450781011
0.18840162392327
0.188267164883783
0.188128198135827
0.187985802146507
0.187841000628069
0.187694754084671
0.187547951730737
0.187401403855275
0.187255834704014
0.187111875947959
0.186970060803019
0.186830818860701
0.186694471684632
0.186561229221765
0.186431187070779
0.18630432464327
0.186180504246097
0.186059471105602
0.185940854346576
0.185824168930741
0.185708818551393
0.185594099472609
0.185479205293282
0.185363232608238
0.185245187530851
0.185123993034035
0.184998497059322
0.18486748133695
0.184729670853596
0.184583743898656
0.184428342614789
0.18426208397395
0.184083571096256
0.183891404825917
0.18368419547603
0.183460574652402
0.183219207065644
0.182958802240681
0.182678126033427
0.182376011865769
0.182051371592139
0.181703205913753
0.181330614260142
0.180932804061741
0.180509099342058
0.180058948563304
0.179581931665143
0.179077766242558
0.178546312815465
0.177987579149752
0.177401723596685
0.176789057425112
0.176150046128548
0.175485309696885
0.174795621850225
0.174081908239939
0.173345243629612
0.172586848075858
0.171808082136083
0.171010441137071
0.170195548544703
0.169365148481152
0.168521097441497
0.167665355266769
0.166799975435088
0.165927094736503
0.165048922400703
0.164167728749582
0.163285833448973
0.162405593435534
0.16152939059589
0.160659619275611
0.159798673695572
