0.993078286213523
0.992161190691381
0.991167208225352
0.990095222051066
0.98894442951375
0.98771437501724
0.986404981210753
0.985016577868148
0.983549927928423
0.982006250188353
0.980387238168355
0.978695074710678
0.976932441914501
0.975102526065027
0.973209017272644
0.971256103602996
0.969248459548619
0.967191228766706
0.965090001084733
0.962950783854911
0.960779967818768
0.958584287723281
0.95637077800888
0.954146723965861
0.951919608828299
0.94969705734204
0.947486776404723
0.945296493429904
0.943133893133157
0.941006553474639
0.938921881519208
0.936887049991056
0.934908935304573
0.932994057846296
0.931148525264314
0.929377979491346
0.927687548186138
0.926081801225288
0.92456471281475
0.923139629717876
0.921809246016003
0.920575584729432
0.919439986532513
0.918403105697955
0.91746491330396
0.916624707635047
0.915881131605165
0.915232196931635
0.914675314692384
0.914207331808445
0.913824572910458
0.913522886973362
0.91329769803905
0.913144059293485
0.91305670972385
0.913030132553241
0.913058614635974
0.913136305995834
0.913257278702695
0.913415584309578
0.91360530911186
0.913820626542316
0.914055846078813
0.914305458114766
0.914564174324229
0.91482696314235
0.915089080076012
0.915346092656948
0.915593899948643
0.91582874661689
0.916047231670023
0.916246312066821
0.916423301475921
0.916575864548825
0.916702007137541
0.916800062946465
0.91686867715503
0.916906787582284
0.916913603986121
0.916888586098369
0.916831420992069
0.916742000359517
0.916620398249493
0.916466849770345
0.91628173121337
0.916065541989467
0.915818888702838
0.915542471610247
0.915237073634676
0.914903552020177
0.914542832631976
0.914155906824557
0.913743830722222
0.913307726683402
0.912848786653329
0.912368277051192
0.911867544788792
0.911348023979188
0.910811242866695
0.910258830494455
0.909692522623063
0.909114166423363
0.908525723488382
0.907929270742966
0.907326998874235
0.906721207960541
0.906114300040032
0.905508768430687
0.904907183690437
0.904312176186849
0.903726415329267
0.90315258560028
0.902593359606301
0.90205136844692
0.901529169778006
0.901029214012468
0.900553809163878
0.900105084890287
0.899684956337613
0.89929508841285
0.898936861136528
0.898611336730807
0.898319229094177
0.898060876295993
0.897836216694315
0.897644769239305
0.897485618472434
0.897357404670022
0.897258319509185
0.897186107556502
0.897138073795839
0.897111097323521
0.897101651247676
0.897105828735893
0.897119375062777
0.897137725418074
0.897156048148327
0.89716929302177
0.897172244028757
0.897159576159482
0.897125915538146
0.897065902238835
0.896974255063899
0.896845837531037
0.896675724290849
0.896459267182649
0.896192160132545
0.895870502104308
0.895490857329842
0.895050312071822
0.894546527205659
0.893977785950818
0.893343036131823
0.892641926406392
0.891874835961054
0.891042897242637
0.890148011366161
0.889192855915137
0.888180884928192
0.887116320945457
0.886004139068481
0.884850043067818
0.883660433652095
0.882442369090693
0.881203518458463
0.879952107844567
0.878696859938074
0.877446927469724
0.876211821051957
0.875001332017318
0.873825450908354
0.872694282319671
0.871617956834606
0.870606540834612
0.869669944988632
0.868817832252216
0.868059526221606
0.867403920696237
0.866859391303966
0.866433710036573
0.866133963528681
0.865966475891115
0.865936736879842
0.866049336144125
0.866307904252506
0.866715061142893
0.867272372583723
0.867980315167187
0.868838250283446
0.869844407446986
0.870995877263628
0.872288614239689
0.873717449544391
0.875276113743513
0.876957269427529
0.878752553561942
0.880652629292239
0.88264724684192
0.884725313050352
0.886874969008873
0.889083675169585
0.891338303222651
0.893625233965509
0.895930460322252
0.898239694614071
0.900538479133106
0.902812299032654
0.905046696517132
0.907227385295826
0.909340364255544
0.911372029308988
0.913309282388103
0.915139636574601
0.916851316393238
0.918433352336878
0.919875668745402
0.921169164222726
0.922305783846751
0.92327858250546
0.924081778777565
0.924710798867411
0.925162310200193
0.925434244383914
0.925525809348028
0.925437490574048
0.92517104143971
0.924729462804263
0.924116972067115
0.923338962034265
0.922401950025604
0.921313517750266
0.920082242565696
0.918717620818089
0.917229984036371
0.915630408818228
0.913930621303944
0.912142897181562
0.910279958204306
0.90835486622815
0.906380915793318
0.904371526278305
0.90234013464858
0.900300089804561
0.898264549504888
0.896246380801858
0.894258064876567
0.892311607102379
0.890418453097685
0.888589411453201
0.886834583736401
0.885163302287096
0.883584076224774
0.882104545991426
0.880731446654412
0.879470580093817
0.878326796098987
0.877303982300994
0.876405062772708
0.875632005037433
0.874985835141761
0.874466660369401
0.874073699101466
0.873805317265563
0.873659070762059
0.87363175321135
0.873719448331388
0.873917586230296
0.874221002884632
0.874624002069616
0.875120419013207
0.875703685060707
0.876366892660165
0.877102860010342
0.877904194751755
0.878763356126225
0.879672715080556
0.880624611844394
0.881611410569818
0.882625550679862
0.883659594633787
0.884706271877579
0.885758518807863
0.886809514635338
0.887852713089141
0.888881869955615
0.889891066493151
0.890874728808711
0.891827643320925
0.892744968469135
0.893622242857272
0.894455390046055
0.895240720226766
0.895974929024971
0.896655093693309
0.897278666959161
0.897843468795972
0.898347676386743
0.898789812544948
0.899168732852469
0.899483611766374
0.899733927936807
0.89991944896743
0.90004021583785
0.900096527194649
0.900088923704238
0.9000181726468
0.899885252916326
0.899691340577175
0.899437795112716
0.899126146486472
0.898758083120755
0.89833544088197
0.897860193145587
0.897334441997134
0.896760410608499
0.896140436811208
0.895476967870342
0.894772556444313
0.894029857696919
0.893251627509181
0.89244072171946
0.891600096301549
0.890732808372072
0.889842017900829
0.888930989981045
0.888003097501106
0.887061824045621
0.886110766841857
0.885153639558092
0.884194274753457
0.883236625774739
0.88228476789451
0.881342898487155
0.880415336044853
0.879506517844544
0.878620996089295
0.877763432363228
0.876938590258197
0.876151326052436
0.875406577346261
0.874709349587232
0.874064700446614
0.873477722040085
0.872953521017991
0.872497196583515
0.872113816530442
0.871808391425181
0.871585847089894
0.871450995574388
0.871408504833415
0.871462867352651
0.871618367990507
0.87187905132366
0.872248688801346
0.872730746026885
0.873328350494226
0.874044260112423
0.874880832851776
0.875839997841765
0.876923228243035
0.878131516203508
0.879465350192432
0.880924694986062
0.882508974554862
0.884217058075088
0.8860472492576
0.887997279154231
0.890064302567436
0.892244898152713
0.894535072265935
0.896930266569727
0.899425369374928
0.902014730655442
0.904692180637905
0.907451051832145
0.910284204334704
0.913184054206295
0.916142604695281
0.919151480053491
0.92220196166825
0.925285026215603
0.928391385524611
0.931511527831421
0.934635760094701
0.937754251040869
0.940857074608554
0.943934253466532
0.946975802288083
0.949971770476954
0.95291228405569
0.955787586445746
0.958588077890084
0.961304353292608
0.96392723827431
0.966447823273009
0.968857495541595
0.971147968928269
0.973311311351002
0.97533996990678
0.977226793583855
0.97896505357163
0.980548461187747
0.981971183464948
0.983227856461146
0.98431359637454
0.985224008561451
0.985955194567538
0.98650375729324
0.986866804421589
0.987041950240883
0.987027315996334
0.98682152890372
0.986423719954424
0.985833520635382
0.985051058679456
0.984076952952031
0.982912307568411
0.981558705324205
0.98001820050773
0.978293311149748
0.976387010752052
0.974302719522729
0.972044295132775
0.969616022996292
0.967022606065126
0.964269154118653
0.961361172520733
0.958304550408747
0.955105548274266
0.951770784891315
0.948307223546418
0.944722157524681
0.941023194807965
0.937218241944746
0.933315487056275
0.929323381950181
0.925250623320375
0.921106133020871
0.91689903741079
0.912638645777988
0.908334427859402
0.903995990486953
0.89963305339856
0.895255424264255
0.890872972987375
0.886495605350142
0.882133236081502
0.877795761432758
0.87349303135319
0.869234821363493
0.865030804229362
0.860890521541056
0.85682335530717
0.852838499672306
0.848944932868872
0.84515138951306
0.841466333354114
0.837897930584689
0.834454023818279
0.831142106837748
0.827969300216923
0.824942327915193
0.822067494943184
0.819350666195984
0.816797246549094
0.814412162311314
0.812199844128212
0.810164211429504
0.808308658513679
0.806636042363296
0.805148672284521
0.803848301464431
0.802736120539219
0.801812753265505
0.801078254385172
0.800532109771381
0.800173238939363
0.8
0.800010197126941
0.800201090598822
0.800569409466903
0.801111366885033
0.801822678123192
0.802698581267983
0.803733860593315
0.80492287256237
0.806259574397774
0.807737555131171
0.809350069016162
0.811090071160391
0.812950255203741
0.814923092840628
0.817000874955734
0.819175754114779
0.821439788125558
0.823784984360108
0.826203344506989
0.82868690940386
0.831227803585238
0.833818279169082
0.83645075869897
0.839117876556536
0.841812518561707
0.844527859386426
0.847257397420848
0.849994986749725
0.85273486592048
0.855471683213335
0.858200518157336
0.860916899073965
0.86361681647164
0.866296732159355
0.868953583995219
0.871584786235198
0.874188225498085
0.876762252413857
0.879305669073463
0.881817712447678
0.884298033990471
0.886746675687297
0.889164042850361
0.891550874000356
0.893908208206972
0.896237350287973
0.898539834288482
0.900817385677925
0.903071882711605
0.905305317407004
0.907519756581676
0.909717303389945
0.911900059779975
0.914070090271291
0.91622938742598
0.91837983935516
0.920523199566342
0.922661059417891
0.924794823404426
0.926925687452672
0.92905462036168
0.931182348475305
0.933309343629215
0.935435814370305
0.937561700403925
0.939686670184546
0.941810121529038
0.943931185099107
0.94604873057122
0.948161375288799
0.950267495172882
0.952365237654056
0.954452536380102
0.956527127450644
0.958586566931651
0.960628249408909
0.962649427349895
0.964647231057501
0.966618689016227
0.968560748450971
0.97047029594
0.972344177946112
0.974179221152892
0.975972252515462
0.977720118956726
0.979419706659975
0.98106795992646
0.982661899581567
0.98419864092514
0.985675411230019
0.987089566797751
0.988438609581652
0.989720203384917
0.990932189635476
0.992072602730035
0.993139684927538
0.994131900757635
0.995047950893185
0.995886785417884
0.996647616401631
0.99732992967767
0.997933495697861
0.998458379326123
0.998904948416011
0.999273881007079
0.999566170966824
0.999783131901012
0.999926399155612
0.999997929738621
1
0.999935200922849
0.999806430898795
0.999616885885133
0.999370046870293
0.999069664607279
0.998719741611268
0.998324511456979
0.997888415452936
0.997416076812608
0.996912272485689
0.996381902855604
0.995829959550806
0.995261491656546
0.994681570649778
0.994095254411752
0.99350755069992
0.992923380482282
0.99234754155271
0.991784672854495
0.991239219941103
0.990715401997677
0.990217180833991
0.989748232239573
0.989311920064688
0.988911273357143
0.988548966845062
0.988227305010416
0.98794820994791
0.98771321314982
0.987523451300296
0.987379666103654
0.987282208111242
0.987231044451738
0.98722577031119
0.987265623952998
0.987349505015162
0.987475995773696
0.987643385017793
0.987849694145138
0.988092705055172
0.988369989394885
0.988678938696058
0.989016794935275
0.98938068104843
0.989767630939983
0.990174618543553
0.990598585514466
0.991036467165869
0.991485216297686
0.991941824611107
0.992403341449782
0.992866889661533
0.993329678430241
0.993789012985588
0.99424230115758
0.994687056802117
0.99512090018233
0.995541555446988
0.995946845400946
0.996334683812561
0.99670306554834
0.997050054865091
0.997373772223892
0.997672380017746
0.997944067625352
0.998187036216836
0.998399483743178
0.99857959053958
0.998725505963985
0.998835336475733
0.998907135536089
0.99893889568248
0.99892854309229
0.998873934910436
0.998772859568398
0.998623040271566
0.998422141777444
0.998167780530284
0.997857538158833
0.997488978284056
0.997059666523688
0.996567193521286
0.996009200769791
0.995383408944502
0.994687648408473
