-20,-1.98089601874956
-19.9717329969143,-1.97065991098462
-19.9434495642038,-1.96030539216018
-19.9151499382458,-1.94983769509982
-19.8868343505352,-1.93926256077526
-19.8585030278158,-1.92858621012171
-19.8301561922063,-1.91781531076114
-19.8017940613228,-1.90695693872553
-19.7734168483974,-1.89601853533321
-19.745024762393,-1.88500785943132
-19.7166180081138,-1.87393293527812
-19.6881967863133,-1.86280199639644
-19.6597612937981,-1.8516234257865
-19.6313117235288,-1.84040569293879
-19.6028482647178,-1.8291572881375
-19.5743711029238,-1.81788665458954
-19.5458804201436,-1.80660211895434
-19.5173763949012,-1.79531182088326
-19.4888592023337,-1.78402364220586
-19.4603290142752,-1.77274513642097
-19.4317859993377,-1.76148345916542
-19.4032303229899,-1.75024530033955
-19.3746621476332,-1.73903681856883
-19.3460816326763,-1.72786357867253
-19.3174889346065,-1.71673049279494
-19.2888842070598,-1.70564176583198
-19.2602676008884,-1.69460084575557
-19.2316392642267,-1.6836103794015
-19.2029993425548,-1.67267217424271
-19.1743479787607,-1.66178716662053
-19.1456853132008,-1.65095539685129
-19.1170114837579,-1.64017599156565
-19.0883266258985,-1.62944715357403
-19.0596308727278,-1.61876615948356
-19.0309243550436,-1.60812936522171
-19.0022072013885,-1.59753221954935
-18.9734795381006,-1.58696928557236
-18.944741489363,-1.57643427018727
-18.9159931772515,-1.56592006132274
-18.8872347217819,-1.55541877276701
-18.8584662409549,-1.54492179630094
-18.8296878508004,-1.53441986078965
-18.8008996654211,-1.52390309782146
-18.7721017970334,-1.51336111342364
-18.743294356009,-1.50278306532951
-18.7144774509142,-1.49215774522175
-18.6856511885485,-1.48147366533288
-18.6568156739825,-1.47071914874599
-18.6279710105942,-1.45988242270725
-18.5991173001049,-1.44895171423668
-18.5702546426139,-1.43791534730538
-18.5413831366325,-1.42676184083581
-18.5125028791166,-1.41548000677692
-18.4836139654993,-1.40405904750747
-18.4547164897222,-1.39248865182921
-18.4258105442655,-1.38075908882585
-18.3968962201785,-1.36886129888407
-18.3679736071079,-1.35678698119849
-18.3390427933267,-1.34452867711357
-18.3101038657614,-1.33207984869113
-18.2811569100194,-1.3194349519319
-18.2522020104145,-1.3065895041234
-18.2232392499935,-1.29354014483316
-18.1942687105603,-1.28028469011625
-18.1652904727011,-1.26682217955765
-18.1363046158074,-1.25315291582377
-18.1073112181001,-1.23927849645237
-18.0783103566512,-1.22520183766533
-18.049302107407,-1.21092719004498
-18.0202865452088,-1.19646014596994
-17.9912637438147,-1.18180763876197
-17.9622337759198,-1.166977933549
-17.9331967131762,-1.15198060990308
-17.9041526262133,-1.13682653636263
-17.8751015846564,-1.12152783699844
-17.8460436571457,-1.10609785023014
-17.8169789113546,-1.09055108014498
-17.7879074140076,-1.07490314061379
-17.7588292308978,-1.05917069253905
-17.7297444269042,-1.04337137460774
-17.700653066008,-1.02752372795638
-17.6715552113092,-1.01164711518799
-17.6424509250429,-0.99576163420979
-17.6133402685941,-0.979888027386759
-17.5842233025139,-0.964047586530139
-17.5551000865337,-0.94826205426016
-17.5259706795802,-0.932553522300352
-17.4968351397896,-0.916944327275655
-17.4676935245216,-0.901456944598547
-17.4385458903731,-0.886113881036648
-17.4093922931913,-0.870937566561511
-17.3802327880872,-0.855950246081765
-17.3510674294481,-0.841173871664302
-17.3218962709502,-0.826629995844778
-17.2927193655712,-0.812339666623492
-17.2635367656015,-0.798323324734348
-17.234348522657,-0.784600703763511
-17.2051546876895,-0.771190733680095
-17.175955310999,-0.758111448324104
-17.146750442244,-0.745379897376611
-17.1175401304526,-0.733012063314017
-17.088324424033,-0.721022783822042
-17.0591033707838,-0.709425680115979
-17.0298770179044,-0.698233091581703
-17.0006454120044,-0.687456017117075
-16.9714085991141,-0.677104063515763
-16.9421666246932,-0.667185401195254
-16.9129195336408,-0.657706727528169
-16.8836673703043,-0.648673237990954
-16.8544101784882,-0.640088605296965
-16.8251480014631,-0.631954966632065
-16.7958808819743,-0.62427291906031
-16.7666088622502,-0.617041523115638
-16.7373319840106,-0.610258314542716
-16.7080502884748,-0.603919324096923
-16.6787638163694,-0.598019105260004
-16.6494726079363,-0.592550769674716
-16.6201767029404,-0.5875060300493
-16.5908761406769,-0.58287525023113
-16.5615709599787,-0.578647502098998
-16.5322611992236,-0.574810628875656
-16.5029468963415,-0.571351314416707
-16.4736280888211,-0.568255157989468
-16.4443048137171,-0.565506754016206
-16.4149771076563,-0.563089776220635
-16.3856450068447,-0.560987065585331
-16.3563085470735,-0.559180721500786
-16.3269677637258,-0.557652195464895
-16.2976226917825,-0.556382386674729
-16.2682733658282,-0.555351738840875
-16.2389198200578,-0.554540337548609
-16.2095620882816,-0.553928007489763
-16.1802002039316,-0.553494408894547
-16.1508342000668,-0.553219132503666
-16.121464109379,-0.553081792437952
-16.0920899641978,-0.553062116345151
-16.0627117964964,-0.553140032231425
-16.0333296378966,-0.553295751418263
-16.003943519674,-0.553509847103536
-15.9745534727629,-0.553763328048133
-15.9451595277615,-0.55403770695651
-15.9157617149365,-0.554315063170116
-15.8863600642281,-0.554578099346599
-15.8569546052547,-0.554810191854478
-15.8275453673173,-0.554995434671782
-15.7981323794041,-0.555118676637759
-15.7687156701951,-0.555165551968319
-15.7392952680663,-0.555122504007799
-15.7098712010942,-0.554976802251407
-15.6804434970597,-0.554716552733597
-15.6510121834526,-0.554330701937046
-15.6215772874754,-0.553809034434308
-15.5921388360475,-0.553142164528993
-15.5626968558089,-0.552321522214827
-15.5332513731245,-0.551339333818921
-15.5038024140873,-0.550188597739258
-15.4743500045226,-0.54886305572552
-15.4448941699917,-0.547357160186635
-15.4154349357951,-0.545666038037235
-15.3859723269765,-0.543785451618628
-15.3565063683258,-0.541711757247497
-15.3270370843832,-0.53944186195723
-15.2975644994419,-0.53697317900261
-15.2680886375519,-0.534303582698354
-15.2386095225231,-0.531431363155904
-15.2091271779284,-0.528355181470924
-15.179641627107,-0.525074025896425
-15.1501528931674,-0.521587169513482
-15.1206609989906,-0.517894129883417
-15.091165967233,-0.513994631132523
-15.0616678203295,-0.509888568883108
-15.0321665804961,-0.505575978403501
-15.0026622697329,-0.501057006304873
-14.9731549098274,-0.496331886065108
-14.9436445223562,-0.491400917609664
-14.914131128689,-0.4862644511273
-14.8846147499902,-0.480922875244943
-14.8550954072221,-0.475376609631685
-14.8255731211476,-0.46962610204725
-14.7960479123322,-0.463671829795997
-14.766519801147,-0.457514305494131
-14.7369888077713,-0.451154087005745
-14.7074549521942,-0.444591791353301
-14.6779182542182,-0.437828112360528
-14.6483787334605,-0.430863841740956
-14.6188364093559,-0.423699893304002
-14.589291301159,-0.416337329912856
-14.5597434279463,-0.408777392794905
-14.5301928086186,-0.401021532776366
-14.5006394619032,-0.393071442988325
-14.4710834063557,-0.384929092571941
-14.4415246603627,-0.376596760896101
-14.4119632421433,-0.368077071791602
-14.3823991697516,-0.359373027301931
-14.3528324610784,-0.350488040452051
-14.3232631338536,-0.341425966543094
-14.2936912056476,-0.332191132492533
-14.2641166938737,-0.322788363756104
-14.2345396157899,-0.313223008389205
-14.2049599885006,-0.303500957831575
-14.1753778289586,-0.293628664029418
-14.145793153967,-0.283613152543476
-14.1162059801808,-0.273462031329549
-14.0866163241088,-0.263183494919146
-14.0570242021152,-0.252786323772025
-14.0274296304216,-0.242279878618746
-13.9978326251083,-0.231674089659766
-13.9682332021164,-0.220979440537325
-13.938631377249,-0.210206947047128
-13.9090271661733,-0.199368130608042
-13.8794205844216,-0.188474986559133
-13.8498116473936,-0.177539947404067
-13.8202003703572,-0.166575841172459
-13.7905867684507,-0.155595845115966
-13.7609708566837,-0.144613435003103
-13.731352649939,-0.133642330320658
-13.7017321629741,-0.122696435730735
-13.6721094104223,-0.111789779170397
-13.6424844067943,-0.100936447015509
-13.6128571664797,-0.0901505167611045
-13.5832277037484,-0.0794459876974383
-13.5535960327515,-0.0688367100833682
-13.5239621675234,-0.0583363133368779
-13.4943261219824,-0.0479581337761221
-13.4646879099327,-0.0377151424532922
-13.4350475450649,-0.0276198736279074
-13.4054050409581,-0.0176843544256888
-13.3757604110805,-0.00792003622412896
-13.3461136687909,0.00166227170372046
-13.31646482734,0.0110524657697653
-13.2868138998715,0.0202412083764836
-13.2571608994232,0.029219984470811
-13.2275058389284,0.0379811538956174
-13.1978487312168,0.0465179991178726
-13.1681895890159,0.0548247679456138
-13.1385284249519,0.0628967108818399
-13.1088652515509,0.0707301128020887
-13.0792000812399,0.0783223186833659
-13.0495329263482,0.0856717531549922
-13.019863799108,0.0927779336863077
-12.9901927116558,0.0996414772718532
-12.9605196760333,0.106264100521043
-12.9308447041884,0.112648613106228
-12.9011678079764,0.118798904570083
-12.8714889991607,0.124719924539859
-12.8418082894139,0.130417656442194
-12.8121256903189,0.135899084857267
-12.7824412133697,0.141172156694917
-12.7527548699726,0.146245736417666
-12.7230666714466,0.151129555575984
-12.693376629025,0.155834156959429
-12.6636847538556,0.160370833703332
-12.6339910570024,0.164751563723988
-12.6042955494456,0.168988939886046
-12.5745982420832,0.173096096333442
-12.5448991457317,0.177086631439884
-12.5151982711264,0.180974527856336
-12.4854956289232,0.1847740701511
-12.4557912296984,0.188499760552905
-12.4260850839506,0.192166233318769
-12.3963772021003,0.19578816825636
-12.366667594492,0.19938020393505
-12.3369562713937,0.202956851120924
-12.3072432429988,0.206532406968662
-12.2775285194262,0.210120870497488
-12.2478121107211,0.213735859869447
-12.2180940268561,0.217390531976082
-12.1883742777316,0.221097504824352
-12.1586528731768,0.224868783194422
-12.1289298229502,0.228715688020918
-12.0992051367403,0.232648789925546
-12.0694788241665,0.236677847302707
-12.0397508947798,0.240811749331203
-12.0100213580633,0.245058464254321
-11.980290223433,0.249424993237946
-11.9505575002383,0.253917330081782
-11.9208231977629,0.258540427022767
-11.8910873252256,0.263298166832316
-11.8613498917803,0.268193341370509
-11.8316109065174,0.273227636720921
-11.8018703784637,0.278401624989604
-11.7721283165839,0.283714762811232
-11.7423847297802,0.289165396564577
-11.7126396268939,0.294750774258713
-11.6828930167053,0.300467064010852
-11.6531449079344,0.306309378996586
-11.6233953092419,0.312271808713976
-11.5936442292293,0.318347456364507
-11.5638916764398,0.324528482116538
-11.5341376593588,0.330806151980993
-11.5043821864141,0.337170891994539
-11.474625265977,0.343612347372896
-11.4448669063626,0.350119446266097
-11.4151071158303,0.356680467718988
-11.3853459025845,0.363283113413781
-11.3555832747747,0.369914582747684
-11.3258192404966,0.376561650777186
-11.2960538077924,0.383210748542019
-11.266286984651,0.389848045266029
-11.236518779009,0.396459531919305
-11.2067491987509,0.403031105616177
-11.1769782517096,0.409548654316965
-11.1472059456671,0.415998141297867
-11.1174322883546,0.422365688853149
-11.0876572874534,0.428637660696762
-11.0578809505951,0.434800742536828
-11.0281032853623,0.440842020306046
-10.9983242992886,0.44674905554392
-10.9685439998596,0.452509957442855
-10.9387623945131,0.458113451089471
-10.9089794906394,0.463548941455
-10.8791952955822,0.468806572714117
-10.8494098166384,0.473877282500054
-10.8196230610592,0.478752850735169
-10.7898350360498,0.483425942710146
-10.7600457487706,0.487890146121561
-10.7302552063371,0.492140001816448
-10.7004634158202,0.49617102803356
-10.6706703842473,0.499979737974045
-10.6408761186019,0.503563650578958
-10.6110806258246,0.506921294437157
-10.581283912813,0.510052204794507
-10.5514859864226,0.512956913683443
-10.5216868534667,0.515636933240754
-10.4918865207171,0.518094732330412
-10.4620849949046,0.520333706637111
-10.4322822827187,0.522358142444664
-10.4024783908089,0.52417317436089
-10.3726733257843,0.525784737297059
-10.3428670942143,0.52719951305467
-10.3130597026291,0.52842487191518
-10.2832511575196,0.529468809668691
-10.2534414653382,0.53033988055535
-10.2236306324989,0.531047126627752
-10.1938186653778,0.531600004073781
-10.1640055703133,0.532008307066643
-10.1341913536064,0.532282089731961
-10.1043760215212,0.532431586840623
-10.0745595802852,0.532467133850048
-10.0447420360894,0.532399086925682
-10.014923395089,0.532237743578489
-9.98510366340333,0.531993264552935
-9.95528284711653,0.531675597593245
-9.92546095227756,0.531294403703546
-9.89563798490066,0.530858986499984
-9.86581395096562,0.530378225229786
-9.83598885641811,0.529860512003991
-9.80616270716993,0.529313693757104
-9.77633550909934,0.528745019408437
-9.74650726805138,0.528161092656945
-9.71667798983809,0.527567830793926
-9.68684768023886,0.526970429866587
-9.65701634500069,0.526373336470728
-9.62718398983844,0.525780226392824
-9.59735062043519,0.525193990261507
-9.56751624244244,0.524616726306139
-9.53768086148041,0.524049740256487
-9.50784448313832,0.523493552353285
-9.47800711297464,0.52294791137496
-9.44816875651738,0.52241181552207
-9.41832941926431,0.521883539938446
-9.38848910668329,0.521360670587342
-9.35864782421244,0.520840144142843
-9.32880557726046,0.5203182935019
-9.29896237120686,0.519790898471125
-9.26911821140222,0.519253241135778
-9.23927310316841,0.518700165376322
-9.20942705179887,0.518126139961315
-9.17958006255882,0.517525324614434
-9.14973214068553,0.516891638428535
-9.11988329138855,0.516218829981096
-9.09003351984993,0.515500548493352
-9.06018283122446,0.514730415370034
-9.03033123063991,0.513902095457976
-9.00047872319726,0.513009367369811
-8.9706253139709,0.512046192233594
-8.9407710080089,0.51100678025006
-8.9109158103332,0.509885654466336
-8.88105972593982,0.508677711207751
-8.8512027597991,0.507378276647598
-8.82134491685595,0.505983159037895
-8.79148620202997,0.504488696171699
-8.76162662021576,0.502891797698989
-8.73176617628305,0.50118998197272
-8.70190487507699,0.499381407158933
-8.67204272141826,0.49746489640392
-8.64217972010338,0.495439956911937
-8.61231587590481,0.493306792847887
-8.58245119357124,0.491066312040301
-8.55258567782771,0.48872012652004
-8.52271933337586,0.486270546988794
-8.49285216489413,0.483720571368035
-8.46298417703789,0.481073867633038
-8.43311537443971,0.478334751187329
-8.40324576170949,0.475508157079972
-8.37337534343467,0.472599607411062
-8.34350412418044,0.469615174309139
-8.31363210848987,0.466561438897885
-8.28375930088415,0.463445446697897
-8.25388570586272,0.460274659932565
-8.22401132790349,0.457056907224861
-8.19413617146301,0.453800331184269
-8.16426024097662,0.450513334389915
-8.13438354085865,0.447204524277646
-8.10450607550258,0.443882657435061
-8.07462784928124,0.440556583799924
-8.04474886654693,0.437235191243927
-8.01486913163163,0.433927351005955
-7.98498864884716,0.430641864416947
-7.95510742248531,0.427387411332842
-7.92522545681807,0.424172500662963
-7.89534275609773,0.421005423349377
-7.86545932455707,0.417894208118417
-7.83557516640953,0.414846580289261
-7.80569028584934,0.411869923886763
-7.77580468705169,0.408971247266945
-7.74591837417292,0.4061571524243
-7.71603135135058,0.403433808110673
-7.68614362270372,0.400806926856506
-7.6562551923329,0.398281745946954
-7.62636606432045,0.395863012368332
-7.59647624273056,0.393554971704742
-7.56658573160943,0.391361360931002
-7.53669453498547,0.389285405016366
-7.50680265686937,0.387329817224244
-7.47691010125429,0.385496802966427
-7.447016872116,0.383788067046378
-7.41712297341301,0.382204824104957
-7.38722840908671,0.380747812063874
-7.35733318306151,0.379417308346828
-7.327437299245,0.378213148646184
-7.29754076152806,0.377134747993664
-7.26764357378501,0.376181123887181
-7.23774573987372,0.375350921222302
-7.20784726363578,0.374642438775811
-7.17794814889663,0.374053656990402
-7.14804839946565,0.37358226681328
-7.11814801913633,0.37322569934739
-7.08824701168638,0.37298115608181
-7.05834538087789,0.372845639477255
-7.0284431304574,0.372815983693583
-6.99854026415607,0.372888885258231
-6.96863678568981,0.373060933487512
-6.93873269875936,0.373328640486441
-6.90882800705046,0.373688470566896
-6.87892271423395,0.374136868938344
-6.8490168239659,0.374670289539812
-6.8191103398877,0.375285221895976
-6.78920326562623,0.375978216894225
-6.75929560479394,0.376745911392832
-6.72938736098898,0.37758505158313
-6.69947853779531,0.378492515040435
-6.66956913878284,0.379465331409554
-6.63965916750751,0.380500701680624
-6.60974862751143,0.381596016020198
-6.57983752232296,0.382748870130325
-6.54992585545687,0.383957080115378
-6.52001363041441,0.385218695842198
-6.49010085068345,0.386532012783985
-6.46018751973855,0.387895582342327
-6.43027364104113,0.389308220644741
-6.4003592180395,0.390769015817432
-6.37044425416904,0.392277333734495
-6.34052875285226,0.393832822245888
-6.31061271749893,0.395435413887037
-6.28069615150615,0.397085327073268
-6.25077905825851,0.398783065782363
-6.22086144112814,0.400529417728639
-6.19094330347483,0.402325451032099
-6.16102464864615,0.40417250938665
-6.13110547997751,0.406072205732094
-6.10118580079232,0.408026414435795
-6.07126561440204,0.410037261991677
-6.04134492410626,0.412107116246538
-6.01142373319288,0.414238574166736
-5.98150204493812,0.416434448162097
-5.95157986260668,0.418697750988382
-5.92165718945178,0.42103167925507
-5.89173402871532,0.42343959557119
-5.86181038362789,0.425925009368821
-5.83188625740897,0.428491556451324
-5.8019616532669,0.431142977321487
-5.77203657439909,0.433883094353346
-5.74211102399204,0.436715787880544
-5.71218500522144,0.439644971283334
-5.68225852125228,0.442674565165897
-5.65233157523892,0.445808470725154
-5.6224041703252,0.449050542421666
-5.59247630964451,0.452404560072329
-5.56254799631987,0.455874200493358
-5.53261923346405,0.459463008830114
-5.50269002417963,0.463174369717806
-5.47276037155911,0.467011478423662
-5.44283027868496,0.47097731212666
-5.41289974862972,0.475074601495436
-5.38296878445611,0.479305802728159
-5.35303738921706,0.483673070220111
-5.32310556595586,0.488178230025245
-5.29317331770619,0.49282275427709
-5.26324064749221,0.497607736732097
-5.23330755832868,0.502533869594637
-5.20337405322097,0.507601421777689
-5.17344013516522,0.51281021874656
-5.14350580714836,0.518159624084979
-5.11357107214822,0.52364852291365
-5.0836359331336,0.529275307280843
-5.05370039306435,0.535037863633138
-5.02376445489143,0.540933562461963
-4.99382812155703,0.546959250208296
-4.9638913959946,0.553111243494095
-4.93395428112895,0.559385325734583
-4.90401677987632,0.565776746170933
-4.87407889514447,0.572280221347998
-4.84414062983273,0.578889939047042
-4.81420198683208,0.585599564668702
-4.78426296902527,0.592402250047261
-4.75432357928679,0.599290644663398
-4.72438382048306,0.606256909209481
-4.69444369547244,0.613292731448968
-4.66450320710529,0.620389344299851
-4.63456235822407,0.627537546061379
-4.60462115166343,0.634727722693515
-4.57467959025023,0.641949872049911
-4.54473767680363,0.64919362995742
-4.5147954141352,0.656448298028609
-4.48485280504892,0.663702873088083
-4.45490985234129,0.67094607808882
-4.42496655880142,0.678166394391094
-4.39502292721104,0.685352095273733
-4.36507896034461,0.692491280545531
-4.33513466096939,0.699571912123341
-4.30519003184548,0.706581850442719
-4.27524507572589,0.713508891566896
-4.24529979535663,0.720340804860069
-4.21535419347679,0.727065371091617
-4.18540827281852,0.733670420838592
-4.15546203610721,0.740143873054711
-4.12551548606146,0.746473773674984
-4.0955686253932,0.752648334125925
-4.06562145680774,0.758655969611992
-4.03567398300383,0.764485337049517
-4.00572620667371,0.770125372519647
-3.97577813050321,0.775565328112043
-3.94582975717177,0.780794808031002
-3.91588108935255,0.785803803835465
-3.88593212971244,0.790582728684035
-3.85598288091215,0.795122450455734
-3.82603334560629,0.799414323616856
-3.79608352644338,0.803450219704033
-3.76613342606595,0.807222556293591
-3.73618304711062,0.810724324327578
-3.70623239220808,0.813949113667698
-3.67628146398325,0.816891136749698
-3.64633026505526,0.819545250212964
-3.61637879803754,0.821906974382989
-3.5864270655379,0.823972510488455
-3.55647507015855,0.825738755499643
-3.52652281449618,0.827203314481233
-3.49657030114202,0.828364510360074
-3.46661753268189,0.829221391017414
-3.43666451169625,0.82977373362536
-3.40671124076027,0.830022046159033
-3.3767577224439,0.829967566028945
-3.34680395931189,0.829612255792593
-3.31684995392388,0.828958795919938
-3.28689570883444,0.8280105746044
-3.25694122659311,0.826771674628954
-3.22698650974452,0.82524685731584
-3.19703156082835,0.823441543607998
-3.16707638237948,0.821361792350584
-3.13712097692796,0.819014275861369
-3.10716534699914,0.816406252899419
-3.07720949511367,0.813545539161857
-3.04725342378758,0.810440475458458
-3.01729713553232,0.807099893733107
-2.98734063285484,0.803533081119354
-2.9573839182576,0.79974974223442
-2.92742699423867,0.795759959931459
-2.89746986329174,0.791574154743703
-2.86751252790623,0.787203043265921
-2.83755499056727,0.782657595728283
-2.8075972537558,0.777948993024997
-2.77763931994864,0.773088583464966
-2.74768119161847,0.768087839513875
-2.71772287123395,0.76295831479672
-2.68776436125975,0.757711601626666
-2.65780566415658,0.75235928932025
-2.62784678238128,0.74691292355052
-2.59788771838683,0.74138396697863
-2.56792847462246,0.735783761390975
-2.53796905353361,0.7301234915532
-2.50800945756207,0.724414150974618
-2.47804968914598,0.718666509756941
-2.4480897507199,0.712891084679994
-2.41812964471484,0.707098111654592
-2.38816937355834,0.701297520649234
-2.35820893967449,0.695498913173076
-2.32824834548399,0.689711542373195
-2.29828759340421,0.683944295779486
-2.26832668584923,0.678205680706428
-2.23836562522988,0.672503812297251
-2.20840441395379,0.666846404173414
-2.17844305442548,0.661240761630847
-2.14848154904633,0.655693777304416
-2.11851990021471,0.650211929203868
-2.08855811032597,0.644801281008142
-2.05859618177251,0.639467484490753
-2.02863411694385,0.634215783936921
-1.99867191822662,0.629051022403437
-1.96870958800465,0.623977649664948
-1.93874712865904,0.618999731685391
-1.90878454256814,0.61412096145074
-1.87882183210765,0.609344670998849
-1.84885899965064,0.604673844484133
-1.81889604756763,0.600111132118606
-1.78893297822658,0.595658864836624
-1.75896979399301,0.591319069538044
-1.72900649722997,0.587093484773328
-1.69904309029815,0.582983576744182
-1.66907957555589,0.578990555504249
-1.63911595535924,0.575115391256004
-1.609152232062,0.571358830652026
-1.57918840801576,0.567721413020977
-1.54922448556998,0.564203486450648
-1.51926046707196,0.560805223672091
-1.48929635486699,0.557526637699874
-1.4593321512983,0.554367597193788
-1.42936785870718,0.551327841516453
-1.39940347943297,0.548406995469424
-1.36943901581312,0.545604583697075
-1.33947447018325,0.542920044752893
-1.3095098448772,0.540352744826741
-1.27954514222705,0.537901991133931
-1.24958036456318,0.53556704496792
-1.2196155142143,0.533347134417745
-1.18965059350751,0.53124146674933
-1.15968560476835,0.529249240446481
-1.12972055032084,0.52736965690276
-1.09975543248749,0.525601931749939
-1.06979025358941,0.523945305802097
-1.03982501594629,0.522399055587335
-1.00985972187648,0.520962503431232
-0.979894373697046,0.519635027048191
-0.949928973723768,0.518416068588598
-0.919963524271222,0.517305143081706
-0.889998027652814,0.516301846206395
-0.860032486180823,0.515405861314754
-0.830066902166439,0.514616965626945
-0.800101277919815,0.51393503551024
-0.770135615750113,0.513360050750615
-0.740169917965533,0.512892097722029
-0.710204186873381,0.51253137135665
-0.680238424780078,0.512278175818879
-0.65027263399124,0.512132923787202
-0.620306816811704,0.512096134250751
-0.59034097554556,0.512168428731997
-0.560375112496222,0.512350525853223
-0.530409229966446,0.51264323417243
-0.500443330258392,0.513047443224
-0.470477415673653,0.513564112710756
-0.440511488513308,0.514194259806969
-0.410545551077962,0.514938944546302
-0.380579605667781,0.515799253284452
-0.350613654582559,0.516776280243366
-0.320647700121732,0.517871107162081
-0.290681744584437,0.519084781098491
-0.260715790269562,0.520418290446302
-0.230749839475768,0.521872539252157
-0.200783894501551,0.523448319938978
-0.170817957645281,0.525146284563005
-0.140852031205234,0.526966914753442
-0.110886117479654,0.528910490504923
-0.0809202187667722,0.530977058014029
-0.0509543373648815,0.533166396771423
-0.0209884755723473,0.535477986140845
0.00897736431233027,0.537910971674852
0.038943179990477,0.540464131434585
0.068908969163205,0.543135842596887
0.098874729531362,0.545924048646472
0.128840458795497,0.548826227463369
0.158806154655812,0.551839360626385
0.188771814812117,0.554959904261567
0.2187374369638,0.558183761770522
0.248703018809761,0.561506258776616
0.278668558048389,0.564922120627616
0.308634052377508,0.568425452790827
0.338599499494341,0.572009724471285
0.36856489709546,0.575667755774888
0.398530242876748,0.579391708726414
0.42849553453335,0.583173082437037
0.458460769759632,0.58700271269737
0.488425946249137,0.590870776249895
0.51839106169455,0.594766799969294
0.548356113787642,0.59867967515029
0.57832110021924,0.602597677070682
0.608286018679165,0.606508489961988
0.6382508668562,0.610399237481994
0.668215642438049,0.614256518742621
0.698180343111294,0.618066449903018
0.72814496656134,0.621814711292104
0.758109510472376,0.625486599977212
0.788073972527341,0.62906708764622
0.818038350407867,0.632540883620268
0.848002641794244,0.635892502763079
0.877966844365372,0.63910633800156
0.90793095579871,0.642166737121296
0.937894973770253,0.645058083450226
0.967858895954459,0.647764879994795
0.997822720024234,0.650271836545723
1.02778644365086,0.652563959225829
1.05775006450398,0.654626641910653
1.08771358025152,0.656445758914409
1.11767698855967,0.658007758299813
1.14764028709284,0.659299755140824
1.1776034735136,0.660309624043077
1.20756654548263,0.661026090207993
1.2375295006587,0.661438818313845
1.26749233669863,0.661538498480637
1.29745505125718,0.661316928585884
1.3274176419871,0.660767092205586
1.35738010653901,0.65988323146879
1.38734244256138,0.658660914135573
1.41730464770051,0.657097094236712
1.44726671960044,0.655190165648892
1.47722865590292,0.652940008021795
1.50719045424738,0.650348024522581
1.53715211227088,0.64741717091876
1.56711362760806,0.644151975581866
1.59707499789106,0.640558550061193
1.62703622074953,0.63664458994851
1.65699729381057,0.632419365830565
1.68695821469865,0.627893704205495
1.71691898103558,0.623079958321317
1.74687959044051,0.617991968978581
1.7768400405298,0.612645015424183
1.80680032891704,0.607055756548347
1.83676045321296,0.601242162681046
1.86672041102542,0.595223438366589
1.89668019995934,0.589019936575006
1.92663981761665,0.582653064885147
1.95659926159624,0.576145184246342
1.98655852949396,0.569519500992146
2.01651761890249,0.562799952840313
2.04647652741137,0.556011089667116
2.07643525260689,0.549177949890658
2.10639379207209,0.542325933336449
2.13635214338668,0.535480671488816
2.16631030412701,0.528667896053146
2.196268271866,0.52191330676654
2.22622604417313,0.515242439397694
2.25618361861433,0.508680534871053
2.286140992752,0.502252410435224
2.31609816414492,0.495982333771759
2.34605513034818,0.489893900907874
2.3760118889132,0.484009918755873
2.40596843738761,0.478352293053564
2.43592477331523,0.472941922424392
2.46588089423603,0.467798599213941
2.49583679768605,0.462940917691825
2.52579248119739,0.458386190135558
2.55574794229812,0.454150371236484
2.58570317851224,0.450247991188653
2.61565818735964,0.446692097739984
2.64561296635604,0.443494207402773
2.67556751301296,0.440664265938087
2.70552182483761,0.438210618147088
2.7354758993329,0.436139986922715
2.76542973399736,0.434457461438273
2.79538332632511,0.433166494276345
2.82533667380577,0.432268907232654
2.85528977392441,0.431764905466037
2.88524262416156,0.431653099607869
2.91519522199305,0.431930535393046
2.94514756489008,0.432592730330003
2.97509965031905,0.433633716890011
3.00505147574159,0.435046091666
3.03500303861447,0.43682106992888
3.06495433638953,0.438948544994492
3.09490536651367,0.441417151807108
3.12485612642876,0.444214334145409
3.15480661357159,0.447326414863963
3.18475682537384,0.450738668596918
3.21470675926197,0.454435396370517
3.24465641265724,0.458400001596585
3.27460578297557,0.462615066949602
3.30455486762756,0.467062431664907
3.33450366401837,0.471723268834047
3.36445216954772,0.476578162314624
3.39440038160978,0.481607182915512
3.42434829759315,0.486789963563052
3.4542959148808,0.492105773199202
3.48424323084997,0.497533589207704
3.51419024287216,0.503052168208511
3.54413694831307,0.50864011510324
3.5740833445325,0.514275950294606
3.60402942888433,0.519938175040186
3.63397519871644,0.525605334934771
3.66392065137065,0.531256081545678
3.69386578418269,0.536869232251213
3.72381059448209,0.542423828353887
3.75375507959215,0.54789919155655
3.7836992368299,0.553274978901436
3.81364306350598,0.558531236278969
3.84358655692462,0.563648450615326
3.87352971438358,0.568607600845025
3.90347253317407,0.573390207767824
3.93341501058069,0.57797838287776
3.96335714388136,0.582354876237066
3.9932989303473,0.586503123448988
4.0232403672429,0.590407291761846
4.05318145182571,0.594052325312538
4.08312218134635,0.597423989491442
4.11306255304845,0.60050891438307
4.14300256416858,0.603294637208341
4.17294221193619,0.60576964366548
4.20288149357355,0.60792340803807
4.23282040629568,0.609746431911026
4.26275894731027,0.611230281308882
4.29269711381764,0.612367622046309
4.32263490301062,0.61315225305861
4.35257231207457,0.613579137460526
4.38250933818723,0.613644431065469
4.41244597851867,0.613345508084568
4.44238223023126,0.612680983715935
4.47231809047957,0.611650733329595
4.50225355641029,0.610255907952783
4.53218862516217,0.608498945763754
4.56212329386597,0.606383579310128
4.59205755964437,0.603914838179916
4.62199141961188,0.601099046869806
4.6519248708748,0.597943817615807
4.68185791053116,0.594458037975914
4.71179053567058,0.590651852982663
4.74172274337426,0.586536641715223
4.7716545307149,0.582124988175578
4.8015858947566,0.577430646391107
4.83151683255477,0.572468499706069
4.86144734115613,0.567254514266769
4.89137741759855,0.561805686749119
4.92130705891104,0.55613998642235
4.95123626211361,0.550276291688515
4.98116502421726,0.544234321283566
5.01109334222384,0.538034560371674
5.04102121312603,0.531698181809829
5.0709486339072,0.525246962903926
5.10087560154139,0.518703198020178
5.13080211299319,0.512089607456439
5.16072816521769,0.50542924301615
5.19065375516037,0.498745390763224
5.22057887975703,0.492061471468358
5.25050353593371,0.485400939286031
5.28042772060663,0.478787179226368
5.31035143068205,0.472243404006726
5.34027466305626,0.465792550884283
5.37019741461542,0.459457179082536
5.40011968223554,0.453259368431598
5.43004146278237,0.44722061984409
5.4599627531113,0.441361758245331
5.4898835500673,0.43570283856831
5.51980385048479,0.430263055410596
5.54972365118763,0.425060656931813
5.57964294898894,0.420112863546909
5.60956174069109,0.415435791941994
5.63948002308556,0.411044384906377
5.66939779295286,0.406952347436834
5.69931504706247,0.403172089528118
5.7292317821727,0.399714676017925
5.75914799503064,0.39658978380494
5.78906368237205,0.393805666705934
5.81897884092127,0.391369128162301
5.8488934673911,0.389285501948661
5.87880755848277,0.387558640976377
5.90872111088578,0.386190914223984
5.93863412127782,0.38518321176473
5.96854658632471,0.38453495779959
5.99845850268025,0.384244131542634
6.02836986698618,0.384307295745183
6.05828067587201,0.384719632586345
6.08819092595498,0.385474986600888
6.11810061383995,0.38656591426154
6.14800973611927,0.387983739782354
6.1779182893727,0.389718616663107
6.20782627016731,0.391759594452569
6.23773367505738,0.394094690171072
6.26764050058427,0.396710963800825
6.29754674327634,0.399594597225975
6.32745239964885,0.402730975984049
6.35735746620384,0.406104773176214
6.38726193942999,0.409700034875947
6.4171658158026,0.413500266374542
6.44706909178339,0.417488518607044
6.47697176382045,0.421647474114073
6.5068738283481,0.425959531913112
6.53677528178679,0.430406890677238
6.56667612054297,0.434971629649546
6.59657634100902,0.439635786757358
6.62647593956309,0.444381433431359
6.65637491256901,0.449190745680445
6.68627325637616,0.454046071022889
6.71617096731938,0.45892999092778
6.74606804171882,0.46382537847687
6.77596447587985,0.468715451015386
6.8058602660929,0.473583817620242
6.83575540863341,0.478414521274696
6.86564989976161,0.483192075699134
6.89554373572251,0.487901496847476
6.92543691274568,0.492528329137134
6.95532942704519,0.497058666536539
6.98522127481946,0.501479168687574
7.01511245225111,0.505777072289926
7.04500295550689,0.509940198019964
7.07489278073751,0.51395695329763
7.10478192407751,0.517816331250552
7.13467038164516,0.521507906254778
7.16455814954228,0.525021826455739
7.19444522385418,0.528348803691291
7.22433160064945,0.531480101250413
7.25421727597986,0.534407519906739
7.28410224588024,0.537123382665171
7.31398650636832,0.539620518652795
7.3438700534446,0.54189224657215
7.3737528830922,0.543932358116077
7.40363499127674,0.545735101719063
7.43351637394619,0.547295166990732
7.4633970270307,0.54860767014348
7.49327694644253,0.549668140688522
7.52315612807581,0.550472509633763
7.55303456780646,0.551017099373238
7.58291226149202,0.551298615412345
7.61278920497151,0.551314140026207
7.64266539406526,0.551061127901148
7.67254082457478,0.550537403761975
7.70241549228261,0.549741161941468
7.73228939295214,0.54867096780361
7.76216252232748,0.54732576088955
7.7920348761333,0.545704859615513
7.82190645007464,0.543807967315579
7.8517772398368,0.541635179389821
7.88164724108515,0.53918699129027
7.91151644946498,0.53646430705399
7.94138486060133,0.53346844807434
7.9712524700988,0.530201161788715
8.00111927354144,0.526664629953721
8.03098526649254,0.522861476177002
8.06085044449448,0.518794772378665
8.09071480306852,0.514468043864627
8.1205783377147,0.509885272708712
8.1504410439116,0.505050899160051
8.18030291711619,0.499969820816735
8.21016395276365,0.494647389335526
8.24002414626721,0.489089404480172
8.26988349301793,0.483302105347125
8.29974198838457,0.477292158646624
8.32959962771333,0.471066643958554
8.35945640632776,0.464633035925794
8.3893123195285,0.457999183392057
8.41916736259312,0.451173285536031
8.44902153077594,0.444163865098297
8.47887481930779,0.43697973884125
8.5087272233959,0.429629985424622
8.5385787382236,0.422123910919513
8.56842935895022,0.414471012221485
8.59827908071083,0.406680938657776
8.62812789861605,0.39876345211456
8.65797580775187,0.390728386036868
8.68782280317942,0.382585603676143
8.71766887993476,0.374344955977763
8.74751403302872,0.366016239513354
8.77735825744661,0.357609154869873
8.80720154814807,0.349133265909223
8.83704390006683,0.340597960308647
8.86688530811052,0.332012411783155
8.89672576716039,0.323385544377087
8.92656527207116,0.314725999192625
8.95640381767076,0.306042103898954
8.98624139876011,0.297341845337127
9.01607801011288,0.288632845502898
9.04591364647528,0.279922341153231
9.07574830256585,0.27121716724238
9.10558197307516,0.262523744350895
9.13541465266563,0.253848070226129
9.16524633597128,0.245195715506433
9.19507701759748,0.236571823653898
9.2249066921207,0.22798111507257
9.25473535408828,0.219427895341609
9.2845629980182,0.210916067445994
9.31438961839877,0.202449147842027
9.34421520968844,0.194030286151614
9.37403976631551,0.185662288238357
9.40386328267788,0.177347642380875
9.43368575314281,0.169088548224456
9.46350717204661,0.160886948161938
9.49332753369442,0.15274456076872
9.52314683235992,0.144662915895535
9.55296506228507,0.136643391006112
9.58278221767983,0.128687248335461
9.61259829272188,0.120795672438267
9.64241328155634,0.112969807695799
9.67222717829552,0.105210795353797
9.70203997701859,0.0975198096729963
9.73185167177131,0.0898980927879185
9.76166225656574,0.0823469878882781
9.79147172537995,0.0748679703603754
9.82128007215774,0.0674626765529389
9.85108729080831,0.0601329298625002
9.88089337520597,0.0528807638673161
9.91069831918981,0.0457084422753287
9.94050211656347,0.0386184754904537
9.97030476109473,0.0316136336418706
10.0001062465152,0.0246969559625176
10.0299065665202,0.0178717564450901
10.0597057147682,0.0111416257459709
10.0895036848804,0.00451042934912671
10.1193004704407,-0.00201769795739892
10.1490960649955,-0.00843836120072083
10.1788904620526,-0.014746917809271
10.2086836550819,-0.0209384935024444
10.238475637514,-0.0270080012883289
10.2682664027409,-0.0329501633453448
10.2980559441148,-0.0387595355381949
10.3278442549481,-0.0444305342966897
10.3576313285132,-0.0499574655679931
10.3874171580417,-0.0553345555386233
10.4172017367246,-0.0605559828123354
10.4469850577113,-0.0656159117236417
10.4767671141099,-0.0705085264642786
10.5065478989861,-0.0752280657011282
10.5363274053636,-0.0797688573690092
10.566105626223,-0.0841253533298421
10.5958825545019,-0.0882921636010714
10.6256581830941,-0.0922640898703238
10.6554325048498,-0.0960361580299116
10.6852055125745,-0.0996036494836758
10.7149771990291,-0.102962130999284
10.7447475569293,-0.106107482901298
10.7745165789451,-0.109035925423544
10.8042842577006,-0.111744043063405
10.8340505857733,-0.114228806805044
10.863815555694,-0.116487594103125
10.8935791599462,-0.118518206542843
10.9233413909654,-0.120318885115836
10.9531022411392,-0.121888323074494
10.9828617028064,-0.123225676349089
11.0126197682568,-0.124330571532866
11.0423764297306,-0.125203111459461
11.0721316794179,-0.12584387841484
11.1018855094585,-0.126253935042024
11.1316379119411,-0.126434823011339
11.1613888789031,-0.126388559541657
11.1911384023297,-0.126117631869072
11.2208864741541,-0.125624989768863
11.2506330862563,-0.124914036244232
11.2803782304629,-0.123988616501559
11.3101218985467,-0.122853005336596
11.3398640822261,-0.121511893059509
11.3696047731643,-0.119970370088866
11.3993439629692,-0.118233910345865
11.4290816431929,-0.116308353580359
11.4588178053305,-0.114199886759714
11.4885524408204,-0.111915024650354
11.5182855410432,-0.109460589720198
11.5480170973212,-0.10684369148805
11.5777471009183,-0.104071705443649
11.6074755430386,-0.101152251659449
11.6372024148267,-0.0980931732124555
11.6669277073665,-0.0949025145315625
11.6966514116809,-0.0915884997829393
11.726373518731,-0.0881595114030587
11.7560940194158,-0.0846240688859066
11.7858129045714,-0.0809908079278676
11.8155301649703,-0.0772684600305773
11.8452457913208,-0.0734658326586661
11.8749597742667,-0.0695917900458056
11.9046721043861,-0.0656552347385606
11.9343827721912,-0.0616650899633902
11.9640917681275,-0.0576302828974553
11.9937990825731,-0.0535597289187271
12.0235047058379,-0.0494623169051076
12.0532086281634,-0.0453468956458236
12.0829108397213,-0.0412222614211801
12.1126113306134,-0.03709714679876
12.1423100908708,-0.0329802106853965
12.1720071104527,-0.0288800296645615
12.2017023792464,-0.0248050906383313
12.2313958870659,-0.0207637847817788
12.2610876236518,-0.0167644028054701
12.2907775786698,-0.0128151315089049
12.3204657417108,-0.00892405159421372
12.3501521022894,-0.00509913669529638
12.3798366498433,-0.00134825356312529
12.409519373733,0.00232083666692251
12.4392002632403,0.00590047621475964
12.4688793075679,0.00938310750625782
12.4985564958386,0.0127612692534864
12.5282318170941,0.0160275918973136
12.5579052602946,0.0191747925586769
12.5875768143178,0.0221956696574903
12.6172464679579,0.0250830973696798
12.6469142099249,0.0278300201030248
12.6765800288436,0.0304294471811266
12.7062439132528,0.0328744479317145
12.7359058516043,0.035158147380379
12.765565832262,0.0372737227536053
12.7952238435011,0.0392144009953883
12.824879873507,0.0409734574997414
12.8545339103745,0.0425442162567178
12.8841859421064,0.0439200516024068
12.9138359566132,0.0450943917532456
12.9434839417117,0.0460607242923112
12.9731298851239,0.0468126037596823
13.0027737744762,0.0473436614807943
13.0324155972984,0.0476476177457892
13.0620553410225,0.0477182964296015
13.0916929929817,0.047549642116719
13.1213285404091,0.0471357397667731
13.1509619704372,0.0464708369272842
13.1805932700962,0.0455493684684578
13.2102224263131,0.0443659837821322
13.2398494259107,0.0429155763531064
13.2694742556062,0.041193315576602
13.2990969020102,0.0391946806607697
13.3287173516255,0.0369154964184828
13.358335590846,0.0343519707184274
13.3879516059551,0.0315007333322797
13.4175653831249,0.0283588758829225
13.4471769084148,0.0249239925685263
13.4767861677703,0.0211942213095737
13.5063931470214,0.0171682849406878
13.5359978318819,0.0128455320470247
13.5656002079474,0.00822597702631178
13.5952002606945,0.00331033894267296
13.6247979754793,-0.00189992127237026
13.6543933375357,-0.00740256572286224
13.6839863319746,-0.0131945470081929
13.7135769437819,-0.019271978689682
13.7431651578176,-0.0256301092059843
13.7727509588138,-0.0322632996664254
13.8023343313738,-0.0391650059334188
13.8319152599701,-0.0463277653821628
13.8614937289432,-0.0537431886979034
13.8910697225,-0.0614019570384521
13.9206432247122,-0.0692938248524824
13.9502142195146,-0.0774076286027094
13.9797826907038,-0.0857313015977299
14.0093486219364,-0.0942518950874636
14.0389119967271,-0.102955605725175
14.0684727984476,-0.111827809444546
14.0980310103243,-0.120853101743679
14.1275866154371,-0.130015344309856
14.1571395967172,-0.139297717859868
14.1866899369457,-0.148682781011534
14.2162376187514,-0.158152534943151
14.2457826246094,-0.167688493539708
14.2753249368389,-0.177271758668549
14.3048645376017,-0.186883100173175
14.3344014088996,-0.196503040122898
14.3639355325734,-0.206111940808474
14.3934668903002,-0.215690095930428
14.4229954635915,-0.225217824387798
14.4525212337916,-0.234675566041221
14.482044182075,-0.244043978795879
14.5115642894448,-0.253304036327221
14.5410815367301,-0.262437125755974
14.5705959045843,-0.271425144568833
14.6001073734824,-0.280250596077644
14.6296159237195,-0.288896682712886
14.6591215354077,-0.297347396456891
14.6886241884744,-0.305587605738364
14.7181238626597,-0.313603138132304
14.7476205375144,-0.321380858238173
14.777114192397,-0.328908740143766
14.8066048064718,-0.336175933922434
14.8360923587061,-0.343172825656639
14.8655768278678,-0.349891090530835
14.8950581925229,-0.356323738590857
14.924536431033,-0.362465152824786
14.9540115215521,-0.368311119281089
14.9834834420247,-0.373858849003022
15.0129521701826,-0.379106991623253
15.0424176835422,-0.384055640528727
15.0718799594017,-0.388706329572279
15.1013389748385,-0.393062021373796
15.1307947067057,-0.397127087319114
15.1602471316298,-0.400907279428805
15.1896962260075,-0.404409694330792
15.2191419660022,-0.407642729629959
15.2485843275416,-0.410616033023858
15.2780232863142,-0.413340444565988
15.307458817766,-0.415827932526273
15.3368908970975,-0.418091523342128
15.3663194992602,-0.420145226192375
15.3957445989534,-0.422003952760032
15.4251661706205,-0.423683432778592
15.4545841884459,-0.425200125979337
15.4839986263512,-0.426571131074798
15.5134094579918,-0.427814092425377
15.5428166567528,-0.428947105042497
15.572220195746,-0.42998861858254
15.6016200478055,-0.430957340981407
15.6310161854841,-0.431872142369912
15.6604085810495,-0.43275195989569
15.68979720648,-0.433615704058091
15.7191820334607,-0.434482167139017
15.7485630333794,-0.435369934284998
15.7779401773223,-0.436297297764612
15.8073134360697,-0.437282174890781
15.8366827800917,-0.438342030060056
15.8660481795439,-0.439493801321075
15.8954096042628,-0.440753831842398
15.9247670237612,-0.442137806606304
15.9541204072236,-0.443660694610193
15.9834697235015,-0.445336696811578
16.0128149411084,-0.447179200006419
16.0421560282152,-0.449200736784331
16.0714929526447,-0.451412951658242
16.1008256818673,-0.453826573420759
16.1301541829949,-0.456451393735106
16.1594784227764,-0.459296251925412
16.1887983675918,-0.462369025889513
16.2181139834471,-0.465676629017582
16.2474252359683,-0.469225012962077
16.2767320903964,-0.47301917606883
16.3060345115807,-0.477063177245765
16.335332463974,-0.481360155014925
16.3646259116255,-0.485912351465277
16.3939148181756,-0.490721140798257
16.4231991468491,-0.495787062135295
16.4524788604491,-0.501109856236672
16.4817539213505,-0.506688505764072
16.5110242914935,-0.512521278705016
16.5402899323766,-0.518605774566149
16.5695508050503,-0.524938972933978
16.5988068701095,-0.531517283996099
16.6280580876867,-0.53833660061321
16.657304417445,-0.545392351532224
16.6865458185702,-0.552679555333486
16.7157822497637,-0.560192874710326
16.7450136692346,-0.567926670687071
16.7742400346921,-0.575875056391815
16.8034613033372,-0.58403195001287
16.8326774318547,-0.592391126582583
16.8618883764052,-0.60094626824915
16.891094092616,-0.609691012715958
16.9202945355732,-0.618618999548731
16.9494896598124,-0.627723914073279
16.9786794193097,-0.636999528610671
17.0078637674729,-0.646439740822168
17.0370426571319,-0.656038608962985
17.0662160405289,-0.665790383871745
17.0953838693094,-0.675689537551256
17.1245460945116,-0.685730788225658
17.1537026665563,-0.695909121788927
17.1828535352369,-0.706219809590018
17.2119986497087,-0.716658422530243
17.241137958478,-0.727220841478748
17.2702714093909,-0.737903264041791
17.2993989496225,-0.748702207750844
17.3285205256653,-0.759614509763028
17.357636083317,-0.770637323194802
17.3867455676693,-0.781768110236006
17.415848923095,-0.793004632216034
17.4449460932357,-0.804344936816814
17.4740370209891,-0.815787342648287
17.5031216484961,-0.827330421420975
17.532199917127,-0.838972977966724
17.5612717674684,-0.850714028372801
17.5903371393089,-0.862552776505951
17.6193959716252,-0.874488589211659
17.648448202567,-0.886520970479679
17.677493769443,-0.898649534869755
17.7065326087048,-0.910873980491369
17.7355646559318,-0.9231940618282
17.7645898458156,-0.935609562692011
17.7936081121432,-0.9481202695816
17.8226193877805,-0.960725945710779
17.8516236046556,-0.973426305954764
17.8806206937412,-0.986220992947433
17.9096105850369,-0.99910955454252
17.9385932075509,-1.01209142283034
17.9675684892814,-1.0251658948784
17.9965363571978,-1.03833211533922
18.0254967372206,-1.05158906104276
18.0544495542024,-1.06493552766352
18.0833947319066,-1.07837011852478
18.1123321929867,-1.09189123557473
18.1412618589654,-1.10549707254108
18.170183650212,-1.11918561024382
18.1990974859205,-1.13295461401914
18.2280032840861,-1.14680163318249
18.2569009614822,-1.16072400243509
18.285790433636,-1.17471884509645
18.3146716148038,-1.18878307802596
18.3435444179455,-1.20291341807967
18.3724087546993,-1.21710638993397
18.4012645353543,-1.23135833509644
18.4301116688241,-1.24566542191598
18.458950062618,-1.26002365639912
18.4877796228132,-1.27442889363762
18.5166002540249,-1.28887684965393
18.5454118593764,-1.30336311347573
18.5742143404684,-1.31788315925903
18.603007597347,-1.33243235828965
18.6317915284715,-1.34700599070761
18.6605660306811,-1.36159925681458
18.6893309991607,-1.37620728784421
18.7180863274055,-1.39082515609552
18.7468319071859,-1.4054478843526
18.7755676285094,-1.42007045453754
18.8042933795836,-1.43468781556872
18.8330090467771,-1.44929489042172
18.8617145145793,-1.4638865824157
18.8904096655594,-1.47845778077305
18.9190943803244,-1.49300336552418
18.9477685374761,-1.50751821185239
18.9764320135659,-1.52199719399444
19.0050846830497,-1.53643518883165
19.0337264182408,-1.55082707932256
19.0623570892617,-1.56516775794159
19.0909765639944,-1.57945213029839
19.1195847080295,-1.59367511911931
19.1481813846138,-1.60783166877534
19.1767664545963,-1.62191675054026
19.2053397763729,-1.6359253687577
19.2339012058293,-1.64985256808732
19.2624505962827,-1.66369344198743
19.2909877984208,-1.67744314257506
19.3195126602401,-1.69109689198389
19.3480250269822,-1.70464999531728
19.3765247410677,-1.71809785526624
19.4050116420284,-1.73143598843294
19.4334855664379,-1.74466004336796
19.4619463478397,-1.75776582029567
19.4903938166729,-1.77074929246631
19.5188278001966,-1.78360662903706
19.5472481224108,-1.79633421934766
19.575654603976,-1.80892869841903
19.6040470621295,-1.82138697346812
19.6324253105996,-1.8337062511973
19.6607891595171,-1.84588406558459
19.6891384153235,-1.85791830587073
19.7174728806774,-1.86980724441303
19.7457923543568,-1.88154956405239
19.7740966311591,-1.89314438462129
19.8023855017975,-1.90459128820642
19.8306587527942,-1.91589034277011
19.8589161663702,-1.92704212373091
19.8871575203317,-1.93804773310523
19.9153825879521,-1.94890881581917
19.943591137851,-1.95962757281273
19.9717829338689,-1.97020677057768
19.9999577349371,-1.98064974679457
