-20,-2.30879294345704
-19.9723291326616,-2.29701324523531
-19.9446359747082,-2.28515935283737
-19.9169208404562,-2.27323678033266
-19.889184037929,-2.26125125106041
-19.8614258690183,-2.24920866146921
-19.8336466296413,-2.23711504463731
-19.8058466098925,-2.22497653369065
-19.7780260941906,-2.21279932533141
-19.7501853614219,-2.20058964368353
-19.7223246850782,-2.18835370465519
-19.6944443333912,-2.17609768101094
-19.6665445694627,-2.163827668338
-19.638625651391,-2.1515496520831
-19.6106878323934,-2.13926947582715
-19.582731360925,-2.1269928109562
-19.5547564807942,-2.11472512787742
-19.5267634312748,-2.10247166891978
-19.4987524472148,-2.0902374230487
-19.4707237591417,-2.0780271025146
-19.4426775933653,-2.065845121545
-19.4146141720774,-2.05369557717933
-19.3865337134483,-2.04158223233578
-19.3584364317208,-2.02950850118825
-19.3303225373018,-2.01747743692096
-19.302192236851,-2.00549172191719
-19.2740457333667,-1.99355366042674
-19.2458832262703,-1.98166517374554
-19.2177049114875,-1.96982779792804
-19.1895109815275,-1.95804268404107
-19.1613016255604,-1.94631060095459
-19.1330770294919,-1.93463194065156
-19.1048373760362,-1.92300672602567
-19.0765828447871,-1.91143462112168
-19.0483136122872,-1.89991494375865
-19.0200298520947,-1.8884466804624
-18.9917317348489,-1.87702850361856
-18.963419428334,-1.86565879074324
-18.935093097541,-1.85433564575383
-18.9067529047278,-1.84305692210804
-18.8783990094783,-1.83182024766546
-18.8500315687591,-1.82062305111247
-18.8216507369758,-1.80946258977837
-18.7932566660268,-1.79833597865872
-18.7648495053564,-1.78724022045053
-18.736429402006,-1.77617223639435
-18.7079965006648,-1.76512889770905
-18.6795509437184,-1.75410705739811
-18.6510928712962,-1.74310358220022
-18.6226224213186,-1.73211538445284
-18.5941397295416,-1.72113945363482
-18.5656449296012,-1.71017288735387
-18.5371381530568,-1.69921292154544
-18.5086195294325,-1.68825695965336
-18.480089186259,-1.67730260056748
-18.4515472491125,-1.66634766510062
-18.4229938416548,-1.65539022079674
-18.3944290856702,-1.64442860487254
-18.3658531011037,-1.63346144510826
-18.3372660060963,-1.62248767851736
-18.3086679170211,-1.61150656764141
-18.2800589485171,-1.60051771433379
-18.2514392135235,-1.58952107091483
-18.2228088233122,-1.57851694860114
-18.19416788752,-1.56750602313273
-18.1655165141801,-1.55648933754343
-18.1368548097524,-1.545468302042
-18.1081828791536,-1.53444469099451
-18.0795008257866,-1.5234206370206
-18.0508087515686,-1.51239862223923
-18.0221067569592,-1.50138146672165
-17.9933949409877,-1.49037231423087
-17.9646734012796,-1.47937461534821
-17.9359422340827,-1.46839210810712
-17.9072015342923,-1.4574287962739
-17.8784513954764,-1.44648892543213
-17.8496919098996,-1.43557695704445
-17.8209231685472,-1.42469754067948
-17.7921452611481,-1.41385548460554
-17.7633582761976,-1.40305572496349
-17.7345623009799,-1.39230329374121
-17.7057574215891,-1.38160328577975
-17.6769437229514,-1.37096082504716
-17.6481212888448,-1.36038103042004
-17.6192902019204,-1.3498689812152
-17.5904505437214,-1.33942968271385
-17.5616023947034,-1.32906803191962
-17.5327458342527,-1.3187887837883
-17.5038809407052,-1.30859651816232
-17.4750077913649,-1.29849560763677
-17.4461264625212,-1.28849018657536
-17.4172370294668,-1.27858412148575
-17.3883395665144,-1.26878098295271
-17.359434147014,-1.25908401931586
-17.3305208433686,-1.24949613226557
-17.3015997270507,-1.24001985451693
-17.272670868618,-1.23065732970653
-17.2437343377284,-1.22141029464164
-17.2147902031555,-1.21228006401478
-17.1858385328031,-1.20326751768036
-17.1568793937198,-1.19437309057256
-17.127912852113,-1.1855967653265
-17.098938973363,-1.17693806764684
-17.0699578220361,-1.16839606445035
-17.0409694618988,-1.15996936479106
-17.0119739559298,-1.15165612355894
-16.9829713663337,-1.14345404792535
-16.9539617545529,-1.13536040649137
-16.9249451812801,-1.12737204107763
-16.8959217064706,-1.11948538107809
-16.8668913893536,-1.11169646028362
-16.8378542884443,-1.10400093606559
-16.8088104615547,-1.09639411079484
-16.7797599658053,-1.08887095535665
-16.7507028576354,-1.08142613460892
-16.7216391928146,-1.07405403461785
-16.6925690264523,-1.06674879149331
-16.6634924130088,-1.05950432163543
-16.634409406305,-1.05231435319374
-16.6053200595324,-1.04517245853131
-16.5762244252629,-1.03807208747903
-16.5471225554582,-1.03100660115836
-16.518014501479,-1.02396930614602
-16.4889003140947,-1.0169534887505
-16.4597800434918,-1.00995244916778
-16.4306537392831,-1.00295953528305
-16.4015214505162,-0.995968175886294
-16.3723832256821,-0.98897191307155
-16.3432391127236,-0.98196443359433
-16.3140891590433,-0.974939598967055
-16.2849334115118,-0.967891474080082
-16.2557719164755,-0.960814354144979
-16.2266047197646,-0.953702789767641
-16.1974318667005,-0.946551609971388
-16.168253402103,-0.939355943004368
-16.1390693702983,-0.932111234781394
-16.1098798151257,-0.924813264827592
-16.0806847799448,-0.917458159610015
-16.0514843076427,-0.910042403163307
-16.0222784406404,-0.902562844936815
-15.9930672208998,-0.895016704812714
-15.9638506899303,-0.88740157526791
-15.934628888795,-0.879715420676323
-15.9054018581173,-0.871956573772457
-15.8761696380874,-0.864123729321924
-15.8469322684677,-0.85621593506923
-15.8176897885996,-0.848232580057836
-15.7884422374089,-0.840173380441633
-15.7591896534119,-0.832038362930632
-15.7299320747211,-0.823827846036353
-15.7006695390507,-0.815542419303978
-15.6714020837223,-0.807182920738594
-15.64212974567,-0.798750412651423
-15.6128525614463,-0.790246156168748
-15.5835705672269,-0.781671584660978
-15.5542837988159,-0.773028276361733
-15.5249922916512,-0.764317926456926
-15.4956960808092,-0.755542318931236
-15.4663952010096,-0.746703298464066
-15.4370896866207,-0.73780274266903
-15.4077795716636,-0.728842534969909
-15.3784648898173,-0.719824538402065
-15.3491456744231,-0.710750570621314
-15.3198219584889,-0.701622380392305
-15.2904937746942,-0.69244162581569
-15.2611611553939,-0.683209854537603
-15.231824132623,-0.67392848616673
-15.2024827381004,-0.664598797103302
-15.1731370032337,-0.655221907961109
-15.1437869591227,-0.645798773738312
-15.1144326365635,-0.636330176865498
-15.0850740660527,-0.626816723230672
-15.0557112777915,-0.617258841250531
-15.0263443016886,-0.607656784026343
-14.9969731673652,-0.598010634590739
-14.9675979041578,-0.588320314219601
-14.9382185411222,-0.578585593750957
-14.9088351070372,-0.568806107820985
-14.8794476304077,-0.558981371896025
-14.8500561394689,-0.54911080194939
-14.820660662189,-0.539193736603056
-14.7912612262731,-0.529229461527128
-14.7618578591661,-0.519217235865044
-14.7324505880565,-0.50915632042944
-14.703039439879,-0.499046007393428
-14.6736244413182,-0.488885651184229
-14.6442056188115,-0.478674700271509
-14.6147829985521,-0.468412729530913
-14.5853566064922,-0.458099472854855
-14.5559264683458,-0.447734855677274
-14.5264926095918,-0.437319027077026
-14.4970550554769,-0.426852391125849
-14.4676138310183,-0.416335637151341
-14.4381689610066,-0.405769768593006
-14.4087204700086,-0.395156130140251
-14.3792683823698,-0.384496432854765
-14.3498127222175,-0.373792776996231
-14.3203535134632,-0.363047672289229
-14.2908907798048,-0.352264055390554
-14.2614245447302,-0.341445304339555
-14.2319548315186,-0.330595249799375
-14.202481663244,-0.319718182923761
-14.173005062777,-0.308818859712216
-14.1435250527876,-0.297902501745321
-14.1140416557473,-0.286974793221854
-14.0845548939318,-0.276041874249491
-14.0550647894228,-0.265110330371169
-14.0255713641108,-0.254187178339372
-13.996074639697,-0.243279848180312
-13.9665746376958,-0.232396161619063
-13.9370713794367,-0.221544306964907
-13.9075648860665,-0.210732810583234
-13.8780551785517,-0.199970505106138
-13.8485422776802,-0.189266494558241
-13.8190262040636,-0.178630116596979
-13.7895069781392,-0.168070902087702
-13.759984620172,-0.157598532253139
-13.7304591502566,-0.147222793654192
-13.7009305883192,-0.136953531274396
-13.6713989541196,-0.126800599993976
-13.641864267253,-0.116773814750857
-13.6123265471517,-0.10688289969561
-13.5827858130874,-0.0971374366549416
-13.5532420841725,-0.0875468132240611
-13.5236953793623,-0.0781201708121557
-13.4941457174565,-0.0688663529672828
-13.4645931171011,-0.0597938543073306
-13.43503759679,-0.050910770382381
-13.4054791748667,-0.0422247487908356
-13.3759178695261,-0.0337429418671666
-13.3463536988162,-0.0254719612531549
-13.3167866806392,-0.0174178346570111
-13.2872168327538,-0.00958596509591558
-13.2576441727765,-0.00198109290732518
-13.228068718183,0.00539273919718575
-13.1984904863099,0.0125322177746297
-13.1689094943562,0.019434786743056
-13.1393257593849,0.0260986716923934
-13.1097392983243,0.0325229001990275
-13.0801501279694,0.0387073179474147
-13.0505582649838,0.0446526004812782
-13.0209637259004,0.0503602604275004
-12.9913665271236,0.0558326500575719
-12.9617666849301,0.0610729590745898
-12.9321642154703,0.0660852075380971
-12.9025591347699,0.0708742338647195
-12.8729514587314,0.0754456778692356
-12.8433412031348,0.0798059588388194
-12.8137283836393,0.0839622486621279
-12.7841130157846,0.0879224400650731
-12.7544951149921,0.091695110036043
-12.7248746965661,0.095289478555121
-12.695251775695,0.098715362774259
-12.6656263674525,0.101983126828153
-12.6359984867991,0.105103627488746
-12.606368148583,0.108088155909308
-12.5767353675411,0.110948375737044
-12.5471001583007,0.113696257905476
-12.5174625353801,0.11634401244961
-12.48782251319,0.118904017717287
-12.4581801060345,0.121388747379367
-12.4285353281124,0.123810695668698
-12.3988881935182,0.126182301303201
-12.3692387162427,0.128515870571221
-12.3395869101748,0.130823500077493
-12.3099327891022,0.133116999665088
-12.2802763667124,0.135407816042408
-12.2506176565936,0.137706957654207
-12.220956672236,0.140024921341696
-12.1912934270328,0.142371621338526
-12.1616279342807,0.144756321146907
-12.1319602071814,0.14718756883086
-12.1022902588424,0.149673136251757
-12.0726181022777,0.152219962754618
-12.0429437504093,0.15483410379212
-12.0132672160673,0.157520684947084
-11.9835885119916,0.160283861783127
-11.9539076508324,0.163126785917761
-11.9242246451512,0.166051577672239
-11.8945395074214,0.169059305608529
-11.8648522500297,0.172149973215943
-11.8351628852766,0.175322512958746
-11.8054714253771,0.178574787841836
-11.7757778824621,0.181903600594718
-11.7460822685785,0.185304710515198
-11.7163845956908,0.188772857953779
-11.6866848756812,0.192301796358427
-11.6569831203508,0.195884331737705
-11.6272793414202,0.19951236933888
-11.5975735505306,0.203176967276995
-11.5678657592442,0.206868396792007
-11.538155979045,0.210576208754132
-11.5084442213399,0.214289305983415
-11.4787304974589,0.217996020898779
-11.4490148186565,0.221684197964794
-11.4192971961118,0.225341280361949
-11.3895776409295,0.22895440026848
-11.3598561641407,0.232510472109408
-11.3301327767034,0.235996288101761
-11.3004074895034,0.239398615404061
-11.2706803133548,0.242704294163625
-11.2409512590008,0.245900335746841
-11.2112203371143,0.248974020435814
-11.1814875582985,0.251912993879275
-11.1517529330878,0.254705361596628
-11.1220164719482,0.257339780851166
-11.0922781852781,0.259805549231712
-11.0625380834088,0.262092689310859
-11.0327961766052,0.264192028782329
-11.0030524750665,0.266095275519272
-10.9733069889267,0.267795087039203
-10.9435597282551,0.269285133909014
-10.9138107030573,0.270560156674875
-10.8840599232751,0.271616015955888
-10.854307398788,0.272449735396713
-10.8245531394131,0.273059537232391
-10.7947971549056,0.2734448702774
-10.7650394549601,0.273606430210276
-10.7352800492103,0.273546172083963
-10.7055189472302,0.273267315050045
-10.6757561585342,0.272774339341455
-10.6459916925781,0.272072975612609
-10.6162255587591,0.271170186787755
-10.5864577664167,0.270074142617069
-10.5566883248332,0.268794187185425
-10.5269172432342,0.267340799660302
-10.4971445307888,0.265725548602877
-10.4673701966106,0.263961040199616
-10.437594249758,0.262060860800613
-10.4078166992345,0.260039514175288
-10.3780375539895,0.257912353916123
-10.3482568229185,0.255695511436588
-10.3184745148641,0.253405820020736
-10.2886906386157,0.251060735389084
-10.2589052029105,0.248678253248775
-10.229118216434,0.246276824295641
-10.1993296878202,0.243875267132348
-10.1695396256521,0.241492679560308
-10.1397480384625,0.239148348694106
-10.1099549347337,0.236861660336086
-10.0801603228989,0.234652008035926
-10.0503642113418,0.232538702245888
-10.0205666083976,0.230540879967378
-9.99076752235316,0.22867741526882
-9.96096696144743,0.22696683103905
-9.93116493387194,0.225427212324753
-9.90136144777122,0.224076121585146
-9.87155651124317,0.222930516182531
-9.84175013233951,0.222006668413495
-9.81194231906612,0.22132008837271
-9.7821330793835,0.220885449929533
-9.75232242120716,0.220716520086909
-9.72251035240799,0.220826091982454
-9.69269688081263,0.221225921783014
-9.66288201420389,0.221926669716146
-9.63306576032114,0.222937845474982
-9.60324812686064,0.224267758226232
-9.57342912147594,0.225923471444731
-9.54360875177824,0.227910762791468
-9.51378702533676,0.230234089245124
-9.48396394967913,0.232896557689664
-9.45413953229165,0.235899901151895
-9.42431378061979,0.239244460872966
-9.3944867020684,0.242929174386195
-9.36465830400215,0.246951569759998
-9.33482859374585,0.251307766148817
-9.30499757858475,0.25599248077673
-9.27516526576494,0.260999042457303
-9.24533166249365,0.266319411729537
-9.21549677593957,0.271944207662945
-9.1856606132332,0.277862741355185
-9.15582318146717,0.284063056113038
-9.12598448769656,0.290531974272121
-9.09614453893921,0.297255150572651
-9.06630334217603,0.304217131968046
-9.03646090435132,0.311401423700533
-9.00661723237311,0.318790561433431
-8.97677233311341,0.326366189183978
-8.94692621340854,0.334109142753812
-8.91707888005943,0.341999538307045
-8.88723033983193,0.350016865698832
-8.85738059945707,0.35814008611101
-8.8275296656314,0.366347733506397
-8.79767754501722,0.374618019370237
-8.76782424424291,0.382928940166744
-8.73796976990322,0.391258386901336
-8.7081141285595,0.399584256145474
-8.67825732674003,0.407884561851763
-8.64839937094027,0.41613754726246
-8.61854026762313,0.424321796195383
-8.58868002321927,0.432416342977916
-8.55881864412734,0.440400780292499
-8.52895613671423,0.448255364196226
-8.49909250731539,0.455961115583048
-8.46922776223504,0.463499917369773
-8.43936190774644,0.470854606706583
-8.40949495009217,0.478009061539253
-8.37962689548433,0.484948280883449
-8.34975775010487,0.491658458211155
-8.31988752010577,0.498127047395415
-8.2900162116093,0.50434282071143
-8.26014383070831,0.510295918449568
-8.2302703834664,0.515977889758257
-8.20039587591825,0.521381724401503
-8.17052031406975,0.526501875186469
-8.14064370389834,0.531334270890112
-8.11076605135317,0.535876319589971
-8.08088736235536,0.540126902381714
-8.05100764279824,0.544086357544495
-8.02112689854757,0.547756455293434
-7.99124513544174,0.551140363336137
-7.96136235929203,0.554242603525968
-7.93147857588282,0.557068999978285
-7.90159379097179,0.559626619086095
-7.87170801029019,0.561923701937905
-7.84182123954298,0.56396958970228
-7.8119334844091,0.565774642600116
-7.78204475054169,0.567350153136282
-7.75215504356824,0.568708254306633
-7.72226436909086,0.569861823533985
-7.69237273268646,0.570824383117063
-7.66248013990695,0.571609997999502
-7.63258659627945,0.572233171681386
-7.6026921073065,0.572708741103537
-7.57279667846627,0.573051771334715
-7.54290031521269,0.573277450884136
-7.51300302297576,0.573400988446447
-7.48310480716162,0.573437511863609
-7.45320567315285,0.573401970058501
-7.42330562630861,0.573309038658657
-7.39340467196482,0.573173029985992
-7.36350281543436,0.573007808039994
-7.33360006200729,0.572826709048403
-7.30369641695099,0.572642468101258
-7.27379188551036,0.572467152322218
-7.24388647290799,0.572312100965765
-7.21398018434438,0.57218787276114
-7.18407302499808,0.572104200754181
-7.15416500002587,0.57206995482757
-7.12425611456296,0.572093112008899
-7.09434637372315,0.572180734605292
-7.064435782599,0.572338956133683
-7.034524346262,0.572572974948011
-7.00461206976275,0.572887055399161
-6.97469895813114,0.57328453630106
-6.94478501637649,0.573767846417599
-6.91487024948774,0.574338526630342
-6.88495466243359,0.574997258396961
-6.85503826016269,0.575743898065313
-6.8251210476038,0.576577516568352
-6.79520302966593,0.577496443991083
-6.76528421123852,0.578498318472538
-6.73536459719159,0.579580138883629
-6.7054441923759,0.580738320705589
-6.67552300162311,0.58196875452377
-6.64560102974591,0.58326686654752
-6.61567828153823,0.584627680568904
-6.58575476177533,0.586045880780626
-6.55583047521399,0.587515874886686
-6.52590542659264,0.58903185695769
-6.49597962063153,0.59058786950583
-6.46605306203286,0.592177864282267
-6.43612575548093,0.593795761331197
-6.40619770564229,0.595435505870149
-6.37626891716589,0.597091122604236
-6.34633939468321,0.598756767122898
-6.31640914280841,0.600426774070482
-6.28647816613846,0.602095701826235
-6.25654646925333,0.603758373474572
-6.22661405671603,0.605409913892078
-6.19668093307287,0.607045782823234
-6.16674710285348,0.608661803861835
-6.13681257057104,0.610254189298844
-6.10687734072237,0.611819560839807
-6.07694141778806,0.613354966235285
-6.04700480623261,0.614857891905759
-6.01706751050459,0.616326271677904
-5.98712953503672,0.617758491781412
-5.95719088424605,0.619153392284773
-5.92725156253406,0.620510265174133
-5.8973115742868,0.621828849301471
-5.86737092387499,0.6231093224468
-5.83742961565419,0.624352290753794
-5.80748765396492,0.625558775809073
-5.77754504313273,0.626730199642686
-5.7476017874684,0.62786836793068
-5.71765789126801,0.628975451680699
-5.68771335881308,0.630053967678084
-5.6577681943707,0.631106757963269
-5.62782240219363,0.632136968601702
-5.59787598652043,0.633148027995106
-5.5679289515756,0.634143624968121
-5.53798130156964,0.635127686847381
-5.50803304069925,0.636104357731273
-5.47808417314735,0.637077977128238
-5.4481347030833,0.638053059119955
-5.41818463466291,0.639034272183267
-5.38823397202865,0.640026419781786
-5.35828271930968,0.641034421814832
-5.32833088062202,0.642063296988281
-5.29837846006865,0.643118146149159
-5.2684254617396,0.644204136603705
-5.23847188971208,0.645326487417531
-5.20851774805058,0.646490455676508
-5.17856304080697,0.647701323668444
-5.14860777202065,0.648964386928631
-5.11865194571859,0.650284943077115
-5.08869556591551,0.651668281362212
-5.05873863661392,0.653119672813425
-5.02878116180428,0.65464436089775
-4.99882314546506,0.656247552566177
-4.96886459156287,0.657934409572344
-4.93890550405256,0.659710039942497
-4.90894588687731,0.661579489475304
-4.87898574396876,0.663547733151565
-4.84902507924708,0.665619666337335
-4.81906389662107,0.667800095669391
-4.7891021999883,0.670093729519179
-4.75913999323517,0.672505167940275
-4.72917728023701,0.675038892014777
-4.69921406485821,0.677699252525787
-4.66925035095229,0.680490457896124
-4.639286142362,0.683416561347276
-4.60932144291942,0.686481447247422
-4.57935625644607,0.68968881663267
-4.54939058675296,0.693042171901507
-4.51942443764076,0.696544800698446
-4.48945781289981,0.70019975901899
-4.45949071631029,0.704009853583949
-4.42952315164225,0.707977623546771
-4.39955512265574,0.712105321612738
-4.3695866331009,0.716394894663317
-4.33961768671802,0.720847963992676
-4.30964828723767,0.725465805276142
-4.27967843838077,0.730249328402036
-4.2497081438587,0.735199057308844
-4.21973740737333,0.740315109978909
-4.18976623261721,0.745597178747685
-4.15979462327356,0.751044511093984
-4.1298225830164,0.756655891081615
-4.09985011551066,0.762429621626143
-4.06987722441222,0.768363507762301
-4.03990391336802,0.774454841087814
-4.00993018601615,0.780700385557989
-3.97995604598593,0.787096364802426
-3.94998149689801,0.793638451130688
-3.92000654236441,0.800321756387632
-3.89003118598865,0.807140824811544
-3.86005543136581,0.814089628039141
-3.83007928208264,0.82116156239111
-3.80010274171759,0.828349448560045
-3.77012581384095,0.835645533809692
-3.74014850201491,0.843041496780201
-3.71017080979363,0.850528454978916
-3.68019274072331,0.85809697501994
-3.65021429834233,0.865737085658756
-3.62023548618127,0.873438293650251
-3.590256307763,0.881189602440118
-3.56027676660278,0.88897953368056
-3.53029686620834,0.896796151541913
-3.50031661007992,0.904627089772104
-3.47033600171042,0.912459581436194
-3.44035504458538,0.920280491248438
-3.41037374218315,0.928076350389775
-3.38039209797492,0.935833393684381
-3.35041011542479,0.943537598990112
-3.32042779798988,0.951174728639451
-3.29044514912038,0.958730372750165
-3.26046217225963,0.966189994208341
-3.2304788708442,0.97353897511099
-3.20049524830397,0.980762664441216
-3.17051130806219,0.987846426736009
-3.14052705353558,0.99477569149536
-3.11054248813436,1.00153600307168
-3.08055761526237,1.00811307077042
-3.05057243831712,1.01449281888685
-3.02058696068985,1.02066143639959
-2.99060118576564,1.02660542603969
-2.96061511692347,1.03231165245402
-2.93062875753625,1.037767389184
-2.90064211097096,1.04296036418538
-2.87065518058865,1.04787880362173
-2.8406679697446,1.05251147367305
-2.81068048178829,1.0568477201128
-2.78069272006356,1.06087750541996
-2.7507046879086,1.0645914432085
-2.72071638865609,1.06798082977472
-2.69072782563324,1.07103767258242
-2.66073900216184,1.07375471552757
-2.63074992155837,1.07612546084757
-2.60076058713404,1.07814418756447
-2.57077100219485,1.07980596637793
-2.5407811700417,1.08110667095048
-2.51079109397043,1.08204298555533
-2.48080077727187,1.08261240908556
-2.45081022323197,1.08281325545173
-2.42081943513179,1.08264465042398
-2.3908284162476,1.08210652500227
-2.36083716985099,1.08119960542675
-2.33084569920886,1.07992539996633
-2.30085400758354,1.07828618264949
-2.27086209823285,1.07628497412513
-2.24086997441013,1.0739255198639
-2.21087763936435,1.07121226593024
-2.18088509634017,1.06815033257393
-2.15089234857796,1.06474548590525
-2.12089939931394,1.06100410793063
-2.09090625178017,1.05693316523617
-2.06091290920467,1.05254017661289
-2.03091937481143,1.04783317992212
-2.00092565182056,1.04282069849998
-1.97093174344827,1.03751170739738
-1.94093765290696,1.03191559974679
-1.91094338340531,1.02604215353786
-1.88094893814831,1.01990149907223
-1.85095432033734,1.0135040873531
-1.82095953317024,1.00686065964724
-1.79096457984135,0.999982218436666
-1.76096946354159,0.992879999954553
-1.73097418745852,0.985565448474667
-1.70097875477642,0.978050192496569
-1.6709831686763,0.970346022940218
-1.64098743233603,0.962464873433549
-1.61099154893035,0.954418802745588
-1.58099552163096,0.946219979386018
-1.55099935360656,0.937880668360282
-1.52100304802294,0.929413220037453
-1.49100660804303,0.920830061056855
-1.46101003682694,0.912143687169021
-1.43101333753205,0.903366657877364
-1.40101651331306,0.894511592719375
-1.37101956732204,0.885591169000522
-1.34102250270854,0.876618120770673
-1.31102532261956,0.867605238812041
-1.2810280301997,0.858565371389692
-1.25103062859119,0.84951142550082
-1.22103312093391,0.840456368347342
-1.19103551036551,0.831413228748336
-1.16103780002145,0.822395098204256
-1.13103999303503,0.813415131324082
-1.10104209253752,0.804486545329446
-1.07104410165813,0.795622618356478
-1.04104602352414,0.78683668628642
-1.01104786126093,0.778142137850116
-0.981049617992048,0.769552407768924
-0.951051296839257,0.761080967715444
-0.921052900922614,0.752741314901382
-0.891054433360519,0.744546958126691
-0.861055897269767,0.736511401153504
-0.831057295765622,0.7286481233001
-0.801058631961868,0.720970557183684
-0.771059908970866,0.713492063575968
-0.741061129903623,0.706225903371839
-0.711062297869834,0.699185206708484
-0.681063415977958,0.692382939309778
-0.651064487335267,0.685831866168058
-0.62106551504791,0.679544512712233
-0.591066502220966,0.673533123647063
-0.561067451958509,0.667809619682953
-0.53106836736366,0.662385552408411
-0.501069251538652,0.657272057587925
-0.471070107584882,0.652479807196165
-0.441070938602979,0.64801896052476
-0.41107174769285,0.643899114719996
-0.381072537953747,0.640129255128729
-0.351073312484326,0.636717705844794
-0.321074074382699,0.63367208085972
-0.291074826746502,0.630999236228891
-0.261075572672932,0.628705223667721
-0.231076315258834,0.626795245991653
-0.201077057600745,0.625273614809016
-0.17107780279494,0.624143710866853
-0.141078553937518,0.623407947437008
-0.111079314124438,0.623067737113002
-0.0810800864515848,0.623123462367874
-0.0510808740148246,0.6235744501993
-0.0210816799100616,0.624418951161143
0.00891749276668836,0.62565412305063
0.0389166409192645,0.627276019487601
0.0689157614512812,0.629279583587274
0.0989148512660842,0.631658646891025
0.128913907266687,0.634405933681108
0.15891292635571,0.637513070765455
0.188911905435324,0.640970602778088
0.218910841407199,0.644768012999664
0.248909731172439,0.648893749661513
0.27890857163152,0.653335257655824
0.308907359684237,0.658079015534477
0.338906092229654,0.663110577640097
0.368904766166022,0.668414621175136
0.39890337839075,0.673974997978966
0.428901925800328,0.67977479074897
0.458900405290268,0.685796373409913
0.488898813755051,0.692021475306758
0.518897148088075,0.698431248869555
0.548895405181584,0.705006340375463
0.578893581926615,0.71172696341241
0.608891675212939,0.718572974631479
0.638889681929004,0.725523951360905
0.66888759896187,0.732559270643737
0.698885423197155,0.739658189253559
0.728883151518985,0.746799924238468
0.758880780809911,0.753963733542487
0.788878307950878,0.76112899625585
0.818875729821147,0.768275292050965
0.848873043298243,0.775382479369373
0.878870245257887,0.782430771936316
0.908867332573955,0.78940081319381
0.938864302118396,0.796273748259897
0.968861150761197,0.803031293041081
0.998857875370298,0.809655800146636
1.02885447281155,0.816130321277178
1.05885093994866,0.822438665785634
1.08884727364309,0.828565455136149
1.11884347075406,0.834496173015418
1.14883952813845,0.840217210881177
1.17883544265072,0.84571590876397
1.20883121114292,0.850980591170446
1.23882683046455,0.856000597969401
1.26882229746254,0.860766310174981
1.29881760898119,0.865269170574983
1.3288127618621,0.869501699185632
1.35880775294413,0.873457503547394
1.38880257906328,0.877131283909112
1.41879723705271,0.880518833379725
1.44879172374263,0.883617033157916
1.47878603596023,0.886423842979956
1.50878017052964,0.888938286954555
1.5387741242719,0.891160434980541
1.56876789400481,0.893091379968356
1.59876147654294,0.894733211109677
1.62875486869757,0.89608898346049
1.65874806727659,0.897162684121797
1.68874106908444,0.897959195318422
1.71873387092208,0.898484254690087
1.74872646958691,0.898744413119904
1.77871886187268,0.898746990433598
1.80871104456948,0.898500029307972
1.83870301446363,0.898012247729443
1.86869476833767,0.897292990342764
1.89868630297021,0.896352179026339
1.92867761513595,0.895200263023896
1.95866870160559,0.893848168952768
1.98865955914574,0.892307250996658
2.0186501845189,0.890589241575731
2.04864057448335,0.888706202769374
2.0786307257931,0.886670478746984
2.10862063519787,0.884494649440181
2.13861029944295,0.882191485665838
2.16859971526919,0.879773905883835
2.1985888794129,0.877254934746445
2.22857778860582,0.874647663568391
2.25856643957503,0.8719652128179
2.28855482904286,0.869220696700077
2.31854295372689,0.866427189874822
2.34853081033983,0.863597696322796
2.37851839558946,0.860745120344817
2.40850570617859,0.85788223965304
2.43849273880494,0.855021680486482
2.46847949016114,0.852175894659466
2.49846595693462,0.849357138429343
2.52845213580753,0.846577453050128
2.55843802345673,0.843848646861166
2.58842361655364,0.841182278745376
2.61840891176426,0.838589642779822
2.64839390574901,0.836081753892562
2.67837859516273,0.833669334334192
2.7083629766546,0.831362800770037
2.73834704686802,0.829172251799778
2.7683308024406,0.827107455715297
2.79831424000408,0.82517783831466
2.8282973561842,0.823392470600307
2.85828014760072,0.821760056202524
2.88826261086729,0.820288918384968
2.91824474259138,0.818986986507142
2.94822653937422,0.817861781839073
2.97820799781074,0.816920402645618
3.00818911448947,0.816169508481699
3.0381698859925,0.8156153036648
3.06815030889538,0.815263519917032
3.09813037976704,0.815119398195603
3.12811009516976,0.815187669757232
3.15808945165904,0.815472536528507
3.18806844578358,0.815977650880249
3.21804707408516,0.816706094928874
3.24802533309857,0.817660359511721
3.27800321935159,0.818842323005454
3.30798072936483,0.820253230177182
3.33795785965173,0.821893671276195
3.36793460671842,0.823763561590174
3.39791096706368,0.825862121703147
3.42788693717887,0.828187858703097
3.45786251354782,0.83073854859491
3.48783769264679,0.833511220179171
3.51781247094434,0.836502140659038
3.54778684490131,0.83970680323619
3.57776081097071,0.843119916952404
3.60773436559763,0.846735399025993
3.63770750521919,0.850546369922018
3.66768022626443,0.854545151382003
3.69765252515425,0.858723267623107
3.72762439830131,0.863071449898314
3.75759584210999,0.867579644588466
3.78756685297624,0.872237024974226
3.81753742728758,0.877032006811211
3.84750756142293,0.881952267805215
3.8774772517526,0.886984771056571
3.90744649463815,0.892115792513745
3.93741528643236,0.897330952446413
3.9673836234791,0.90261525091773
3.99735150211327,0.907953107204706
4.0273189186607,0.913328403084622
4.05728586943808,0.918724529874688
4.08725235075286,0.924124439081708
4.11721835890315,0.92951069648891
4.1471838901777,0.93486553947819
4.1771489408557,0.940170937358386
4.20711350720681,0.945408654443779
4.23707758549097,0.950560315602156
4.26704117195839,0.955607473968612
4.2970042628494,0.960531680499932
4.32696685439441,0.965314555025149
4.35692894281377,0.969937858430673
4.38689052431773,0.974383565603603
4.41685159510629,0.97863393874427
4.44681215136916,0.982671600649169
4.47677218928566,0.986479607557915
4.50673170502457,0.990041521153086
4.53669069474411,0.993341479299696
4.56664915459182,0.996364265111585
4.59660708070442,0.999095373935325
4.62656446920778,1.0015210778483
4.65652131621681,1.00362848727636
4.68647761783531,1.00540560934798
4.71643337015594,1.0068414026159
4.74638856926009,1.00792582779408
4.77634321121778,1.00864989417715
4.80629729208754,1.00900570143104
4.83625080791639,1.00898647646795
4.86620375473964,1.00858660514493
4.89615612858085,1.00780165855389
4.92610792545169,1.00662841370141
4.9560591413519,1.00506486840866
4.9860097722691,1.0031102502959
5.01595981417876,1.00076501975112
5.04590926304406,0.998030866818778
5.07585811481579,0.994910701982215
5.10580636543224,0.99140864085138
5.13575401081911,0.987529982806143
5.16570104688938,0.983281183684475
5.19564746954323,0.978669822643549
5.22559327466789,0.973704563360353
5.25553845813759,0.968395109776392
5.28548301581339,0.962752156628027
5.31542694354309,0.956787335039903
5.34537023716115,0.950513153493305
5.37531289248852,0.943942934513934
5.40525490533259,0.937090747454207
5.43519627148701,0.929971337773543
5.46513698673163,0.922600053245862
5.49507704683237,0.914992767546501
5.52501644754107,0.907165801690783
5.55495518459542,0.899135843813153
5.58489325371883,0.89091986778918
5.61483065062029,0.882535051212492
5.64476737099426,0.873998693244761
5.67470341052057,0.865328132859109
5.70463876486427,0.856540667995699
5.73457342967553,0.847653476142657
5.76450740058951,0.838683536845997
5.79444067322622,0.829647556638772
5.82437324319043,0.820561896862338
5.8543051060715,0.811442504831546
5.88423625744331,0.802304848770927
5.91416669286407,0.793163856920693
5.94409640787623,0.78403386117981
5.97402539800637,0.774928545618793
6.003953658765,0.765860900157429
6.03388118564651,0.75684317966264
6.06380797412899,0.747886868679519
6.09373401967409,0.739002651964474
6.12365931772693,0.73020039094388
6.15358386371592,0.721489106174845
6.18350765305266,0.7128769658373
6.21343068113176,0.704371280238848
6.24335294333075,0.695978502266114
6.27327443500992,0.687704233669195
6.30319515151218,0.679553237019683
6.33311508816289,0.671529453137846
6.36303424026979,0.663636023741648
6.39295260312278,0.655875319029431
6.42287017199383,0.648248969869924
6.45278694213679,0.640757904238038
6.4827029087873,0.633402387503002
6.51261806716259,0.626182066147098
6.54253241246134,0.619096014469006
6.57244593986356,0.612142783805509
6.60235864453043,0.605320453789617
6.6322705216041,0.598626685151927
6.66218156620761,0.592058773565476
6.6920917734447,0.585613704032664
6.72200113839962,0.579288205315738
6.75190965613704,0.573078803920273
6.78181732170186,0.566981877153457
6.81172413011904,0.560993704796218
6.84163007639344,0.555110518949676
6.87153515550968,0.549328551642178
6.90143936243197,0.543644079812836
6.93134269210393,0.538053467320786
6.96124513944843,0.532553203666025
6.99114669936743,0.527139939147092
7.02104736674183,0.521810516222916
7.05094713643124,0.516561996890054
7.08084600327389,0.511391685932135
7.11074396208636,0.506297149944828
7.14064100766351,0.501276232086814
7.17053713477824,0.496327062554318
7.20043233818132,0.491448064823354
7.23032661260122,0.486637957749394
7.26021995274394,0.481895753658239
7.29011235329281,0.477220752603763
7.32000380890833,0.472612533007758
7.34989431422794,0.468070938933551
7.37978386386591,0.463596064278294
7.40967245241307,0.459188234198148
7.43956007443668,0.45484798410604
7.4694467244802,0.450576036602579
7.49933239706316,0.446373276717254
7.52921708668087,0.442240725848665
7.55910078780431,0.438179514799401
7.58898349487989,0.43419085630313
7.61886520232926,0.430276017438437
7.64874590454912,0.426436292316152
7.67862559591101,0.422672975414348
7.70850427076109,0.418987335918096
7.73838192341997,0.415380593399663
7.76825854818248,0.411853895149452
7.79813413931744,0.408408295438923
7.82800869106751,0.405044736964334
7.85788219764891,0.401764034685003
7.88775465325125,0.398566862232135
7.91762605203728,0.395453741024811
7.94749638814274,0.392425032188826
7.97736565567603,0.389480931332349
8.00723384871808,0.386621466190338
8.0371009613221,0.383846497107826
8.06696698751333,0.381155720291175
8.09683192128883,0.378548673716657
8.12669575661726,0.376024745547796
8.15655848743864,0.373583184877319
8.18642010766412,0.371223114576656
8.2162806111757,0.368943546006263
8.24613999182607,0.366743395313939
8.27599824343831,0.364621501025984
8.30585535980566,0.362576642618003
8.3357113346913,0.360607559738483
8.36556616182806,0.358712971749037
8.39541983491821,0.35689159724086
8.42527234763319,0.355142173187069
8.45512369361335,0.353463473395657
8.48497386646771,0.351854325937308
8.51482285977369,0.350313629236481
8.54467066707685,0.348840366532558
8.57451728189065,0.347433618440379
8.60436269769612,0.346092573365765
8.63420690794168,0.344816535561358
8.66404990604281,0.343604930640913
8.69389168538178,0.342457308405582
8.72373223930739,0.34137334287331
8.7535715611347,0.340352829441813
8.78340964414472,0.339395679155968
8.81324648158415,0.338501910091706
8.84308206666509,0.337671635909652
8.87291639256475,0.336905051672693
8.90274945242514,0.336202417061542
8.9325812393528,0.335564037160918
8.96241174641851,0.334990241025458
8.99224096665696,0.334481358268652
9.02206889306645,0.33403769394936
9.05189551860862,0.333659502058444
9.08172083620811,0.333346957932447
9.11154483875224,0.33310012994159
9.14136751909073,0.332918950815498
9.17118887003537,0.332803188981726
9.20100888435966,0.332752420299141
9.23082755479855,0.332766000570413
9.26064487404806,0.332843039215318
9.29046083476501,0.332982374479078
9.32027542956659,0.333182550537795
9.35008865103014,0.333441796846138
9.37990049169272,0.333758010051212
9.4097109440508,0.334128738770874
9.43952000055992,0.334551171505309
9.46932765363433,0.335022127917506
9.49913389564665,0.3355380536819
9.52893871892749,0.336095019061223
9.55874211576509,0.336688721330032
9.588544078405,0.337314491119942
9.61834459904965,0.337967302716764
9.64814366985803,0.338641788294116
9.67794128294527,0.339332256022137
9.70773743038231,0.340032711944336
9.73753210419547,0.340736885470712
9.76732529636611,0.341438258291912
9.79711699883018,0.342130096477628
9.82690720347791,0.342805485483296
9.85669590215331,0.343457367753023
9.88648308665384,0.344078582573747
9.91626874873001,0.344661907806643
9.9460528800849,0.345200103096809
9.97583547237381,0.345685954141906
10.0056165172038,0.346112317584604
10.0353960061333,0.346472166083093
10.0651739306718,0.346758633108119
10.0949502822789,0.346965057014681
10.1247250523647,0.347085023941237
10.1544982322887,0.347112409099235
10.1842698133595,0.347041416030853
10.2140397868347,0.346866613432745
10.2438081439198,0.34658296916827
10.2735748757684,0.346185881119687
10.3033399734812,0.345671204564916
10.3331034281061,0.345035275800219
10.362865230637,0.344274931770085
10.392625372014,0.343387525508382
10.4223838431226,0.34237093723969
10.452140634793,0.341223581036355
10.4818957378003,0.339944406974495
10.511649142863,0.338532898780382
10.5414008406435,0.336989067006775
10.5711508217469,0.335313437826235
10.6008990767207,0.333507037574732
10.6306455960544,0.331571373223257
10.6603903701787,0.329508408997272
10.6901333894654,0.327320539403118
10.7198746442263,0.325010558956429
10.7496141247131,0.322581628939846
10.7793518211167,0.320037241545474
10.8090877235665,0.317381181781212
10.8388218221301,0.314617487539153
10.8685541068126,0.311750408238467
10.8982845675559,0.308784362464282
10.9280131942385,0.305723895028354
10.9577399766742,0.302573633876325
10.9874649046125,0.299338247260549
11.0171879677371,0.296022401586778
11.0469091556657,0.292630720327711
11.0766284579495,0.289167744376711
11.1063458640721,0.285637894191336
11.1360613634496,0.282045434048978
11.1657749454292,0.278394438706272
11.195486599289,0.274688762720576
11.2251963142374,0.270932012656127
11.254904079412,0.267127522359996
11.2846098838795,0.263278331454255
11.3143137166346,0.259387167151268
11.3440155665996,0.255456429459501
11.3737154226234,0.251488179807852
11.4034132734812,0.247484133078229
11.4331091078734,0.243445652999043
11.4628029144253,0.239373750817128
11.4924946816858,0.235269087132748
11.5221843981274,0.231131976752105
11.5518720521448,0.226962396384612
11.5815576320547,0.222759994988267
11.6112411260945,0.218524106546175
11.640922522422,0.21425376504062
11.6706018091145,0.20994772137835
11.7002789741677,0.205604462011892
11.7299540054955,0.201222228996747
11.7596268909286,0.19679904122324
11.7892976182142,0.19233271656442
11.8189661750148,0.187820894687593
11.8486325489076,0.183261060286587
11.8782967273835,0.178650566504437
11.9079586978464,0.173986658331466
11.9376184476121,0.169266495781505
11.9672759639079,0.164487176668695
11.9969312338713,0.15964575882867
12.026584244549,0.154739281650508
12.0562349828966,0.149764786809065
12.0858834357771,0.144719338111063
12.1155295899603,0.139600040391762
12.1451734321216,0.134404057422145
12.1748149488414,0.129128628808686
12.2044541266039,0.123771085888587
12.2340909517962,0.118328866642668
12.2637254107072,0.11279952966532
12.2933574895269,0.107180767246092
12.3229871743452,0.101470417630074
12.3526144511506,0.0956664765343573
12.3822393058299,0.0897671080050744
12.4118617241664,0.0837706547040424
12.4414816918393,0.0776756477156288
12.4710991944225,0.0714808159632101
12.5007142173835,0.0651850953206035
12.5303267460823,0.0587876374971632
12.5599367657703,0.0522878187661053
12.5895442615892,0.0456852485941477
12.6191492185699,0.0389797782170636
12.6487516216313,0.0321715091904924
12.6783514555789,0.0252608019285994
12.7079487051043,0.0182482842253862
12.737543354783,0.0111348597347387
12.7671353890742,0.00392171636636096
12.7967247923188,-0.00338966546440123
12.8263115487387,-0.0107975048135112
12.8558956424352,-0.0182997125106947
12.8854770573877,-0.0258938839030085
12.9150557774527,-0.0335772921707083
12.9446317863623,-0.0413468823603047
12.9742050677228,-0.0491992662914589
13.0037756050137,-0.0571307185037186
13.0333433815859,-0.0651371734159349
13.0629083806604,-0.0732142238752385
13.0924705853273,-0.0813571212736157
13.1220299785439,-0.0895607774081482
13.1515865431335,-0.0978197682559871
13.181140261784,-0.10612833982691
13.2106911170462,-0.114480416244975
13.2402390913326,-0.122869610196401
13.2697841669156,-0.131289235863381
13.2993263259262,-0.139732324443401
13.3288655503522,-0.148191642330783
13.358401822037,-0.156659712011979
13.3879351226775,-0.16512883569881
13.4174654338229,-0.173591121694734
13.446992736873,-0.182038513458582
13.4765170130762,-0.190462821298447
13.5060382435284,-0.198855756596
13.5355564091707,-0.207208968428602
13.5650714907879,-0.215514082423907
13.5945834690071,-0.223762741649347
13.6240923242952,-0.231946649307586
13.6535980369578,-0.240057612978962
13.6831005871368,-0.248087590123699
13.7125999548089,-0.256028734530514
13.7420961197838,-0.263873443374568
13.7715890617019,-0.271614404527011
13.8010787600325,-0.279244643740712
13.8305651940723,-0.286757571322754
13.8600483429426,-0.294147027893876
13.889528185588,-0.301407328828715
13.919004700774,-0.308533306968473
13.9484778670849,-0.315520353199706
13.9779476629218,-0.32236445449935
14.0074140665007,-0.32906222905698
14.0368770558498,-0.335610958100505
14.0663366088077,-0.342008614071067
14.095792703021,-0.348253884816715
14.1252453159423,-0.354346193502213
14.1546944248274,-0.360285713964022
14.1841400067336,-0.366073381274685
14.2135820385167,-0.371710897319334
14.2430204968294,-0.377200731228387
14.2724553581178,-0.382546114554382
14.30188659862,-0.387751031126834
14.331314194363,-0.39282020156659
14.3607381211601,-0.397759062489796
14.3901583546088,-0.402573740480946
14.4195748700877,-0.407271020963841
14.4489876427541,-0.411858312148271
14.4783966475414,-0.416343604278174
14.5078018591558,-0.420735424453497
14.5372032520744,-0.425042787342393
14.5666008005416,-0.429275142142202
14.5959944785667,-0.433442316186505
14.6253842599209,-0.437554455630786
14.6547701181342,-0.441621963680591
14.6841520264925,-0.445655436853082
14.7135299580346,-0.449665599785233
14.7429038855491,-0.453663239119257
14.7722737815713,-0.457659137008011
14.8016396183799,-0.461664004789918
14.8310013679937,-0.465688417384152
14.8603590021689,-0.469742748952526
14.8897124923947,-0.473837110364621
14.9190618098911,-0.477981288987301
14.9484069256046,-0.482184691298989
14.9777478102049,-0.486456288803151
15.0070844340819,-0.490804567684638
15.0364167673411,-0.495237482617066
15.0657447798009,-0.499762415089843
15.0950684409883,-0.50438613658005
15.1243877201353,-0.509114776847638
15.1537025861752,-0.513953797582984
15.1830130077382,-0.518907971584048
15.2123189531482,-0.523981367587053
15.2416203904182,-0.529177340820087
15.2709172872462,-0.534498529294222
15.3002096110114,-0.539946855791904
15.3294973287697,-0.54552353545851
15.3587804072496,-0.55122908885033
15.3880588128474,-0.557063360241703
15.4173325116235,-0.563025540945882
15.4466014692971,-0.569114197359291
15.4758656512421,-0.575327303397261
15.5051250224823,-0.581662276951944
15.5343795476867,-0.588116019969907
15.5636291911645,-0.59468496171855
15.5928739168605,-0.601365104787023
15.6221136883499,-0.608152073349094
15.6513484688331,-0.615041163202474
15.680578221131,-0.62202739309159
15.7098029076793,-0.629105556818701
15.7390224905233,-0.636270275651466
15.7682369313128,-0.643516050543558
15.7974461912958,-0.65083731369839
15.826650231314,-0.658228479024351
15.8558490117959,-0.665683991052633
15.885042492752,-0.673198371915749
15.9142306337682,-0.680766266015324
15.9434133940001,-0.688382482041747
15.9725907321669,-0.696042032044962
16.0017626065451,-0.703740167294669
16.0309289749619,-0.711472410709114
16.0600897947894,-0.71923458567365
16.0892450229373,-0.727022841113175
16.1183946158469,-0.734833672725537
16.1475385294837,-0.74266394032576
16.1766767193308,-0.750510881292858
16.2058091403819,-0.75837212015166
16.2349357471339,-0.766245674360984
16.26405649358,-0.774129956416258
16.2931713332016,-0.78202377240898
16.3222802189613,-0.789926317216826
16.3513831032951,-0.797837166526518
16.3804799381043,-0.805756265916577
16.4095706747477,-0.813683917248492
16.4386552640336,-0.821620762632686
16.467733656211,-0.829567766249674
16.4968058009618,-0.837526194317206
16.5258716473915,-0.845497593500735
16.5549311440211,-0.853483768067544
16.5839842387777,-0.86148675608425
16.6130308789857,-0.86950880495346
16.6420710113572,-0.8775523465782
16.6711045819829,-0.885619972432617
16.7001315363221,-0.893714408804639
16.7291518191933,-0.901838492461014
16.7581653747639,-0.90999514696775
16.7871721465399,-0.918187359879719
16.816172077356,-0.926418160992432
16.8451651093644,-0.934690601827005
16.8741511840244,-0.943007736496415
16.9031302420913,-0.951372604077678
16.9321022236052,-0.959788212590796
16.9610670678792,-0.968257524661451
16.9900247134882,-0.976783444920906
17.0189750982569,-0.985368809173429
17.0479181592472,-0.994016375339204
17.0768538327464,-1.0027288161592
17.1057820542543,-1.01150871362806
17.1347027584702,-1.020358555102
17.1636158792799,-1.02928073101072
17.1925213497421,-1.03827753408637
17.2214191020751,-1.04735116000735
17.2503090676424,-1.05650370934213
17.2791911769384,-1.06573719066626
17.3080653595744,-1.07505352471636
17.336931544263,-1.08445454943637
17.3657896588035,-1.09394202576519
17.3946396300661,-1.10351764400985
17.4234813839764,-1.11318303064526
17.4523148454987,-1.12293975537998
17.4811399386203,-1.13278933832735
17.5099565863338,-1.14273325712304
17.5387647106208,-1.15277295383261
17.5675642324335,-1.16290984149725
17.5963550716774,-1.17314531017155
17.6251371471926,-1.18348073231373
17.6539103767354,-1.19391746739736
17.6826746769589,-1.20445686562252
17.7114299633935,-1.21510027061509
17.7401761504272,-1.22584902101401
17.7689131512849,-1.23670445085909
17.7976408780076,-1.24766788870506
17.8263592414313,-1.25874065540192
17.855068151165,-1.26992406049641
17.8837675155685,-1.28121939722538
17.9124572417296,-1.29262793608755
17.9411372354408,-1.30415091699733
17.9698074011757,-1.31578954004113
17.9984676420643,-1.32754495487392
18.0271178598685,-1.33941824881133
18.0557579549562,-1.35141043368971
18.0843878262757,-1.36352243158407
18.1130073713287,-1.37575505949023
18.1416164861432,-1.38810901309419
18.1702150652454,-1.40058484976707
18.1988030016314,-1.41318297093861
18.227380186738,-1.42590360401619
18.2559465104124,-1.43874678402806
18.284501860882,-1.45171233518103
18.3130461247228,-1.4647998525316
18.3415791868275,-1.47800868397714
18.3701009303725,-1.49133791277936
18.3986112367841,-1.5047863408354
18.4271099857046,-1.51835247291328
18.4555970549563,-1.5320345020671
18.4840723205058,-1.54583029644394
18.5125356564268,-1.55973738768808
18.5409869348621,-1.57375296114018
18.5694260259849,-1.58787384801732
18.5978527979589,-1.60209651974711
18.626267116897,-1.61641708461285
18.6546688468203,-1.63083128684891
18.6830578496143,-1.64533450830546
18.7114339849855,-1.65992177277964
18.7397971104161,-1.67458775308666
18.7681470811175,-1.68932678091913
18.7964837499833,-1.70413285951682
18.8248069675403,-1.71899967914161
18.8531165818987,-1.73392063532488
18.8814124387007,-1.74888884982642
18.9096943810683,-1.7638971942161
18.9379622495491,-1.77893831596192
18.966215882061,-1.79400466688149
18.9944551138355,-1.80908853378813
19.0226797773593,-1.82418207113866
19.0508897023143,-1.83927733546744
19.0790847155166,-1.85436632137083
19.1072646408529,-1.86944099878778
19.1354292992156,-1.88449335130692
19.1635785084368,-1.89951541521743
19.1917120832193,-1.91449931901085
19.2198298350668,-1.92943732303417
19.2479315722112,-1.94432185899039
19.2760170995387,-1.95914556898216
19.3040862185136,-1.97390134379636
19.3321387270994,-1.9885823601331
19.3601744196789,-2.00318211649097
19.3881930869707,-2.01769446743191
19.4161945159443,-2.03211365596324
19.4441784897323,-2.04643434379103
19.4721447875402,-2.06065163921797
19.5000931845538,-2.07476112248012
19.5280234518437,-2.08875886833965
19.5559353562668,-2.10264146577519
19.5838286603656,-2.11640603463664
19.6117031222638,-2.13005023915803
19.6395584955596,-2.14357229824877
19.6673945292149,-2.15697099251072
19.695210967442,-2.17024566795569
19.7230075495865,-2.18339623642461
19.7507840100071,-2.1964231727356
19.778540077951,-2.20932750861315
19.806275477426,-2.22211082347485
19.8339899270693,-2.23477523217397
19.8616831400107,-2.24732336981801
19.8893548237332,-2.25975837380169
19.9170046799284,-2.27208386321088
19.9446324043474,-2.28430391576908
19.9722376866476,-2.2964230425117
19.9998202102337,-2.30844616038465
