-20,-3.37419037138621
-19.9731458957243,-3.36060268398233
-19.9462806662312,-3.34681167343837
-19.9194043412487,-3.33282521261929
-19.8925169504279,-3.3186514282416
-19.8656185233436,-3.30429865902101
-19.8387090894948,-3.28977541281977
-19.8117886783042,-3.27509032304868
-19.7848573191192,-3.26025210459186
-19.7579150412117,-3.24526950953313
-19.7309618737786,-3.23015128297123
-19.7039978459419,-3.21490611921674
-19.6770229867489,-3.19954261866693
-19.6500373251726,-3.18406924565439
-19.623040890112,-3.16849428756305
-19.596033710392,-3.15282581549932
-19.569015814764,-3.13707164679772
-19.541987231906,-3.12123930962874
-19.5149479904229,-3.10533600996307
-19.4878981188465,-3.08936860112892
-19.4608376456361,-3.07334355618068
-19.4337665991787,-3.05726694327499
-19.4066850077888,-3.04114440422716
-19.3795928997092,-3.02498113639546
-19.352490303111,-3.00878187801332
-19.3253772460936,-2.99255089706211
-19.2982537566855,-2.97629198374692
-19.2711198628439,-2.96000844660877
-19.2439755924556,-2.94370311227557
-19.2168209733364,-2.92737832882455
-19.1896560332322,-2.91103597269825
-19.1624807998188,-2.89467745908723
-19.1352953007021,-2.87830375566366
-19.1080995634183,-2.86191539952311
-19.0808936154345,-2.84551251716563
-19.0536774841485,-2.82909484732335
-19.0264511968893,-2.81266176641963
-18.9992147809172,-2.79621231642507
-18.971968263424,-2.77974523485785
-18.9447116715335,-2.76325898666135
-18.9174450323012,-2.74675179767934
-18.8901683727153,-2.73022168943973
-18.862881719696,-2.71366651495118
-18.8355851000965,-2.69708399521309
-18.8082785407029,-2.68047175613842
-18.7809620682343,-2.66382736559086
-18.7536357093434,-2.64714837024263
-18.7262994906164,-2.63043233196613
-18.6989534385732,-2.61367686348311
-18.671597579668,-2.59687966300701
-18.644231940289,-2.58003854762858
-18.6168565467591,-2.56315148521204
-18.5894714253358,-2.54621662458658
-18.5620766022115,-2.52923232383886
-18.5346721035139,-2.51219717653295
-18.507257955306,-2.49511003570688
-18.4798341835862,-2.4779700355182
-18.452400814289,-2.46077661043475
-18.4249578732847,-2.44352951189116
-18.3975053863798,-2.42622882235564
-18.3700433793175,-2.40887496677579
-18.3425718777774,-2.39146872139557
-18.3150909073761,-2.37401121995852
-18.2876004936673,-2.35650395733417
-18.2601006621419,-2.33894879062531
-18.2325914382284,-2.32134793783334
-18.205072847293,-2.30370397417678
-18.1775449146399,-2.28601982617427
-18.1500076655112,-2.26829876361795
-18.1224611250877,-2.25054438957571
-18.0949053184884,-2.23276062857136
-18.0673402707714,-2.21495171310032
-18.0397660069335,-2.1971221686452
-18.0121825519109,-2.17927679735984
-17.9845899305791,-2.16142066059276
-17.9569881677531,-2.14355906042188
-17.9293772881879,-2.12569752036995
-17.9017573165782,-2.10784176546774
-17.8741282775593,-2.08999770182597
-17.8464901957066,-2.07217139587092
-17.8188430955362,-2.05436905338999
-17.7911870015051,-2.0365969985241
-17.7635219380112,-2.018861652833
-17.7358479293936,-2.00116951454805
-17.7081649999329,-1.98352713811451
-17.6804731738513,-1.96594111411231
-17.6527724753128,-1.94841804963085
-17.6250629284234,-1.93096454916023
-17.5973445572313,-1.91358719604701
-17.5696173857271,-1.89629253455013
-17.5418814378441,-1.87908705251902
-17.5141367374583,-1.86197716470411
-17.4863833083886,-1.84496919669818
-17.4586211743973,-1.82806936949625
-17.4308503591899,-1.81128378465246
-17.4030708864157,-1.79461841000371
-17.3752827796674,-1.77807906592279
-17.3474860624821,-1.76167141205811
-17.3196807583406,-1.74540093451271
-17.2918668906685,-1.72927293341256
-17.2640444828355,-1.71329251081271
-17.2362135581563,-1.69746455889033
-17.2083741398904,-1.68179374837516
-17.1805262512425,-1.66628451717132
-17.1526699153625,-1.65094105912878
-17.1248051553457,-1.63576731292906
-17.0969319942332,-1.62076695105655
-17.0690504550119,-1.60594336883522
-17.0411605606148,-1.59129967351996
-17.0132623339209,-1.57683867344147
-16.9853557977559,-1.56256286721478
-16.9574409748919,-1.54847443303249
-16.9295178880478,-1.53457521807564
-16.9015865598894,-1.52086672808674
-16.8736470130298,-1.50735011716138
-16.8456992700293,-1.49402617782637
-16.8177433533957,-1.48089533148332
-16.7897792855845,-1.4679576193075
-16.7618070889991,-1.45521269370122
-16.7338267859908,-1.44265981041015
-16.7058383988593,-1.43029782141863
-16.6778419498526,-1.41812516874661
-16.6498374611673,-1.40613987927597
-16.6218249549486,-1.39433956073774
-16.593804453291,-1.38272139899361
-16.5657759782377,-1.37128215674562
-16.5377395517814,-1.36001817380652
-16.5096951958642,-1.3489253690598
-16.4816429323779,-1.3379992442336
-16.453582783164,-1.32723488960557
-16.425514770014,-1.316626991747
-16.3974389146696,-1.30616984340392
-16.3693552388227,-1.29585735560037
-16.341263764116,-1.28568307203528
-16.3131645121425,-1.27564018582822
-16.2850575044462,-1.26572155865276
-16.2569427625222,-1.25591974227705
-16.2288203078166,-1.24622700251221
-16.2006901617269,-1.23663534554772
-16.1725523456022,-1.22713654663229
-16.1444068807432,-1.21772218103572
-16.1162537884026,-1.20838365720529
-16.0880930897848,-1.19911225200708
-16.0599248060467,-1.18989914792011
-16.0317489582975,-1.18073547202834
-16.0035655675987,-1.17161233663391
-15.9753746549647,-1.16252088129353
-15.9471762413627,-1.15345231605956
-15.9189703477129,-1.14439796568828
-15.8907569948887,-1.13534931456022
-15.8625362037167,-1.12629805204109
-15.8343079949772,-1.11723611799792
-15.806072389404,-1.10815574817263
-15.7778294076849,-1.09904951910544
-15.7495790704615,-1.08991039229268
-15.7213213983296,-1.08073175725872
-15.6930564118393,-1.07150747321909
-15.6647841314954,-1.06223190901213
-15.6365045777569,-1.05289998097949
-15.6082177710379,-1.04350718848171
-15.5799237317074,-1.03404964674361
-15.5516224800893,-1.02452411673578
-15.523314036463,-1.01492803181279
-15.4949984210632,-1.00525952084545
-15.4666756540802,-0.995517427604156
-15.43834575566,-0.985701326172471
-15.4100087459043,-0.97581153219409
-15.3816646448713,-0.965849109783296
-15.353313472575,-0.955815873957
-15.3249552489858,-0.945714388477011
-15.2965899940307,-0.935547959022536
-15.2682177275933,-0.925320621645895
-15.2398384695139,-0.915037126498301
-15.2114522395899,-0.904702916846894
-15.1830590575758,-0.894324103439125
-15.1546589431833,-0.883907434305527
-15.1262519160814,-0.873460260126446
-15.0978379958969,-0.862990495322457
-15.0694172022141,-0.85250657506154
-15.0409895545752,-0.84201740840804
-15.0125550724805,-0.831532327869219
-14.9841137753883,-0.821061035624133
-14.9556656827153,-0.81061354674662
-14.9272108138366,-0.800200129758963
-14.898749188086,-0.789831244875188
-14.8702808247558,-0.779517480312698
-14.8418057430975,-0.76926948706798
-14.8133239623213,-0.759097912566109
-14.7848355015969,-0.749013333604648
-14.756340380053,-0.739026189020567
-14.727838616778,-0.729146712513181
-14.6993302308198,-0.719384866057482
-14.6708152411861,-0.709750274340429
-14.6422936668445,-0.70025216064743
-14.6137655267226,-0.690899284617895
-14.585230839708,-0.681699882277371
-14.5566896246491,-0.672661608739144
-14.5281419003542,-0.663791483950884
-14.4995876855926,-0.655095841841742
-14.4710269990941,-0.646580283202653
-14.4424598595496,-0.638249632607582
-14.4138862856107,-0.630107899656188
-14.3853062958906,-0.622158244789198
-14.3567199089634,-0.614402949896977
-14.3281271433648,-0.606843393909514
-14.299528017592,-0.599480033522372
-14.2709225501041,-0.592312389178769
-14.2423107593218,-0.58533903639287
-14.2136926636279,-0.578557602463679
-14.1850682813674,-0.571964768593329
-14.1564376308473,-0.56555627738793
-14.1278007303373,-0.559326945683924
-14.0991575980694,-0.553270682608314
-14.0705082522384,-0.547380512747427
-14.0418527110017,-0.541648604266339
-14.0131909924798,-0.536066301789646
-13.9845231147562,-0.530624163824882
-13.9558490958776,-0.52531200448152
-13.927168953854,-0.520118939212939
-13.8984827066589,-0.51503343428443
-13.8697903722292,-0.510043359649085
-13.8410919684659,-0.505136044893867
-13.8123875132335,-0.500298337901803
-13.7836770243606,-0.495516665862063
-13.7549605196398,-0.490777098248344
-13.7262380168282,-0.486065411377837
-13.697509533647,-0.481367154156981
-13.668775087782,-0.476667714617786
-13.6400346968836,-0.471952386848578
-13.611288378567,-0.467206437925956
-13.5825361504122,-0.462415174460642
-13.5537780299643,-0.457564008378636
-13.5250140347335,-0.452638521570314
-13.4962441821951,-0.447624529054128
-13.46746848979,-0.442508140317969
-13.4386869749245,-0.437275818520185
-13.4098996549706,-0.431914437252988
-13.3811065472659,-0.426411334594274
-13.3523076691142,-0.420754364198324
-13.3235030377849,-0.414931943202628
-13.2946926705139,-0.408933096755412
-13.265876584503,-0.402747498997574
-13.2370547969208,-0.396365510362212
-13.208227324902,-0.389778211085225
-13.1793941855481,-0.382977430850911
-13.1505553959274,-0.37595577452705
-13.121710973075,-0.368706643973894
-13.0928609339928,-0.361224255941355
-13.0640052956502,-0.353503656096951
-13.0351440749836,-0.345540729254864
-13.0062772888966,-0.337332205902129
-12.9774049542606,-0.328875665142423
-12.9485270879142,-0.320169534200126
-12.9196437066642,-0.311213084647243
-12.8907548272847,-0.302006425533548
-12.8618604665181,-0.292550493615284
-12.8329606410747,-0.282847040889912
-12.804055367633,-0.272898619654008
-12.7751446628399,-0.262708565307655
-12.7462285433105,-0.252280977132298
-12.7173070256286,-0.241620697269468
-12.6883801263466,-0.230733288125204
-12.6594478619856,-0.219625008419754
-12.6305102490357,-0.208302788093967
-12.6015673039559,-0.196774202272888
-12.5726190431743,-0.185047444474126
-12.5436654830882,-0.173131299232931
-12.5147066400643,-0.161035114298841
-12.4857425304388,-0.148768772539576
-12.4567731705172,-0.136342663667907
-12.427798576575,-0.123767655885647
-12.3988187648572,-0.111055067517395
-12.3698337515789,-0.0982166386844838
-12.3408435529252,-0.0852645030475969
-12.3118481850512,-0.0722111596253754
-12.2828476640822,-0.0590694446757141
-12.2538420061141,-0.0458525036074597
-12.2248312272131,-0.0325737628725804
-12.1958153434158,-0.0192469017735988
-12.1667943707298,-0.00588582410761518
-12.1377683251332,0.00749537044214676
-12.1087372225751,0.0208824152644631
-12.0797010789758,0.034260906229683
-12.0506599102264,0.0476163316545559
-12.0216137321893,0.060934102924449
-11.9925625606984,0.0741995858704705
-11.9635064115589,0.0873981329910229
-11.9344453005475,0.100515116596135
-11.9053792434127,0.113535962938712
-11.8763082558746,0.126446187379916
-11.8472323536253,0.13923143061584
-11.8181515523288,0.151877495970943
-11.7890658676211,0.164370387739215
-11.7599753151107,0.176696350528498
-11.7308799103779,0.188841909536045
-11.7017796689759,0.200793911655659
-11.67267460643,0.212539567288214
-11.6435647382383,0.224066492699254
-11.6144500798716,0.235362752739455
-11.5853306467734,0.246416903717229
-11.5562064543604,0.257218036187453
-11.5270775180219,0.267755817397134
-11.4979438531206,0.278020533108098
-11.4688054749925,0.288003128498758
-11.4396623989466,0.297695247832362
-11.4105146402657,0.307089272567872
-11.3813622142058,0.316178357582405
-11.3522051359967,0.324956465170768
-11.3230434208421,0.333418396488721
-11.2938770839191,0.34155982011201
-11.2647061403792,0.349377297393037
-11.2355306053476,0.35686830431127
-11.2063504939238,0.364031249532236
-11.1771658211815,0.370865488412825
-11.1479766021687,0.377371332717516
-11.118782851908,0.383550055840864
-11.0895845853963,0.389403893365856
-11.0603818176052,0.394936038824888
-11.0311745634811,0.400150634570156
-11.0019628379453,0.405052757702421
-10.9727466558938,0.40964840105087
-10.9435260321978,0.413944449242074
-10.9143009817036,0.417948649941529
-10.8850715192327,0.421669580397221
-10.8558376595818,0.425116609459845
-10.8265994175233,0.428299855298572
-10.7973568078047,0.431230139073818
-10.7681098451496,0.433918934868927
-10.7388585442569,0.436378316220409
-10.7096029198014,0.438620899620947
-10.6803429864339,0.440659785400243
-10.6510787587811,0.442508496415861
-10.6218102514458,0.44418091500857
-10.592537479007,0.445691218694712
-10.5632604560199,0.447053815080945
-10.5339791970161,0.448283276494646
-10.5046937165038,0.449394274825877
-10.4754040289674,0.450401517074216
-10.4461101488683,0.451319682085888
-10.4168120906446,0.452163358953737
-10.3875098687109,0.452946987534443
-10.3582034974591,0.453684801514722
-10.3288929912579,0.454390774430884
-10.2995783644533,0.455078569014592
-10.2702596313683,0.455761490202381
-10.2409368063032,0.456452442107629
-10.2116099035358,0.457163889212104
-10.1822789373214,0.45790782198986
-10.1529439218927,0.458695727130252
-10.1236048714602,0.459538562479359
-10.0942618002119,0.460446736770454
-10.0649147223141,0.461430094165763
-10.0355636519105,0.462497903583134
-10.0062086031232,0.463658852733609
-9.97684959005213,0.464921046749694
-9.94748662677564,0.466292011239442
-9.9181197273502,0.467778699559581
-9.88874890581072,0.469387504061313
-9.85937417617055,0.471124271026437
-9.82999555242159,0.472994318978714
-9.80061304853436,0.475002460026758
-9.77122667845811,0.477153023870169
-9.7418364561209,0.479449884080367
-9.71244239542968,0.481896486252225
-9.68304451027039,0.484495877611359
-9.65364281450803,0.487250737656012
-9.62423732198675,0.490163409410801
-9.59482804652998,0.493235930872942
-9.56541500194042,0.49647006623934
-9.53599820200022,0.499867336515138
-9.50657766047101,0.503429049120776
-9.47715339109404,0.5071563261351
-9.4477254075902,0.511050130836146
-9.41829372366013,0.515111292228745
-9.38885835298432,0.519340527278594
-9.3594193092232,0.523738460605692
-9.32997660601716,0.528305641425266
-9.30053025698674,0.533042557561732
-9.27108027573263,0.537949646399614
-9.24162667583577,0.543027302675064
-9.21216947085745,0.54827588305151
-9.18270867433941,0.553695707463177
-9.15324429980386,0.559287057249925
-9.12377636075363,0.565050170145813
-9.09430487067222,0.570985232221616
-9.06482984302388,0.577092366917764
-9.0353512912537,0.583371621338575
-9.00586922878771,0.589822950010625
-8.97638366903292,0.596446196337986
-8.94689462537743,0.603241072013521
-8.91740211119052,0.610207134669629
-8.8879061398227,0.61734376407211
-8.85840672460582,0.624650137178357
-8.82890387885314,0.632125202394615
-8.79939761585941,0.639767653377529
-8.76988794890092,0.647575902731568
-8.74037489123567,0.655548055957116
-8.71085845610335,0.663681886003328
-8.68133865672545,0.671974808775751
-8.65181550630538,0.680423859941119
-8.62228901802851,0.689025673360909
-8.59275920506225,0.697776461471012
-8.56322608055615,0.706671997907918
-8.53368965764194,0.715707602661773
-8.50414994943368,0.724878130014179
-8.47460696902775,0.734177959493678
-8.445060729503,0.743600990054745
-8.41551124392078,0.75314063765726
-8.38595852532504,0.762789836392752
-8.35640258674244,0.77254104327195
-8.32684344118235,0.782386246755085
-8.29728110163697,0.792316979072758
-8.26771558108145,0.802324332351013
-8.23814689247389,0.81239897851972
-8.20857504875546,0.822531192949192
-8.17900006285045,0.83271088172603
-8.1494219476664,0.842927612445688
-8.11984071609411,0.853170648367175
-8.09025638100777,0.863428985743823
-8.060668955265,0.873691394114349
-8.03107845170693,0.883946459310373
-8.00148488315829,0.894182628910141
-7.9718882624275,0.904388259844154
-7.94228860230669,0.914551667836477
-7.91268591557184,0.924661178346142
-7.88308021498279,0.934705178656269
-7.8534715132834,0.94467217074456
-7.82385982320151,0.954550824557824
-7.79424515744913,0.964330031305085
-7.76462752872245,0.973998956378956
-7.73500694970189,0.983547091513245
-7.70538343305227,0.992964305786177
-7.67575699142278,1.00224089508341
-7.64612763744711,1.0113676296429
-7.61649538374352,1.02033579931494
-7.58686024291487,1.02913725618488
-7.55722222754877,1.0377644542235
-7.52758135021759,1.04621048565038
-7.49793762347855,1.05446911371848
-7.4682910598738,1.0625348016544
-7.43864167193047,1.07040273751679
-7.40898947216079,1.07806885476576
-7.3793344730621,1.08552984836934
-7.34967668711699,1.09278318630653
-7.32001612679331,1.09982711636314
-7.29035280454425,1.10666066815304
-7.26068673280847,1.11328365033569
-7.23101792401011,1.11969664303907
-7.20134639055887,1.12590098553591
-7.1716721448501,1.13189875925955
-7.14199519926488,1.13769276628385
-7.11231556617004,1.14328650342856
-7.08263325791829,1.14868413218764
-7.05294828684826,1.15389044471235
-7.02326066528455,1.15891082611333
-6.99357040553786,1.16375121337617
-6.963877519905,1.16841805121259
-6.93418202066901,1.1729182451944
-6.90448392009916,1.17725911253877
-6.87478323045111,1.18144833093223
-6.84507996396691,1.18549388579533
-6.81537413287508,1.18940401640129
-6.78566574939072,1.19318716126928
-6.75595482571554,1.19685190325624
-6.72624137403792,1.20040691477082
-6.69652540653302,1.20386090352837
-6.66680693536282,1.20722255925717
-6.63708597267618,1.2105005017543
-6.60736253060895,1.21370323067269
-6.577636621284,1.21683907740177
-6.54790825681127,1.21991615938065
-6.51817744928792,1.22294233715683
-6.48844421079829,1.22592517447397
-6.45870855341407,1.22887190164102
-6.42897048919427,1.23178938240082
-6.39923003018539,1.23468408448088
-6.3694871884214,1.23756205397174
-6.33974197592384,1.24042889364032
-6.30999440470189,1.2432897452469
-6.28024448675246,1.24614927589538
-6.25049223406019,1.2490116684079
-6.22073765859759,1.25188061567692
-6.19098077232506,1.2547593189109
-6.16122158719098,1.2576504896543
-6.13146011513175,1.26055635542929
-6.10169636807188,1.26347866881495
-6.07193035792407,1.26641871975142
-6.04216209658921,1.26937735083034
-6.01239159595653,1.27235497531013
-5.98261886790361,1.27535159757578
-5.95284392429645,1.27836683574618
-5.92306677698956,1.28139994612069
-5.89328743782602,1.28444984914756
-5.8635059186375,1.28751515659252
-5.83372223124441,1.2905941995848
-5.80393638745588,1.29368505722109
-5.77414839906988,1.2967855854138
-5.74435827787324,1.29989344568082
-5.71456603564177,1.30300613358654
-5.68477168414029,1.30612100656086
-5.65497523512267,1.30923531084191
-5.62517670033195,1.31234620730985
-5.59537609150038,1.31545079600354
-5.56557342034944,1.31854613913723
-5.53576869859001,1.32162928246207
-5.5059619379223,1.32469727484584
-5.47615315003603,1.32774718597308
-5.44634234661042,1.33077612209807
-5.41652953931429,1.33378123981183
-5.38671473980609,1.33675975781433
-5.35689795973402,1.33970896671064
-5.32707921073604,1.34262623687739
-5.29725850443993,1.34550902447145
-5.2674358524634,1.3483548756766
-5.23761126641412,1.35116142930571
-5.2077847578898,1.3539264178955
-5.17795633847821,1.35664766744785
-5.14812601975728,1.35932309598546
-5.1182938132952,1.36195071110152
-5.08845973065038,1.36452860669074
-5.05862378337159,1.36705495905471
-5.02878598299802,1.3695280225767
-4.99894634105931,1.37194612516008
-4.96910486907563,1.3743076636208
-4.93926157855772,1.37661109921787
-4.90941648100698,1.37885495349603
-4.87956958791554,1.38103780460335
-4.84972091076627,1.38315828423198
-4.8198704610329,1.38521507531394
-4.79001825018002,1.38720691058584
-4.76016428966322,1.38913257211666
-4.73030859092907,1.39099089187177
-4.70045116541523,1.39278075336455
-4.67059202455052,1.39450109442472
-4.64073117975491,1.39615091108957
-4.61086864243968,1.39772926260196
-4.58100442400739,1.39923527747664
-4.55113853585201,1.40066816057516
-4.52127098935894,1.40202720110917
-4.49140179590507,1.40331178147288
-4.46153096685887,1.40452138678815
-4.43165851358042,1.40565561502984
-4.4017844474215,1.40671418758585
-4.3719087797256,1.40769696009473
-4.34203152182803,1.40860393339499
-4.31215268505597,1.40943526441402
-4.28227228072851,1.41019127682049
-4.25239032015671,1.41087247126327
-4.22250681464369,1.41147953502145
-4.19262177548466,1.41201335089389
-4.16273521396699,1.4124750051641
-4.13284714137027,1.41286579448461
-4.10295756896636,1.4131872315372
-4.07306650801947,1.41344104933859
-4.04317396978618,1.41362920407675
-4.01327996551557,1.41375387638035
-3.98338450644918,1.41381747094253
-3.95348760382116,1.41382261444003
-3.92358926885827,1.41377215170946
-3.89368951277998,1.41366914016381
-3.86378834679849,1.41351684245412
-3.83388578211881,1.41331871740243
-3.80398182993882,1.4130784092539
-3.77407650144933,1.41279973531602
-3.74416980783412,1.41248667207305
-3.71426176027,1.41214333988178
-3.68435236992691,1.41177398637211
-3.65444164796791,1.41138296869082
-3.6245296055493,1.41097473474056
-3.59461625382064,1.41055380357712
-3.56470160392483,1.41012474513714
-3.53478566699815,1.4096921594749
-3.50486845417032,1.40926065569123
-3.47494997656458,1.40883483073898
-3.44503024529772,1.4084192482889
-3.41510927148013,1.40801841783643
-3.38518706621593,1.40763677422426
-3.3552636406029,1.4072786577475
-3.32533900573268,1.40694829499834
-3.2954131726907,1.40664978059493
-3.26548615255634,1.40638705992544
-3.23555795640291,1.40616391302276
-3.20562859529776,1.40598393966889
-3.17569808030231,1.40585054580998
-3.1457664224721,1.40576693134494
-3.11583363285689,1.40573607933138
-3.08589972250065,1.4057607466336
-3.05596470244168,1.40584345601857
-3.02602858371263,1.4059864896872
-2.99609137734057,1.40619188421046
-2.96615309434704,1.40646142682315
-2.93621374574812,1.40679665301248
-2.90627334255447,1.40719884532465
-2.87633189577137,1.40766903330005
-2.84638941639885,1.40820799443707
-2.81644591543166,1.40881625607626
-2.78650140385936,1.40949409808957
-2.7565558926664,1.41024155625554
-2.72660939283213,1.41105842619887
-2.6966619153309,1.41194426777323
-2.66671347113209,1.41289840976812
-2.63676407120017,1.41391995482545
-2.60681372649477,1.41500778445751
-2.5768624479707,1.41616056406663
-2.54691024657805,1.41737674787678
-2.51695713326222,1.41865458369891
-2.48700311896399,1.41999211746468
-2.45704821461956,1.42138719747726
-2.42709243116061,1.42283747834251
-2.39713577951437,1.42434042455932
-2.36717827060365,1.42589331376341
-2.33721991534693,1.42749323963452
-2.30726072465837,1.42913711449225
-2.27730070944791,1.43082167162089
-2.2473398806213,1.43254346737728
-2.21737824908016,1.43429888314915
-2.18741582572204,1.43608412724312
-2.15745262144048,1.43789523679195
-2.12748864712504,1.43972807977945
-2.09752391366139,1.44157835728863
-2.06755843193134,1.44344160608391
-2.03759221281289,1.44531320164146
-2.00762526718033,1.44718836174312
-1.97765760590423,1.44906215074869
-1.94768923985154,1.45092948465884
-1.91772017988565,1.4527851370759
-1.8877504368664,1.45462374616398
-1.85778002165018,1.45643982270109
-1.82780894508998,1.45822775930628
-1.79783721803539,1.45998184091374
-1.76786485133274,1.46169625655281
-1.7378918558251,1.46336511247929
-1.70791824235233,1.46498244668901
-1.67794402175118,1.46654224482886
-1.64796920485529,1.46803845750511
-1.61799380249529,1.46946501897261
-1.58801782549881,1.47081586717221
-1.55804128469059,1.47208496506831
-1.52806419089249,1.47326632322234
-1.49808655492356,1.47435402352346
-1.46810838760009,1.47534224398351
-1.43812969973568,1.47622528448955
-1.40815050214126,1.47699759339584
-1.37817080562519,1.47765379482526
-1.34819062099328,1.47818871654086
-1.31820995904886,1.47859741823967
-1.28822883059283,1.47887522011358
-1.25824724642369,1.47901773151687
-1.22826521733766,1.4790208795751
-1.19828275412867,1.47888093756787
-1.16829986758842,1.47859455291588
-1.13831656850648,1.47815877460287
-1.10833286767031,1.47757107986381
-1.07834877586531,1.47682939997306
-1.04836430387488,1.47593214496922
-1.01837946248049,1.47487822715776
-0.988394262461712,1.47366708323727
-0.958408714596286,1.47229869490091
-0.928422829660176,1.47077360777137
-0.89843661842761,1.46909294853358
-0.868450091671156,1.46725844013769
-0.838463260161755,1.46527241495152
-0.808476134668785,1.46313782574991
-0.77848872596011,1.46085825443624
-0.748501044802145,1.45843791839918
-0.718513101959902,1.45588167441631
-0.688524908197043,1.4531950200238
-0.658536474275933,1.4503840922798
-0.628547810957698,1.44745566385748
-0.598558929002273,1.44441713641137
-0.568569839168461,1.44127653116948
-0.538580552213991,1.43804247671163
-0.508591078895567,1.43472419390319
-0.478601429968918,1.43133147796206
-0.448611616188851,1.42787467764584
-0.41862164830931,1.42436467155554
-0.38863153708344,1.42081284156185
-0.358641293263618,1.41723104337051
-0.328650927601521,1.41363157425402
-0.298660450848178,1.41002713798843
-0.268669873754028,1.40643080704606
-0.238679207068963,1.40285598210786
-0.208688461542389,1.39931634897246
-0.178697647923277,1.39582583295325
-0.148706776960215,1.39239855086975
-0.118715859401471,1.38904876075479
-0.0887249059950375,1.38579080941549
-0.0587339274886923,1.38263907800227
-0.0287429346300405,1.37960792575719
0.00124806183341515,1.37671163213051
0.0312390511542365,1.37396433747118
0.0612300225849846,1.37137998251498
0.0912209653781755,1.36897224691071
0.121211868786222,1.36675448704198
0.151202722061367,1.3647396734181
0.181193514455662,1.36294032792314
0.211184235220873,1.36136846122643
0.241174873608464,1.36003551067087
0.271165418869523,1.35895227896714
0.301155860254708,1.35812887403168
0.331146187014189,1.35757465031423
0.361136388397626,1.35729815196675
0.391126453654067,1.3573070582088
0.421116372031938,1.35760813124584
0.451106132778953,1.35820716709494
0.481095725142092,1.35910894966833
0.511085138367521,1.36031720845788
0.541074361700563,1.36183458015346
0.571063384385616,1.36366257451497
0.601052195666125,1.36580154480193
0.631040784784515,1.36825066304511
0.661029140982132,1.37100790042322
0.691017253499207,1.3740700129825
0.721005111574785,1.37743253291002
0.750992704446683,1.3810897655414
0.780980021351435,1.38503479225145
0.810967051524217,1.38925947934222
0.840953784198827,1.39375449300643
0.870940208607608,1.39850932040688
0.900926313981399,1.40351229687339
0.930912089549483,1.408750639179
0.96089752453953,1.4142104848164
0.990882608177556,1.41987693715533
1.02086732968785,1.42573411632031
1.05085167829293,1.43176521558842
1.08083564321349,1.43795256306675
1.11081921366834,1.44427768837149
1.14080237887435,1.45072139399287
1.17078512804642,1.45726383099589
1.20076745039738,1.46388457867306
1.23074933513799,1.47056272773525
1.26073077147684,1.47727696659854
1.29071174862033,1.48400567029986
1.32069225577258,1.49072699155261
1.35067228213541,1.49741895343435
1.38065181690828,1.50405954318405
1.41063084928821,1.51062680657441
1.44060936846976,1.51709894231731
1.47058736364494,1.52345439595609
1.50056482400319,1.52967195269838
1.53054173873131,1.53573082864658
1.5605180970134,1.54161075989053
1.59049388803081,1.54729208893781
1.6204691009621,1.55275584797202
1.65044372498295,1.55798383844728
1.68041774926615,1.56295870654899
1.71039116298152,1.56766401407544
1.74036395529585,1.57208430432277
1.77033611537287,1.57620516258637
1.80030763237315,1.58001327092485
1.83027849545411,1.58349645686847
1.86024869376991,1.58664373579134
1.89021821647142,1.58944534670653
1.92018705270617,1.59189278128406
1.95015519161827,1.59397880593427
1.98012262234839,1.59569747684275
2.01008933403367,1.59704414788692
2.04005531580769,1.59801547140942
2.07002055680041,1.59860939186821
2.09998504613809,1.59882513242843
2.1299487729433,1.59866317460526
2.15991172633477,1.59812523111153
2.18987389542743,1.59721421210634
2.2198352693323,1.59593418508346
2.24979583715643,1.59429032867845
2.27975558800287,1.59228888071285
2.30971451097062,1.5899370808304
2.33967259515453,1.58724310811585
2.36962982964531,1.58421601411921
2.39958620352941,1.58086565173874
2.42954170588903,1.57720260044339
2.459496325802,1.57323808833998
2.48945005234175,1.56898391161213
2.51940287457728,1.56445235187577
2.54935478157307,1.55965609201146
2.57930576238905,1.55460813104474
2.60925580608051,1.54932169865345
2.63920490169807,1.5438101698851
2.66915303828764,1.53808698066725
2.69910020489033,1.53216554469016
2.72904639054239,1.52605917223332
2.75899158427521,1.51978099149552
2.7889357751152,1.51334387297288
2.81887895208377,1.50676035740935
2.84882110419726,1.50004258782087
2.87876222046689,1.49320224606745
2.90870228989869,1.4862504944161
2.93864130149348,1.47919792250365
2.96857924424677,1.47205450007058
2.99851610714872,1.46482953579611
3.02845187918411,1.45753164252123
3.05838654933224,1.45016870909988
3.08832010656689,1.44274787906985
3.1182525398563,1.43527553628417
3.14818383816303,1.42775729759143
3.178113990444,1.4201980125998
3.20804298565035,1.41260177050471
3.23797081272746,1.40497191390531
3.26789746061481,1.39731105947934
3.297822918246,1.38962112533152
3.32774717454864,1.38190336477613
3.35767021844434,1.37415840626208
3.38759203884857,1.36638629909752
3.41751262467073,1.35858656458212
3.44743196481396,1.35075825210899
3.47735004817518,1.3428999997549
3.50726686364499,1.33501009883769
3.5371824001076,1.32708656188372
3.56709664644082,1.31912719341666
3.59700959151596,1.31112966295143
3.62692122419778,1.30309157955504
3.65683153334445,1.29501056731844
3.68674050780747,1.28688434107188
3.71664813643165,1.27871078166942
3.74655440805498,1.27048801016779
3.77645931150867,1.26221446022916
3.80636283561699,1.25388894808828
3.83626496919729,1.24551073944045
3.86616570105992,1.23707961262853
3.89606502000814,1.22859591753483
3.92596291483811,1.22006062961569
3.95585937433878,1.21147539855466
3.98575438729189,1.20284259105228
4.01564794247187,1.19416532731699
4.0455400286458,1.18544751087288
4.07543063457332,1.17669385135394
4.10531974900662,1.16790988001202
4.13520736069035,1.15910195772604
4.16509345836156,1.15027727536192
4.19497803074966,1.14144384639654
4.22486106657634,1.13261049178418
4.25474255455554,1.12378681710858
4.28462248339333,1.11498318212934
4.31450084178794,1.10621066289534
4.34437761842963,1.09748100666126
4.37425280200064,1.08880657990414
4.40412638117517,1.08020030979583
4.43399834461929,1.07167561954295
4.46386868099086,1.06324635805821
4.49373737893952,1.05492672447569
4.52360442710659,1.04673118806621
4.55346981412505,1.03867440414898
4.58333352861941,1.03077112662938
4.61319555920573,1.0230361178221
4.64305589449153,1.01548405624202
4.67291452307569,1.00812944306278
4.70277143354845,1.00098650795475
4.73262661449132,0.994069115019517
4.762480054477,0.987390669538151
4.79233174206939,0.98096402624347
4.82218166582343,0.974801399815142
4.85202981428511,0.968914278277911
4.88187617599141,0.963313339960113
4.91172073947019,0.958008374640837
4.94156349324017,0.95300820948049
4.97140442581084,0.948320640290845
5.00124352568244,0.943952368658525
5.03108078134587,0.939908945388918
5.0609161812826,0.936194720687851
5.09074971396469,0.932812801445522
5.12058136785464,0.929765015931643
5.15041113140537,0.927051886153652
5.18023899306018,0.924672608071017
5.21006494125265,0.922625039798866
5.23988896440656,0.920905697874229
5.26971105093591,0.919509761597944
5.29953118924479,0.918431085405935
5.3293493677273,0.917662219165159
5.35916557476757,0.917194436232634
5.38897979873961,0.917017769061079
5.41879202800731,0.917121052082333
5.44860225092435,0.917491971549882
5.47841045583413,0.918117121975445
5.50821663106973,0.918982068751355
5.53802076495383,0.920071416511341
5.56782284579863,0.921368882746798
5.59762286190585,0.922857376164746
5.62742080156659,0.924519079246743
5.6572166530613,0.926335534445958
5.68701040465974,0.92828773344187
5.71680204462089,0.930356208859056
5.74659156119286,0.932521127848187
5.77637894261289,0.934762386923552
5.80616417710723,0.937059707452203
5.83594725289111,0.939392731194996
5.86572815816864,0.941741115309281
5.8955068811328,0.944084626236648
5.92528340996532,0.946403231916623
5.95505773283664,0.948677191788448
5.98482983790586,0.95088714406781
6.01459971332065,0.953014189813235
6.04436734721718,0.95503997332764
6.07413272772008,0.956946758473908
6.10389584294238,0.95871750051905
6.1336566809854,0.960335913159007
6.16341522993873,0.961786530415541
6.19317147788014,0.963054763137002
6.22292541287552,0.964126949876405
6.25267702297882,0.964990401962055
6.28242629623198,0.965633442618575
6.31217322066486,0.966045440038307
6.34191778429517,0.966216834344941
6.37165997512841,0.966139158432554
6.40139978115783,0.965805052703374
6.43113719036429,0.965208273766663
6.4608721907163,0.964343697198366
6.49060477016984,0.963207314497165
6.52033491666837,0.961796224405898
6.55006261814274,0.960108618799058
6.57978786251111,0.958143763366078
6.6095106376789,0.955901973346666
6.63923093153873,0.953384584598442
6.66894873197032,0.950593920298196
6.69866402684046,0.947533253596504
6.72837680400289,0.944206766560651
6.75808705129831,0.940619505753638
6.78779475655423,0.936777334806241
6.81749990758496,0.932686884346143
6.84720249219151,0.928355499651847
6.87690249816153,0.923791186400166
6.90659991326925,0.919002554874716
6.93629472527539,0.913998762998549
6.96598692192713,0.908789458547776
6.99567649095798,0.903384720894174
7.02536342008777,0.897795002614053
7.05504769702257,0.892031071288013
7.08472930945456,0.886103951801751
7.11440824506204,0.880024869442366
7.14408449150933,0.873805194067319
7.17375803644669,0.867456385605163
7.20342886751025,0.860989941127869
7.23309697232194,0.854417343715067
7.26276233848944,0.847750013310083
7.29242495360609,0.840999259747367
7.32208480525083,0.834176238110253
7.35174188098811,0.827291906557573
7.38139616836785,0.820356986737334
7.41104765492533,0.813381926885977
7.44069632818114,0.806376867692297
7.47034217564114,0.799351610986442
7.49998518479631,0.792315591296461
7.52962534312276,0.785277850297753
7.55926263808159,0.778247014164233
7.58889705711888,0.771231273814958
7.61852858766557,0.764238368035169
7.64815721713741,0.757275569437333
7.67778293293487,0.750349673215123
7.7074057224431,0.743466988631567
7.73702557303182,0.736633333171895
7.76664247205527,0.729854029281665
7.79625640685212,0.723133903601678
7.82586736474541,0.716477288603009
7.85547533304249,0.709888026517895
7.8850802990349,0.703369475455375
7.91468224999833,0.696924517584655
7.94428117319256,0.690555569263257
7.97387705586134,0.684264592982505
8.00346988523237,0.678053110998228
8.03305964851716,0.671922220510861
8.06264633291103,0.665872610255697
8.09222992559297,0.659904578361392
8.12181041372559,0.654018051332397
8.15138778445507,0.648212604009249
8.18096202491103,0.642487480359534
8.21053312220652,0.636841614951575
8.24010106343787,0.631273654962868
8.26966583568469,0.625781982575973
8.29922742600972,0.620364737615649
8.32878582145881,0.61501984028326
8.35834100906082,0.609745013846943
8.38789297582756,0.604537807149779
8.41744170875368,0.59939561680244
8.44698719481661,0.594315708932147
8.47652942097651,0.589295240365701
8.50606837417614,0.584331279131522
8.53560404134083,0.579420824173386
8.56513640937836,0.574560824177428
8.59466546517894,0.569748195423447
8.62419119561505,0.564979838582158
8.65371358754144,0.560252654390951
8.683232627795,0.555563558152841
8.71274830319472,0.550909493015407
8.74226060054158,0.546287441999748
8.77176950661846,0.54169443876237
8.80127500819012,0.537127577086782
8.83077709200305,0.532584019114797
8.86027574478545,0.528061002341264
8.88977095324709,0.52355584540906
8.9192627040793,0.519065952754101
8.94875098395482,0.514588818162245
8.97823577952777,0.510122027311709
9.00771707743354,0.505663259384914
9.03719486428873,0.501210287843406
9.06666912669104,0.496760980467663
9.09613985121924,0.492313298770437
9.12560702443302,0.487865296897748
9.15507063287296,0.483415120135348
9.18453066306044,0.478961003140405
9.21398710149753,0.474501268018621
9.24343993466693,0.470034322365169
9.27288914903191,0.465558657384573
9.30233473103618,0.46107284619923
9.33177666710381,0.456575542449301
9.36121494363921,0.45206547927776
9.39064954702697,0.447541468783768
9.42008046363181,0.443002402015765
9.4495076797985,0.438447249561769
9.47893118185179,0.433875062780018
9.50835095609627,0.429284975696991
9.53776698881634,0.424676207583417
9.56717926627612,0.420048066201531
9.59658777471931,0.415399951699147
9.6259925003692,0.410731361108464
9.65539342942849,0.406041893389826
9.68479054807926,0.401331254943468
9.71418384248288,0.396599265495709
9.7435732987799,0.391845864250588
9.77295890308997,0.387071116183396
9.80234064151179,0.382275218339799
9.83171850012296,0.377458505992834
9.86109246497995,0.372621458501058
9.89046252211799,0.367764704703571
9.91982865755098,0.362889027683011
9.94919085727139,0.357995368725003
9.97854910725019,0.353084830302695
10.0079033934368,0.348158677917631
10.0372537017589,0.343218340633683
10.0666000181224,0.338265410148836
10.0959423284115,0.333301638260384
10.1252806184882,0.328328932592402
10.1546148741927,0.323349350470458
10.1839450813429,0.318365090846576
10.2132712257347,0.313378484198264
10.2425932931414,0.308391980347697
10.2719112693141,0.303408134171711
10.3012251399815,0.298429589199014
10.3305348908495,0.293459059118145
10.3598405076015,0.288499307247839
10.389141975898,0.283553124049856
10.4184392813768,0.278623302793576
10.4477324096527,0.273712613509954
10.4770213463174,0.268823775401078
10.5063060769396,0.263959427898754
10.5355865870647,0.259122100591668
10.5648628622148,0.254314182265375
10.5941348878886,0.249537889321708
10.6234026495613,0.244795233864696
10.6526661326845,0.24008799175752
10.6819253226862,0.235417670969799
10.7111802049706,0.230785480546068
10.7404307649178,0.226192300534237
10.7696769878843,0.221638653217376
10.7989188592023,0.217124675992693
10.8281563641799,0.21265009623837
10.857389488101,0.208214208501573
10.886618216225,0.203815854329669
10.9158425337871,0.199453405051429
10.9450624259978,0.195124747795646
10.9742778780429,0.190827275011703
11.0034888750837,0.186557877729808
11.0326954022564,0.182312942768529
11.0618974446725,0.178088354064069
11.0910949874184,0.173879498259357
11.1202880155553,0.169681274652621
11.1494765141193,0.165488109564066
11.1786604681211,0.161293975136946
11.2078398625461,0.157092412545389
11.237014682354,0.152876559536899
11.2661849124791,0.14863918219244
11.2953505378298,0.144372710742346
11.3245115432889,0.140069279232549
11.353667913713,0.13572076879241
11.3828196339329,0.131318854215063
11.4119666887533,0.126855053521769
11.4411090629527,0.122320780146275
11.470246741283,0.117707397341935
11.49937970847,0.11300627438526
11.528507949213,0.108208844124206
11.5576314481844,0.103306661398523
11.5867501900301,0.0982914618433632
11.6158641593692,0.0931552205755999
11.6449733407937,0.0878902102563437
11.6740777188687,0.0824890580216859
11.7031772781321,0.0769448007782252
11.7322720030948,0.0712509383691291
11.7613618782399,0.065401484131435
11.7904468880235,0.05939101238517
11.819527016874,0.0532147024197265
11.848602249192,0.046868378572583
11.8776725693505,0.0403485460294419
11.9067379616946,0.0336524220131125
11.9357984105415,0.0267779620700068
11.9648539001802,0.0197238812084812
11.9939044148716,0.0124896696905274
12.0229499388483,0.00507560332865964
12.0519904563145,-0.00251725180912743
12.0810259514459,-0.0102870403305033
12.1100564083895,-0.0182311240775412
12.1390818112638,-0.0263460942517426
12.1681021441583,-0.0346277889919193
12.1971173911336,-0.0430713162411607
12.2261275362213,-0.0516710816901806
12.2551325634238,-0.060420821538596
12.2841324567142,-0.0693136397723642
12.3131272000363,-0.0783420496161753
12.3421167773045,-0.0874980187841814
12.3711011724035,-0.0967730181210129
12.4000803691882,-0.106158073198753
12.4290543514839,-0.11564381841389
12.4580231030858,-0.125220553111802
12.4869866077592,-0.134878299255398
12.5159448492392,-0.144606860148599
12.5448978112306,-0.154395879725033
12.5738454774078,-0.16423490191718
12.6027878314149,-0.174113429631095
12.6317248568652,-0.18402098286694
12.6606565373414,-0.193947155544866
12.6895828563952,-0.203881670619872
12.7185037975476,-0.213814433097006
12.7474193442885,-0.22373558058958
12.7763294800765,-0.233635531097434
12.8052341883389,-0.243505027719326
12.8341334524717,-0.253335180052165
12.8630272558394,-0.26311750207055
12.8919155817749,-0.272843946321029
12.9207984135791,-0.282506934307403
12.9496757345213,-0.292099382984794
12.9785475278387,-0.301614727320914
13.0074137767364,-0.31104693892258
13.0362744643873,-0.320390540763334
13.065129573932,-0.329640618083747
13.0939790884785,-0.338792825569136
13.1228229911023,-0.347843390939676
13.1516612648463,-0.35678911511517
13.1804938927204,-0.365627369140135
13.2093208577017,-0.374356088075348
13.2381421427342,-0.38297376207807
13.2669577307288,-0.391479424905945
13.2957676045629,-0.399872640088493
13.3245717470806,-0.408153485015106
13.3533701410925,-0.416322533190211
13.3821627693754,-0.424380834904238
13.4109496146725,-0.432329896564237
13.4397306596928,-0.44017165891972
13.4685058871117,-0.447908474408958
13.4972752795699,-0.455543083837885
13.5260388196743,-0.463078592588989
13.5547964899971,-0.470518446541089
13.583548273076,-0.47786640786336
13.6122941514142,-0.48512653082842
13.6410341074799,-0.492303137770659
13.6697681237065,-0.499400795296889
13.6984961824923,-0.506424290838179
13.7272182662006,-0.513378609613451
13.7559343571593,-0.520268912058931
13.7846444376607,-0.527100511761478
13.8133484899618,-0.533878853919987
13.8420464962838,-0.540609494346128
13.8707384388122,-0.547298079005444
13.8994242996965,-0.553950324090625
13.92810406105,-0.560571996612307
13.9567777049501,-0.567168895487871
13.9854452134375,-0.573746833105936
14.0141065685169,-0.580311617343462
14.0427617521559,-0.586869034013251
14.0714107462858,-0.59342482972238
14.1000535328009,-0.599984695126079
14.1286900935583,-0.606554248567139
14.1573204103784,-0.613139020097183
14.185944465044,-0.619744435883653
14.2145622393007,-0.626375803014007
14.2431737148565,-0.633038294716833
14.2717788733818,-0.639736936027699
14.3003776965091,-0.646476589935595
14.3289701658331,-0.653261944053121
14.3575562629105,-0.660097497860477
14.3861359692595,-0.666987550579062
14.4147092663604,-0.67393618973523
14.4432761356546,-0.680947280478311
14.4718365585451,-0.688024455718942
14.5003905163963,-0.695171107154476
14.5289379905335,-0.702390377247184
14.5574789622429,-0.709685152218533
14.5860134127718,-0.717058056118638
14.6145413233281,-0.724511446024401
14.6430626750802,-0.732047408412818
14.671577449157,-0.739667756747515
14.7000856266475,-0.747374030306954
14.7285871886011,-0.755167494272193
14.7570821160271,-0.763049141080508
14.7855703898944,-0.771019693039172
14.814051991132,-0.77907960618106
14.8425269006283,-0.787229075330991
14.870995099231,-0.795468040339109
14.8994565677473,-0.803796193424986
14.9279112869434,-0.812212987564315
14.9563592375445,-0.820717645838744
14.9848004002347,-0.829309171659133
15.0132347556567,-0.8379863597632
15.0416622844119,-0.846747807880767
15.07008296706,-0.855591928953221
15.0984967841189,-0.864516963788827
15.1269037160648,-0.873520994032507
15.1553037433318,-0.882601955326837
15.1836968463116,-0.891757650541489
15.2120830053538,-0.900985762950228
15.2404622007655,-0.910283869238388
15.2688344128112,-0.919649452229077
15.2971996217124,-0.929079913223578
15.3255578076478,-0.938572583859997
15.3539089507531,-0.948124737404044
15.3822530311207,-0.957733599397198
15.4105900287995,-0.967396357599778
15.438919923795,-0.977110171179607
15.467242696069,-0.986872179110723
15.4955583255394,-0.996679507761108
15.52386679208,-1.00652927766289
15.5521680755207,-1.01641860947311
15.5804621556468,-1.02634462914777
15.6087490121994,-1.03630447236566
15.6370286248748,-1.04629528825251
15.6653009733244,-1.05631424246813
15.6935660371551,-1.06635851973135
15.7218237959282,-1.07642532586817
15.7500742291602,-1.08651188947767
15.7783173163218,-1.09661546331834
15.8065530368383,-1.10673332552383
15.8347813700894,-1.11686278076173
15.8630022954087,-1.12700116145231
15.8912157920838,-1.13714582916519
15.9194218393561,-1.14729417631169
15.9476204164208,-1.15744362824812
15.9758115024263,-1.16759164590164
16.0039950764744,-1.17773572902416
16.0321711176201,-1.1878734201728
16.0603396048714,-1.19800230950634
16.0885005171889,-1.20812004047656
16.1166538334861,-1.21822431648178
16.1447995326289,-1.22831290853692
16.1729375934354,-1.23838366400006
16.2010679946761,-1.24843451638076
16.2291907150732,-1.25846349623942
16.2573057333009,-1.26846874317062
16.2854130279851,-1.27844851884658
16.313512577703,-1.28840122107997
16.3416043609832,-1.29832539884788
16.3696883563055,-1.30821976820237
16.3977645421006,-1.31808322897605
16.4258328967501,-1.32791488217518
16.4538933985861,-1.33771404793764
16.4819460258912,-1.3474802839184
16.5099907568985,-1.35721340395206
16.5380275697909,-1.36691349682959
16.5660564427014,-1.37658094501591
16.5940773537128,-1.38621644312551
16.6220902808576,-1.39582101596584
16.6500952021174,-1.40539603595239
16.6780920954233,-1.41494323969531
16.7060809386555,-1.42446474355563
16.734061709643,-1.43396305796894
16.7620343861635,-1.44344110033668
16.7899989459433,-1.45290220628908
16.8179553666571,-1.4623501391305
16.8459036259276,-1.47178909728575
16.8738437013259,-1.48122371957682
16.9017755703706,-1.49065908817159
16.929699210528,-1.50010072906047
16.9576145992119,-1.50955460993313
16.9855217137834,-1.51902713534517
17.0134205315508,-1.52852513908408
17.0413110297692,-1.53805587366461
17.0691931856405,-1.54762699690561
17.0970669763131,-1.55724655556355
17.1249323788819,-1.56692296602173
17.1527893703879,-1.57666499205861
17.180637927818,-1.5864817197436
17.2084780281052,-1.59638252953355
17.2363096481279,-1.606377065668
17.2641327647101,-1.61647520298564
17.2919473546209,-1.6266870113084
17.3197533945747,-1.63702271756227
17.3475508612305,-1.64749266582601
17.3753397311923,-1.65810727551914
17.4031199810083,-1.66887699795952
17.4308915871714,-1.6798122715378
17.4586545261182,-1.6909234757713
17.4864087742296,-1.70222088451219
17.5141543078299,-1.71371461859601
17.5418911031873,-1.72541459822408
17.5696191365131,-1.73733049537914
17.597338383962,-1.74947168657625
17.6250488216313,-1.76184720625119
17.6527504255615,-1.77446570108599
17.6804431717355,-1.78733538556592
17.7081270360784,-1.80046399905441
17.7358019944577,-1.81385876466192
17.763468022683,-1.82752635017161
17.7911250965054,-1.84147283126957
17.8187731916178,-1.85570365730975
17.8464122836544,-1.87022361982435
17.8740423481906,-1.88503682396913
17.9016633607429,-1.90014666307032
17.9292752967685,-1.9155557964157
17.9568781316652,-1.93126613040739
17.9844718407711,-1.94727880316791
18.0120563993647,-1.9635941726648
18.0396317826644,-1.98021180839249
18.0671979658283,-1.99713048662381
18.0947549239542,-2.01434818921732
18.122302632079,-2.03186210594135
18.1498410651793,-2.04966864025132
18.17737019817,-2.06776341843327
18.2048900059053,-2.08614130200525
18.2324004631777,-2.10479640324729
18.259901544718,-2.12372210371291
18.2873932251952,-2.14291107555833
18.3148754792162,-2.16235530551129
18.3423482813258,-2.18204612128937
18.3698116060058,-2.20197422026773
18.3972654276759,-2.22212970018909
18.4247097206924,-2.24250209170309
18.4521444593488,-2.26308039251996
18.4795696178749,-2.28385310296262
18.5069851704372,-2.30480826270292
18.5343910911384,-2.32593348847181
18.5617873540171,-2.34721601253873
18.5891739330477,-2.36864272176299
18.6165508021403,-2.39020019702921
18.6439179351402,-2.41187475288912
18.6712753058279,-2.43365247724388
18.6986228879189,-2.45551927091376
18.7259606550632,-2.47746088695511
18.7532885808455,-2.49946296959859
18.7806066387846,-2.52151109269654
18.8079148023335,-2.54359079758143
18.8352130448788,-2.56568763025111
18.8625013397408,-2.58778717780964
18.8897796601734,-2.60987510410542
18.9170479793632,-2.63193718451982
18.9443062704301,-2.65395933986994
18.9715545064265,-2.67592766939919
18.9987926603373,-2.69782848283664
19.0260207050797,-2.71964833151345
19.053238613503,-2.74137403852931
19.0804463583882,-2.76299272796579
19.1076439124477,-2.78449185314505
19.1348312483255,-2.80585922393332
19.1620083385966,-2.82708303308706
19.1891751557668,-2.8481518816374
19.2163316722728,-2.86905480330481
19.2434778604814,-2.88978128793042
19.2706136926898,-2.91032130390508
19.297739141125,-2.93066531956946
19.3248541779438,-2.95080432355164
19.3519587752325,-2.97072984399994
19.3790529050066,-2.9904339666609
19.4061365392107,-3.00990935174325
19.433209649718,-3.02914924950134
19.4602722083304,-3.04814751446311
19.487324186778,-3.0668986182207
19.514365556719,-3.08539766069594
19.5413962897394,-3.10364037978729
19.5684163573529,-3.12162315930138
19.5954257310004,-3.13934303506953
19.6224243820499,-3.1567976991494
19.6494122817964,-3.17398550201202
19.6763894014613,-3.19090545261819
19.7033557121927,-3.20755721629225
19.7303111850645,-3.22394111030812
19.7572557910766,-3.24005809711132
19.7841895011547,-3.2559097751109
19.8111122861497,-3.271498366988
19.8380241168376,-3.28682670548189
19.8649249639196,-3.30189821663025
19.8918147980213,-3.31671690045804
19.9186935896927,-3.33128730912828
19.9455613094081,-3.34561452258766
19.9724179275657,-3.35970412176135
19.9992634144871,-3.37356215937267
