-20,-0.903974670088228
-19.9854475665023,-0.882224102742838
-19.970493345641,-0.860912361027346
-19.9551617949312,-0.840036679200242
-19.93947572482,-0.819593653006322
-19.9234563843121,-0.799579358812073
-19.907123551196,-0.779989452784775
-19.890495623836,-0.760819252802623
-19.873589712288,-0.742063805591132
-19.8564217271263,-0.723717941345274
-19.8390064648689,-0.70577631784442
-19.8213576892781,-0.688233455816205
-19.8034882081037,-0.67108376706709
-19.7854099450609,-0.654321576678041
-19.7671340069945,-0.637941140366467
-19.7486707462994,-0.621936657941111
-19.7300298187465,-0.606302283624453
-19.711220236917,-0.591032133885857
-19.692250419482,-0.576120293316456
-19.6731282365816,-0.561560818981426
-19.6538610515657,-0.547347743604926
-19.6344557593555,-0.533475077875664
-19.6149188216813,-0.519936812104835
-19.5952562994388,-0.50672691742168
-19.5754738823969,-0.493839346653488
-19.5555769164719,-0.48126803500544
-19.5355704287734,-0.469006900630027
-19.5154591506078,-0.457049845155093
-19.4952475386147,-0.445390754222885
-19.4749397941949,-0.434023498079301
-19.4545398813787,-0.422941932242172
-19.4340515432663,-0.412139898269357
-19.4134783171656,-0.401611224641349
-19.3928235485386,-0.391349727768558
-19.3720904038584,-0.381349213130187
-19.3512818824706,-0.37160347654937
-19.3304008275444,-0.362106305607839
-19.3094499361898,-0.352851481202564
-19.2884317688115,-0.343832779246499
-19.2673487577643,-0.335043972515579
-19.2462032153676,-0.326478832644371
-19.2249973413325,-0.31813113227319
-19.2037332296488,-0.309994647349958
-19.1824128749785,-0.302063159590568
-19.1610381785923,-0.294330459101971
-19.1396109538891,-0.286790347172534
-19.1181329315299,-0.279436639234479
-19.0966057642167,-0.272263168003321
-19.0750310311454,-0.265263786799114
-19.0534102421569,-0.258432373054147
-19.0317448416099,-0.251762832011263
-19.010036211997,-0.245249100616399
-18.9882856773238,-0.238885151608172
-18.9664945062677,-0.232664997806351
-18.9446639151337,-0.226582696599968
-18.9227950706224,-0.22063235463452
-18.9008890924231,-0.214808132696264
-18.8789470556448,-0.209104250790113
-18.8569699930975,-0.203514993405915
-18.8349588974338,-0.198034714966186
-18.8129147231607,-0.192657845446515
-18.7908383885306,-0.187378896158003
-18.7687307773202,-0.182192465679183
-18.746592740505,-0.17709324592296
-18.724425097836,-0.172076028322222
-18.7022286393254,-0.167135710115916
-18.6800041266478,-0.162267300715586
-18.657752294462,-0.157465928130656
-18.6354738516586,-0.152726845429138
-18.6131694825387,-0.148045437208932
-18.5908398479274,-0.143417226053564
-18.5684855862274,-0.138837878944953
-18.5461073144147,-0.13430321360483
-18.5237056289821,-0.129809204735534
-18.5012811068324,-0.125351990130271
-18.4788343061245,-0.120927876622478
-18.4563657670758,-0.116533345843669
-18.4338760127234,-0.112165059759136
-18.411365549646,-0.107819865951055
-18.3888348686498,-0.10349480261897
-18.3662844454199,-0.0991871032682528
-18.3437147411389,-0.0948942010579948
-18.3211262030757,-0.0906137327808464
-18.2985192651451,-0.0863435424485902
-18.2758943484406,-0.0820816844586969
-18.2532518617414,-0.0778264263187702
-18.2305922019958,-0.0735762509076171
-18.2079157547811,-0.0693298582536616
-18.1852228947424,-0.065086166813568
-18.1625139860114,-0.0608443142361981
-18.1397893826053,-0.0566036575994134
-18.117049428808,-0.0523637731097096
-18.0942944595338,-0.0481244552572226
-18.0715248006755,-0.0438857154212562
-18.0487407694356,-0.0396477799241358
-18.0259426746447,-0.0354110875338514
-18.0031308170646,-0.0311762864186223
-17.980305489679,-0.0269442305591629
-17.9574669779715,-0.0227159756270235
-17.9346155601917,-0.0184927743399213
-17.9117515076101,-0.0142760713074554
-17.8888750847625,-0.0100674973829448
-17.865986549684,-0.00586886353940454
-17.8430861541332,-0.00168215428979208
-17.820174143808,0.00249047932635191
-17.7972507585516,0.00664672716591132
-17.7743162325507,0.0107841277892267
-17.7513707945264,0.0149000766240354
-17.7284146679162,0.0189918344578924
-17.7054480710502,0.0230565362295257
-17.6824712173192,0.027091200088656
-17.6594843153376,0.0310927366930853
-17.6364875690989,0.035057958711331
-17.613481178126,0.0389835904987526
-17.5904653376154,0.0428662779149942
-17.5674402385762,0.0467025982506297
-17.5444060679642,0.0504890702311454
-17.5213630088105,0.0542221640668445
-17.4983112403458,0.0578983115178592
-17.4752509381199,0.0615139159442425
-17.4521822741174,0.0650653623120439
-17.4291054168688,0.068549027127352
-17.4060205315575,0.0719612882714975
-17.382927780124,0.0752985347119432
-17.3598273213654,0.078557176064813
-17.3367193110318,0.0817336519865475
-17.31360390192,0.0848244413737598
-17.2904812439629,0.0878260713520334
-17.2673514843173,0.0907351260360992
-17.2442147674471,0.093548255045563
-17.2210712352053,0.0962621817620934
-17.1979210269123,0.0988737113157236
-17.1747642794322,0.101379738289645
-17.1516011272462,0.103777254134554
-17.1284317025242,0.106063354285271
-17.1052561351935,0.108235244973925
-17.0820745530061,0.110290249735523
-17.0588870816029,0.112225815603151
-17.035693844577,0.114039518991406
-17.0124949635345,0.115729071267876
-16.9892905581532,0.11729232401365
-16.9660807462404,0.118727273974816
-16.942865643788,0.120032067707831
-16.9196453650267,0.121205005922387
-16.8964200224786,0.122244547526051
-16.8731897270076,0.123149313375459
-16.8499545878692,0.123918089739208
-16.8267147127583,0.124549831477843
-16.8034702078564,0.125043664946463
-16.7802211778765,0.12539889062543
-16.7569677261074,0.125614985484574
-16.7337099544573,0.125691605086006
-16.7104479634949,0.125628585430336
-16.6871818524906,0.12542594455062
-16.6639117194564,0.125083883857817
-16.6406376611841,0.124602789240936
-16.6173597732838,0.123983231924341
-16.5940781502201,0.12322596908394
-16.5707928853482,0.122331944223176
-16.5475040709492,0.121302287308912
-16.5242117982641,0.120138314666436
-16.5009161575275,0.118841528631943
-16.4776172379998,0.117413616959985
-16.4543151279999,0.11585645198253
-16.4310099149356,0.114172089515434
-16.4077016853349,0.11236276750736
-16.3843905248755,0.110430904425431
-16.3610765184142,0.108379097371253
-16.3377597500157,0.106210119920321
-16.3144403029805,0.103926919677353
-16.2911182598729,0.101532615539638
-16.2677937025474,0.0990304946602322
-16.2444667121761,0.0964240091025819
-16.221137369274,0.0937167721781373
-16.1978057537251,0.0909125544585299
-16.1744719448072,0.0880152794541024
-16.151136021217,0.08502901895088
-16.1277980610945,0.0819579879985527
-16.1044581420464,0.0788065395426231
-16.0811163411705,0.0755791586946339
-16.0577727350782,0.0722804566352611
-16.0344273999181,0.0689151641460952
-16.0110804113982,0.0654881247670834
-15.9877318448085,0.0620042875779062
-15.9643817750429,0.0584686996029759
-15.9410302766208,0.0548864978412848
-15.9176774237093,0.0512629009239837
-15.8943232901439,0.0476032004043229
-15.8709679494498,0.0439127516864353
-15.847611474863,0.0401969646013782
-15.8242539393508,0.036461293640839
-15.8008954156323,0.0327112278609861
-15.7775359761992,0.0289522804710369
-15.7541756933357,0.0251899781232622
-15.7308146391385,0.0214298499232953
-15.7074528855372,0.0176774161817726
-15.6840905043142,0.0139381769304725
-15.6607275671242,0.0102176002282432
-15.637364145514,0.0065211102840691
-15.6140003109426,0.00285407542664988
-15.5906361348003,-0.000778204048208067
-15.5672604085875,-0.00435009458763422
-15.5438846823747,-0.00783605291017764
-15.520508956162,-0.0112310509677152
-15.4971332299492,-0.0145301751771843
-15.4737575037364,-0.0177286386511366
-15.4503817775236,-0.0208217933271966
-15.4270060513109,-0.0238051419549037
-15.4036303250981,-0.0266743498975904
-15.3802545988853,-0.0294252567063246
-15.3568788726726,-0.032053887422521
-15.3335031464598,-0.0345564635656101
-15.310127420247,-0.0369294137621648
-15.2867516940343,-0.0391693839731097
-15.2633759678215,-0.0412732472760987
-15.2400002416087,-0.0432381131608343
-15.216624515396,-0.0450613362960226
-15.1932487891832,-0.0467405247278147
-15.1698730629704,-0.0482735474709668
-15.1464973367577,-0.0496585414555659
-15.1231216105449,-0.0508939177940089
-15.0997458843321,-0.0519783673349716
-15.0763701581193,-0.0529108654733802
-15.0529944319066,-0.0536906761878599
-15.0296187056938,-0.0543173552798021
-15.006242979481,-0.0547907527910367
-14.9828672532683,-0.0551110145801034
-14.9594915270555,-0.0552785830402908
-14.9361158008427,-0.0552941969459173
-14.91274007463,-0.0551588904167586
-14.8893643484172,-0.0548739909940733
-14.8659886222044,-0.0544411168253019
-14.8426128959917,-0.0538621729582184
-14.8192371697789,-0.0531393467490685
-14.7958614435661,-0.0522751023930109
-14.7724857173534,-0.0512721745889766
-14.7491099911406,-0.0501335613548493
-14.7257342649278,-0.048862516012632
-14.7023585387151,-0.0474625383669663
-14.6789828125023,-0.0459373651040196
-14.6556070862895,-0.044290959441291
-14.6322313600768,-0.0425275000623293
-14.608855633864,-0.0406513693736554
-14.5854799076512,-0.0386671411243367
-14.5621041814384,-0.03657956743164
-14.5387284552257,-0.034393565258993
-14.5153527290129,-0.0321142023950688
-14.4919770028001,-0.0297466829851937
-14.4686012765874,-0.0272963326684031
-14.4452255503746,-0.0247685833753853
-14.4218498241618,-0.0221689578441659
-14.3984740979491,-0.0195030539117763
-14.3750983717363,-0.0167765286412186
-14.3517226455235,-0.013995082343862
-14.3283469193108,-0.0111644425579105
-14.304971193098,-0.00829034804380982
-14.2815954668852,-0.00537853285738576
-14.2582197406725,-0.00243471056113659
-14.2348440144597,0.00053544136655885
-14.2114682882469,0.00352629686551545
-14.1880925620342,0.00653229631353142
-14.1647168358214,0.00954796117585236
-14.1413411096086,0.0125679082300555
-14.1179653833958,0.015586863314152
-14.0945896571831,0.0185996745480115
-14.0712139309703,0.0216013249807381
-14.0478382047575,0.0245869446194004
-14.0244624785448,0.027551821797466
-14.001086752332,0.0304914138444561
-13.9777110261192,0.0334013570216464
-13.9543352999065,0.0362774756921251
-13.9309595736937,0.0391157906971093
-13.9075838474809,0.0419125269141522
-13.8842081212682,0.04466411997666
-13.8608323950554,0.0473672221380257
-13.8374566688426,0.0500187072675915
-13.8140809426299,0.0526156749696018
-13.7907052164171,0.0551554538202487
-13.7673294902043,0.0576356037218381
-13.7439537639916,0.0600539173769871
-13.7205780377788,0.0624084208895875
-13.697202311566,0.064697373503008
-13.6738265853532,0.0669192664896516
-13.6504508591405,0.069072821209501
-13.6270751329277,0.0711569863586711
-13.6036994067149,0.0731709344322179
-13.5803236805022,0.0751140574285143
-13.5569479542894,0.0769859618253872
-13.5335722280766,0.0787864628608927
-13.5101965018639,0.0805155781540957
-13.4868207756511,0.0821735207034772
-13.4634450494383,0.0837606913026527
-13.4400693232256,0.0852776704148903
-13.4166935970128,0.0867252095495113
-13.3933178708,0.0881042221846059
-13.3699421445873,0.0894157742816021
-13.3465664183745,0.0906610744381188
-13.3231906921617,0.0918414637261538
-13.299814965949,0.0929584052630928
-13.2764392397362,0.0940134735631822
-13.2530635135234,0.0950083437170938
-13.2296877873106,0.0959447804469346
-13.2063120610979,0.096824627083611
-13.1829363348851,0.0976497945127886
-13.1595606086723,0.0984222501348505
-13.1361848824596,0.0991440068832305
-13.1128091562468,0.0998171123443173
-13.089433430034,0.10044363802078
-13.0660577038213,0.101025668778692
-13.0426819776085,0.101565292517219
-13.0193062513957,0.102064590097911
-12.995930525183,0.102525625568836
-12.9725547989702,0.102950436716837
-12.9491790727574,0.103341025979259
-12.9258033465447,0.103699351744393
-12.9024276203319,0.104027320067823
-12.8790518941191,0.104326776829663
-12.8556761679064,0.104599500355574
-12.8323004416936,0.104847194522177
-12.8089247154808,0.105071482365355
-12.7855489892681,0.105273900207675
-12.7621732630553,0.105455892319019
-12.7387975368425,0.105618806122312
-12.7154218106297,0.10576388795409
-12.692046084417,0.105892279387541
-12.6686703582042,0.106005014123542
-12.6452946319914,0.106103015453194
-12.6219189057787,0.106187094293322
-12.5985431795659,0.106257947794466
-12.5751674533531,0.106316158518958
-12.5517917271404,0.106362194184828
-12.5284160009276,0.106396407969441
-12.5050402747148,0.106419039365034
-12.4816645485021,0.106430215576565
-12.4582888222893,0.106429953450655
-12.4349130960765,0.106418161922757
-12.4115373698638,0.106394644968143
-12.388161643651,0.10635910504076
-12.3647859174382,0.106311146982542
-12.3414101912255,0.106250282384354
-12.3180344650127,0.106175934378337
-12.2946587387999,0.106087442840125
-12.2712830125871,0.105984069978105
-12.2479072863744,0.105865006285654
-12.2245315601616,0.10572937683112
-12.2011558339488,0.105576247859151
-12.1777801077361,0.105404633675928
-12.1544043815233,0.105213503789795
-12.1310286553105,0.105001790277832
-12.1076529290978,0.104768395348016
-12.084277202885,0.104512199065732
-12.0609014766722,0.104232067212683
-12.0375257504595,0.103926859245496
-12.0141500242467,0.103595436320747
-11.9907742980339,0.103236669352563
-11.9673985718212,0.102849447068559
-11.9440228456084,0.102432684029503
-11.9206471193956,0.101985328577874
-11.8972713931829,0.101506370680381
-11.8738956669701,0.100994849629483
-11.8505199407573,0.100449861569098
-11.8271442145445,0.099870566809927
-11.8037684883318,0.0992561969002432
-11.780392762119,0.0986060614185061
-11.7570170359062,0.0979195544548679
-11.7336413096935,0.0971961607494758
-11.7102655834807,0.096435461456469
-11.6868898572679,0.0956371395037283
-11.6635141310552,0.0948009845197546
-11.6401384048424,0.0939268973005288
-11.6167626786296,0.0930148937908512
-11.5933869524169,0.0920651085564531
-11.5700112262041,0.0910777977251373
-11.5466354999913,0.0900533413773083
-11.5232597737786,0.0889922453685166
-11.4998840475658,0.0878951425690332
-11.476508321353,0.0867627935080092
-11.4531325951403,0.0855960864124204
-11.4297568689275,0.0843960366337717
-11.4063811427147,0.0831637854583913
-11.383005416502,0.0819005983001091
-11.3596296902892,0.0806078622771256
-11.3362539640764,0.0792870831779678
-11.3128782378636,0.0779398818245422
-11.2895025116509,0.0765679898434361
-11.2661267854381,0.0751732448597714
-11.2427510592253,0.0737575851310298
-11.2193753330126,0.0723230436413761
-11.1959996067998,0.0708717416800335
-11.172623880587,0.0694058819302322
-11.1492481543743,0.0679277410981176
-11.1258724281615,0.0664396621137524
-11.1024967019487,0.0649440459389603
-11.079120975736,0.0634433430192207
-11.0557452495232,0.061940044419098
-11.0323695233104,0.0604366726827905
-11.0089937970977,0.0589357724632538
-10.9856180708849,0.0574399009650159
-10.9622423446721,0.0559516182472136
-10.9388666184594,0.0544734774345387
-10.9154908922466,0.0530080148846824
-10.8921151660338,0.0515577403614839
-10.868739439821,0.0501251272633292
-10.8453637136083,0.048712602956392
-10.8219879873955,0.0473225392620671
-10.7986122611827,0.0459572431474013
-10.77523653497,0.0446189476664942
-10.7518608087572,0.043309803199708
-10.7284850825444,0.0420318690361088
-10.7051093563317,0.0407871053428584
-10.6817336301189,0.0395773655632998
-10.6583579039061,0.03840438928324
-10.6349821776934,0.0372697956024459
-10.6116064514806,0.0361750770456399
-10.5882307252678,0.0351215940443395
-10.5648549990551,0.0341105700177413
-10.5414792728423,0.0331430870775169
-10.5181035466295,0.0322200823779103
-10.4947278204168,0.0313423451288984
-10.471352094204,0.0305105142864414
-10.4479763679912,0.0297250769300299
-10.4246006417784,0.028986367333847
-10.4012249155657,0.0282945667339405
-10.3778491893529,0.0276497037898759
-10.3544734631401,0.0270516557354174
-10.3310977369274,0.0265001502089203
-10.3077220107146,0.0259947677503175
-10.2843462845018,0.0255349449478717
-10.2609705582891,0.0251199782142902
-10.2375948320763,0.0247490281683539
-10.2142191058635,0.0244211245949459
-10.1908433796508,0.0241351719532809
-10.167467653438,0.023889955400274
-10.1440919272252,0.0236841472933389
-10.1207162010125,0.0235163141345196
-10.0973404747997,0.0233849239157201
-10.0739647485869,0.0232883538229452
-10.0505890223742,0.0232248982558868
-10.0272132961614,0.0231927771179142
-10.0038375699486,0.0231901443305489
-9.98046184373585,0.0232150965258283
-9.95708611752308,0.0232656818695968
-9.93371039131031,0.0233399089687007
-9.91033466509754,0.0234357558153033
-9.88695893888477,0.0235511787220784
-9.863583212672,0.023684121202864
-9.84020748645924,0.0238325227544758
-9.81683176024647,0.0239943274967524
-9.7934560340337,0.0241674926295412
-9.77008030782093,0.0243499966672147
-9.74670458160816,0.0245398474133948
-9.7233288553954,0.0247350896408785
-9.69995312918263,0.0249338124442367
-9.67657740296986,0.0251341562352189
-9.65320167675709,0.025334319353883
-9.62982595054432,0.0255325642712917
-9.60645022433155,0.0257272233626177
-9.58307449811879,0.0259167042325888
-9.55969877190602,0.0260994945783284
-9.53632304569325,0.0262741665778022
-9.51294731948048,0.0264393807952375
-9.48957159326771,0.0265938895980092
-9.46619586705494,0.0267365400825746
-9.44282014084217,0.0268662765100581
-9.41944441462941,0.0269821422550142
-9.39606868841664,0.0270832812737215
-9.37269296220387,0.0271689391010543
-9.3493172359911,0.027238463387533
-9.32594150977833,0.0272913039905426
-9.30256578356557,0.0273270126359341
-9.2791900573528,0.0273452421682522
-9.25581433114003,0.0273457454096787
-9.23243860492726,0.0273283736494064
-9.20906287871449,0.0272930747865948
-9.18568715250172,0.0272398911512547
-9.16231142628896,0.0271689570284112
-9.13893570007619,0.027080495911655
-9.11555997386342,0.0269748175127552
-9.09218424765065,0.0268523145543367
-9.06880852143788,0.0267134593727541
-9.04543279522511,0.0265588003582181
-9.02205706901234,0.0263889582589486
-8.99868134279958,0.0262046223756694
-8.97530561658681,0.0260065466721149
-8.95192989037404,0.0257955458264088
-8.92855416416127,0.0255724912472167
-8.9051784379485,0.0253383070774658
-8.88180271173574,0.0250939662072031
-8.85842698552297,0.0248404863158163
-8.8350512593102,0.0245789259624142
-8.81167553309743,0.0243103807416408
-8.78829980688466,0.0240359795206224
-8.76492408067189,0.0237568807711169
-8.74154835445913,0.0234742690092733
-8.71817262824636,0.0231893513537285
-8.69479690203359,0.0229033542110911
-8.67142117582082,0.0226175200961854
-8.64804544960805,0.0223331045927867
-8.62466972339528,0.0220513734589685
-8.60129399718251,0.0217735998796253
-8.57791827096975,0.0215010618672336
-8.55454254475698,0.0212350398104884
-8.53116681854421,0.0209768141691022
-8.50779109233144,0.0207276633117905
-8.48441536611867,0.0204888614933033
-8.4610396399059,0.0202616769652873
-8.43766391369314,0.0200473702148018
-8.41428818748037,0.0198471923234483
-8.3909124612676,0.019662383439323
-8.36753673505483,0.0194941713533598
-8.34416100884206,0.0193437701710956
-8.32078528262929,0.0192123790704655
-8.29740955641653,0.019101181135917
-8.27403383020376,0.0190113422589128
-8.25065810399099,0.018944010094777
-8.22728237777822,0.0189003130658183
-8.20390665156545,0.0188813594007298
-8.18053092535268,0.0188882362004226
-8.15715519913992,0.0189220085206804
-8.13377947292715,0.0189837184623327
-8.11040374671438,0.019074384260014
-8.08702802050161,0.0191949993610173
-8.06365229428884,0.019346531486235
-8.04027656807607,0.019529921665722
-8.0169008418633,0.0197460832419948
-7.99352511565054,0.0199959008348006
-7.97014938943777,0.0202802292617332
-7.946773663225,0.0205998924097515
-7.92339793701223,0.020955682053347
-7.90002221079946,0.0213483566158169
-7.8766464845867,0.021778639870821
-7.85327075837393,0.0222472195821313
-7.82989503216116,0.0227547460802131
-7.80651930594839,0.0233018307750166
-7.78314357973562,0.0238890446050889
-7.75976785352285,0.0245169164238505
-7.73639212731008,0.0251859313246064
-7.71301640109732,0.0258965289065834
-7.68964067488455,0.0266491014849976
-7.66626494867178,0.0274439922488689
-7.64288922245901,0.0282814933709827
-7.61951349624624,0.0291618440751068
-7.59613777003348,0.0300852286662284
-7.57276204382071,0.0310517745302636
-7.54938631760794,0.0320615501103324
-7.52601059139517,0.0331145628673524
-7.5026348651824,0.0342107572333234
-7.47925913896963,0.0353500125663086
-7.45588341275686,0.0365321411167098
-7.4325076865441,0.0377568860150334
-7.40913196033133,0.0390239192919043
-7.38575623411856,0.0403328399416423
-7.36238050790579,0.0416831720412304
-7.33900478169302,0.043074362937013
-7.31562905548026,0.0445057815119194
-7.29225332926749,0.045976716546449
-7.26887760305472,0.0474863751870405
-7.24550187684195,0.049033881535805
-7.22212615062918,0.0506182753758942
-7.19875042441641,0.0522385110470348
-7.17537469820364,0.0538934564859295
-7.15199897199088,0.0555818924463652
-7.12862324577811,0.0573025119139022
-7.10524751956534,0.0590539197300043
-7.08187179335257,0.0608346324403468
-7.0584960671398,0.0626430783818549
-7.03512034092704,0.0644775980227165
-7.01174461471427,0.0663364445692381
-6.9883688885015,0.0682177848529029
-6.96499316228873,0.0701197005104013
-6.94161743607596,0.0720401894686797
-6.91824170986319,0.0739771677462385
-6.89486598365042,0.075928471580958
-6.87149025743766,0.0778918598936855
-6.84811453122489,0.0798650170956313
-6.82473880501212,0.081845556246345
-6.80136307879935,0.0838310225676323
-6.77798735258658,0.0858188973172681
-6.75461162637382,0.0878066020247419
-6.73123590016105,0.0897915030895574
-6.70786017394828,0.0917709167407951
-6.68448444773551,0.0937421143547566
-6.66110872152274,0.0957023281255334
-6.63773299530997,0.0976487570813076
-6.6143572690972,0.0995785734370989
-6.59098154288444,0.101488929272532
-6.56760581667167,0.103376963521042
-6.5442300904589,0.105239809254734
-6.52085436424613,0.107074601246956
-6.49747863803336,0.108878483792446
-6.47410291182059,0.110648618762786
-6.45072718560783,0.112382193872804
-6.42735145939506,0.114076431131515
-6.40397573318229,0.115728595449253
-6.38060000696952,0.117336003370762
-6.35722428075675,0.118896031902291
-6.33384855454398,0.120406127399078
-6.31047282833122,0.121863814478152
-6.28709710211845,0.123266704920042
-6.26372137590568,0.124612506521819
-6.24034564969291,0.125899031862932
-6.21696992348014,0.127124206944509
-6.19359419726737,0.128286079662231
-6.17021847105461,0.129382828072503
-6.14684274484184,0.130412768411532
-6.12346701862907,0.131374362827001
-6.1000912924163,0.132266226782341
-6.07671556620353,0.133087136094178
-6.05333983999076,0.133836033564328
-6.029964113778,0.13451203516873
-6.00658838756523,0.135114435767005
-5.98321266135246,0.135642714297798
-5.95983693513969,0.136096538426818
-5.93646120892692,0.136475768616421
-5.91308548271415,0.136780461587724
-5.88970975650139,0.137010873148623
-5.86633403028862,0.1371674603636
-5.84295830407585,0.137250883043929
-5.81958257786308,0.137262004539762
-5.79620685165031,0.137201891818581
-5.77283112543754,0.137071814817661
-5.74945539922477,0.136873245061395
-5.72607967301201,0.136607853537701
-5.70270394679924,0.13627750783111
-5.67932822058647,0.135884268513576
-5.6559524943737,0.135430384797533
-5.63257676816093,0.134918289459193
-5.60920104194816,0.134350593043547
-5.5858253157354,0.133730077365954
-5.56244958952263,0.133059688328574
-5.53907386330986,0.132342528073204
-5.51569813709709,0.131581846495264
-5.49232241088432,0.130781032146769
-5.46894668467155,0.129943602559092
-5.44557095845879,0.129073194019101
-5.42219523224602,0.128173550834914
-5.39881950603325,0.127248514129979
-5.37544377982048,0.126302010206439
-5.35206805360771,0.12533803852084
-5.32869232739494,0.124360659317047
-5.30531660118218,0.123373980962916
-5.28194087496941,0.122382147038628
-5.25856514875664,0.121389323225768
-5.23518942254387,0.12039968404717
-5.2118136963311,0.119417399508196
-5.18843797011833,0.118446621690581
-5.16506224390557,0.117491471350153
-5.1416865176928,0.116556024569686
-5.11831079148003,0.11564429951785
-5.09493506526726,0.114760243364704
-5.07155933905449,0.113907719403414
-5.04818361284172,0.113090494426903
-5.02480788662896,0.112312226406945
-5.00143216041619,0.111576452521824
-4.97805643420342,0.110886577577086
-4.95468070799065,0.110245862862121
-4.93130498177788,0.109657415483393
-4.90792925556511,0.109124178212995
-4.88455352935235,0.108648919888979
-4.86117780313958,0.10823422640149
-4.83780207692681,0.107882492296261
-4.81442635071404,0.10759591302437
-4.79105062450127,0.107376477864478
-4.7676748982885,0.10722596354096
-4.74429917207574,0.107145928558501
-4.72092344586297,0.107137708270816
-4.6975477196502,0.107202410698209
-4.67417199343743,0.10734091310573
-4.65079626722466,0.107553859350695
-4.62742054101189,0.107841658005381
-4.60404481479912,0.10820448125772
-4.58066908858636,0.108642264589899
-4.55729336237359,0.109154707231874
-4.53391763616082,0.109741273383934
-4.51054190994805,0.11040119419969
-4.48716618373528,0.111133470518105
-4.46379045752251,0.111936876330556
-4.44041473130975,0.112809962966352
-4.41703900509698,0.113751063977648
-4.39366327888421,0.114758300702336
-4.37028755267144,0.115829588481239
-4.34691182645867,0.116962643503768
-4.3235361002459,0.118154990254188
-4.30016037403314,0.119403969528718
-4.27678464782037,0.120706746991948
-4.2534089216076,0.122060322239362
-4.23003319539483,0.123461538331304
-4.20665746918206,0.124907091762325
-4.18328174296929,0.126393542828654
-4.15990601675653,0.127917326355423
-4.13653029054376,0.129474762744404
-4.11315456433099,0.131062069302179
-4.08977883811822,0.132675371808081
-4.06640311190545,0.134310716280745
-4.04302738569268,0.135964080901787
-4.01965165947992,0.137631388054955
-3.99627593326715,0.139308516439082
-3.97290020705438,0.14099131321328
-3.94952448084161,0.142675606133114
-3.92614875462884,0.144357215636906
-3.90277302841607,0.146031966841881
-3.87939730220331,0.147695701410618
-3.85602157599054,0.149344289249066
-3.83264584977777,0.150973639998433
-3.809270123565,0.15257971428435
-3.78589439735223,0.154158534687971
-3.76251867113946,0.155706196405052
-3.7391429449267,0.157218877560567
-3.71576721871393,0.158692849147994
-3.69239149250116,0.160124484564178
-3.66901576628839,0.16151026871245
-3.64564004007562,0.16284680664864
-3.62226431386285,0.164130831746605
-3.59888858765009,0.165359213361977
-3.57551286143732,0.166528963975
-3.55213713522455,0.167637245795548
-3.52876140901178,0.168681376815646
-3.50538568279901,0.169658836297186
-3.48200995658624,0.170567269684827
-3.45863423037347,0.171404492936444
-3.43525850416071,0.172168496265889
-3.41188277794794,0.172857447295182
-3.38850705173517,0.173469693615626
-3.3651313255224,0.174003764759694
-3.34175559930963,0.174458373587834
-3.31837987309686,0.174832417096622
-3.2950041468841,0.175124976656912
-3.27162842067133,0.175335317692753
-3.24825269445856,0.175462888813964
-3.22487696824579,0.175507320417195
-3.20150124203302,0.175468422772224
-3.17812551582025,0.175346183612023
-3.15474978960749,0.175140765246776
-3.13137406339472,0.174852501223585
-3.10799833718195,0.174481892555042
-3.08462261096918,0.174029603541069
-3.06124688475641,0.173496457209615
-3.03787115854364,0.172883430402743
-3.01449543233088,0.172191648535497
-2.99111970611811,0.1714223800556
-2.96774397990534,0.170577030632553
-2.94436825369257,0.169657137105061
-2.9209925274798,0.168664361215914
-2.89761680126703,0.167600483163476
-2.87424107505427,0.166467394998825
-2.8508653488415,0.165267093897319
-2.82748962262873,0.164001675332921
-2.80411389641596,0.162673326183071
-2.78073817020319,0.161284317791173
-2.75736244399042,0.159836999012951
-2.73398671777766,0.158333789271935
-2.71061099156489,0.156777171648323
-2.68723526535212,0.15516968602423
-2.66385953913935,0.15351392230712
-2.64048381292658,0.151812513751856
-2.61710808671381,0.150068130400364
-2.59373236050105,0.148283472656473
-2.57035663428828,0.146461265011943
-2.54698090807551,0.144604249938159
-2.52360518186274,0.142715181956392
-2.50022945564997,0.140796821897957
-2.4768537294372,0.138851931364023
-2.45347800322444,0.136883267393268
-2.43010227701167,0.13489357734408
-2.4067265507989,0.132885593996482
-2.38335082458613,0.130862030877563
-2.35997509837336,0.128825577812825
-2.33659937216059,0.126778896704545
-2.31322364594783,0.124724617537062
-2.28984791973506,0.122665334607768
-2.26647219352229,0.12060360298154
-2.24309646730952,0.118541935165437
-2.21972074109675,0.116482797999665
-2.19634501488398,0.11442860976008
-2.17296928867122,0.112381737466907
-2.14959356245845,0.11034449439386
-2.12621783624568,0.108319137771458
-2.10284211003291,0.106307866678065
-2.07946638382014,0.104312820111989
-2.05609065760737,0.102336075237962
-2.03271493139461,0.100379645801275
-2.00933920518184,0.0984454807030515
-1.98596347896907,0.0965354627302665
-1.9625877527563,0.0946514074344637
-1.93921202654353,0.0927950621534333
-1.91583630033076,0.0909681051705372
-1.89246057411799,0.0891721450068209
-1.86908484790523,0.0874087198415446
-1.84570912169246,0.0856792970572871
-1.82233339547969,0.083985272906313
-1.79895766926692,0.0823279722954392
-1.77558194305415,0.0807086486871715
-1.75220621684138,0.0791284841154061
-1.72883049062862,0.0775885893144836
-1.70545476441585,0.0760900039608456
-1.68207903820308,0.0746336970269532
-1.65870331199031,0.0732205672474884
-1.63532758577754,0.0718514436981565
-1.61195185956477,0.0705270864876285
-1.58857613335201,0.0692481875633247
-1.56520040713924,0.0680153716318
-1.54182468092647,0.0668291971944872
-1.5184489547137,0.0656901576994479
-1.49507322850093,0.0645986828095938
-1.47169750228816,0.06355513978756
-1.4483217760754,0.0625598349970474
-1.42494604986263,0.0616130155199951
-1.40157032364986,0.0607148708884076
-1.37819459743709,0.0598655349290468
-1.35481887122432,0.0590650877185135
-1.33144314501155,0.0583135576454824
-1.30806741879879,0.057610923576053
-1.28469169258602,0.0569571171173063
-1.26131596637325,0.0563520249732659
-1.23794024016048,0.0557954913865227
-1.21456451394771,0.0552873206578401
-1.19118878773494,0.0548272797350945
-1.16781306152218,0.0544151008619558
-1.14443733530941,0.0540504842757788
-1.12106160909664,0.0537331009432659
-1.09768588288387,0.0534625953216001
-1.0743101566711,0.0532385881319305
-1.05093443045833,0.0530606791313506
-1.02755870424557,0.0529284498688298
-1.0041829780328,0.0528414664099812
-0.980807251820029,0.0527992820150554
-0.95743152560726,0.052801439754169
-0.934055799394492,0.0528474750435075
-0.910680073181724,0.0529369180860956
-0.887304346968955,0.0530692962007084
-0.863928620756187,0.0532441360226075
-0.840552894543419,0.0534609655600384
-0.81717716833065,0.0537193160908097
-0.793801442117882,0.0540187238838024
-0.770425715905114,0.0543587317309256
-0.747049989692345,0.054738890275833
-0.723674263479577,0.0551587591266589
-0.700298537266808,0.0556179077410943
-0.67692281105404,0.0561159160733191
-0.653547084841272,0.0566523749736139
-0.630171358628503,0.0572268863328901
-0.606795632415735,0.0578390629659016
-0.583419906202967,0.0584885282284953
-0.560044179990198,0.059174915365957
-0.53666845377743,0.059897866591242
-0.513292727564662,0.0606570318936967
-0.489917001351893,0.0614520675807078
-0.466541275139125,0.0622826345565868
-0.443165548926356,0.0631483963448739
-0.419789822713588,0.0640490168621172
-0.39641409650082,0.0649841579530359
-0.373038370288051,0.0659534766988059
-0.349662644075283,0.0669566225119675
-0.326286917862515,0.0679932340331812
-0.302911191649746,0.0690629358466892
-0.279535465436978,0.0701653350328911
-0.25615973922421,0.0713000175778986
-0.232784013011441,0.0724665446612681
-0.209408286798673,0.0736644488443365
-0.186032560585904,0.0748932301826629
-0.162656834373136,0.0761523522870416
-0.139281108160368,0.0774412383583381
-0.115905381947599,0.0787592672220628
-0.092529655734831,0.0801057693890792
-0.0691539295220627,0.08148002316918
-0.0457782033092943,0.0828812508644284
-0.0224024770965259,0.0843086150691664
0.000973249116242414,0.0857612151034297
0.0243489753290108,0.0872380836061852
0.0477247015417791,0.0887381833143187
0.0711004277545475,0.0902604040526647
0.0944761539673159,0.0918035599595711
0.117851880180084,0.0933663869715534
0.141227606392853,0.094947540589514
0.164603332605621,0.0965455939477923
0.187979058818389,0.0981590362059693
0.211354785031158,0.0997862712819104
0.234730511243926,0.101425616942963
0.258106237456694,0.103075304270584
0.281481963669463,0.104733477511931
0.304857689882231,0.106398194330135
0.328233416094999,0.108067426463116
0.351609142307768,0.109739060798852
0.374984868520536,0.111410900873047
0.398360594733305,0.113080668793167
0.421736320946073,0.114746007590749
0.445112047158841,0.116404484001892
0.46848777337161,0.118053591673774
0.491863499584378,0.119690754793042
0.515239225797146,0.121313332129902
0.538614952009915,0.122918621489739
0.561990678222683,0.124503864562196
0.585366404435451,0.126066252155686
0.60874213064822,0.127602929803508
0.632117856860988,0.129111003725913
0.655493583073756,0.130587547130738
0.678869309286525,0.132029606833589
0.702245035499293,0.133434210176934
0.725620761712062,0.134798372225978
0.74899648792483,0.136119103217774
0.772372214137598,0.137393416238667
0.795747940350367,0.138618335103944
0.819123666563135,0.139790902412404
0.842499392775903,0.140908187747513
0.865875118988672,0.141967295995849
0.88925084520144,0.142965375752721
0.912626571414208,0.143899627784066
0.936002297626977,0.144767313513129
0.959378023839745,0.145565763499891
0.982753750052514,0.146292385880796
1.00612947626528,0.146944674736051
1.02950520247805,0.147520218351558
1.05288092869082,0.148016707342527
1.07625665490359,0.148431942605815
1.09963238111636,0.14876384306827
1.12300810732912,0.149010453198631
1.14638383354189,0.14916995025097
1.16975955975466,0.149240651208224
1.19313528596743,0.149221019395037
1.2165110121802,0.149109670729946
1.23988673839297,0.14890537958789
1.26326246460573,0.148607084245081
1.2866381908185,0.148213891879486
1.31001391703127,0.147725083101491
1.33338964324404,0.147140115990769
1.35676536945681,0.146458629616984
1.38014109566958,0.145680447023645
1.40351682188234,0.144805577656257
1.42689254809511,0.143834219217907
1.45026827430788,0.14276675893743
1.47364400052065,0.141603774237523
1.49701972673342,0.140346032792434
1.52039545294619,0.13899449196724
1.54377117915895,0.137550297633177
1.56714690537172,0.136014782356074
1.59052263158449,0.134389462957498
1.61389835779726,0.132676037450972
1.63727408401003,0.130876381358303
1.6606498102228,0.128992543413841
1.68402553643556,0.127026740667304
1.70740126264833,0.12498135299857
1.7307769888611,0.122858917060664
1.75415271507387,0.120662119669941
1.77752844128664,0.118393790665201
1.80090416749941,0.116056895260178
1.82427989371217,0.113654525916467
1.84765561992494,0.111189893766488
1.87103134613771,0.108666319618541
1.89440707235048,0.106087224578309
1.91778279856325,0.103456120323369
1.94115852477602,0.100776599069303
1.96453425098879,0.0980523232678663
1.98790997720155,0.0952870150793631
2.01128570341432,0.0924844456628653
2.03466142962709,0.0896484243292015
2.05803715583986,0.0867827876026919
2.08141288205263,0.0838913882384341
2.1047886082654,0.0809780842425276
2.12816433447816,0.0780467279429567
2.15154006069093,0.0751011551589144
2.1749157869037,0.0721451745161684
2.19829151311647,0.0691825569555986
2.22166723932924,0.0662170254813144
2.24504296554201,0.0632522451937539
2.26841869175477,0.0602918136519048
2.29179441796754,0.0573392516072573
2.31517014418031,0.0543979941503123
2.33854587039308,0.0514713823084298
2.36192159660585,0.0485626551315356
2.38529732281862,0.0456749422996941
2.40867304903138,0.0428112572838439
2.43204877524415,0.0399744910880762
2.45542450145692,0.0371674065987423
2.47880022766969,0.0343926335624135
2.50217595388246,0.0316526642113129
2.52555168009523,0.0289498495513207
2.54892740630799,0.0262863963240163
2.57230313252076,0.023664364650529
2.59567885873353,0.021085666361204
2.6190545849463,0.0185520640113127
2.64243031115907,0.0160651705792371
2.66580603737184,0.0136264498398021
2.6891817635846,0.0112372174016937
2.71255748979737,0.0088986423942598
2.73593321601014,0.00661174978542663
2.75930894222291,0.00437742330903038
2.78268466843568,0.00219640897656115
2.80606039464845,6.93191451934805e-05
2.82943612086121,-0.00200336288898191
2.85281184707398,-0.00402127780634397
2.87618757328675,-0.00598418472409112
2.89956329949952,-0.0078919552401835
2.92293902571229,-0.00974456710153312
2.94631475192506,-0.0115420975388661
2.96969047813782,-0.0132847163121622
2.99306620435059,-0.0149726785117843
3.01644193056336,-0.0166063171613141
3.03981765677613,-0.0181860356687277
3.0631933829889,-0.0197123001728541
3.08656910920167,-0.0211856318320758
3.10994483541444,-0.0226065991019483
3.1333205616272,-0.0239758100478374
3.15669628783997,-0.0252939047378138
3.18007201405274,-0.0265615477599005
3.20344774026551,-0.0277794209063643
3.22682346647828,-0.0289482160660736
3.25019919269104,-0.0300686283640454
3.27357491890381,-0.0311413495851652
3.29695064511658,-0.0321670619167295
3.32032637132935,-0.0331464320419239
3.34370209754212,-0.0340801056136497
3.36707782375489,-0.0349687021352581
3.39045354996765,-0.0358128102717682
3.41382927618042,-0.0366129836120562
3.43720500239319,-0.0373697368993296
3.46058072860596,-0.038083542743964
3.48395645481873,-0.0387548288295058
3.5073321810315,-0.0393839756193561
3.53070790724427,-0.0399713145683654
3.55408363345703,-0.0405171268403155
3.5774593596698,-0.0410216425290638
3.60083508588257,-0.0414850403779895
3.62421081209534,-0.041907447989342
3.64758653830811,-0.0422889425121654
3.67096226452088,-0.0426295517946623
3.69433799073364,-0.0429292559842129
3.71771371694641,-0.0431879895557579
3.74108944315918,-0.0434056437469343
3.76446516937195,-0.043582069376211
3.78784089558472,-0.043717080018327
3.81121662179749,-0.0438104555095938
3.83459234801025,-0.0438619457540964
3.85796807422302,-0.0438712748005091
3.88134380043579,-0.0438381451581597
3.90471952664856,-0.0437622423200908
3.92809525286133,-0.0436432394602324
3.9514709790741,-0.0434808022713615
3.97484670528686,-0.0432745939103201
3.99822243149963,-0.0430242800169645
4.0215981577124,-0.0427295337735283
4.04497388392517,-0.0423900409714947
4.06834961013794,-0.0420055050536758
4.09172533635071,-0.0415756520999775
4.11510106256347,-0.0411002357262907
4.13847678877624,-0.0405790418670617
4.16185251498901,-0.040011893413358
4.18522824120178,-0.0393986546796456
4.20860396741455,-0.0387392356740122
4.23197969362732,-0.0380335961481984
4.25535541984008,-0.0372817494055145
4.27873114605285,-0.0364837658465242
4.30210687226562,-0.0356397762342347
4.32548259847839,-0.0347499746624446
4.34885832469116,-0.0338146212128539
4.37223405090393,-0.0328340442885048
4.39560977711669,-0.0318086426131066
4.41898550332946,-0.0307388868877685
4.44236122954223,-0.0296253210986293
4.465736955755,-0.0284685634707971
4.48911268196777,-0.0272693070659127
4.51248840818054,-0.0260283200224878
4.5358641343933,-0.0247464454399629
4.55923986060607,-0.0234246009091418
4.58261558681884,-0.0220637776933169
4.60599131303161,-0.0206650395659575
4.62936703924438,-0.0192295213123232
4.65274276545715,-0.017758426903751
4.67611849166991,-0.0162530273546678
4.69949421788268,-0.0147146582735799
4.72286994409545,-0.0131447171203977
4.74624567030822,-0.0115446601834572
4.76962139652099,-0.00991599929051123
4.79299712273376,-0.00826029826876389
4.81637284894652,-0.00657916916974181
4.83974857515929,-0.00487426827540392
4.86312430137206,-0.00314729190242077
4.88650002758483,-0.00139997202198401
4.9098757537976,0.000365928287141049
4.93325148001037,0.00214861953434299
4.95662720622313,0.00394629064350488
4.9800029324359,0.00575711389167329
5.00337865864867,0.00757924994172443
5.02675438486144,0.00941085295070807
5.05013011107421,0.0112500757356242
5.07350583728698,0.0130950749785117
5.09688156349975,0.0149440164528983
5.12025728971251,0.0167950802538866
5.14363301592528,0.0186464660143897
5.16700874213805,0.0204963980903359
5.19038446835082,0.0223431306979654
5.21376019456359,0.0241849529866941
5.23713592077636,0.0260201940313815
5.26051164698912,0.0278472277282235
5.28388737320189,0.0296644775788929
5.30726309941466,0.0314704213479634
5.33063882562743,0.0332635955790708
5.3540145518402,0.0350425999557116
5.37739027805296,0.0368061014930032
5.40076600426573,0.0385528385471956
5.4241417304785,0.0402816246301638
5.44751745669127,0.0419913520165832
5.47089318290404,0.0436809951319501
5.49426890911681,0.0453496137100845
5.51764463532958,0.0469963557092397
5.54102036154234,0.0486204599764255
5.56439608775511,0.0502212586500626
5.58777181396788,0.0517981792915894
5.61114754018065,0.0533507467371775
5.63452326639342,0.054878584661249
5.65789899260619,0.0563814168440518
5.68127471881895,0.0578590681361301
5.70465044503172,0.0593114651131243
5.72802617124449,0.0607386364149709
5.75140189745726,0.0621407127642156
5.77477762367003,0.0635179266588424
5.7981533498828,0.0648706117357301
5.82152907609556,0.0661992018015936
5.84490480230833,0.0675042295290443
5.8682805285211,0.0687863248162222
5.89165625473387,0.0700462128092937
5.91503198094664,0.0712847115880077
5.93840770715941,0.0725027295154171
5.96178343337218,0.0737012622538407
5.98515915958494,0.0748813894501382
6.00853488579771,0.0760442710944071
6.03191061201048,0.0771911435572808
6.05528633822325,0.0783233153121113
6.07866206443602,0.0794421623494576
6.10203779064878,0.0805491232924616
6.12541351686155,0.0816456942228873
6.14878924307432,0.0827334232288066
6.17216496928709,0.0838139046861472
6.19554069549986,0.0848887732875583
6.21891642171263,0.085959697833298
6.2422921479254,0.0870283748001042
6.26566787413816,0.0880965217052476
6.28904360035093,0.0891658702842144
6.3124193265637,0.0902381595016743
6.33579505277647,0.091315128416592
6.35917077898924,0.0923985089234964
6.38254650520201,0.0934900183930444
6.40592223141477,0.0945913522360874
6.42929795762754,0.0957041764164632
6.45267368384031,0.0968301199386823
6.47604941005308,0.0979707673375539
6.49942513626585,0.0991276511975836
6.52280086247862,0.100302244730676
6.54617658869138,0.101495954441269
6.56955231490415,0.102710112908521
6.59292804111692,0.103945971715537
6.61630376732969,0.105204694555877
6.63967949354246,0.106487350547686
6.66305521975523,0.107794907785801
6.68643094596799,0.109128227161965
6.70980667218076,0.110488056483031
6.73318239839353,0.1118750249165
6.7565581246063,0.113289637792159
6.77993385081907,0.114732271787769
6.80330957703184,0.116203170525795
6.8266853032446,0.117702440607073
6.85006102945737,0.119230048106004
6.87343675567014,0.120785815550434
6.89681248188291,0.122369419407764
6.92018820809568,0.123980388097078
6.94356393430845,0.125618100545158
6.96693966052121,0.127281785302198
6.99031538673398,0.128970520230816
7.01369111294675,0.130683232779661
7.03706683915952,0.132418700850423
7.06044256537229,0.134175554264532
7.08381829158506,0.135952276833138
7.10719401779782,0.137747209031262
7.13056974401059,0.139558551274135
7.15394547022336,0.141384367790947
7.17732119643613,0.143222591088243
7.2006969226489,0.14507102699233
7.22407264886167,0.146927360257074
7.24744837507443,0.148789160720582
7.2708241012872,0.150653889991306
7.29419982749997,0.152518908641328
7.31757555371274,0.154381483881732
7.34095127992551,0.156238797692315
7.36432700613828,0.158087955375277
7.38770273235104,0.159925994500047
7.41107845856381,0.16174989420408
7.43445418477658,0.163556584812279
7.45782991098935,0.165342957735674
7.48120563720212,0.167105875608185
7.50458136341489,0.168842182618675
7.52795708962765,0.170548714994094
7.55133281584042,0.172222311588333
7.57470854205319,0.173859824530496
7.59808426826596,0.175458129885566
7.62145999447873,0.177014138280056
7.6448357206915,0.178524805445013
7.66821144690427,0.179987142628875
7.69158717311703,0.181398226833008
7.7149628993298,0.182755210823383
7.73833862554257,0.184055332872768
7.76171435175534,0.185295926188921
7.78509007796811,0.186474427985717
7.80846580418087,0.187588388155802
7.83184153039364,0.188635477505247
7.85521725660641,0.18961349551285
7.87859298281918,0.190520377579071
7.90196870903195,0.191354201732148
7.92534443524472,0.192113194761705
7.94872016145748,0.192795737753105
7.97209588767025,0.193400370998856
7.99547161388302,0.193925798266637
8.01884734009579,0.194370890406839
8.04222306630856,0.194734688285939
8.06559879252133,0.19501640503558
8.0889745187341,0.195215427610756
8.11235024494686,0.195331317654131
8.13572597115963,0.195363811667095
8.1591016973724,0.195312820491799
8.18247742358517,0.19517842811192
8.20585314979794,0.194960889783429
8.22922887601071,0.194660629510042
8.25260460222347,0.194278236881362
8.27598032843624,0.193814463294881
8.29935605464901,0.193270217586096
8.32273178086178,0.192646561093856
8.34610750707455,0.191944702190796
8.36948323328732,0.1911659903112
8.39285895950008,0.190311909510993
8.41623468571285,0.189384071596615
8.43961041192562,0.188384208861436
8.46298613813839,0.187314166469942
8.48636186435116,0.186175894531363
8.50973759056393,0.184971439905477
8.53311331677669,0.183702937784222
8.55648904298946,0.18237260309335
8.57986476920223,0.180982721758668
8.603240495415,0.179535641881544
8.62661622162777,0.178033764868129
8.64999194784054,0.176479536556336
8.67336767405331,0.174875438383963
8.69674340026607,0.173223978640377
8.72011912647884,0.171527683843088
8.74349485269161,0.169789090279123
8.76687057890438,0.16801073574957
8.79024630511715,0.166195151553867
8.81362203132992,0.164344854748476
8.83699775754268,0.162462340712437
8.86037348375545,0.160550076050047
8.88374920996822,0.158610491858496
8.90712493618099,0.156645977385744
8.93050066239376,0.154658874101342
8.95387638860653,0.152651470200138
8.97725211481929,0.15062599555607
9.00062784103206,0.148584617140409
9.02400356724483,0.146529434915963
9.0473792934576,0.144462478215889
9.07075501967037,0.142385702612894
9.09413074588313,0.140300987281767
9.1175064720959,0.138210132855384
9.14088219830867,0.136114859771575
9.16425792452144,0.134016807105562
9.18763365073421,0.131917531880064
9.21100937694698,0.129818508842698
9.23438510315975,0.12772113069786
9.25776082937251,0.12562670877804
9.28113655558528,0.12353647413734
9.30451228179805,0.121451579047993
9.32788800801082,0.119373098878795
9.35126373422359,0.117302034332675
9.37463946043635,0.115239314019078
9.39801518664912,0.113185797335468
9.42139091286189,0.111142277631044
9.44476663907466,0.109109485624743
9.46814236528743,0.107088093048733
9.4915180915002,0.105078716487942
9.51489381771297,0.103081921385639
9.53826954392573,0.101098226184782
9.5616452701385,0.0991281065746685
9.58502099635127,0.0971719998124721
9.60839672256404,0.0952303090893916
9.63177244877681,0.0933034079115245
9.65514817498958,0.0913916444660495
9.67852390120234,0.0894953459439753
9.70189962741511,0.0876148227914995
9.72527535362788,0.0857503728629687
9.74865107984065,0.0839022854494889
9.77202680605342,0.082070845158433
9.79540253226619,0.0802563356203888
9.81877825847895,0.0784590430015049
9.84215398469172,0.076679259300696
9.86552971090449,0.0749172854127584
9.88890543711726,0.073173433940121
9.91228116333003,0.0714480317376926
9.9356568895428,0.0697414221770612
9.95903261575556,0.0680539671181477
9.98240834196833,0.0663860485782981
10.0057840681811,0.0647380700907121
10.0291597943939,0.0631104577460321
10.0525355206066,0.0615036609128649
10.0759112468194,0.0599181526349364
10.0992869730322,0.0583544297045253
10.1226626992449,0.0568130124137143
10.1460384254577,0.0552944439868989
10.1694141516705,0.0537992896998224
10.1927898778832,0.0523281356922204
10.216165604096,0.0508815874828907
10.2395413303088,0.0494602681977012
10.2629170565216,0.0480648165226487
10.2862927827343,0.0466958843956313
10.3096685089471,0.0453541344520361
10.3330442351599,0.0440402372406153
10.3564199613726,0.0427548682273813
10.3797956875854,0.0414987046064118
10.4031714137982,0.0402724219375122
10.4265471400109,0.0390766906316133
10.4499228662237,0.0379121723056139
10.4732985924365,0.0367795160290627
10.4966743186492,0.0356793544856644
10.520050044862,0.0346123000730272
10.5434257710748,0.0335789409643966
10.5668014972875,0.0325798371563025
10.5901772235003,0.031615516526101
10.6135529497131,0.0306864709233169
10.6369286759258,0.0297931523184848
10.6603044021386,0.028935969032845
10.6836801283514,0.0281152820717896
10.7070558545642,0.0273314015843543
10.7304315807769,0.0265845834703446
10.7538073069897,0.0258750261558484
10.7771830332025,0.0252028675569413
10.8005587594152,0.0245681822503382
10.823934485628,0.0239709788685885
10.8473102118408,0.0234111977361607
10.8706859380535,0.0228887087614232
10.8940616642663,0.0224033095981092
10.9174373904791,0.0219547240883625
10.9408131166918,0.0215426009979083
10.9641888429046,0.0211665130522835
10.9875645691174,0.0208259562814163
11.0109402953301,0.0205203496781526
11.0343160215429,0.0202490351746284
11.0576917477557,0.0200112779386598
11.0810674739684,0.0198062669906049
11.1044432001812,0.0196331161394373
11.127818926394,0.0194908652350747
11.1511946526068,0.0193784817323446
11.1745703788195,0.0192948625603423
11.1979461050323,0.0192388362893635
11.2213218312451,0.019209165586076
11.2446975574578,0.0192045499461544
11.2680732836706,0.0192236286922273
11.2914490098834,0.0192649842237092
11.3148247360961,0.0193271455038942
11.3382004623089,0.0194085917686059
11.3615761885217,0.0195077564397066
11.3849519147344,0.0196230312259003
11.4083276409472,0.0197527703925044
11.43170336716,0.0198952951812234
11.4550790933727,0.0200488983604408
11.4784548195855,0.0202118488861446
11.5018305457983,0.0203823966533268
11.525206272011,0.020558777317544
11.5485819982238,0.0207392171662889
11.5719577244366,0.0209219380199059
11.5953334506494,0.0211051621419803
11.6187091768621,0.0212871171394339
11.6420849030749,0.0214660408329711
11.6654606292877,0.0216401860790208
11.6888363555004,0.0218078255249245
11.7122120817132,0.0219672562797943
11.735587807926,0.0221168044842265
11.7589635341387,0.0222548297628748
11.7823392603515,0.0223797295447755
11.8057149865643,0.0224899432372395
11.829090712777,0.0225839562401022
11.8524664389898,0.0226603037881206
11.8758421652026,0.0227175746103272
11.8992178914153,0.022754414396184
11.9225936176281,0.0227695290594146
11.9459693438409,0.0227616877914217
11.9693450700536,0.0227297258972109
11.9927207962664,0.0226725474077328
12.0160965224792,0.0225891274635213
12.0394722486919,0.0224785144654261
12.0628479749047,0.0223398319891306
12.0862237011175,0.0221722804609744
12.1095994273303,0.0219751385933978
12.132975153543,0.021747764579047
12.1563508797558,0.0214895970432691
12.1797266059686,0.0212001557553329
12.2031023321813,0.0208790420992844
12.2264780583941,0.0205259393058434
12.2498537846069,0.0201406124472016
12.2732295108196,0.0197229081969761
12.2966052370324,0.0192727543579203
12.3199809632452,0.0187901591602936
12.3433566894579,0.0182752103340515
12.3667324156707,0.0177280739582421
12.3901081418835,0.0171489930911871
12.4134838680962,0.0165382861852013
12.436859594309,0.0158963452897538
12.4602353205218,0.0152236340471248
12.4836110467346,0.0145206854847549
12.5069867729473,0.0137880996086307
12.5303624991601,0.0130265408022168
12.5537382253729,0.0122367350356221
12.5771139515856,0.0114194668899004
12.6004896777984,0.0105755764016221
12.6238654040112,0.00970595573313596
12.6472411302239,0.00881154567426114
12.6706168564367,0.00789333198152047
12.6939925826495,0.00695234156144661
12.7173683088622,0.00598963850497114
12.740744035075,0.00500631998043372
12.7641197612878,0.00400351199333956
12.7874954875005,0.00298236502163518
12.8108712137133,0.00194404953596859
12.8342469399261,0.000889751415150214
12.8576226661388,-0.000179332732172965
12.8809983923516,-0.00126200032777965
12.9043741185644,-0.00235704765334729
12.9277498447771,-0.00346327473550383
12.9511255709899,-0.00457949027190128
12.9745012972027,-0.00570451658281841
12.9978770234155,-0.00683719457185121
13.0212527496282,-0.00797638867833021
13.044628475841,-0.00912099180317687
13.0680042020538,-0.0102699301890432
13.0913799282665,-0.0114221682347304
13.1147556544793,-0.0125767132231112
13.1381313806921,-0.0137326199410602
13.1615071069048,-0.0148889951692712
13.1848828331176,-0.0160450020193035
13.2082585593304,-0.017199864094769
13.2316342855431,-0.0183528694532572
13.2550100117559,-0.0195033743454204
13.2783857379687,-0.0206508067075886
13.3017614641814,-0.021794669384399
13.3251371903942,-0.022934543058181
13.348512916607,-0.02407008886227
13.3718886428197,-0.0252010506560224
13.3952643690325,-0.0263272569400755
13.4186400952453,-0.0274486223913511
13.4420158214581,-0.0285651489984323
13.4653915476708,-0.0296769267792583
13.4887672738836,-0.0307841340645676
13.5121430000964,-0.0318870373321895
13.5355187263091,-0.0329859905791179
13.5588944525219,-0.0340814342202939
13.5822701787347,-0.0351738935051836
13.6056459049474,-0.0362639764455222
13.6290216311602,-0.0373523712500326
13.652397357373,-0.0384398432644615
13.6757730835857,-0.0395272314179366
13.6991488097985,-0.0406154441793738
13.7225245360113,-0.0417054550304761
13.745900262224,-0.0427982974647244
13.7692759884368,-0.043895059524646
13.7926517146496,-0.0449968778925514
13.8160274408623,-0.0461049315528238
13.8394031670751,-0.0472204350467053
13.8627788932879,-0.048344631343336
13.8861546195006,-0.0494787843535417
13.9095303457134,-0.0506241711155028
13.9329060719262,-0.0517820736839687
13.956281798139,-0.0529537707570681
13.9796575243517,-0.0541405290770003
14.0030332505645,-0.055343594642946
14.0264089767773,-0.0565641837764025
14.04978470299,-0.0578034740807986
14.0731604292028,-0.0590625953386694
14.0965361554156,-0.0603426203908589
14.1199118816283,-0.0616445560431502
14.1432876078411,-0.0629693340463924
14.1666633340539,-0.0643178021965993
14.1900390602666,-0.065690715601606
14.2134147864794,-0.0670887281607188
14.2367905126922,-0.0685123843033434
14.2601662389049,-0.0699621110318466
14.2835419651177,-0.0714382103128953
14.3069176913305,-0.0729408518602246
14.3302934175433,-0.0744700663502212
14.353669143756,-0.0760257391098825
14.3770448699688,-0.0776076043146262
14.4004205961816,-0.0792152397311089
14.4237963223943,-0.0808480620376519
14.4471720486071,-0.0825053227521211
14.4705477748199,-0.084186104794146
14.4939235010326,-0.0858893197054379
14.5172992272454,-0.0876137055486823
14.5406749534582,-0.0893578255020639
14.5640506796709,-0.0911200671629619
14.5874264058837,-0.0928986425707361
14.6108021320965,-0.094691588954853
14.6341778583092,-0.0964967702108912
14.657553584522,-0.0983118791032321
14.6809293107348,-0.100134440189537
14.7043050369475,-0.101961813458427
14.7276807631603,-0.103791198668159
14.7510564893731,-0.105619640370573
14.7744322155858,-0.10744403360112
14.7978079417986,-0.109261130212529
14.8211836680114,-0.111067545826457
14.8445593942242,-0.112859767374541
14.8679351204369,-0.114634161197416
14.8913108466497,-0.116386981667703
14.9146865728625,-0.118114380300582
14.9380622990752,-0.119812415313399
14.961438025288,-0.121477061593869
14.9848137515008,-0.123104221034778
15.0081894777135,-0.124689733191676
15.0315652039263,-0.126229386218944
15.0549409301391,-0.127718928038723
15.0783166563518,-0.129154077696649
15.1016923825646,-0.130530536857942
15.1250681087774,-0.131844001397425
15.1484438349901,-0.133090173037177
15.1718195612029,-0.134264770986044
15.1951952874157,-0.13536354353591
15.2185710136284,-0.136382279570612
15.2419467398412,-0.137316819944535
15.265322466054,-0.138163068689351
15.2886981922668,-0.138917004008943
15.3120739184795,-0.139574689024381
15.3354496446923,-0.140132282232739
15.3588253709051,-0.140586047645702
15.3822010971178,-0.140932364576147
15.4055768233306,-0.14116773704328
15.4289525495434,-0.141288802769387
15.4523282757561,-0.141292341743822
15.4757040019689,-0.141175284332505
15.4990797281817,-0.140934718913868
15.5224554543944,-0.140567899024911
15.5458311806072,-0.140072250003733
15.56920690682,-0.139445375117643
15.5925826330327,-0.138685061168618
15.5925826330327,-0.136756210895179
15.6159092541586,-0.135604556375425
15.6392738991828,-0.134353368225404
15.6626386719368,-0.133001421992307
15.6860035011082,-0.131547701938107
15.7093683153549,-0.129991403025985
15.7327330432859,-0.128331932354519
15.7560976134414,-0.126568910105565
15.7794619542732,-0.124702170019976
15.8028259941245,-0.122731759416831
15.8261896612107,-0.120657938773244
15.8495528835988,-0.118481180883034
15.8729155891877,-0.116202169613591
15.8962777056877,-0.113821798281203
15.9196391606004,-0.1113411676658
15.9429998811981,-0.108761583686682
15.9663597945031,-0.106084554761188
15.9897188272667,-0.103311788868531
16.0130769059486,-0.100445190341119
16.0364339566951,-0.0974868564056393
16.059789905318,-0.0944390734960047
16.0831446772726,-0.0913043133599131
16.106498197636,-0.0880852289803427
16.1298503910847,-0.08478465033271
16.1532011818719,-0.0814055799977377
16.1765504938049,-0.0779511886492737
16.1998982502216,-0.074424810435417
16.2232443739675,-0.0708299382703162
16.246588787371,-0.0671702190529498
16.2699314122202,-0.0634494488280634
16.2932721697371,-0.0596715679032532
16.3166109805535,-0.0558406559349375
16.3399477646846,-0.0519609269946828
16.3632824415038,-0.0480367246260384
16.3866149297157,-0.0440725169006966
16.4099451473294,-0.0400728914814605
16.4332730116309,-0.0360425506981423
16.4565984391549,-0.031986306641191
16.4799213456565,-0.0279090762765136
16.5032416460819,-0.023815876583666
16.5265592545382,-0.0197118197183163
16.5498740842633,-0.0156021081986737
16.5731860475946,-0.0114920301143925
16.5964950559369,-0.00738695435535452
16.6198010197302,-0.00329232585667887
16.6431038484157,0.000786339144665513
16.6664034504021,0.00484345784717544
16.6896997330303,0.00887338562239766
16.7129926025375,0.0128704207598523
16.7362819640203,0.016828809226999
16.7595677213972,0.0207427494524787
16.7828497773693,0.0246063971412945
16.8061280333811,0.0284138701309219
16.8294023895792,0.0321592532975463
16.8526727447706,0.0358366035217317
16.8759389963794,0.0394399547228073
16.8992010404024,0.0429633229711415
16.9224587713637,0.0464007116872202
16.9457120822676,0.0497461169360954
16.9689608645505,0.0529935328253026
16.9922050080311,0.0561369570137565
17.0154444008592,0.0591703963384488
17.0386789294631,0.0620878725649688
17.0619084784953,0.064883428266971
17.0851329307762,0.0675511328387056
17.1083521672369,0.070085088643649
17.1315660668593,0.0724794373010736
17.1547745066148,0.0747283661111559
17.1779773614007,0.0768261146178702
17.201174503975,0.0787669813075284
17.2243658048888,0.0805453304393695
17.2475511324163,0.082155599003096
17.2707303524827,0.0835923037967178
17.2939033285895,0.0848500486164954
17.3170699217378,0.0859235315491856
17.3402299903478,0.0868075523552141
17.3633833901768,0.0874970199297939
17.3865299742337,0.0879869598274589
17.4096695926902,0.0882725218339265
17.4328020927896,0.0883489875677135
17.4559273187515,0.0882117780924699
17.4790451116737,0.0878564615196118
17.5021553094304,0.0872787605795353
17.5252577465659,0.0864745601384432
17.5483522541856,0.0854399146367109
17.5714386598417,0.0841710554236847
17.5945167874155,0.0826643979628965
17.6175864569945,0.0809165488809144
17.6406474847452,0.0789243128323857
17.6636996827806,0.0766846991533428
17.6867428590231,0.0741949282744857
17.7097768170611,0.0714524378659455
17.7328013560007,0.0684548886850207
17.755816270311,0.0652001700984824
17.7788213496629,0.0616864052513556
17.801816378762,0.0579119558545462
17.8248011371739,0.0538754265643084
17.8477753991425,0.0495756689273694
17.8707389334009,0.0450117848664867
17.8936915029736,0.0401831296823555
17.9166328649713,0.035089314549092
17.9395627703756,0.0297302084819569
17.9624809638151,0.0241059397576013
17.9853871833318,0.018216896768863
18.0082811601367,0.0120637282980101
18.0311626183545,0.00564734319435181
18.0540312747573,-0.00103109055576436
18.0768868384853,-0.00797014737631964
18.0997290107559,-0.0151681462738014
18.1225574845582,-0.0226231536392443
18.1453719443337,-0.0303329866827597
18.1681720656423,-0.0382952175006562
18.1909575148116,-0.0465071777727472
18.2137279485705,-0.054965964084884
18.2364830136635,-0.0636684438692006
18.2592223464482,-0.0726112619520282
18.2819455724707,-0.0817908476969251
18.3046523060219,-0.0912034227278096
18.3273421496702,-0.100845009214767
18.3500146937709,-0.110711438702806
18.3726695159506,-0.120798361461566
18.3953061805651,-0.131101256331881
18.4179242381284,-0.141615441043082
18.4405232247125,-0.152336082973037
18.4631026613145,-0.163258210321204
18.4856620531902,-0.174376723663415
18.5082008891516,-0.185686407855665
18.5307186408257,-0.197181944252998
18.5532147618723,-0.208857923208511
18.5756886871586,-0.220708856816672
18.5981398318865,-0.2327291918645
18.6205675906713,-0.244913322953712
18.6429713365659,-0.257255605756746
18.6653504200298,-0.269750370369526
18.6877041678364,-0.282391934724061
18.7100318819164,-0.295174618024395
18.7323328381309,-0.308092754170053
18.7546062849711,-0.321140705131978
18.7768514421779,-0.334312874247016
18.799067499276,-0.347603719398254
18.8212536140168,-0.361007766050002
18.8434089107224,-0.374519620107792
18.8655324785242,-0.388133980575678
18.8876233694877,-0.401845651985007
18.9096805966144,-0.415649556571085
18.9317031317124,-0.429540746176354
18.9536899031249,-0.443514413861191
18.9756397933049,-0.45756590520592
18.9975516362246,-0.471690729290303
19.0194242146067,-0.485884569339442
19.0412562569617,-0.500143293027824
19.0630464344163,-0.514462962436062
19.084793357316,-0.528839843657679
19.1064955715816,-0.54327041605616
19.1281515548006,-0.557751381175275
19.1497597120295,-0.572279671308453
19.1713183712824,-0.586852457735647
19.1928257786796,-0.601467158638743
19.2142800932247,-0.616121446708993
19.2356793811784,-0.630813256462226
19.2570216099928,-0.645540791279702
19.2783046417657,-0.660302530194283
19.299526226172,-0.675097234443188
19.3206839928234,-0.689923953809793
19.3417754430039,-0.704782032777823
19.3627979407217,-0.719671116521631
19.383748703014,-0.734591156756183
19.4046247894328,-0.749542417469611
19.4254230906338,-0.764525480559756
19.4461403159815,-0.779541251393898
19.4667729800749,-0.794590964307643
19.4873173880893,-0.809676188054588
19.5077696198174,-0.82479883121274
19.5281255122821,-0.839961147546446
19.5483806407809,-0.855165741313514
19.5685302982072,-0.870415572495976
19.5885694724789,-0.885713961919082
19.6084928218882,-0.901064596206194
19.6282946481726,-0.916471532496663
19.6479688670831,-0.931939202828773
19.6675089762152,-0.947472418059661
19.6869080198427,-0.963076371157762
19.7061585504824,-0.978756639659546
19.7252525868979,-0.99451918702989
19.7441815682392,-1.01037036260263
19.762936304006,-1.026316899703
19.7815069195206,-1.0423659114647
19.7998827966036,-1.05852488374892
19.8180525091709,-1.07480166444858
19.8360037535116,-1.09120444831599
19.8537232730746,-1.10774175628314
19.8711967777017,-1.12442240805026
19.8884088573936,-1.14125548649795
19.9053428909145,-1.15825029223266
19.9219809498337,-1.17541628630716
19.9383036989984,-1.19276301887418
19.9542902949506,-1.21030004124562
19.9699182844718,-1.22803679856129
19.9851635062856,-1.24598250005367
20,-1.26414596377204
