-20,-0.92826981878649
-19.9846159885832,-0.910397071756079
-19.968811511212,-0.89284213003976
-19.9526113681566,-0.875597369432569
-19.9360387589411,-0.858654967020842
-19.9191153588235,-0.842007023858986
-19.9018614006206,-0.825645666899476
-19.8842957589629,-0.809563132569565
-19.8664360347793,-0.793751834265377
-19.8482986383874,-0.778204415862678
-19.8298988700337,-0.762913793148663
-19.8112509970918,-0.747873184877766
-19.7923683274121,-0.733076134957925
-19.7732632785335,-0.718516527088888
-19.7539474426311,-0.704188593004831
-19.7344316471959,-0.690086915321368
-19.7147260115253,-0.676206425852277
-19.6948399991674,-0.662542400143228
-19.6747824665004,-0.649090448867294
-19.6545617076522,-0.635846506638645
-19.6341854959808,-0.622806818724926
-19.6136611223398,-0.609967926073926
-19.5929954303506,-0.597326649014764
-19.5721948489011,-0.584880069946585
-19.5512654220777,-0.572625515287509
-19.5302128367307,-0.560560536922185
-19.5090424478595,-0.548682893356852
-19.4877593019936,-0.53699053076553
-19.4663681587314,-0.525481564089092
-19.4448735105893,-0.514154258329945
-19.4232796012994,-0.503007010168448
-19.401590442686,-0.492038330012437
-19.3798098302373,-0.481246824578157
-19.3579413574834,-0.470631180089074
-19.3359884292767,-0.460190146168336
-19.3139542740692,-0.449922520490779
-19.2918419552672,-0.439827134251262
-19.2696543817409,-0.429902838497611
-19.2473943175583,-0.420148491368412
-19.2250643910062,-0.410562946268332
-19.2026671029569,-0.401145041006411
-19.1802048346338,-0.391893587915913
-19.1576798548229,-0.38280736496772
-19.1350943265764,-0.373885107882957
-19.1124503134468,-0.365125503244519
-19.0897497852898,-0.356527182601373
-19.0669946236692,-0.348088717554049
-19.0441866268946,-0.33980861580445
-19.0213275147204,-0.331685318148201
-18.9984189327314,-0.323717196383048
-18.9754624564399,-0.31590255210246
-18.9524595951147,-0.30823961633951
-18.9294117953625,-0.300726550022348
-18.9063204444806,-0.293361445199158
-18.8831868735961,-0.286142326987398
-18.8600123606087,-0.279067156199364
-18.8367981329508,-0.27213383259373
-18.8135453701768,-0.265340198700688
-18.7902552063954,-0.258684044166612
-18.7669287325552,-0.252163110562873
-18.7435669985928,-0.24577509660249
-18.720171015455,-0.239517663707695
-18.6967417570014,-0.233388441871289
-18.6732801617976,-0.227385035754765
-18.6497871348044,-0.221505030966673
-18.6262635489715,-0.215746000465488
-18.6027102467413,-0.210105511032391
-18.5791280414684,-0.204581129760804
-18.555517718761,-0.199170430511265
-18.5318800377486,-0.193871000282258
-18.5082157322812,-0.188680445449884
-18.4845255120635,-0.183596397831776
-18.4608100637296,-0.178616520533441
-18.4370700518601,-0.173738513538105
-18.4133061199471,-0.168960119004322
-18.389518891308,-0.164279126238824
-18.365708969954,-0.159693376315543
-18.3418769414129,-0.155200766315225
-18.3180233735121,-0.150799253163644
-18.2941488171211,-0.146486857050078
-18.2702538068585,-0.142261664411398
-18.2463388617638,-0.138121830470751
-18.2224044859368,-0.134065581323549
-18.1984511691464,-0.130091215567023
-18.1744793874104,-0.126197105473195
-18.1504896035476,-0.122381697708545
-18.1264822677052,-0.118643513607025
-18.1024578178602,-0.114981149006238
-18.0784166802996,-0.111393273659711
-18.0543592700772,-0.107878630241025
-18.0302859914512,-0.104436032958292
-18.0061972383011,-0.101064365799961
-17.9820933945274,-0.0977625804351884
-17.9579748344328,-0.0945296937940892
-17.9338419230876,-0.091364785354968
-17.9096950166792,-0.088266994167192
-17.8855344628466,-0.0852355156396896
-17.8613606010011,-0.0822695981260841
-17.8371737626334,-0.0793685393382764
-17.8129742716084,-0.0765316826208036
-17.7887624444478,-0.0737584131185661
-17.7645385906009,-0.0710481538705243
-17.7403030127052,-0.0684003618617117
-17.7160560068365,-0.0658145240654291
-17.6917978627487,-0.063290153506739
-17.6675288641054,-0.0608267853774339
-17.6432492887015,-0.0584239732314706
-17.6189594086767,-0.056081285288486
-17.594659490722,-0.0537983008714522
-17.5703497962768,-0.0515746070027783
-17.5460305817203,-0.0494097951812871
-17.5217020985554,-0.0473034583604525
-17.4973645935858,-0.0452551881461448
-17.473018309087,-0.043264572229865
-17.4486634829721,-0.0413311920711357
-17.4243003489504,-0.0394546208403102
-17.3999291366822,-0.0376344216306389
-17.3755500719271,-0.035870145945974
-17.3511633766885,-0.0341613324680458
-17.3267692693527,-0.0325075061048066
-17.3023679648237,-0.0309081773189495
-17.2779596746542,-0.0293628417333678
-17.2535446071717,-0.0278709800080634
-17.2291229676017,-0.0264320579808396
-17.2046949581865,-0.0250455270620601
-17.180260778301,-0.0237108248718058
-17.1558206245648,-0.022427376105975
-17.1313746909511,-0.021194593616208
-17.1069231688936,-0.0200118796870328
-17.0824662473886,-0.018878627492297
-17.0580041130962,-0.0177942227118135
-17.0335369504383,-0.0167580452881777
-17.0090649416934,-0.0157694713029386
-16.9845882670903,-0.0148278749507247
-16.9601071048986,-0.0139326305895266
-16.9356216315176,-0.0130831148451443
-16.9111320215632,-0.0122787087477889
-16.8866384479524,-0.0115187998790083
-16.8621410819869,-0.0108027845074644
-16.837640093434,-0.0101300696926174
-16.8131356506068,-0.0095000753360842
-16.7886279204424,-0.00891223616128633
-16.7641170685788,-0.00836600360302246
-16.7396032594303,-0.00786084758975015
-16.7150866562623,-0.00739625820262772
-16.6905674212641,-0.00697174719676739
-16.6660457156211,-0.00658684937163757
-16.6415216995861,-0.00624112377912232
-16.6169955325496,-0.00593415475941171
-16.5924673731086,-0.00566555279658237
-16.5679373791361,-0.00543495518749973
-16.5434057078482,-0.00524202651943204
-16.5188725158718,-0.00508645895357407
-16.4943379593114,-0.00496797231345396
-16.4698021938151,-0.00488631397898398
-16.4452653746405,-0.00484125858865619
-16.4207276567203,-0.00483260755408058
-16.3961891947274,-0.00486018839272741
-16.3716501431397,-0.0049238538862981
-16.3471019946716,-0.00499270924908435
-16.3225538462034,-0.00503587752528464
-16.2980056977352,-0.00505326811490404
-16.2734575492671,-0.00504480459816366
-16.2489094007989,-0.00501042317342634
-16.2243612523308,-0.00495007099057806
-16.1998131038626,-0.00486370439565167
-16.1752649553944,-0.00475128710320473
-16.1507168069263,-0.00461278831354598
-16.1261686584581,-0.00444818079236054
-16.1016205099899,-0.00425743893059416
-16.0770723615218,-0.00404053680264422
-16.0525242130536,-0.00379744624094039
-16.0279760645854,-0.00352813494491677
-16.0034279161173,-0.00323256464214785
-15.9788797676491,-0.00291068931908025
-15.954331619181,-0.00256245353831134
-15.9297834707128,-0.00218779085877883
-15.9052353222446,-0.00178662237452063
-15.8806871737765,-0.00135885538684436
-15.8561390253083,-0.000904382223841448
-15.8315908768401,-0.000423079220162867
-15.807042728372,8.51941311144008e-05
-15.7824945799038,0.000620595843881806
-15.7579464314357,0.00118330191224558
-15.7333982829675,0.0017735065835302
-15.7088501344993,0.00239142242430405
-15.6843019860312,0.00303728017410271
-15.659753837563,0.00371132838297183
-15.6352056890948,0.00441383283042995
-15.6106575406267,0.00514507572494335
-15.5861093921585,0.00590535468451929
-15.5615612436903,0.0066949815005297
-15.5370130952222,0.00751428068838862
-15.512464946754,0.00836358783019621
-15.4879167982859,0.00924324771593653
-15.4633686498177,0.0101536122912548
-15.4388205013495,0.0110950384212462
-15.4142723528814,0.012067885481046
-15.3897242044132,0.0130725127853166
-15.365176055945,0.0141092768699708
-15.3406279074769,0.0151785286406521
-15.3160797590087,0.0162806104035913
-15.2915316105405,0.017415852795487
-15.2669834620724,0.0185845716299863
-15.2424353136042,0.0197870646791889
-15.2178871651361,0.0210236084093364
-15.1933390166679,0.0222944546904876
-15.1687908681997,0.0235998275005073
-15.1442427197316,0.0249399196441087
-15.1196945712634,0.0263148895079838
-15.0951464227952,0.0277248578732263
-15.0705982743271,0.029169904806298
-15.0460501258589,0.0306500666497037
-15.0215019773907,0.0321653331333261
-14.9969538289226,0.0337156446270259
-14.9724056804544,0.0353008895546278
-14.9478575319863,0.0369209019888026
-14.9233093835181,0.0385754594456082
-14.8987612350499,0.0402642808965679
-14.8742130865818,0.0419870250151667
-14.8496649381136,0.0437432886734994
-14.8251167896454,0.0455326057035631
-14.8005686411773,0.0473544459362957
-14.7760204927091,0.0492082145299972
-14.7514723442409,0.0510932515981632
-14.7269241957728,0.053008832145089
-14.7023760473046,0.0549541663158189
-14.6778278988365,0.0569283999651737
-14.6532797503683,0.0589306155486585
-14.6287316019001,0.0609598333360901
-14.604183453432,0.0630150129467519
-14.5796353049638,0.0650950552028448
-14.5550871564956,0.0671988042959216
-14.5305390080275,0.0693250502589363
-14.5059908595593,0.0714725317344593
-14.4814427110912,0.0736399390275985
-14.456894562623,0.0758259174301507
-14.4323464141548,0.0780290708005906
-14.4077982656867,0.08024796538263
-14.3832501172185,0.0824811338433097
-14.3587019687503,0.0847270795099145
-14.3341538202822,0.0869842807834457
-14.309605671814,0.0892511957049651
-14.2850575233458,0.0915262666498463
-14.2605093748777,0.0938079251238519
-14.2359612264095,0.096094596634007
-14.2114130779414,0.0983847056064667
-14.1868649294732,0.100676680323004
-14.162316781005,0.10296895784736
-14.1377686325369,0.105259988912514
-14.1132204840687,0.107548242739984
-14.0886723356005,0.10983221176249
-14.0641241871324,0.11211041622178
-14.0395760386642,0.1143814086141
-14.015027890196,0.116643777956653
-13.9904797417279,0.1188961538495
-13.9659315932597,0.121137210308633
-13.9413834447916,0.123365669347442
-13.9168352963234,0.125580304285467
-13.8922871478552,0.127779942765163
-13.8677389993871,0.129963469459387
-13.8431908509189,0.132129828454512
-13.8186427024507,0.134278025296261
-13.7940945539826,0.136407128687826
-13.7695464055144,0.138516271832223
-13.7449982570462,0.140604653413443
-13.7204501085781,0.142671538213514
-13.6959019601099,0.144716257365218
-13.6713538116418,0.146738208242838
-13.6468056631736,0.148736853995926
-13.6222575147054,0.150711722733631
-13.5977093662373,0.152662406369674
-13.5731612177691,0.154588559140447
-13.5486130693009,0.156489895811062
-13.5240649208328,0.158366189586366
-13.4995167723646,0.160217269745973
-13.4749686238965,0.162043019024292
-13.4504204754283,0.163843370758187
-13.4258723269601,0.165618305826457
-13.401324178492,0.167367849406604
-13.3767760300238,0.169092067575442
-13.3522278815556,0.170791063780941
-13.3276797330875,0.172464975213318
-13.3031315846193,0.174113969103736
-13.2785834361511,0.175738238979105
-13.254035287683,0.17733800090131
-13.2294871392148,0.178913489718862
-13.2049389907467,0.180464955358291
-13.1803908422785,0.181992659181762
-13.1558426938103,0.183496870436321
-13.1312945453422,0.184977862818842
-13.106746396874,0.186435911179241
-13.0821982484058,0.187871288382859
-13.0576500999377,0.189284262350986
-13.0331019514695,0.190675093296521
-13.0085538030013,0.192044031169589
-12.9840056545332,0.193391313325653
-12.959457506065,0.194717162426325
-12.9349093575969,0.196021784580624
-12.9103612091287,0.197305367731995
-12.8858130606605,0.198568080293889
-12.8612649121924,0.199810070034229
-12.8367167637242,0.201031463206673
-12.812168615256,0.202232363924134
-12.7876204667879,0.203412853767759
-12.7630723183197,0.204572991622325
-12.7385241698515,0.205712813726928
-12.7139760213834,0.206832333927902
-12.6894278729152,0.207931544119113
-12.6648797244471,0.20901041485316
-12.6403315759789,0.210068896105634
-12.6157834275107,0.211106918173341
-12.5912352790426,0.21212439268644
-12.5666871305744,0.213121213713687
-12.5421389821062,0.214097258939424
-12.5175908336381,0.215052390890714
-12.4930426851699,0.21598645819293
-12.4684945367017,0.216899296832331
-12.4439463882336,0.217790731404581
-12.4193982397654,0.218660576328814
-12.3948500912973,0.219508637007755
-12.3703019428291,0.220334710915491
-12.3457537943609,0.221138588595786
-12.3212056458928,0.221920054555327
-12.2966574974246,0.222678888037937
-12.2721093489564,0.223414863667619
-12.2475612004883,0.224127751950226
-12.2230130520201,0.224817319625632
-12.198464903552,0.225483329864419
-12.1739167550838,0.226125542305345
-12.1493686066156,0.226743712932122
-12.1248204581475,0.227337593790335
-12.1002723096793,0.227906932547667
-12.0757241612111,0.228451471902833
-12.051176012743,0.228970948850929
-12.0266278642748,0.229465093815024
-12.0020797158066,0.229933629655948
-11.9775315673385,0.230376270574181
-11.9529834188703,0.230792720919625
-11.9284352704022,0.231182673926713
-11.903887121934,0.231545810393863
-11.8793389734658,0.231881797327636
-11.8547908249977,0.232190286573098
-11.8302426765295,0.232470913452868
-11.8056945280613,0.232723295438031
-11.7811463795932,0.232947030874621
-11.756598231125,0.233141697789646
-11.7320500826568,0.233306852800659
-11.7075019341887,0.233442030152659
-11.6829537857205,0.233546740905687
-11.6584056372524,0.233620472295779
-11.6338574887842,0.233662687290997
-11.609309340316,0.233672824363175
-11.5847611918479,0.233650297494554
-11.5602130433797,0.233594496436996
-11.5356648949115,0.233504787239616
-11.5111167464434,0.233380513058739
-11.4865685979752,0.233220995261947
-11.462020449507,0.233025534835677
-11.4374723010389,0.232793414103426
-11.4129241525707,0.232523898759033
-11.3883760041026,0.232216240216893
-11.3638278556344,0.231869678278222
-11.3392797071662,0.231483444109688
-11.3147315586981,0.231056763527934
-11.2901834102299,0.230588860580664
-11.2656352617617,0.230078961412143
-11.2410871132936,0.22952629839818
-11.2165389648254,0.228930114532917
-11.1919908163573,0.228289668047078
-11.1674426678891,0.227604237234791
-11.1428945194209,0.226873125463641
-11.1183463709528,0.226095666340295
-11.0937982224846,0.22527122900194
-11.0692500740164,0.224399223501768
-11.0447019255483,0.223479106255006
-11.0201537770801,0.22251038551043
-10.9956056286119,0.221492626810974
-10.9710574801438,0.22042545840598
-10.9465093316756,0.21930857657679
-10.9219611832075,0.218141750836854
-10.8974130347393,0.216924828967203
-10.8728648862711,0.215657741848168
-10.848316737803,0.2143405080485
-10.8237685893348,0.212973238133597
-10.7992204408666,0.211556138655456
-10.7746722923985,0.210089515788076
-10.7501241439303,0.208573778573497
-10.7255759954621,0.2070094417454
-10.701027846994,0.205397128099167
-10.6764796985258,0.203737570379582
-10.6519315500577,0.202031612659859
-10.6273834015895,0.200280211188468
-10.6028352531213,0.198484434683189
-10.5782871046532,0.196645464055048
-10.553738956185,0.194764591548146
-10.5291908077168,0.192843219284989
-10.5046426592487,0.190882857210585
-10.4800945107805,0.188885120432439
-10.4555463623123,0.186851725957485
-10.4309982138442,0.184784488830983
-10.406450065376,0.182685317686479
-10.3819019169079,0.180556209719951
-10.3573537684397,0.178399245105326
-10.3328056199715,0.176216580872553
-10.3082574715034,0.174010444273345
-10.2837093230352,0.171783125663512
-10.259161174567,0.169536970934529
-10.2346130260989,0.167274373530495
-10.2100648776307,0.164997766089981
-10.1855167291626,0.162709611755378
-10.1609685806944,0.160412395195267
-10.1364204322262,0.158108613387881
-10.1118722837581,0.155800766216103
-10.0873241352899,0.153491346926363
-10.0627759868217,0.151182832505537
-10.0382278383536,0.148877674031164
-10.0136796898854,0.146578287051302
-9.98913154141724,0.144287042050825
-9.96458339294908,0.142006255061182
-9.94003524448092,0.139738178470314
-9.91548709601275,0.137484992088858
-9.89093894754459,0.135248794527626
-9.86639079907643,0.133031594939954
-9.84184265060826,0.130835305180608
-9.8172945021401,0.128661732430728
-9.79274635367193,0.126512572335622
-9.76819820520377,0.124389402699285
-9.74365005673561,0.122293677776147
-9.71910190826745,0.120226723196949
-9.69455375979928,0.118189731561655
-9.67000561133112,0.116183758728134
-9.64545746286295,0.114209720820875
-9.62090931439479,0.112268391979345
-9.59636116592663,0.110360402860755
-9.57181301745846,0.108486239907064
-9.5472648689903,0.106646245380955
-9.52271672052214,0.104840618170399
-9.49816857205397,0.103069415356308
-9.47362042358581,0.101332554532619
-9.44907227511765,0.0996298168631225
-9.42452412664948,0.0979608508543809
-9.39997597818132,0.0963251768192784
-9.37542782971316,0.0947221920011166
-9.35087968124499,0.0931511763237562
-9.32633153277683,0.0916112987291707
-9.30178338430867,0.090101624059906
-9.2772352358405,0.0886211204404181
-9.25268708737234,0.0871686671080781
-9.22813893890418,0.0857430626418328
-9.20359079043601,0.0843430335341211
-9.17904264196785,0.0829672430496649
-9.15449449349969,0.0816143003132331
-9.12994634503152,0.0802827695673914
-9.10539819656336,0.0789711795406347
-9.08085004809519,0.0776780328661485
-9.05630189962703,0.0764018154917607
-9.03175375115887,0.0751410060224183
-9.00720560269071,0.0738940849377562
-8.98265745422254,0.0726595436289986
-8.95810930575438,0.0714358932015274
-8.93356115728621,0.0702216729919631
-8.90901300881805,0.0690154587514798
-8.88446486034989,0.0678158704503281
-8.85991671188172,0.066621579662093
-8.83536856341356,0.0654313164900806
-8.8108204149454,0.0642438760023295
-8.78627226647723,0.0630581241460782
-8.76172411800907,0.061873003117016
-8.73717596954091,0.0606875361632909
-8.71262782107274,0.0595008318089717
-8.68807967260458,0.0583120874864442
-8.66353152413642,0.057120592572002
-8.63898337566825,0.055925730823634
-8.61443522720009,0.0547269822246749
-8.58988707873193,0.053523924241514
-8.56533893026376,0.0523162325079348
-8.5407907817956,0.0511036809528164
-8.51624263332744,0.0498861413918571
-8.49169448485927,0.0486635826076272
-8.46714633639111,0.0474360689456007
-8.44259818792295,0.046203758456829
-8.41805003945478,0.0449669006205604
-8.39350189098662,0.0437258336823932
-8.36895374251846,0.0424809816454108
-8.34440559405029,0.0412328509532263
-8.31985744558213,0.0399820269049018
-8.29530929711397,0.0387291698423436
-8.2707611486458,0.0374750111509726
-8.24621300017764,0.0362203491142636
-8.22166485170947,0.034966044662123
-8.19711670324131,0.0337130170520612
-8.17256855477315,0.0324622395207157
-8.14802040630498,0.0312147349415335
-8.12347225783682,0.029971571522322
-8.09892410936866,0.0287338585739881
-8.07437596090049,0.0275027423791026
-8.04982781243233,0.0262794021860082
-8.02527966396417,0.0250650463510575
-8.000731515496,0.0238609086482603
-7.97618336702784,0.0226682447621793
-7.95163521855967,0.0214883289763799
-7.92708707009151,0.0203224510661422
-7.90253892162335,0.0191719134005436
-7.87799077315519,0.0180380282554343
-7.85344262468702,0.0169221153353125
-7.82889447621886,0.0158254994986955
-7.80434632775069,0.0147495086783081
-7.77979817928253,0.0136954719843153
-7.75525003081437,0.0126647179759418
-7.7307018823462,0.0116585730841728
-7.70615373387804,0.0106783601658553
-7.68160558540988,0.00972539716743973
-7.65705743694171,0.00880099587482677
-7.63250928847355,0.00790646072435919
-7.60796114000539,0.00704308764891001
-7.58341299153722,0.00621216293229104
-7.55886484306906,0.00541496204485144
-7.5343166946009,0.00465274843314253
-7.50976854613273,0.00392677223690591
-7.48522039766457,0.00323826890738294
-7.46067224919641,0.00258845770204524
-7.43612410072824,0.0019785400322825
-7.41157595226008,0.00140969764235733
-7.38702780379192,0.000883090600008206
-7.36247965532375,0.000399855081451378
-7.33793150685559,-3.88990638493306e-05
-7.31338335838743,-0.000432090980414981
-7.28883520991926,-0.000778671714696977
-7.2642870614511,-0.00107762736921334
-7.23973891298294,-0.00132798250498395
-7.21519076451477,-0.0015288037908998
-7.19064261604661,-0.00167920389512084
-7.16609446757845,-0.00177834561002669
-7.14154631911028,-0.00182544619867869
-7.11699817064212,-0.00181978194722959
-7.09245002217396,-0.00176069290427203
-7.06790187370579,-0.00164758778478672
-7.04335372523763,-0.00147994901316633
-7.01880557676947,-0.00125733787678694
-6.9942574283013,-0.000979399758805719
-6.96970927983314,-0.000645869416307364
-6.94516113136497,-0.000256576267630655
-6.92061298289681,0.000188550349291536
-6.89606483442865,0.000689475987441839
-6.87151668596048,0.0012460560113015
-6.84696853749232,0.00185803066975342
-6.82242038902416,0.00252502036421964
-6.79787224055599,0.00324652115524773
-6.77332409208783,0.00402190055070231
-6.74877594361967,0.00485039361827314
-6.7242277951515,0.00573109946421611
-6.69967964668334,0.00666297811906435
-6.67513149821518,0.00764484786952519
-6.65058334974701,0.00867538307389847
-6.62603520127885,0.00975311249614688
-6.60148705281069,0.0108764181912181
-6.57693890434252,0.0120435349713971
-6.55239075587436,0.0132525504803601
-6.5278426074062,0.0145014058982442
-6.50329445893803,0.015787897297461
-6.47874631046987,0.0171096776651905
-6.45419816200171,0.0184642596045302
-6.42965001353354,0.0198490187221615
-6.40510186506538,0.02126119770618
-6.38055371659722,0.0226979110934266
-6.35600556812905,0.0241561507213042
-6.33145741966089,0.025632791854689
-6.30690927119273,0.0271245999741887
-6.28236112272456,0.0286282382076796
-6.2578129742564,0.0301402753828197
-6.23326482578824,0.0316571946740997
-6.20871667732007,0.0331754028139976
-6.18416852885191,0.0346912398339688
-6.15962038038374,0.0362009892973644
-6.13507223191558,0.0377008889829411
-6.11052408344742,0.0391871419744455
-6.08597593497925,0.0406559281088261
-6.06142778651109,0.0421034157329938
-6.03687963804293,0.0435257737166987
-6.01233148957476,0.0449191836670759
-5.9877833411066,0.0462798522887061
-5.96323519263844,0.0476040238316869
-5.93868704417027,0.0488879925691956
-5.91413889570211,0.0501281152453746
-5.88959074723395,0.0513208234340758
-5.86504259876578,0.0524626357490651
-5.84049445029762,0.0535501698467162
-5.81594630182946,0.054580154163006
-5.79139815336129,0.0555494393277605
-5.76685000489313,0.056455009200577
-5.74230185642497,0.0572939914746633
-5.7177537079568,0.058063667796973
-5.69320555948864,0.0587614833554541
-5.66865741102048,0.0593850558869711
-5.64410926255231,0.0599321840624678
-5.61956111408415,0.060400855209207
-5.59501296561599,0.0607892523334232
-5.57046481714782,0.0610957604104396
-5.54591666867966,0.0613189719131992
-5.5213685202115,0.0614576915542298
-5.49682037174333,0.0615109402202607
-5.47227222327517,0.0614779580830285
-5.44772407480701,0.0613582068742029
-5.42317592633884,0.0611513713168226
-5.39862777787068,0.0608573597101103
-5.37407962940252,0.0604763036690206
-5.34953148093435,0.0600085570243286
-5.32498333246619,0.0594546938934622
-5.30043518399802,0.0588155059366017
-5.27588703552986,0.0580919988167639
-5.2513388870617,0.0572853878866629
-5.22679073859353,0.0563970931290381
-5.20224259012537,0.0554287333808592
-5.17769444165721,0.0543821198753223
-5.15314629318904,0.0532592491388331
-5.12859814472088,0.0520622952831899
-5.10404999625272,0.0507936017359453
-5.07950184778455,0.0494556724543841
-5.05495369931639,0.0480511626707369
-5.03040555084823,0.0465828692180963
-5.00585740238006,0.0450537204880459
-4.9813092539119,0.0434667660722146
-4.95676110544374,0.0418251661408375
-4.93221295697557,0.040132180611939
-4.90766480850741,0.0383911581649443
-4.88311666003925,0.0366055251523786
-4.85856851157108,0.0347787744628381
-4.83402036310292,0.0329144543876081
-4.80947221463476,0.0310161575421835
-4.78492406616659,0.0290875098925165
-4.76037591769843,0.0271321599340952
-4.73582776923027,0.0251537680699584
-4.7112796207621,0.0231559962314927
-4.68673147229394,0.021142497783362
-4.66218332382577,0.0191169077511997
-4.63763517535761,0.0170828334077851
-4.61308702688945,0.0150438452503368
-4.58853887842128,0.0130034683983266
-4.56399072995312,0.0109651744378657
-4.53944258148496,0.00893237373526378
-4.51489443301679,0.00690840823885663
-4.49034628454863,0.00489654478463519
-4.46579813608047,0.00289996891765398
-4.4412499876123,0.000921779237638726
-4.41670183914414,-0.00103501772628682
-4.39215369067598,-0.00296751211028185
-4.36760554220781,-0.00487289478174405
-4.34305739373965,-0.00674846088164494
-4.31850924527149,-0.00859161285143279
-4.29396109680332,-0.0103998629556307
-4.26941294833516,-0.0121708353140019
-4.244864799867,-0.0139022674597193
-4.22031665139883,-0.0155920114423089
-4.19576850293067,-0.0172380344962707
-4.17122035446251,-0.0188384192981528
-4.14667220599434,-0.0203913638365049
-4.12212405752618,-0.0218951809205216
-4.09757590905802,-0.0233482973543299
-4.07302776058985,-0.0247492528047538
-4.04847961212169,-0.0260966983910204
-4.02393146365353,-0.0273893950252523
-3.99938331518536,-0.0286262115327248
-3.9748351667172,-0.029806122580764
-3.95028701824904,-0.0309282064448371
-3.92573886978087,-0.0319916426398379
-3.90119072131271,-0.032995709443829
-3.87664257284454,-0.0339397813405699
-3.85209442437638,-0.0348233264060557
-3.82754627590822,-0.035645903663041
-3.80299812744005,-0.0364071604261291
-3.77844997897189,-0.0371068296585069
-3.75390183050373,-0.0377447273598026
-3.72935368203556,-0.03832075000287
-3.7048055335674,-0.0388348720355704
-3.68025738509924,-0.0392871434618564
-3.65570923663107,-0.0396776875146772
-3.63116108816291,-0.0400066984314425
-3.60661293969475,-0.0402744393410202
-3.58206479122658,-0.0404812402695178
-3.55751664275842,-0.0406274962704201
-3.53296849429026,-0.0407136656830549
-3.50842034582209,-0.0407402685218237
-3.48387219735393,-0.0407078849972042
-3.45932404888577,-0.0406171541681885
-3.4347759004176,-0.0404687727245973
-3.41022775194944,-0.0402634938965944
-3.38567960348128,-0.040002126487726
-3.36113145501311,-0.0396855340269423
-3.33658330654495,-0.039314634034295
-3.31203515807679,-0.0388903973943801
-3.28748700960862,-0.0384138478310687
-3.26293886114046,-0.0378860614766756
-3.2383907126723,-0.0373081665284097
-3.21384256420413,-0.0366813429847565
-3.18929441573597,-0.0360068224543384
-3.16474626726781,-0.0352858880297685
-3.14019811879964,-0.034519874219065
-3.11564997033148,-0.0337101669272937
-3.09110182186332,-0.0328582034812626
-3.06655367339515,-0.0319654726902787
-3.04200552492699,-0.0310335149361916
-3.01745737645882,-0.0300639222861694
-2.99290922799066,-0.0290583386218766
-2.9683610795225,-0.0280184597789308
-2.94381293105433,-0.0269460336907044
-2.91926478258617,-0.0258428605306894
-2.89471663411801,-0.0247107928477511
-2.87016848564984,-0.0235517356886574
-2.84562033718168,-0.0223676467022752
-2.82107218871352,-0.0211605362197536
-2.79652404024535,-0.0199324673048967
-2.77197589177719,-0.0186855557687167
-2.74742774330903,-0.0174219701418993
-2.72287959484086,-0.0161439315985624
-2.6983314463727,-0.0148537138242889
-2.67378329790454,-0.0135536428209346
-2.64923514943637,-0.0122460966401876
-2.62468700096821,-0.0109335050372678
-2.60013885250005,-0.00961834903553373
-2.57559070403188,-0.00830316039210488
-2.55104255556372,-0.00699052095392794
-2.52649440709556,-0.00568306189303103
-2.50194625862739,-0.00438346280902161
-2.47739811015923,-0.00309445068622668
-2.45284996169107,-0.00181879869223728
-2.4283018132229,-0.000559324804046885
-2.40375366475474,0.000681109752548877
-2.37920551628657,0.00189960226504825
-2.35465736781841,0.00309321051293662
-2.33010921935025,0.00425895497829067
-2.30556107088208,0.00539382130371249
-2.28101292241392,0.00649476301295734
-2.25646477394576,0.0075587045094214
-2.23191662547759,0.00858254436728482
-2.20736847700943,0.00956315892955852
-2.18282032854127,0.0104974062265491
-2.1582721800731,0.01138213022733
-2.13372403160494,0.0122141654356762
-2.10917588313678,0.0129903418405912
-2.08462773466861,0.013707490230019
-2.06007958620045,0.014362447874594
-2.03553143773229,0.0149520645863415
-2.01098328926412,0.015473209155108
-1.98643514079596,0.0159227761631764
-1.9618869923278,0.0162976931760222
-1.93733884385963,0.016594928304505
-1.91279069539147,0.0168114981309703
-1.88824254692331,0.0169444759887971
-1.86369439845514,0.0169910005818602
-1.83914624998698,0.0169482849272276
-1.81459810151882,0.0168136256011891
-1.79004995305065,0.0165844122654415
-1.76550180458249,0.0162581374469781
-1.74095365611433,0.0158324065419374
-1.71640550764616,0.0153049480104381
-1.691857359178,0.0146736237262354
-1.66730921070984,0.0139364394419644
-1.64276106224167,0.0130915553277643
-1.61821291377351,0.0121372965382827
-1.59366476530534,0.0110721637604277
-1.56911661683718,0.0098948436918327
-1.54456846836902,0.00860421939781669
-1.52002031990085,0.00719938049272639
-1.49547217143269,0.00567963308991758
-1.47092402296453,0.00404450946334078
-1.44637587449636,0.00229377736271353
-1.4218277260282,0.000427448923655156
-1.39727957756004,-0.00155421088609773
-1.37273142909187,-0.00365067634313772
-1.34818328062371,-0.00586115362571488
-1.32363513215555,-0.00818457410923754
-1.29908698368738,-0.0106195883559066
-1.27453883521922,-0.0131645608527046
-1.24999068675106,-0.0158175655498207
-1.22544253828289,-0.0185763822490539
-1.20089438981473,-0.0214384938888061
-1.17634624134657,-0.0244010847689702
-1.1517980928784,-0.0274610397553564
-1.12724994441024,-0.030614944499284
-1.10270179594208,-0.0338590867036391
-1.07815364747391,-0.0371894584620734
-1.05360549900575,-0.040601759693121
-1.02905735053759,-0.0440914026858818
-1.00450920206942,-0.0476535177685766
-0.979961053601259,-0.0512829601057719
-0.955412905133095,-0.0549743176244213
-0.930864756664932,-0.0587219200631291
-0.906316608196768,-0.0625198491332339
-0.881768459728605,-0.0663619497744834
-0.857220311260442,-0.0702418424822664
-0.832672162792278,-0.0741529366776184
-0.808124014324115,-0.0780884450855665
-0.783575865855951,-0.0820413990818686
-0.759027717387788,-0.0860046649628619
-0.734479568919624,-0.0899709610880106
-0.709931420451461,-0.0939328758398663
-0.685383271983297,-0.0978828863415515
-0.660835123515134,-0.101813377867594
-0.636286975046971,-0.105716663879989
-0.611738826578807,-0.109585006617787
-0.587190678110644,-0.113410638165308
-0.56264252964248,-0.117185781921305
-0.538094381174317,-0.120902674389036
-0.513546232706153,-0.124553587205282
-0.48899808423799,-0.128130849324881
-0.464449935769826,-0.131626869276333
-0.439901787301663,-0.135034157403468
-0.4153536388335,-0.13834534800807
-0.390805490365336,-0.141553221308698
-0.366257341897173,-0.144650725131773
-0.341709193429009,-0.147630996252172
-0.317161044960846,-0.150487381302313
-0.292612896492682,-0.153213457170695
-0.268064748024519,-0.15580305081337
-0.243516599556356,-0.158250258404595
-0.218968451088192,-0.160549463756091
-0.194420302620029,-0.162695355937808
-0.169872154151865,-0.16468294603682
-0.145324005683702,-0.166507582995029
-0.120775857215538,-0.168164968470575
-0.0962277087473749,-0.169651170672294
-0.0716795602792114,-0.170962637121164
-0.047131411811048,-0.172096206297435
-0.0225832633428845,-0.17304911813695
0.00196488512527893,-0.173819023345103
0.0265130335934424,-0.174403991501803
0.0510611820616058,-0.174802517935791
0.0756093305297692,-0.175013529351584
0.100157478997933,-0.17503638819723
0.124705627466096,-0.174870895765851
0.14925377593426,-0.174517294028714
0.173801924402423,-0.173976266202145
0.198350072870586,-0.173248936055096
0.22289822133875,-0.172336865968462
0.247446369806913,-0.171242053761412
0.271994518275077,-0.169966928303934
0.29654266674324,-0.168514343938563
0.321090815211404,-0.166887573737798
0.345638963679567,-0.165090301627075
0.370187112147731,-0.163126613406244
0.394735260615894,-0.161000986705437
0.419283409084057,-0.15871827991386
0.443831557552221,-0.156283720122492
0.468379706020384,-0.153702890123932
0.492927854488548,-0.150981714514619
0.517476002956711,-0.148126444946476
0.542024151424875,-0.145143644576633
0.566572299893038,-0.142040171765265
0.591120448361201,-0.138823163072817
0.615668596829365,-0.13550001560892
0.640216745297528,-0.132078368786151
0.664764893765692,-0.128566085532502
0.689313042233855,-0.124971233016961
0.713861190702019,-0.12130206294302
0.738409339170182,-0.117566991465169
0.762957487638346,-0.113774578783607
0.787505636106509,-0.109933508472384
0.812053784574673,-0.106052566596114
0.836601933042836,-0.102140620670196
0.861150081510999,-0.09820659851918
0.885698229979163,-0.0942594670875053
0.910246378447326,-0.090308211256367
0.93479452691549,-0.0863618127198771
0.959342675383653,-0.082429228973025
0.983890823851817,-0.0785193724631895
1.00843897231998,-0.0746410899561207
1.03298712078814,-0.0708031421663847
1.05753526925631,-0.0670141837012622
1.08208341772447,-0.0632827433659881
1.10663156619263,-0.0596172048770435
1.1311797146608,-0.0560257880289269
1.15572786312896,-0.0525165303584674
1.18027601159712,-0.0490972693492715
1.20482416006529,-0.0457756252173356
1.22937230853345,-0.0425589843171857
1.25392045700161,-0.0394544832061444
1.27846860546978,-0.0364689934024513
1.30301675393794,-0.033609106870995
1.3275649024061,-0.0308811222683309
1.35211305087427,-0.0282910319764882
1.37666119934243,-0.0258445099527874
1.4012093478106,-0.0235469004205111
1.42575749627876,-0.02140320742281
1.45030564474692,-0.0194180852596596
1.47485379321509,-0.0175958298250574
1.49940194168325,-0.0159403708589242
1.52395009015141,-0.0144552651254151
1.54849823861958,-0.0131436905264963
1.57304638708774,-0.0120084411567832
1.5975945355559,-0.0110519233027163
1.62214268402407,-0.0102761523862363
1.64669083249223,-0.00968275085017384
1.67123898096039,-0.00927294697966177
1.69578712942856,-0.00904757465096482
1.72033527789672,-0.00900707399627286
1.74488342636488,-0.00915149297019421
1.76943157483305,-0.00948048980095695
1.79397972330121,-0.00999333630667942
1.81852787176937,-0.010688922054532
1.84307602023754,-0.0115657593381885
1.8676241687057,-0.012621988946676
1.89217231717386,-0.0138553866955926
1.91672046564203,-0.0152633706896795
1.94126861411019,-0.0168430092839284
1.96581676257835,-0.018591029708778
1.99036491104652,-0.0205038273235268
2.01491305951468,-0.022577475460857
2.03946120798284,-0.0248077358243444
2.06400935645101,-0.0271900694000206
2.08855750491917,-0.0297196478424613
2.11310565338733,-0.0323913652954989
2.1376538018555,-0.0351998506074963
2.16220195032366,-0.0381394799011768
2.18675009879183,-0.0412043894582659
2.21129824725999,-0.044388488879669
2.23584639572815,-0.04768547448257
2.26039454419632,-0.0510888428966865
2.28494269266448,-0.0545919048229337
2.30949084113264,-0.0581877989189372
2.33403898960081,-0.0618695057771597
2.35858713806897,-0.0656298619628695
2.38313528653713,-0.0694615740807541
2.4076834350053,-0.0733572328406528
2.43223158347346,-0.0773093270946325
2.45677973194162,-0.0813102578194456
2.48132788040979,-0.0853523520202553
2.50587602887795,-0.0894278765333887
2.53042417734611,-0.0935290517077544
2.55497232581428,-0.0976480649464187
2.57952047428244,-0.101777084091658
2.6040686227506,-0.105908270638574
2.62861677121877,-0.110033792764069
2.65316491968693,-0.114145838159577
2.67771306815509,-0.118236626657484
2.70226121662326,-0.122298422642557
2.72680936509142,-0.126323547240995
2.75135751355958,-0.130304390280845
2.77590566202775,-0.134233422018544
2.80045381049591,-0.138103204627194
2.82500195896407,-0.141906403442878
2.84955010743224,-0.145635797965875
2.8740982559004,-0.149284292614024
2.89864640436857,-0.152844927225699
2.92319455283673,-0.156310887309993
2.94774270130489,-0.15967551404158
2.97229084977306,-0.162932313997582
2.99683899824122,-0.166074968633406
3.02138714670938,-0.16909734349407
3.04593529517755,-0.171993497156988
3.07048344364571,-0.174757689901517
3.09503159211387,-0.177384392099849
3.11957974058204,-0.179868292323023
3.1441278890502,-0.182204305154969
3.16867603751836,-0.184387578706643
3.19322418598653,-0.186413501821387
3.21777233445469,-0.188277710961747
3.24232048292285,-0.189976096767122
3.26686863139102,-0.19150481027074
3.29141677985918,-0.192860268763685
3.31596492832734,-0.194039161292939
3.34051307679551,-0.195038453779789
3.36506122526367,-0.19585539374435
3.38960937373183,-0.196487514621541
3.4141575222,-0.196932639653507
3.43870567066816,-0.197188885343278
3.46325381913632,-0.197254664454404
3.48780196760449,-0.197128688541382
3.51235011607265,-0.196809969995924
3.53689826454081,-0.196297823594507
3.56144641300898,-0.195591867533199
3.58599456147714,-0.194692023936426
3.6105427099453,-0.193598518827255
3.63509085841347,-0.192311881547709
3.65963900688163,-0.190832943618857
3.68418715534979,-0.189162837031658
3.70873530381796,-0.187302991961007
3.73328345228612,-0.185255133896982
3.75783160075429,-0.183021280188942
3.78237974922245,-0.180603735999906
3.80692789769061,-0.178005089670534
3.83147604615878,-0.175228207493915
3.85602419462694,-0.172276227904431
3.8805723430951,-0.169152555085972
3.90512049156327,-0.1658608520069
3.92966864003143,-0.162405032891248
3.95421678849959,-0.158789255137754
3.97876493696776,-0.155017910700472
4.00331308543592,-0.151095616946719
4.02786123390408,-0.147027207010234
4.05240938237225,-0.142817719659384
4.07695753084041,-0.138472388702179
4.10150567930857,-0.13399663195176
4.12605382777674,-0.129396039777758
4.1506019762449,-0.124676363270634
4.17515012471306,-0.119843502047671
4.19969827318123,-0.114903491730779
4.22424642164939,-0.109862491127605
4.24879457011755,-0.104726769148681
4.27334271858572,-0.0995026914944367
4.29789086705388,-0.0941967071468965
4.32243901552205,-0.0888153347016791
4.34698716399021,-0.0833651485766598
4.37153531245837,-0.0778527651342001
4.39608346092654,-0.0722848287542946
4.4206316093947,-0.0666679978962774
4.44517975786286,-0.0610089311869047
4.46972790633103,-0.0553142735726674
4.49427605479919,-0.049590642574099
4.51882420326735,-0.0438446146796369
4.54337235173552,-0.038082711916265
4.56792050020368,-0.0323113886337214
4.59246864867184,-0.0265370185384966
4.61701679714001,-0.020765882013192
4.64156494560817,-0.0150041537560321
4.66611309407633,-0.00925789077446983
4.6906612425445,-0.00353302076585351
4.71520939101266,0.0021646690829197
4.73975753948082,0.00782954284598535
4.76430568794899,0.0134561261297728
4.78885383641715,0.0190391158366991
4.81340198488531,0.0245733893944378
4.83795013335348,0.0300540134253705
4.86249828182164,0.0354762518323671
4.8870464302898,0.0408355732786631
4.91159457875797,0.04612765804128
4.93614272722613,0.0513484042192031
4.96069087569429,0.0564939332793467
4.98523902416246,0.0615605949252465
5.00978717263062,0.0665449712753638
5.03433532109878,0.0714438803399293
5.05888346956695,0.0762543787873289
5.08343161803511,0.0809737639931978
5.10797976650327,0.0855995753675845
5.13252791497144,0.0901295949578248
5.1570760634396,0.0945618473270655
5.18162421190776,0.0988945987107602
5.20617236037593,0.103126355455846
5.23072050884409,0.107255861749774
5.25526865731226,0.111282096649025
5.27981680578042,0.115204270419258
5.30436495424858,0.119021820201735
5.32891310271675,0.12273440502322
5.35346125118491,0.126341900169033
5.37800939965307,0.129844390941501
5.40255754812124,0.133242165828471
5.4271056965894,0.136535709109079
5.45165384505756,0.139725692926306
5.47620199352573,0.142812968858243
5.50075014199389,0.145798559022233
5.52529829046205,0.148683646748262
5.54984643893022,0.151469566860038
5.57439458739838,0.154157795604156
5.59894273586654,0.156749940269616
5.62349088433471,0.159247728541591
5.64803903280287,0.161652997634918
5.67258718127103,0.16396768325412
5.6971353297392,0.166193808427914
5.72168347820736,0.168333472267141
5.74623162667552,0.170388838695792
5.77077977514369,0.172362125205325
5.79532792361185,0.174255591682751
5.81987607208001,0.176071529363003
5.84442422054818,0.17781224995589
5.86897236901634,0.179480074997452
5.8935205174845,0.181077325474797
5.91806866595267,0.18260631177248
5.94261681442083,0.184069323987189
5.967164962889,0.185468622655966
5.99171311135716,0.186806429941324
6.01626125982532,0.18808492131456
6.04080940829349,0.189306217776162
6.06535755676165,0.190472378649622
6.08990570522981,0.191585394982076
6.11445385369797,0.192647183582103
6.13900200216614,0.193659581721691
6.1635501506343,0.194624342525824
6.18809829910247,0.195543131069454
6.21264644757063,0.196417521197678
6.23719459603879,0.197248993080928
6.26174274450696,0.198038931512762
6.28629089297512,0.198788624953568
6.31083904144328,0.199499265319111
6.33538718991145,0.200171948508388
6.35993533837961,0.200807675660819
6.38448348684777,0.201407355128281
6.40903163531594,0.201971805143066
6.4335797837841,0.202501757158408
6.45812793225226,0.202997859833908
6.48267608072043,0.203460683633965
6.50722422918859,0.203890726003236
6.53177237765675,0.204288417079223
6.55632052612492,0.204654125898383
6.58086867459308,0.204988167048636
6.60541682306124,0.205290807717926
6.62996497152941,0.205562275085496
6.65451311999757,0.205802763999895
6.67906126846573,0.20601244488536
6.7036094169339,0.206191471816267
6.72815756540206,0.206339990697667
6.75270571387023,0.206458147488729
6.77725386233839,0.206546096405034
6.80180201080655,0.206604008035268
6.82635015927472,0.206632077307839
6.85089830774288,0.206630531243406
6.87544645621104,0.206599636430151
6.89999460467921,0.206539706159979
6.92454275314737,0.206451107165566
6.94909090161553,0.206334265900387
6.9736390500837,0.206189674306496
6.99818719855186,0.206017895017864
7.02273534702002,0.205819565950574
7.04728349548819,0.205595404235021
7.07183164395635,0.205346209449485
7.09637979242452,0.205072866119059
7.12092794089268,0.204776345448806
7.14547608936084,0.20445770626524
7.170024237829,0.204118095145687
7.19457238629717,0.20375874572082
7.21912053476533,0.203380977141536
7.24366868323349,0.202986191707425
7.26821683170166,0.202575871660246
7.29276498016982,0.202151575152095
7.31731312863799,0.201714931404199
7.34186127710615,0.20126763507857
7.36640942557431,0.200811439890923
7.39095757404248,0.200348151499378
7.41550572251064,0.199879619709387
7.4400538709788,0.199407730041046
7.46460201944697,0.19893439471048
7.48915016791513,0.198461543082105
7.51369831638329,0.197991111653486
7.53824646485146,0.197525033638909
7.56279461331962,0.197065228221891
7.58734276178778,0.196613589550358
7.61189091025595,0.196171975551379
7.63643905872411,0.195742196644835
7.66098720719227,0.195326004437446
7.68553535566044,0.194925080479978
7.7100835041286,0.194541025171262
7.73463165259676,0.194175346892887
7.75917980106493,0.193829451457958
7.78372794953309,0.193504631956287
7.80827609800125,0.193202059076661
7.83282424646942,0.192922771984494
7.85737239493758,0.192667669830241
7.88192054340574,0.192437503960343
7.90646869187391,0.192232870898343
7.93101684034207,0.192054206159078
7.95556498881023,0.191901778953575
7.9801131372784,0.191775687836529
8.00466128574656,0.191675857341993
8.02920943421472,0.19160203564625
8.05375758268289,0.191553793289844
8.07830573115105,0.191530522983321
8.10285387961921,0.191531440513691
8.12740202808738,0.191555586760727
8.15195017655554,0.191601830824246
8.17649832502371,0.191668874255459
8.20104647349187,0.191755256377344
8.22559462196003,0.191859360670951
8.2501427704282,0.191979422196566
8.27469091889636,0.192113536010886
8.29923906736452,0.192259666533769
8.32378721583269,0.19241565781086
8.34833536430085,0.192579244611477
8.37288351276901,0.192748064294635
8.39743166123718,0.192919669370034
8.42197980970534,0.193091540675346
8.4465279581735,0.193261101086151
8.47107610664167,0.193425729670575
8.49562425510983,0.193582776196953
8.52017240357799,0.19372957589986
8.54472055204616,0.193863464407562
8.56926870051432,0.193981792732358
8.59381684898248,0.194081942224499
8.61836499745065,0.194161339390304
8.64291314591881,0.194217470475808
8.66746129438697,0.194247895718756
8.69200944285514,0.194250263173958
8.7165575913233,0.194222322020005
8.74110573979146,0.194161935258984
8.76565388825963,0.194067091725189
8.79020203672779,0.193935917323826
8.81475018519595,0.193766685426314
8.83929833366412,0.193557826354938
8.86384648213228,0.193307935896311
8.88839463060044,0.193015782790236
8.91294277906861,0.192680315148085
8.93749092753677,0.192300665762711
8.96203907600493,0.191876156280048
8.9865872244731,0.191406300210921
9.01113537294126,0.19089080477007
9.03568352140943,0.190329571537984
9.06023166987759,0.189722695949681
9.08477981834575,0.189070465623078
9.10932796681392,0.188373357547941
9.13387611528208,0.187632034164561
9.15842426375024,0.18684733836917
9.18297241221841,0.186020287490642
9.20752056068657,0.185152066290189
9.23206870915473,0.184244019042421
9.2566168576229,0.183297640762373
9.28116500609106,0.182314567648699
9.30571315455922,0.18129656681831
9.33026130302739,0.180245525412144
9.35480945149555,0.179163439155524
9.37935759996371,0.178052400459635
9.40390574843188,0.176914586153019
9.42845389690004,0.175752244933668
9.4530020453682,0.174567684633214
9.47755019383637,0.173363259384932
9.50209834230453,0.172141356786788
9.52664649077269,0.170904385149532
9.55119463924086,0.169654760917968
9.57574278770902,0.168394896350957
9.60029093617718,0.167127187542528
9.62483908464535,0.165854002862672
9.64938723311351,0.164577671892057
9.67393538158167,0.163300474919989
9.69848353004984,0.162024633069632
9.723031678518,0.160752299108715
9.74757982698616,0.159485548997792
9.77212797545433,0.158226374221688
9.79667612392249,0.156976674943019
9.82122427239065,0.155738254009777
9.84577242085882,0.154512811841873
9.87032056932698,0.153301942214419
9.89486871779514,0.15210712894833
9.91941686626331,0.150929743511687
9.94396501473147,0.14977104352827
9.96851316319964,0.148632172182727
9.9930613116678,0.147514158505161
10.017609460136,0.146417918511426
10.0421576086041,0.145344257169261
10.0667057570723,0.144293871154535
10.0912539055405,0.143267352356422
10.1158020540086,0.142265192085256
10.1403502024768,0.141287785932214
10.1648983509449,0.140335439225816
10.1894464994131,0.139408373026583
10.2139946478813,0.138506730598064
10.2385427963494,0.137630584289802
10.2630909448176,0.136779942765741
10.2876390932858,0.13595475851003
10.3121872417539,0.135154935541154
10.3367353902221,0.134380337264887
10.3612835386902,0.133630794396575
10.3858316871584,0.132906112883859
10.4103798356266,0.132206081762004
10.4349279840947,0.131530480875552
10.4594761325629,0.130879088402028
10.4840242810311,0.130251688115877
10.5085724294992,0.12964807633364
10.5331205779674,0.129068068484615
10.5576687264356,0.128511505254819
10.5822168749037,0.127978258255923
10.6067650233719,0.127468235175001
10.63131317184,0.12698138436532
10.6558613203082,0.126517698842983
10.6804094687764,0.12607721965899
10.7049576172445,0.12566003862119
10.7295057657127,0.125266300345527
10.7540539141809,0.124896203621065
10.778602062649,0.124550002078269
10.8031502111172,0.124228004155102
10.8276983595854,0.123930572360433
10.8522465080535,0.123658121839184
10.8767946565217,0.123411118248404
10.9013428049898,0.123190074958138
10.925890953458,0.12299554959538
10.9504391019262,0.122828139953752
10.9749872503943,0.12268847929556
10.9995353988625,0.122577231076736
11.0240835473307,0.122495083128762
11.0486316957988,0.122442741334942
11.073179844267,0.122420922841444
11.0977279927352,0.122430348846237
11.1222761412033,0.122471737011466
11.1468242896715,0.122545793546927
11.1713724381396,0.122653205014067
11.1959205866078,0.122794629901418
11.220468735076,0.122970690023518
11.2450168835441,0.123181961796175
11.2695650320123,0.123428967441474
11.2941131804805,0.123712166176078
11.3186613289486,0.12403194543631
11.3432094774168,0.124388612193065
11.367757625885,0.124782384408916
11.3923057743531,0.125213382688831
11.4168539228213,0.125681622174658
11.4414020712894,0.126187004732068
11.4659502197576,0.126729311476953
11.4904983682258,0.127308195686301
11.5150465166939,0.127923176136477
11.5395946651621,0.1285736309095
11.5641428136303,0.129258791705404
11.5886909620984,0.129977738696166
11.6132391105666,0.130729395953883
11.6377872590347,0.13151252748301
11.6623354075029,0.132325733883483
11.6868835559711,0.133167449668497
11.7114317044392,0.134035941257588
11.7359798529074,0.134929305662504
11.7605280013756,0.13584546988016
11.7850761498437,0.136782191003798
11.8096242983119,0.137737057060235
11.8341724467801,0.138707488577976
11.8587205952482,0.139690740887781
11.8832687437164,0.140683907154228
11.9078168921845,0.14168392213379
11.9323650406527,0.142687566651974
11.9569131891209,0.14369147278924
11.981461337589,0.14469212976264
12.0060094860572,0.145685890487426
12.0305576345254,0.146668978800368
12.0551057829935,0.147637497324035
12.0796539314617,0.14858743594901
12.1042020799299,0.149514680908786
12.128750228398,0.150415024420051
12.1532983768662,0.151284174859103
12.1778465253343,0.152117767443369
12.2023946738025,0.152911375385291
12.2269428222707,0.153660521484324
12.2514909707388,0.154360690121376
12.276039119207,0.155007339618721
12.3005872676752,0.155595914927276
12.3251354161433,0.156121860602082
12.3496835646115,0.156580634025922
12.3742317130797,0.156967718840201
12.3987798615478,0.157278638541528
12.423328010016,0.157508970201853
12.4478761584841,0.157654358269559
12.4724243069523,0.157710528408488
12.4969724554205,0.157673301331675
12.5215206038886,0.157538606586307
12.5460687523568,0.157302496246402
12.570616900825,0.156961158469666
12.5951650492931,0.156510930875099
12.6197131977613,0.155948313698102
12.6442613462295,0.1552699826801
12.6688094946976,0.154472801650065
12.6933576431658,0.153553834755764
12.7179057916339,0.152510358303113
12.7424539401021,0.151339872162633
12.7670020885703,0.15004011070274
12.7915502370384,0.148609053210447
12.8160983855066,0.147044933760965
12.8406465339748,0.145346250498738
12.8651946824429,0.143511774293611
12.8897428309111,0.141540556737061
12.9142909793792,0.139431937444853
12.9388391278474,0.137185550633941
12.9633872763156,0.134801330943109
12.9879354247837,0.132279518468602
13.0124835732519,0.129620662987881
13.0370317217201,0.126825627346708
13.0615798701882,0.123895589986915
13.0861280186564,0.120832046594546
13.1106761671246,0.1176368108505
13.1352243155927,0.114312014268426
13.1597724640609,0.110860105107308
13.184320612529,0.107283846349075
13.2088687609972,0.103586312734543
13.2334169094654,0.0997708868540993
13.2579650579335,0.0958412542927575
13.2825132064017,0.0918013978325408
13.3070613548699,0.0876555907185374
13.331609503338,0.0834083889984819
13.3561576518062,0.0790646229492427
13.3807058002744,0.0746293876072066
13.4052539487425,0.0701080324231646
13.4298020972107,0.0655061500659484
13.4543502456788,0.0608295644026894
13.478898394147,0.0560843176871749
13.5034465426152,0.0512766569913297
13.5279946910833,0.0464130199183229
13.5525428395515,0.0415000196391991
13.5770909880197,0.0365444292981858
13.6016391364878,0.0315531658349786
13.626187284956,0.026533273275259
13.6507354334242,0.0214919055434963
13.6752835818923,0.0164363088546622
13.6998317303605,0.0113738037438444
13.7243798788286,0.00631176679485233
13.7489280272968,0.00125761213076255
13.773476175765,-0.00378122726909209
13.7980243242331,-0.00879731835990317
13.8225724727013,-0.0137832468631995
13.8471206211695,-0.0187316360723032
13.8716687696376,-0.0236351655637367
13.8962169181058,-0.0284865897469054
13.920765066574,-0.0332787561847525
13.9453132150421,-0.0380046236187878
13.9698613635103,-0.0426572796329474
13.9944095119784,-0.0472299578921317
14.0189576604466,-0.051716054892996
14.0435058089148,-0.0561091461666253
14.0680539573829,-0.0604030018750904
14.0926021058511,-0.0645916017465593
14.1171502543193,-0.0686691492965988
14.1416984027874,-0.0726300852865358
14.1662465512556,-0.0764691003732293
14.1907946997238,-0.0801811469083224
14.2153428481919,-0.0837614498489653
14.2398909966601,-0.0872055167461039
14.2644391451282,-0.0905091467806935
14.2889872935964,-0.0936684388225861
14.3135354420646,-0.0966797984913397
14.3380835905327,-0.0995399442027613
14.3626317390009,-0.102245912189614
14.3871798874691,-0.104795060489544
14.4117280359372,-0.10718507189791
14.4362761844054,-0.109413955887761
14.4608243328735,-0.111480049503729
14.4853724813417,-0.113382017241016
14.5099206298099,-0.115118849924924
14.534468778278,-0.116689862610557
14.5590169267462,-0.11809469152626
14.5835650752144,-0.119333290088168
14.6081132236825,-0.120405924016786
14.6326613721507,-0.121313165589883
14.6572095206189,-0.122055887069048
14.681757669087,-0.122635253340102
14.7063058175552,-0.123052713810114
14.7308539660233,-0.123309993606029
14.7554021144915,-0.123409084121922
14.7799502629597,-0.123352232963544
14.8044984114278,-0.123141933340233
14.829046559896,-0.122780912955343
14.8535947083642,-0.122272122447115
14.8781428568323,-0.121618723432403
14.9026910053005,-0.120824076205878
14.9272391537687,-0.119891727147209
14.9517873022368,-0.118825395888385
14.976335450705,-0.11762896229269
15.0008835991731,-0.116306453295956
15.0254317476413,-0.114862029659615
15.0499798961095,-0.113299972683686
15.0745280445776,-0.111624670926308
15.0990761930458,-0.109840606974662
15.123624341514,-0.107952344310205
15.1481724899821,-0.105964514309058
15.1727206384503,-0.103881803416188
15.1972687869184,-0.101708940529678
15.2218169353866,-0.0994506846289506
15.2463650838548,-0.0971118126783334
15.2709132323229,-0.0946971078347523
15.2954613807911,-0.0922113479857717
15.3200095292593,-0.0896592946415661
15.3445576777274,-0.0870456822017913
15.3691058261956,-0.0843752076157248
15.3936539746638,-0.0816525204514749
15.4182021231319,-0.0788822133875445
15.4427502716001,-0.0760688131375873
15.4672984200682,-0.0732167718168251
15.4918465685364,-0.0703304587563238
15.5163947170046,-0.0674141527691606
15.5409428654727,-0.0644720348704626
15.5654910139409,-0.0615081814513869
15.5900391624091,-0.0585265579053156
15.6145873108772,-0.0555310127029144
15.6391354593454,-0.0525252719111986
15.6636836078136,-0.0495129341504273
15.6882317562817,-0.0464974659814575
15.7127799047499,-0.0434821977151764
15.737328053218,-0.0404703196347662
15.7618762016862,-0.0374648786208576
15.7864243501544,-0.0344687751690764
15.8109724986225,-0.0314847607891056
15.8355206470907,-0.0285154357741311
15.8600687955589,-0.0255632473294473
15.884616944027,-0.0226304880490289
15.9091650924952,-0.0197192947290411
15.9337132409634,-0.0168316475075431
15.9582613894315,-0.0139693693200337
15.9828095378997,-0.0111341256609752
16.0073576863678,-0.00832742464201921
16.031905834836,-0.00555061733830702
16.0564539833042,-0.00280489841494382
16.0810021317723,-9.13070265099805e-05
16.1055502802405,0.00258927201670549
16.1300984287087,0.0052361068212448
16.1546465771768,0.00784861672642591
16.179194725645,0.0104263703674943
16.2037428741131,0.0129690834889378
16.2282910225813,0.0154766165101309
16.2528391710495,0.017948971844701
16.2773873195176,0.0203862909743025
16.3019354679858,0.0227888512768375
16.326483616454,0.0251570626085858
16.3510317649221,0.027491463639222
16.3755799133903,0.0297927179383012
16.4000844703912,0.0320309255275401
16.4246242378991,0.0341761224783146
16.4491641323081,0.0362293084898879
16.4737039992723,0.0381915838750401
16.4982436843161,0.040064144304669
16.5227830327706,0.0418482753527064
16.5473218897071,0.0435453467780374
16.5718600998724,0.0451568065430265
16.5963975076224,0.0466841745689581
16.6209339568557,0.0481290362295324
16.6454692909468,0.04949303558452
16.6700033526788,0.0507778683567553
16.6945359841749,0.0519852746568511
16.7190670268298,0.0531170314613265
16.7435963212398,0.0541749448512434
16.7681237071325,0.0551608420199618
16.7926490232952,0.0560765630602055
16.8171721075025,0.0569239525422947
16.8416927964424,0.0577048508971285
16.8662109256419,0.0584210856192754
16.8907263293905,0.0590744623073399
16.915238840663,0.0596667555606202
16.9397482910407,0.060199699752909
16.9642545106305,0.0606749797061511
16.9887573279831,0.0610942212884846
17.0132565700095,0.0614589819630066
17.0377520618944,0.0617707413153441
17.0622436270094,0.0620308915898094
17.086731086823,0.0622407282655348
17.1112142608085,0.0624014407055113
17.1356929663499,0.0625141029128782
17.1601670186457,0.0625796644301266
17.1846362306089,0.0625989414180565
17.2091004127658,0.0625726079523697
17.2335593731511,0.0625011875766643
17.2580129172,0.0623850451513243
17.2824608476375,0.062224379038339
17.3069029643645,0.0620192136624515
17.3313390643398,0.0617693924892096
17.3557689414589,0.0614745714604486
17.3801923864293,0.0611342129275051
17.404609186641,0.0607475801219948
17.4290191260333,0.0603137322033173
17.4534219849569,0.0598315199211383
17.4778175400319,0.0592995819299833
17.5022055639997,0.0587163417917007
17.5265858255713,0.0580800056999711
17.5509580892687,0.0573885609592048
17.5753221152619,0.0566397752481296
17.5996776591986,0.0558311966960672
17.6240244720292,0.0549601547974082
17.6483622998235,0.0540237621870472
17.6726908835818,0.0530189172966071
17.6970099590382,0.0519423079081235
17.7213192564557,0.0507904156185039
17.7456185004142,0.0495595212245301
17.7699074095895,0.0482457110344508
17.7941856965229,0.046844884108304
17.8184530673826,0.0453527604250683
17.8427092217136,0.0437648899705328
17.8669538521784,0.0420766627354653
17.8911866442866,0.0402833196092066
17.9154072761116,0.0383799641493194
17.9396154179969,0.0363615752032776
17.9638107322483,0.0342230203535738
17.9879928728126,0.0319590701528883
18.0121614849422,0.0295644131113002
18.0363162048446,0.0270336713928025
18.0604566593155,0.0243614171737593
18.0845824653552,0.0215421896113299
18.108693229767,0.018570512365399
18.1327885487369,0.015440911613153
18.1568680073928,0.0121479344911959
18.1809311793429,0.00868616789602188
18.2049776261916,0.00505025756976802
18.2290068970312,0.00123492739452207
18.2530185279093,-0.00276500118497097
18.2770120412684,-0.0069545896934709
18.3009869453576,-0.0113387631983827
18.3249427336146,-0.0159222910124742
18.3488788840154,-0.020709767616911
18.3727948583897,-0.0257055938971034
18.3966901017007,-0.030913958785212
18.4205640412867,-0.0363388214040894
18.4444160860613,-0.0419838938079034
18.4682456256704,-0.0478526244147158
18.4920520296029,-0.0539481822258113
18.5158346462526,-0.060273441925624
18.5395928019261,-0.0668309699546369
18.5633257997962,-0.0736230116456585
18.5870329187942,-0.0806514795113873
18.6107134124385,-0.087917942768156
18.6343665075955,-0.0954236181772319
18.6579914031657,-0.103169362280987
18.6815872686931,-0.111155665106728
18.7051532428901,-0.119382645405899
18.728688432072,-0.127850047490915
18.7521919084961,-0.136557239725824
18.7756627085966,-0.145503214720675
18.7990998311093,-0.154686591272582
18.8225022350758,-0.164105618089321
18.8458688377212,-0.173758179323729
18.8691985121921,-0.183641801939342
18.8924900851475,-0.193753664919585
18.9157423341888,-0.20409061032446
18.938953985118,-0.214649156190193
18.9621237090092,-0.225425511258579
18.9852501190798,-0.236415591514063
19.0083317673443,-0.247615038497752
19.0313671410336,-0.259019239358819
19.0543546587602,-0.270623348594994
19.0772926664089,-0.282422311425262
19.1001794327293,-0.294410888729409
19.1230131446051,-0.306583683480846
19.1457919019735,-0.318935168591106
19.1685137123633,-0.331459716076749
19.1911764850199,-0.344151627451998
19.2137780245796,-0.357005165243456
19.2363160242556,-0.37001458551658
19.2587880584894,-0.383174171297385
19.2811915750222,-0.39647826676702
19.3035238863325,-0.409921312101436
19.3257821603818,-0.423497878823306
19.3479634106062,-0.437202705528734
19.370064485083,-0.451030733846839
19.3920820547961,-0.464977144486206
19.4140126009161,-0.479037393218192
19.4358524010025,-0.493207246643043
19.4575975140257,-0.50748281758073
19.4792437640986,-0.521860599923911
19.5007867227943,-0.536337502785456
19.5222216899176,-0.550910883767097
19.5435436725823,-0.56557858116877
19.5647473624361,-0.580338944949533
19.5858271108597,-0.595190866240235
19.6067769019516,-0.610133805194696
19.6275903230949,-0.625167816949408
19.6482605328907,-0.640293575440759
19.6687802262219,-0.655512394802794
19.6891415962052,-0.670826248036209
19.7093362927715,-0.686237782599546
19.7293553776106,-0.701750332524996
19.7491892752122,-0.717367926602067
19.7688277197402,-0.73309529210114
19.7882596974902,-0.74893785342349
19.8074733847129,-0.764901724962955
19.826456080631,-0.780993697345129
19.8451941355529,-0.797221216071065
19.8636728740946,-0.813592351433041
19.8818765136706,-0.830115758389506
19.8997880786241,-0.846800624886542
19.9173893106411,-0.863656606897286
19.9346605764599,-0.880693748226239
19.9515807743566,-0.897922382903849
19.9681272414862,-0.915353017797095
19.9842756649037,-0.93299619291146
20,-0.950862316797784
