-20,-1.00404596155084
-19.9847083898362,-0.983221652676408
-19.9689908208066,-0.962698019484237
-19.952871940948,-0.942469592906839
-19.9363748587716,-0.922530509751853
-19.9195212098677,-0.902874632539473
-19.9023312299794,-0.883495650441227
-19.884823831597,-0.864387163477485
-19.8670166818046,-0.845542752054807
-19.8489262796732,-0.826956033791829
-19.8305680319458,-0.808620709418767
-19.8119563261313,-0.790530599358468
-19.7931046004064,-0.772679672418393
-19.77402540995,-0.755062067850827
-19.7547304895063,-0.737672111877722
-19.7352308121002,-0.720504329629369
-19.7155366439223,-0.703553453313673
-19.6956575954713,-0.686814427314998
-19.6756026690867,-0.6702824108179
-19.6553803030373,-0.653952778460417
-19.6349984123493,-0.63782111944279
-19.6144644265687,-0.621883235449341
-19.5937853246552,-0.606135137682424
-19.572967667204,-0.59057304325675
-19.5520176261853,-0.57519337115893
-19.5309410123863,-0.559992737939766
-19.5097433007283,-0.544967953274836
-19.4884296536256,-0.530116015501467
-19.4670049425375,-0.515434107216686
-19.4454737678602,-0.500919591000572
-19.4238404772898,-0.486570005312137
-19.4021091827807,-0.472383060590054
-19.3802837762139,-0.458356635577852
-19.3583679438796,-0.444488773882365
-19.3363651798712,-0.430777680764934
-19.3142787984783,-0.417221720157005
-19.292111945662,-0.40381941188513
-19.2698676096852,-0.390569429084757
-19.2475486309666,-0.377470595777599
-19.225157711222,-0.364521884583595
-19.2026974219486,-0.351722414535444
-19.1801702123058,-0.339071448961418
-19.1575784164396,-0.32656839340045
-19.1349242602953,-0.314212793512415
-19.1122098679573,-0.302004332945983
-19.0894372675548,-0.289942831126323
-19.0666083967649,-0.278028240925383
-19.0437251079451,-0.266260646178286
-19.0207891729234,-0.254640259010618
-18.9978022874719,-0.243167416942984
-18.9747660754867,-0.231842579741176
-18.9516820928975,-0.220666325982539
-18.9285518313258,-0.209639349311698
-18.9053767215104,-0.198762454361617
-18.8821581365171,-0.188036552319038
-18.858897394748,-0.177462656116601
-18.8355957627652,-0.167041875237422
-18.8122544579415,-0.156775410121501
-18.7888746509502,-0.146664546167099
-18.7654574681063,-0.136710647324033
-18.7420039935675,-0.126915149279791
-18.7185152714063,-0.117279552243308
-18.6949923075613,-0.1078054133352
-18.6714360716756,-0.0984943385972633
-18.6478474988299,-0.0893479746378883
-18.624227491178,-0.0803679999339459
-18.6005769194898,-0.0715561158133944
-18.5768966246095,-0.0629140371464846
-18.5531874188323,-0.0544434827768905
-18.5294500872076,-0.0461461657273584
-18.50568538877,-0.0380237832175224
-18.4818940577061,-0.0300780065343721
-18.4580768044586,-0.0223104707984123
-18.4342343167722,-0.0147227646708572
-18.4103672606862,-0.00731642004919
-18.3864762814745,-9.29018000996873e-05
-18.3625620045391,0.00694640241984994
-18.3386250362572,0.0138001922044582
-18.3146659647866,0.0204672642470375
-18.2906853608309,0.026946521946193
-18.266683778367,0.0332369847160593
-18.2426617553375,0.0393377969492878
-18.2186198143092,0.0452482365819471
-18.1945584631003,0.0509677232107223
-18.1704781953786,0.0564958257144281
-18.1463794912302,0.0618322693338175
-18.1222628177032,0.0669769421660276
-18.0981286293255,0.0719299010326848
-18.0739773685992,0.0766913766837295
-18.049809466473,0.0812617783023601
-18.025625342793,0.0856416972801411
-18.0014254067337,0.0898319102352417
-17.9772100572101,0.0938333812509349
-17.952979683272,0.0976472633158812
-17.9287346644814,0.101274898952314
-17.904475371273,0.104717820022979
-17.8802021653008,0.107977746712574
-17.8559153997694,0.111056585684403
-17.8316154197515,0.113956427417976
-17.807302562493,0.116679542738392
-17.7829771577051,0.119228378553305
-17.7586395278453,0.121605552818339
-17.7342899883868,0.123813848756666
-17.7099288480775,0.125856208363221
-17.6855564091891,0.127735725228665
-17.6611729677563,0.129455636722552
-17.6367788138074,0.131019315579328
-17.6123742315857,0.132430260934657
-17.5879594997632,0.13369208886312
-17.5635348916462,0.134808522471567
-17.5391006753737,0.135783381605243
-17.5146571141082,0.136620572226254
-17.4902044662207,0.137324075525994
-17.4657429854684,0.137897936834723
-17.4412729211666,0.138346254392641
-17.4167945183553,0.13867316804746
-17.3923080179591,0.138882847943665
-17.3678136569434,0.138979483268365
-17.343311668464,0.138967271117836
-17.3188022820133,0.138850405547606
-17.2942857235608,0.138633066867177
-17.2697622156904,0.138319411238266
-17.2452319777325,0.137913560632791
-17.2206952258931,0.137419593203732
-17.1961521733784,0.136841534118469
-17.1716030305165,0.136183346900359
-17.1470480048756,0.135448925320011
-17.1224873013784,0.13464208587321
-17.0979211224142,0.133766560877573
-17.073349667948,0.132825992214925
-17.0487731356263,0.131823925741138
-17.024191720881,0.130763806379667
-16.9996056170303,0.129648973909532
-16.9750150153777,0.128482659452821
-16.9504201053085,0.127267982661174
-16.925821074384,0.126007949595111
-16.9012181084346,0.124705451284526
-16.87661139165,0.123363262953276
-16.8520011066683,0.121984043885572
-16.827387434663,0.120570337906884
-16.8027705554291,0.119124574447309
-16.7781506474674,0.117649070150939
-16.7535278880671,0.116146030990661
-16.7289024533876,0.114617554844106
-16.7042745185393,0.113065634483174
-16.6796442576628,0.111492160926688
-16.6550118440075,0.109898927103331
-16.6303774500092,0.10828763177013
-16.6057412473668,0.106659883630304
-16.5811034071186,0.105017205593437
-16.5564640997175,0.103361039120502
-16.5318234951059,0.101692748596475
-16.5071817627901,0.100013625673861
-16.4825390719142,0.0983248935316835
-16.457895591334,0.0966277109961243
-16.4332514896901,0.0949231764711536
-16.4086108476435,0.0932445518747141
-16.3839702055968,0.0916250514980604
-16.3593295635502,0.0900656269904107
-16.3346889215036,0.0885671891399359
-16.3100482794569,0.0871306101958033
-16.2854076374103,0.085756725762378
-16.2607669953637,0.0844463362401549
-16.236126353317,0.0832002077929077
-16.2114857112704,0.0820190728256148
-16.1868450692238,0.08090362996292
-16.1622044271772,0.0798545435231469
-16.1375637851305,0.0788724424881651
-16.1129231430839,0.0779579189746655
-16.0882825010373,0.0771115262175796
-16.0636418589906,0.0763337760814355
-16.039001216944,0.0756251361203381
-16.0143605748974,0.0749860262119403
-15.9897199328507,0.0744168147952085
-15.9650792908041,0.0739178147459305
-15.9404386487575,0.0734892789277341
-15.9157980067109,0.0731313954598594
-15.8911573646642,0.0728442827460075
-15.8665167226176,0.0726279843112755
-15.841876080571,0.0724824634964378
-15.8172354385243,0.0724075980606473
-15.7925947964777,0.0724031747449879
-15.7679541544311,0.0724688838502082
-15.7433135123844,0.0726043138823957
-15.7186728703378,0.0728089463203235
-15.6940322282912,0.0730821505577114
-15.6693915862446,0.0734231790727079
-15.6447509441979,0.0738311628755293
-15.6201103021513,0.0743051072834032
-15.5954696601047,0.0748438880697803
-15.570829018058,0.0754462480322225
-15.5461883760114,0.0761107940204711
-15.5215477339648,0.0768359944629837
-15.4969070919181,0.0776201774267265
-15.4722664498715,0.0784615292412579
-15.4476258078249,0.0793580937141743
-15.4229851657783,0.0803077719608497
-15.3983445237316,0.0813083228671157
-15.373703881685,0.0823573641991508
-15.3490632396384,0.0834523743703991
-15.3244225975917,0.0845906948708709
-15.2997819555451,0.08576953335972
-15.2751413134985,0.086985967417582
-15.2505006714518,0.088236948950838
-15.2258600294052,0.089519309235755
-15.2012193873586,0.0908297645864036
-15.176578745312,0.092164922626369
-15.1519381032653,0.0935212891406013
-15.1272974612187,0.0948952754803079
-15.1026568191721,0.0962832064905978
-15.0780161771254,0.0976813289276707
-15.0533755350788,0.099085820329709
-15.0287348930322,0.100492798303296
-15.0040942509855,0.101898330185162
-14.9794536089389,0.103298443037352
-14.9548129668923,0.104689133932516
-14.9301723248457,0.106066380484953
-14.905531682799,0.10742615158231
-14.8808910407524,0.108764418272356
-14.8562503987058,0.11007716475916
-14.8316097566591,0.111360399463148
-14.8069691146125,0.112610166099926
-14.7823284725659,0.113822554733528
-14.7576878305192,0.11499371276063
-14.7330471884726,0.116119855783522
-14.708406546426,0.11719727833099
-14.6837659043794,0.118222364387878
-14.6591252623327,0.119191597695824
-14.6344846202861,0.120101571789615
-14.6098439782395,0.120948999735584
-14.5852033361928,0.121730723540628
-14.5605626941462,0.122443723202624
-14.5359220520996,0.123085125375259
-14.5112814100529,0.123652211622598
-14.4866407680063,0.124142426241
-14.4620001259597,0.124553383628271
-14.4373594839131,0.124882875182218
-14.4127188418664,0.125128875712959
-14.3880781998198,0.125289549355509
-14.3634375577732,0.125363254971206
-14.3387969157265,0.12534855102855
-14.3141562736799,0.125244199955869
-14.2895156316333,0.125049171960022
-14.2648749895866,0.124762648306973
-14.24023434754,0.124384024061616
-14.2155937054934,0.123912910285595
-14.1909530634468,0.12334913569319
-14.1663124214001,0.122692747766417
-14.1416717793535,0.121944013331576
-14.1170311373069,0.12110341860033
-14.0923904952602,0.120171668679236
-14.0677498532136,0.119149686552276
-14.043109211167,0.118038611541599
-14.0184685691203,0.116839797252096
-13.9938279270737,0.115554809005942
-13.9691872850271,0.114185420773549
-13.9445466429805,0.112733611607703
-13.9199060009338,0.111201561587944
-13.8952653588872,0.109591647282511
-13.8706247168406,0.107906436735399
-13.8459840747939,0.10614868398635
-13.8213434327473,0.104321323131887
-13.7967027907007,0.102427461935783
-13.772062148654,0.100470374997731
-13.7474215066074,0.0984534964894008
-13.7227808645608,0.0963804124675393
-13.6981402225142,0.0942548527743492
-13.6734995804675,0.0920806825360225
-13.6488589384209,0.0898618932710635
-13.6242182963743,0.0876025936208784
-13.5995776543276,0.0853069997160656
-13.574937012281,0.0829794251929021
-13.5502963702344,0.0806242708756883
-13.5256557281877,0.0782460141418918
-13.5010150861411,0.0758491979884061
-13.4763744440945,0.0734384198187166
-13.4517338020479,0.0710183199723329
-13.4270931600012,0.0685935700194906
-13.4024525179546,0.0661688608458492
-13.377811875908,0.0637488905536799
-13.3531712338613,0.0613383522078634
-13.3285305918147,0.0589419214568597
-13.3038899497681,0.0565642440606693
-13.2792493077214,0.0542099233596536
-13.2546086656748,0.0518835077199035
-13.2299680236282,0.049589477992612
-13.2053273815816,0.0473322350266131
-13.1806867395349,0.0451160872748551
-13.1560460974883,0.0429452385370686
-13.1314054554417,0.0408237758822503
-13.106764813395,0.0387556577957818
-13.0821241713484,0.0367447025970133
-13.0574835293018,0.0347945771739665
-13.0328428872551,0.0329087860823918
-13.0082022452085,0.0310906610567745
-12.9835616031619,0.029343350980963
-12.9589209611153,0.0276698123659153
-12.9342803190686,0.0260728003815702
-12.909639677022,0.0245548604890736
-12.8849990349754,0.0231183207184876
-12.8603583929287,0.0217652846356901
-12.8357177508821,0.0204976250404204
-12.8110771088355,0.0193169784353471
-12.7864364667888,0.0182247403036151
-12.7617958247422,0.0172220612295906
-12.7371551826956,0.0163098438944481
-12.712514540649,0.0154887409748656
-12.6878738986023,0.0147591539694017
-12.6632332565557,0.014121232973156
-12.6385926145091,0.0135748774170597
-12.6139519724624,0.0131197377836467
-12.5893113304158,0.0127552183064252
-12.5646706883692,0.0124804806550373
-12.5400300463225,0.0122944486032899
-12.5153894042759,0.0121958136718899
-12.4907487622293,0.0121830417323582
-12.4661081201827,0.0122543805531617
-12.441467478136,0.0124078682636285
-12.4168268360894,0.0126413427057356
-12.3921861940428,0.0129524516384222
-12.3675455519961,0.0133386637537207
-12.3429049099495,0.0137972804587557
-12.3182642679029,0.0143254483725778
-12.2936236258562,0.0149201724819158
-12.2689829838096,0.0155783298952783
-12.244342341763,0.0162966841304757
-12.2197016997164,0.0170718998665666
-12.1950610576697,0.01790055808754
-12.1704204156231,0.018779171541717
-12.1457797735765,0.0197042004379565
-12.1211391315298,0.0206720682972923
-12.0964984894832,0.0216791778766466
-12.0718578474366,0.0227219270797741
-12.0472172053899,0.0237967247696245
-12.0225765633433,0.0249000063958686
-11.9979359212967,0.0260282493514454
-11.9732952792501,0.0271779879726477
-11.9486546372034,0.0283458280984887
-11.9240139951568,0.0295284611068744
-11.8993733531102,0.0307226773474504
-11.8747327110635,0.0319253788938799
-11.8500920690169,0.0331335915417424
-11.8254514269703,0.0343444759821931
-11.8008107849236,0.0355553380859777
-11.776170142877,0.0367636382373294
-11.7515295008304,0.0379669996626609
-11.7268888587838,0.0391632157047629
-11.7022482167371,0.0403502559994117
-11.6776075746905,0.0415262715178195
-11.6529669326439,0.0426895984452002
-11.6283262905972,0.0438387608728268
-11.6036856485506,0.0449724722882684
-11.579045006504,0.0460896358559847
-11.5544043644573,0.0471893434880576
-11.5297637224107,0.0482708737125088
-11.5051230803641,0.0493336883543425
-11.4804824383175,0.0503774280521045
-11.4558417962708,0.0514019066403091
-11.4312011542242,0.0524071044355107
-11.4065605121776,0.0533931604710284
-11.3819198701309,0.0543603637323212
-11.3572792280843,0.055309143451708
-11.3326385860377,0.0562400585274902
-11.307997943991,0.0571537861385086
-11.2833573019444,0.0580511096307178
-11.2587166598978,0.0589329057574486
-11.2340760178512,0.0598001313596057
-11.2094353758045,0.060653809576098
-11.1847947337579,0.0614950156782738
-11.1601540917113,0.0623248626250178
-11.1355134496646,0.063144486437438
-11.110872807618,0.0639550314937019
-11.0862321655714,0.064757635845568
-11.0615915235247,0.0655534166584849
-11.0369508814781,0.0663434558767939
-11.0123102394315,0.0671287862145642
-10.9876695973849,0.067910377570927
-10.9630289553382,0.0686891239664509
-10.9383883132916,0.0694658310941385
-10.913747671245,0.0702412045750299
-10.8891070291983,0.071015839004204
-10.8644663871517,0.0717902078681824
-10.8398257451051,0.072564654409411
-10.8151851030584,0.0733393835076302
-10.7905444610118,0.0741144546416049
-10.7659038189652,0.0748897759878868
-10.7412631769186,0.0756650997060836
-10.7166225348719,0.0764400184525461
-10.6919818928253,0.0772139631565017
-10.6673412507787,0.0779862020845224
-10.642700608732,0.0787558412108499
-10.6180599666854,0.0795218259025795
-10.5934193246388,0.0802829439200704
-10.5687786825921,0.0810378297242632
-10.5441380405455,0.0817849700739043
-10.5194973984989,0.0825227108870431
-10.4948567564523,0.0832492653326621
-10.4702161144056,0.0839627231099448
-10.445575472359,0.0846610608645748
-10.4209348303124,0.0853421536836038
-10.3962941882657,0.0860037876029177
-10.3716535462191,0.0866436730541857
-10.3470129041725,0.0872594591714719
-10.3223722621258,0.0878487488714482
-10.2977316200792,0.0884091146154277
-10.2730909780326,0.0889381147562741
-10.248450335986,0.0894333103686687
-10.2238096939393,0.0898922824572741
-10.1991690518927,0.0903126494340423
-10.1745284098461,0.09069208475331
-10.1498877677994,0.091028334591416
-10.1252471257528,0.0913192354563925
-10.1006064837062,0.0915627316128267
-10.0759658416595,0.0917568922072755
-10.0513251996129,0.0918999279806449
-10.0266845575663,0.0919902074557088
-10.0020439155197,0.0920262724904502
-9.97740327347302,0.0920068530911208
-9.95276263142639,0.0919308813828484
-9.92812198937976,0.0917975046402253
-9.90348134733314,0.0916060972855771
-9.8788407052865,0.0913562717685003
-9.85420006323987,0.0910478882467373
-9.82955942119325,0.0906810629954834
-9.80491877914661,0.0902561754797584
-9.78027813709998,0.0897738740324632
-9.75563749505335,0.0892350800891461
-9.73099685300672,0.0886409909392513
-9.70635621096009,0.0879930809626694
-9.68171556891346,0.0872931013296971
-9.65707492686683,0.0865430781519645
-9.6324342848202,0.0857453090814588
-9.60779364277358,0.0849023583643892
-9.58315300072694,0.0840170503662299
-9.55851235868031,0.0830924615937946
-9.53387171663369,0.0821319112495527
-9.50923107458705,0.0811389503625526
-9.48459043254042,0.0801173495491891
-9.45994979049379,0.079071085465585
-9.43530914844717,0.0780043260215003
-9.41066850640053,0.0769214144333657
-9.3860278643539,0.0758268522012193
-9.36138722230728,0.0747252811009466
-9.33674658026064,0.0736214642892499
-9.31210593821401,0.0725202666241506
-9.28746529616738,0.0714266343085288
-9.26282465412075,0.070345573968195
-9.23818401207412,0.0692821312792389
-9.21354337002749,0.0682413692618961
-9.18890272798087,0.0672283463598926
-9.16426208593423,0.0662480944251675
-9.13962144388761,0.065305596728025
-9.11498080184098,0.0644057661121375
-9.09034015979434,0.0635534234124165
-9.06569951774772,0.0627532762516035
-9.04105887570108,0.0620098983285271
-9.01641823365445,0.0613277093073541
-8.99177759160782,0.0607109554128608
-8.96713694956119,0.060163690831799
-8.94249630751457,0.0596897600148801
-8.91785566546793,0.0592927809677801
-8.89321502342131,0.0589761296129446
-8.86857438137467,0.0587429252968856
-8.84393373932804,0.0585960175101738
-8.81929309728141,0.0585379738794981
-8.79465245523478,0.0585710694830503
-8.77001181318815,0.0586972775321521
-8.74537117114152,0.0589182614535576
-8.72073052909489,0.059235368398265
-8.69608988704826,0.0596496241940647
-8.67144924500163,0.0601617297504596
-8.64680860295501,0.0607720589161074
-8.62216796090837,0.0614806577805979
-8.59752731886175,0.0622872454042579
-8.57288667681511,0.0631912159518222
-8.54824603476848,0.0641916421982741
-8.52360539272185,0.0652872803679993
-8.49896475067522,0.0664765762616369
-8.4743241086286,0.0677576726187244
-8.44968346658196,0.0691284176584169
-8.42504282453533,0.0705863747352796
-8.4004021824887,0.0721288330424077
-8.37576154044207,0.0737528192899586
-8.35112089839545,0.0754551102835884
-8.32648025634881,0.0772322463242911
-8.30183961430219,0.0790805453487371
-8.27719897225556,0.0809961177274156
-8.25255833020892,0.0829748816366714
-8.22791768816229,0.0850125789201126
-8.20327704611567,0.0871047913548067
-8.17863640406904,0.089246957238183
-8.1539957620224,0.0914343882125803
-8.12935511997578,0.0936622862458992
-8.10471447792914,0.0959257606888123
-8.08007383588251,0.0982198453314082
-8.05543319383588,0.100539515384969
-8.03079255178926,0.102879704317766
-8.00615190974263,0.105235320477254
-7.98151126769599,0.107601263434847
-7.95687062564936,0.109972439993427
-7.93222998360273,0.112343779802008
-7.9075893415561,0.114710250526275
-7.88294869950948,0.117066872528203
-7.85830805746284,0.119408733012499
-7.83366741541621,0.121730999602125
-7.80902677336958,0.124028933309718
-7.78438613132295,0.126297900876185
-7.75974548927632,0.128533386452153
-7.7351048472297,0.130731002602213
-7.71046420518307,0.13288650061601
-7.68582356313643,0.134995780114194
-7.66118292108981,0.137054897940967
-7.63654227904317,0.139060076338484
-7.61190163699654,0.141007710401666
-7.58726099494992,0.142894374814983
-7.56262035290328,0.144716829875578
-7.53797971085665,0.146472026809562
-7.51333906881002,0.148157112390585
-7.48869842676339,0.149769432871718
-7.46405778471676,0.151306537243398
-7.43941714267013,0.15276617983162
-7.41477650062351,0.154146322251735
-7.39013585857687,0.155445134734169
-7.36549521653024,0.156660996839075
-7.34085457448362,0.157792497577477
-7.31621393243698,0.158838434956709
-7.29157329039035,0.15979781496818
-7.26693264834373,0.160669850035392
-7.24229200629709,0.161453956940066
-7.21765136425046,0.162149754243926
-7.19301072220384,0.162757059223365
-7.16837008015721,0.163275884333813
-7.14372943811057,0.163706433220162
-7.11908879606395,0.164049096289118
-7.09444815401732,0.164304445858908
-7.06980751197068,0.16447323090126
-7.04516686992406,0.164556371390202
-7.02052622787743,0.164554952271819
-6.99588558583079,0.16447021706882
-6.97124494378416,0.164303561133572
-6.94660430173754,0.164056524563089
-6.9219636596909,0.163730784789503
-6.89732301764427,0.163328148859594
-6.87268237559765,0.162850545417204
-6.84804173355102,0.162300016402666
-6.82340109150438,0.16167870848388
-6.79876044945776,0.1609888642342
-6.77411980741113,0.160232813073046
-6.74947916536449,0.159412961985943
-6.72483852331787,0.158531786041634
-6.70019788127123,0.15759181872492
-6.6755572392246,0.156595642105029
-6.65091659717798,0.15554587686048
-6.62627595513135,0.154445172182686
-6.60163531308472,0.153296195581856
-6.57699467103809,0.152101622620082
-6.55235402899146,0.150864126597894
-6.52771338694482,0.14958636822191
-6.5030727448982,0.148270985282574
-6.47843210285157,0.146920582372299
-6.45379146080494,0.145537720675587
-6.4291508187583,0.144124907863924
-6.40451017671167,0.14268458812934
-6.37986953466504,0.141219132391547
-6.35522889261842,0.139730828714465
-6.33058825057178,0.13822187296868
-6.30594760852516,0.136694359777009
-6.28130696647853,0.135150273780761
-6.25666632443189,0.133591481264558
-6.23202568238526,0.132019722177644
-6.20738504033864,0.130436602589468
-6.182744398292,0.128843587617023
-6.15810375624538,0.127241994860804
-6.13346311419874,0.125632988385545
-6.10882247215212,0.124017573280817
-6.08418183010548,0.122396590835381
-6.05954118805885,0.120770714357715
-6.03490054601223,0.119140445673417
-6.0102599039656,0.117506112328305
-5.98561926191897,0.115867865523855
-5.96097861987234,0.114225678809283
-5.9363379778257,0.112579347551997
-5.91169733577907,0.11092848920539
-5.88705669373245,0.109272544389959
-5.86241605168581,0.107610778800649
-5.83777540963918,0.105942285949963
-5.81313476759256,0.104265990752984
-5.78849412554593,0.102580653956832
-5.76385348349929,0.100884877413408
-5.73921284145267,0.0991771101904503
-5.71457219940604,0.0974556555120812
-5.68993155735941,0.0957186785160402
-5.66529091531277,0.0939642148108534
-5.64065027326615,0.0921901798121614
-5.61600963121952,0.0903943788334332
-5.59136898917289,0.0885745179023091
-5.56672834712626,0.0867282152698783
-5.54208770507963,0.0848530135763202
-5.51744706303299,0.082946392632553
-5.49280642098637,0.0810057827738544
-5.46816577893974,0.0790285787378664
-5.44352513689311,0.0770121540160008
-5.41888449484648,0.0749538756240287
-5.39424385279985,0.0728511192346037
-5.36960321075321,0.070701284611638
-5.34496256870659,0.0685018112838503
-5.32032192665995,0.0662501943924527
-5.29568128461333,0.0639440006458511
-5.2710406425667,0.0615808843124206
-5.24640000052007,0.0591586031808953
-5.22175935847344,0.0566750344166971
-5.1971187164268,0.0541281902416309
-5.17247807438018,0.051516233363797
-5.14783743233355,0.0488374920843433
-5.12319679028692,0.0460904750077846
-5.09855614824029,0.0432738852830732
-5.07391550619366,0.0403866343034193
-5.04927486414703,0.0374278547940256
-5.0246342221004,0.0343969132184213
-4.99999358005377,0.031293421435961
-4.97535293800714,0.0281172475452845
-4.95071229596051,0.0248685258511051
-4.92607165391388,0.0215476658946188
-4.90143101186725,0.0181553604910678
-4.87679036982062,0.0146925927215653
-4.85214972777398,0.0111606418301664
-4.82750908572736,0.00756108798134068
-4.80286844368073,0.00389581583745764
-4.7782278016341,0.000167016920603447
-4.75358715958747,-0.00362280927199234
-4.72894651754084,-0.00747085542446979
-4.7043058754942,-0.0113740078509649
-4.67966523344758,-0.0153288492509745
-4.65502459140095,-0.0193316627803872
-4.63038394935432,-0.0233784374412837
-4.60574330730769,-0.0274648747876958
-4.58110266526106,-0.0315863969385253
-4.55646202321443,-0.0357381558828031
-4.5318213811678,-0.0399150440564361
-4.50718073912117,-0.0441117061635828
-4.48254009707454,-0.0483225522098395
-4.45789945502791,-0.0525417717085494
-4.43325881298128,-0.0567633490157893
-4.40861817093465,-0.0609810797439771
-4.38397752888801,-0.0651885881986072
-4.35933688684139,-0.0693793457773944
-4.33469624479476,-0.0735466902661093
-4.31005560274813,-0.0776838459606606
-4.2854149607015,-0.0817839445405384
-4.26077431865487,-0.0858400466146081
-4.23613367660824,-0.0898451638564622
-4.21149303456161,-0.093792281643119
-4.18685239251498,-0.0976743821078201
-4.16221175046835,-0.101484467515047
-4.13757110842172,-0.105215583863672
-4.11293046637509,-0.10886084462237
-4.08828982432846,-0.112413454500112
-4.06364918228183,-0.115866733153661
-4.0390085402352,-0.119214138733629
-4.01436789818857,-0.122449291170662
-3.98972725614194,-0.125565995103932
-3.96508661409531,-0.128558262355056
-3.94044597204868,-0.131420333852093
-3.91580533000205,-0.134146700910191
-3.89116468795542,-0.136732125777879
-3.86652404590879,-0.139171661360806
-3.84188340386216,-0.141460670038068
-3.81724276181553,-0.143594841489886
-3.7926021197689,-0.145570209459559
-3.76796147772227,-0.147383167377027
-3.74332083567564,-0.149030482776234
-3.71868019362901,-0.150509310443619
-3.69403955158238,-0.151817204240516
-3.66939890953575,-0.152952127547979
-3.64475826748912,-0.153912462288499
-3.62011762544249,-0.154697016485297
-3.59547698339586,-0.155305030326199
-3.57083634134923,-0.155736180705656
-3.5461956993026,-0.15599058422506
-3.52155505725597,-0.156068798638233
-3.49691441520934,-0.155971822735708
-3.47227377316271,-0.155701094668178
-3.44763313111608,-0.155258488716212
-3.42299248906945,-0.154646310520043
-3.39835184702282,-0.153867290789762
-3.37371120497619,-0.152924577522748
-3.34907056292956,-0.151821726761432
-3.32442992088293,-0.150562691930622
-3.2997892788363,-0.149151811799461
-3.27514863678967,-0.147593797118788
-3.25050799474304,-0.145893715989983
-3.22586735269641,-0.144056978026481
-3.20122671064978,-0.14208931737387
-3.17658606860315,-0.139996774658911
-3.15194542655652,-0.137785677941844
-3.12730478450989,-0.135462622750044
-3.10266414246326,-0.133034451274349
-3.07802350041663,-0.130508230812279
-3.05338285837,-0.127891231544822
-3.02874221632337,-0.125190903735532
-3.00410157427674,-0.122414854442301
-2.97946093223011,-0.119570823833374
-2.95482029018348,-0.116666661199956
-2.93017964813685,-0.113710300758133
-2.90553900609022,-0.110709737332727
-2.88089836404359,-0.107673002015293
-2.85625772199696,-0.104608137887533
-2.83161707995033,-0.101523175900156
-2.8069764379037,-0.0984261109955887
-2.78233579585707,-0.0953248785608698
-2.75769515381044,-0.0922273312947555
-2.73305451176381,-0.0891412165703167
-2.70841386971718,-0.0860741543713231
-2.68377322767055,-0.0830336158773846
-2.65913258562392,-0.0800269027692414
-2.63449194357729,-0.0770611273217539
-2.60985130153066,-0.0741431933480749
-2.58521065948403,-0.0712797780542126
-2.5605700174374,-0.0684773148587266
-2.53592937539077,-0.0657419772276855
-2.51128873334414,-0.0630796635702503
-2.48664809129751,-0.0604959832353833
-2.46200744925088,-0.0579962436452212
-2.43736680720425,-0.0555854385956312
-2.41272616515762,-0.0532682377494051
-2.38808552311099,-0.0510489773424658
-2.36344488106436,-0.0489316521183859
-2.33880423901773,-0.0469199085014714
-2.3141635969711,-0.0450170390136607
-2.28952295492447,-0.043225977935561
-2.26488231287784,-0.0415492982071026
-2.24024167083121,-0.0399892095585546
-2.21560102878458,-0.0385475578580394
-2.19096038673795,-0.0372258256572137
-2.16631974469132,-0.0360251339124779
-2.14167910264469,-0.0349462448549341
-2.11703846059806,-0.0339895659783674
-2.09239781855143,-0.0331551551107687
-2.0677571765048,-0.0324427265313759
-2.04311653445817,-0.0318516580918879
-2.01847589241154,-0.0313809992974081
-1.99383525036491,-0.0310294802998207
-1.96919460831828,-0.0307955217536826
-1.94455396627165,-0.0306772454823509
-1.91991332422502,-0.0306724858999524
-1.89527268217839,-0.0307788021329422
-1.87063204013176,-0.0309934907834055
-1.84599139808513,-0.0313135992749143
-1.8213507560385,-0.0317359397206802
-1.79671011399187,-0.0322571032529236
-1.77206947194524,-0.032873474751826
-1.74742882989861,-0.0335812479121324
-1.72278818785198,-0.0343764405854209
-1.69814754580535,-0.0352549103362645
-1.67350690375872,-0.0362123701509542
-1.64886626171209,-0.0372444042381434
-1.62422561966546,-0.0383464838616916
-1.59958497761883,-0.0395139831471343
-1.5749443355722,-0.0407421948045722
-1.55030369352557,-0.0420263457123475
-1.52566305147894,-0.0433616123076556
-1.50102240943231,-0.0447431357322074
-1.47638176738568,-0.046166036683214
-1.45174112533905,-0.0476254299222847
-1.42710048329242,-0.0491164383973162
-1.40245984124579,-0.0506342069350819
-1.37781919919916,-0.052173915464997
-1.35317855715253,-0.0537307917374294
-1.3285379151059,-0.0553001235029252
-1.30389727305927,-0.0568772701218161
-1.27925663101264,-0.0584576735768553
-1.25461598896601,-0.0600368688647765
-1.22997534691938,-0.0616104937459681
-1.20533470487275,-0.0631742978347937
-1.18069406282612,-0.0647241510164467
-1.15605342077949,-0.066256051179591
-1.13141277873286,-0.0677661312573959
-1.10677213668623,-0.0692506655728987
-1.0821314946396,-0.0707060754879153
-1.05749085259297,-0.0721289343579471
-1.03285021054634,-0.0735159717986846
-1.00820956849971,-0.0748640772727702
-0.983568926453076,-0.0761703030084407
-0.958928284406446,-0.0774318662645062
-0.934287642359816,-0.0786461509588229
-0.909647000313186,-0.0798107086799668
-0.885006358266556,-0.080923259104207
-0.860365716219926,-0.081981689842086
-0.835725074173296,-0.0829840557409447
-0.811084432126666,-0.0839285776715526
-0.786443790080036,-0.08481364082863
-0.761803148033406,-0.0856377925764482
-0.737162505986776,-0.0863997398718803
-0.712521863940146,-0.0870983462982277
-0.687881221893516,-0.0877326287438692
-0.663240579846886,-0.0883017537602658
-0.638599937800256,-0.0888050336341079
-0.613959295753626,-0.0892419222084048
-0.589318653706996,-0.0896120104871036
-0.564678011660366,-0.0899150220573761
-0.540037369613736,-0.0901508083630503
-0.515396727567106,-0.0903193438617778
-0.490756085520476,-0.0904207210974451
-0.466115443473846,-0.090455145718055
-0.441474801427216,-0.0904229314678429
-0.416834159380586,-0.0903244951807666
-0.392193517333956,-0.0901603518007235
-0.367552875287326,-0.0899311094519405
-0.342912233240696,-0.089637464580948
-0.318271591194066,-0.0892801971894219
-0.293630949147436,-0.0888601661749765
-0.268990307100806,-0.0883783047947263
-0.244349665054176,-0.0878356162641432
-0.219709023007546,-0.0872331695014259
-0.195068380960916,-0.086572095025298
-0.170427738914286,-0.085853581011883
-0.145787096867656,-0.0850788695140849
-0.121146454821026,-0.0842492528447587
-0.0965058127743964,-0.0833660701229014
-0.0718651707277664,-0.08243070398015
-0.0472245286811364,-0.0814445774230646
-0.0225838866345064,-0.0804091508450019
0.00205675541212358,-0.0793259191798854
0.0266973974587536,-0.0781964091888391
0.0513380395053836,-0.0770221768695123
0.0759786815520136,-0.0758048049769667
0.100619323598644,-0.0745459006442503
0.125259965645274,-0.0732470930902411
0.149900607691904,-0.0719100314020096
0.174541249738534,-0.0705363823788324
0.199181891785164,-0.0691278284250714
0.223822533831794,-0.0676860654794305
0.248463175878424,-0.0662128009685866
0.273103817925054,-0.0647097517738754
0.297744459971684,-0.063178642200565
0.322385102018313,-0.0616212019402753
0.347025744064943,-0.0600391640182723
0.371666386111573,-0.0584342627186709
0.396307028158204,-0.0568082314820014
0.420947670204833,-0.055162800771111
0.445588312251464,-0.0534996959029609
0.470228954298093,-0.0518206348455244
0.494869596344723,-0.0501273259806668
0.519510238391354,-0.0484214658355669
0.544150880437983,-0.0467047367869129
0.568791522484614,-0.0449788047437285
0.593432164531243,-0.0432453168162616
0.618072806577873,-0.041505898979853
0.642713448624503,-0.0397621537440876
0.667354090671133,-0.0380156578387974
0.691994732717763,-0.0362679599296079
0.716635374764393,-0.0345205783766889
0.741276016811023,-0.0327749990511634
0.765916658857653,-0.0310326732242464
0.790557300904283,-0.0292950155445979
0.815197942950914,-0.0275634021195949
0.839838584997543,-0.0258391687162323
0.864479227044173,-0.0241236090971595
0.889119869090803,-0.0224179735069437
0.913760511137433,-0.0207234673230264
0.938401153184063,-0.0190412498850052
0.963041795230693,-0.017372433514845
0.987682437277323,-0.0157180827394023
1.01232307932395,-0.0140792137252481
1.03696372137058,-0.0124567939342162
1.06160436341721,-0.0108517420063905
1.08624500546384,-0.0092649278754131
1.11088564751047,-0.00769717311903864
1.1355262895571,-0.0061492515458296
1.16016693160373,-0.0046218900167764
1.18480757365036,-0.00311576949848039
1.20944821569699,-0.00163152634236882
1.23408885774362,-0.000169753782243584
1.25872949979025,0.00126899635966761
1.28337014183688,0.00268421177007497
1.30801078388351,0.00407541755932818
1.33265142593014,0.00544217400928615
1.35729206797677,0.00678407417197094
1.3819327100234,0.00810074133826449
1.40657335207003,0.00939182639738603
1.43121399411666,0.0106570051091907
1.45585463616329,0.0118959753124314
1.48049527820992,0.0131084540930237
1.50513592025655,0.0142941749370242
1.52977656230318,0.0154528848934777
1.55441720434981,0.0165843417724933
1.57905784639644,0.0176883114038725
1.60369848844307,0.0187645649813343
1.6283391304897,0.0198128765168594
1.65297977253633,0.0208330204289141
1.67762041458296,0.0218247692873244
1.70226105662959,0.0227878917363459
1.72690169867622,0.0237221506160514
1.75154234072285,0.0246273013005205
1.77618298276948,0.0255030902695009
1.80082362481611,0.0263492539282267
1.82546426686274,0.0271655176879449
1.85010490890937,0.0279515953174391
1.874745550956,0.0287071885734725
1.89938619300263,0.0294319871156184
1.92402683504926,0.030125668708437
1.94866747709589,0.0307878997114089
1.97330811914252,0.0314183358544788
1.99794876118915,0.0320166232945182
2.02258940323578,0.0325823999455134
2.04723004528241,0.0331152970728402
2.07187068732904,0.0336149411396344
2.09651132937567,0.0340809558910171
2.1211519714223,0.0345129646598219
2.14579261346893,0.0349105928754998
2.17043325551556,0.0352734707560875
2.19507389756219,0.0356012361615073
2.21971453960882,0.0358935375850608
2.24435518165545,0.0361500372587804
2.26899582370208,0.0363704143473284
2.29363646574871,0.0365543682043966
2.31827710779534,0.036701621665056
2.34291774984197,0.0368119243472477
2.3675583918886,0.0368850559355946
2.39219903393523,0.0369208294209392
2.41683967598186,0.0369190942694855
2.44148031802849,0.036879739496124
2.46612096007512,0.0368026966174513
2.49076160212175,0.0366879424611413
2.51540224416838,0.0365355018096799
2.54004288621501,0.0363454498580149
2.56468352826164,0.0361179144663954
2.58932417030827,0.0358530781915493
2.6139648123549,0.0355511800813657
2.63860545440153,0.0352125172203868
2.66324609644816,0.0348374460156482
2.68788673849479,0.0344263832147218
2.71252738054142,0.033979806650185
2.73716802258805,0.0334982557071379
2.76180866463468,0.0329823315128067
2.78644930668131,0.032432696849665
2.81108994872794,0.0318500757958689
2.83573059077457,0.0312352530991055
2.8603712328212,0.0305890732921791
2.88501187486783,0.0299124395607816
2.90965251691446,0.0292063123759004
2.93429315896109,0.0284717079051786
2.95893380100772,0.0277096962192532
2.98357444305435,0.0269213993106344
3.00821508510098,0.0261079889440375
3.03285572714761,0.0252706843582354
3.05749636919424,0.0244107498404394
3.08213701124087,0.023529492194947
3.1067776532875,0.0226282581282921
3.13141829533413,0.0217084315734114
3.15605893738076,0.02077143097538
3.18069957942739,0.0198187065610791
3.20534022147402,0.0188517376147446
3.22998086352065,0.0178720297806922
3.25462150556728,0.0168811124136557
3.27926214761391,0.0158805359960949
3.30390278966054,0.0148718696405496
3.32854343170717,0.0138566986936444
3.3531840737538,0.012836622456704
3.37782471580043,0.0118132520361238
3.40246535784706,0.0107882083346908
3.42710599989369,0.00976312019295915
3.45174664194032,0.00873962268760176
3.47638728398695,0.00771935559137202
3.50102792603358,0.00670396199697083
3.52566856808021,0.00569508710471878
3.55030921012684,0.00469437717152509
3.57494985217347,0.00370347861623116
3.5995904942201,0.00272403727402329
3.62423113626673,0.00175769779026687
3.64887177831336,0.000806103141849757
3.67351242035999,-0.000129105728055426
3.69815306240662,-0.0010462901779561
3.72279370445325,-0.00194381405680408
3.74743434649988,-0.00282004383339371
3.77207498854651,-0.00367334868781904
3.79671563059314,-0.00450210058780816
3.82135627263977,-0.00530467437393654
3.8459969146864,-0.00607944787867844
3.87063755673303,-0.00682480210497097
3.89527819877966,-0.00753912149043506
3.91991884082629,-0.00822079428360087
3.94455948287292,-0.00886821305842571
3.96920012491955,-0.0094797753930581
3.99384076696618,-0.0100538847381904
4.01848140901281,-0.0105889514994578
4.04312205105944,-0.0110833943571775
4.06776269310607,-0.0115356418452926
4.0924033351527,-0.0119441342096839
4.11704397719933,-0.0123073255640642
4.14168461924596,-0.0126236863594671
4.16632526129259,-0.012891706180915
4.19096590333922,-0.0131098968822018
4.21560654538585,-0.0132767960668779
4.24024718743248,-0.0133909709205034
4.26488782947911,-0.0134510223960409
4.28952847152574,-0.0134555897509443
4.31416911357237,-0.0134033554310609
4.338809755619,-0.013293050292945
4.36345039766563,-0.0131234591525999
4.38809103971226,-0.0128934266450537
4.41273168175889,-0.0126018633755563
4.43737232380552,-0.0122477523396009
4.46201296585215,-0.0118301555854321
4.48665360789878,-0.01134822108926
4.51129424994541,-0.0108011898100597
4.53593489199204,-0.0101884028876511
4.56057553403867,-0.00950930894472576
4.5852161760853,-0.00876347145067774
4.60985681813193,-0.00795057610249628
4.63449746017856,-0.00707043817563831
4.65913810222519,-0.00612300979573489
4.68377874427182,-0.00510838708021608
4.70841938631845,-0.00402681709749035
4.73306002836508,-0.00287870459020045
4.75770067041171,-0.0016646184083194
4.78234131245834,-0.00038529759745165
4.80698195450497,0.00095834291230619
4.8316225965516,0.00236520707122929
4.85626323859823,0.00383401298206952
4.88090388064486,0.00536328873176811
4.90554452269149,0.00695136883358749
4.93018516473812,0.00859639132853447
4.95482580678475,0.0102962955926151
4.97946644883138,0.0120488208937538
5.00410709087801,0.0138515057391341
5.02874773292464,0.0157016880502906
5.05338837497127,0.0175965061995153
5.0780290170179,0.0195329009370619
5.10266965906453,0.0215076182342519
5.12731030111116,0.0235172130629411
5.15195094315779,0.0255580541269107
5.17659158520442,0.0276263295556386
5.20123222725105,0.0297180535656139
5.22587286929768,0.031829074088905
5.25051351134431,0.0339550813631264
5.27515415339094,0.0360916174712908
5.29979479543757,0.0382340868143278
5.3244354374842,0.0403777674933307
5.34907607953083,0.0425178235728904
5.37371672157746,0.0446493181912398
5.39835736362409,0.0467672274773854
5.42299800567072,0.0488664552299913
5.44763864771735,0.0509418483075385
5.47227928976398,0.0529882126742411
5.49691993181061,0.0550003300414019
5.52156057385724,0.0569729750393555
5.54620121590387,0.058900932850923
5.5708418579505,0.0607790172334014
5.59548249999713,0.0626020888525805
5.62012314204376,0.064365073849125
5.64476378409039,0.0660629825549238
5.66940442613702,0.0676909282746974
5.69404506818365,0.0692441460462953
5.71868571023028,0.0707180112917216
5.74332635227691,0.0721080582700139
5.76796699432354,0.0734099982426701
5.79260763637017,0.0746197372623962
5.8172482784168,0.075733393496512
5.84188892046343,0.0767473139974322
5.86652956251006,0.0776580908342108
5.89117020455669,0.078462576501212
5.91581084660332,0.0791578985225237
5.94045148864995,0.0797414731737743
5.96509213069658,0.0802110182465052
5.98973277274321,0.0805645647842064
6.01437341478984,0.0808004677234946
6.03901405683647,0.0809174153786967
6.0636546988831,0.0809144377132655
6.08829534092973,0.0807909133469743
6.11293598297636,0.0805465752536822
6.13757662502299,0.0801815151106034
6.16221726706962,0.0796961862664151
6.18685790911625,0.0790914053021712
6.21149855116288,0.0783683521658091
6.23613919320951,0.0775285688680153
6.26077983525614,0.076573956734302
6.28542047730277,0.0755067722153215
6.3100611193494,0.0743296212646408
6.33470176139603,0.0730454523004034
6.35934240344266,0.0716575477744571
6.38398304548929,0.0701695143795914
6.40862368753592,0.0685852719324765
6.43326432958255,0.0669090409766646
6.45790497162918,0.065145329156588
6.48254561367581,0.0632989164198172
6.50718625572244,0.0613748391108853
6.53182689776907,0.0593783730257194
6.5564675398157,0.0573150155011003
6.58110818186233,0.0551904666185712
6.60574882390896,0.053010609606804
6.63038946595559,0.0507814905305816
6.65503010800222,0.0485092973582345
6.67967075004885,0.0462003385025698
6.70431139209548,0.0438610209330125
6.72895203414211,0.0414978279588443
6.75359267618874,0.0391172967850445
6.77823331823537,0.0367259959433091
6.802873960282,0.0343305027013352
6.82751460232863,0.0319373805534045
6.85215524437526,0.0295531568946828
6.87679588642189,0.0271843009804696
6.90143652846852,0.0248372022698924
6.92607717051515,0.0225181492512507
6.95071781256178,0.0202333088433872
6.97535845460841,0.0179887064641133
6.99999909665504,0.0157902068528641
7.02463973870167,0.0136434957304211
7.0492803807483,0.0115540623737485
7.07392102279493,0.00952718317876686
7.09856166484156,0.00756790627826695
7.12320230688819,0.00568103727618054
7.14784294893482,0.00387112615310632
7.17248359098145,0.00214245539138372
7.19712423302808,0.00049902936114371
7.22176487507471,-0.00105543499830207
7.24640551712134,-0.00251751617461314
7.27104615916797,-0.00388409473634922
7.2956868012146,-0.00515235863235199
7.32032744326123,-0.0063198071317197
7.34496808530786,-0.00738425340696776
7.36960872735449,-0.00834382577035314
7.39424936940112,-0.00919696758062193
7.41889001144775,-0.00994243584455631
7.44353065349438,-0.010579298544624
7.46817129554101,-0.0111069307307034
7.49281193758764,-0.01152500942025
7.51745257963427,-0.0118335073573276
7.5420932216809,-0.0120326856866206
7.56673386372753,-0.0121230856038344
7.59137450577416,-0.0121055190487417
7.61601514782079,-0.0119810585115183
7.64065578986742,-0.0117510260269041
7.66529643191405,-0.0114169814340891
7.68993707396068,-0.0109807099830637
7.71457771600731,-0.0104442093704402
7.73921835805394,-0.0098096762894597
7.76385900010057,-0.00907949258002848
7.7884996421472,-0.00825621106516684
7.81314028419383,-0.00734254116022087
7.83778092624046,-0.0063413343405672
7.86242156828709,-0.00525556955235328
7.88706221033372,-0.00408833864906971
7.91170285238035,-0.00284283193446294
7.93634349442698,-0.00152232388948674
7.96098413647361,-0.000130159157685328
7.98562477852024,0.00133026114037338
8.01026542056687,0.00285549269720717
8.0349060626135,0.00444206085127553
8.05954670466013,0.0060864729057611
8.08418734670676,0.00778522988175208
8.10882798875339,0.00953483765987569
8.13346863080002,0.0113318174702389
8.15810927284665,0.0131727156965261
8.18274991489328,0.0150541129662303
8.20739055693991,0.016972632505208
8.23203119898654,0.018924947740999
8.25667184103317,0.0209077891455875
8.2813124830798,0.0229179503144474
8.30595312512643,0.0249522932847727
8.33059376717306,0.0270077531016814
8.35523440921969,0.0290813416468638
8.37987505126632,0.0311701507495662
8.40451569331295,0.0332713546049295
8.42915633535958,0.0353822115294853
8.45379697740621,0.0375000650880219
8.47843761945284,0.039622344630035
8.50307826149947,0.0417465652775333
8.5277189035461,0.0438703274090685
8.55235954559273,0.0459913156874628
8.57700018763936,0.0481072976808093
8.60164082968599,0.0502161221279076
8.62628147173262,0.0523157169003534
8.65092211377925,0.0544040867140324
8.67556275582588,0.0564793106427728
8.70020339787251,0.0585395394863936
8.72484403991914,0.0605829930443604
8.74948468196577,0.0626079573447397
8.7741253240124,0.0646127818761563
8.79876596605903,0.0665958768680126
8.82340660810566,0.0685557106613807
8.84804725015229,0.0704908072097275
8.87268789219892,0.072399743745049
8.89732853424555,0.0742811486410863
8.92196917629218,0.0761336995011323
8.94660981833881,0.0779561214935504
8.97125046038544,0.0797471859535645
8.99589110243207,0.0815057092651961
9.0205317444787,0.083230552032457
9.04517238652533,0.0849206185441237
9.06981302857196,0.0865748565316545
9.09445367061859,0.0881922572151193
9.11909431266522,0.0897718556274547
9.14373495471185,0.0913127312029565
9.16837559675848,0.0928140086117547
9.19301623880511,0.0942748588180941
9.21765688085174,0.095694500336636
9.24229752289837,0.097072200657723
9.266938164945,0.0984072778096432
9.29157880699163,0.0996991020234403
9.31621944903826,0.100947097463742
9.34086009108489,0.102150743987463
9.36550073313152,0.103309578891094
9.39014137517815,0.104423198606602
9.41478201722478,0.105491260305804
9.43942265927141,0.106513483373354
9.46406330131804,0.10748965070929
9.48870394336467,0.108419609823341
9.5133445854113,0.109303273684917
9.53798522745793,0.11014062129489
9.56262586950456,0.11093169794784
9.58726651155119,0.111676615156471
9.61190715359782,0.112375550213198
9.63654779564445,0.113028745367641
9.66118843769108,0.113636506602696
9.68582907973771,0.114199201996083
9.71046972178434,0.114717259658717
9.73511036383097,0.115191165245782
9.7597510058776,0.115621459041141
9.78439164792423,0.116008732620429
9.80903228997086,0.116353625102962
9.83367293201749,0.116656819007317
9.85831357406412,0.1169190357301
9.88295421611075,0.117141030671888
9.90759485815738,0.117323588038712
9.93223550020401,0.117467515351484
9.95687614225064,0.117573637699641
9.98151678429727,0.117642791778776
10.0061574263439,0.117675819755187
10.0307980683905,0.117673563003061
10.0554387104372,0.117636855762389
10.0800793524838,0.11756651876763
10.1047199945304,0.117463352898623
10.1293606365771,0.117328132906237
10.1540012786237,0.117161601265784
10.1786419206703,0.1169644622112
10.2032825627169,0.116737376002565
10.2279232047636,0.116480953478522
10.2525638468102,0.116195750943734
10.2772044888568,0.115882265439545
10.3018451309035,0.115540930443674
10.3264857729501,0.115172112041898
10.3511264149967,0.114776105611487
10.3757670570434,0.114353133052515
10.40040769909,0.113903340599211
10.4250483411366,0.113426797239261
10.4496889831832,0.112923493764383
10.4743296252299,0.112393342470766
10.4989702672765,0.111836177522938
10.5236109093231,0.111251755989558
10.5482515513698,0.110639759554379
10.5728921934164,0.109999796900376
10.597532835463,0.109331406759741
10.6221734775097,0.108634061617216
10.6468141195563,0.107907172049084
10.6714547616029,0.107150091675083
10.6960954036495,0.106362122695683
10.7207360456962,0.10554252198249
10.7453766877428,0.104690507685163
10.7700173297894,0.103805266314085
10.7946579718361,0.102885960254261
10.8192986138827,0.101931735662448
10.8439392559293,0.100941730696426
10.868579897976,0.0999150840226615
10.8932205400226,0.0988509435463192
10.9178611820692,0.0977484753057279
10.9425018241158,0.0966068724720145
10.9671424661625,0.0954253643936398
10.9917831082091,0.0942032256250604
11.0164237502557,0.0929397848786698
11.0410643923024,0.0916344338395472
11.065705034349,0.0902866357833443
11.0903456763956,0.0888959339388767
11.1149863184423,0.0874619595386143
11.1396269604889,0.0859844395022984
11.1642676025355,0.0844632037013004
11.1889082445821,0.0828981917540774
11.2135488866288,0.0812894593061369
11.2381895286754,0.0796371837512657
11.262830170722,0.0779416693543953
11.2874708127687,0.0762033517403052
11.3121114548153,0.0744228017164133
11.3367520968619,0.0726007284021009
11.3613927389086,0.0707379816413615
11.3860333809552,0.0688355536799996
11.4106740230018,0.0668945800931111
11.4353146650484,0.0649163399531165
11.4599553070951,0.0629022552331647
11.4845959491417,0.0608538894452353
11.5092365911883,0.0587729455167301
11.533877233235,0.0566612629137119
11.5585178752816,0.0545208140232129
11.5831585173282,0.0523536998111532
11.6077991593749,0.0501621447763725
11.6324398014215,0.0479484912250593
11.6570804434681,0.0457151928934393
11.6817210855147,0.0434648079499466
11.7063617275614,0.0411999914112318
11.731002369608,0.0389234870092437
11.7556430116546,0.0366381185492531
11.7802836537013,0.0343467808010505
11.8049242957479,0.0320524299676483
11.8295649377945,0.0297580737776421
11.8542055798412,0.0274667612489309
11.8788462218878,0.0251815721727727
11.9034868639344,0.0229056063681492
11.928127505981,0.020641972757142
11.9527681480277,0.0183937783124884
11.9774087900743,0.016164116928689
12.0020494321209,0.0139560582679911
12.0266900741676,0.0117726366322877
12.0513307162142,0.00961683991144555
12.0759713582608,0.00749159865783695
12.1006120003075,0.00539977533589443
12.1252526423541,0.00334415379435579
12.1498932844007,0.00132742900753093
12.1745339264473,-0.00064780286959075
12.199174568494,-0.00257905408924085
12.2238152105406,-0.00446395450044941
12.2484558525872,-0.00630026030091532
12.2730964946339,-0.0080858623138594
12.2977371366805,-0.00981879375472622
12.3223777787271,-0.0114972374548755
12.3470184207738,-0.0131195325117601
12.3716590628204,-0.0146841803375126
12.396299704867,-0.0161898500803521
12.4209403469136,-0.0176353833957558
12.4455809889603,-0.0190197985469131
12.4702216310069,-0.0203422938165846
12.4948622730535,-0.0216022502151076
12.5195029151002,-0.0227992334719224
12.5441435571468,-0.023932995300633
12.5687841991934,-0.0250034739302414
12.5934248412401,-0.026010793897823
12.6180654832867,-0.0269552651005083
12.6427061253333,-0.0278373811072227
12.6673467673799,-0.0286578167331892
12.6919874094266,-0.0294174248827218
12.7166280514732,-0.0301172326683249
12.7412686935198,-0.0307584368165669
12.7659093355665,-0.0313423983735946
12.7905499776131,-0.031870636725526
12.8151906196597,-0.032344822951268
12.8398312617064,-0.0327667725275715
12.864471903753,-0.0331384374083511
12.8891125457996,-0.0334618975024563
12.9137531878462,-0.0337393515761848
12.9383938298929,-0.0339731076088771
12.9630344719395,-0.0341655726319191
12.9876751139861,-0.034319242083407
13.0123157560328,-0.0344366887125936
13.0369563980794,-0.0345205510700308
13.061597040126,-0.0345735216210569
13.0862376821727,-0.0345983345219298
13.1108783242193,-0.0345977530994969
13.1355189662659,-0.0345745570767912
13.1601596083125,-0.0345315295883688
13.1848002503592,-0.0344714440305347
13.2094408924058,-0.0343970507928436
13.2340815344524,-0.0343110639184063
13.2587221764991,-0.0342161477415671
13.2833628185457,-0.0341149035524423
13.3080034605923,-0.0340098563386157
13.3326441026389,-0.0339034416549655
13.3572847446856,-0.0337979926731388
13.3819253867322,-0.0336957274625899
13.4065660287788,-0.0335987365553459
13.4312066708255,-0.0335089708467476
13.4558473128721,-0.0334282298843268
13.4804879549187,-0.0333581505967167
13.5051285969654,-0.0333001965140334
13.529769239012,-0.0332556475305178
13.5544098810586,-0.0332255902593562
13.5790505231053,-0.0332109090285328
13.6036911651519,-0.0332122775652524
13.6283318071985,-0.0332301514149536
13.6529724492451,-0.033264761139155
13.6776130912918,-0.0333161063343715
13.7022537333384,-0.033383950512081
13.726894375385,-0.0334678168772196
13.7515350174317,-0.0335669850399263
13.7761756594783,-0.0336804886922587
13.8008163015249,-0.0338071142783533
13.8254569435716,-0.0339454006830077
13.8500975856182,-0.0340936399599404
13.8747382276648,-0.0342498791170221
13.8993788697114,-0.0344119229716049
13.9240195117581,-0.0345773380846926
13.9486601538047,-0.0347434577781299
13.9733007958513,-0.0349073882342492
13.997941437898,-0.0350660156725144
14.0225820799446,-0.0352160145926833
14.0472227219912,-0.0353538570688734
14.0718633640379,-0.0354758230737033
14.0965040060845,-0.0355780118064163
14.1211446481311,-0.0356563539936038
14.1457852901777,-0.0357066251258624
14.1704259322244,-0.0357244595884826
14.195066574271,-0.0357053656390969
14.2197072163176,-0.0356447411801703
14.2443478583643,-0.0355378902693014
14.2689885004109,-0.0353800403055849
14.2936291424575,-0.0351663598257808
14.3182697845042,-0.03489197683979
14.3429104265508,-0.0345519976309784
14.3675510685974,-0.0341415259432677
14.392191710644,-0.0336556824736362
14.4168323526907,-0.0330896245858067
14.4414729947373,-0.0324385661584355
14.4661136367839,-0.0316977974791209
14.4907542788306,-0.0308627050940188
14.5153949208772,-0.0299287915218238
14.5400355629238,-0.0288916947403612
14.5646762049705,-0.0277472073540538
14.5893168470171,-0.0264912953510892
14.6139574890637,-0.0251201163602309
14.6385981311103,-0.0236300373188809
14.663238773157,-0.0220176514662302
14.6878794152036,-0.0202797945781045
14.7125200572502,-0.0184135603634262
14.7371606992969,-0.0164163149460544
14.7618013413435,-0.0142857103601085
14.7864419833901,-0.0120196969917161
14.8110826254367,-0.00961653490540884
14.8357232674834,-0.00707480399911008
14.86036390953,-0.00439341293775805
14.8850045515766,-0.001571606822068
14.9096451936233,0.0013910264442982
14.9342858356699,0.00449455111885678
14.9589264777165,0.00773867993817542
14.9835671197632,0.0111227718045391
15.0082077618098,0.0146458308489265
15.0328484038564,0.0183065068702309
15.0574890459031,0.0221030971430686
15.0821296879497,0.0260335495789813
15.1067703299963,0.0300954672184004
15.1314109720429,0.034286114023473
15.1560516140896,0.0386024219347827
15.1806922561362,0.0430409991482088
15.2053328981828,0.0475981395616858
15.2299735402295,0.052269833335511
15.2546141822761,0.0570517785041406
15.2792548243227,0.0619393935721577
15.3038954663693,0.0669278310223264
15.328536108416,0.0720119916593963
15.3531767504626,0.0771865397096259
15.3778173925092,0.082445918592868
15.4024580345559,0.0877843672815341
15.4270986766025,0.0931959371588347
15.4517393186491,0.098674509287394
15.4763799606958,0.104213811998661
15.5010206027424,0.109807438713484
15.525661244789,0.115448865904781
15.5503018868357,0.121131471114395
15.5749425288823,0.126848550937996
15.5995831709289,0.132593338894188
15.6242238129755,0.138359023096865
15.6488644550222,0.144138763653204
15.6735050970688,0.149925709713558
15.6981457391154,0.155713016103777
15.7227863811621,0.161493859475157
15.7474270232087,0.167261453912279
15.7720676652553,0.173009065944296
15.7967083073019,0.178730028910844
15.8213489493486,0.184417756639538
15.8459895913952,0.19006575639796
15.8706302334418,0.195667641089107
15.8952708754885,0.201217140665361
15.9199115175351,0.206708112742145
15.9445521595817,0.212134552398476
15.9691928016284,0.217490601157573
15.993833443675,0.222770555146485
16.0184740857216,0.227968872439294
16.0431147277683,0.233080179593827
16.0677553698149,0.238099277396919
16.0923960118615,0.243021145838017
16.1170366539081,0.2478409483354
16.1416772959548,0.252554035243325
16.1663179380014,0.257155946672103
16.190958580048,0.261642414656341
16.2155992220947,0.266009364709444
16.2402398641413,0.270252916804809
16.2648805061879,0.274369385826103
16.2895211482346,0.278355281530459
16.3141617902812,0.282207308069469
16.3388024323278,0.285922363113403
16.3634430743744,0.289497536624207
16.3880837164211,0.292930109322562
16.4127243584677,0.29621755089356
16.4373650005143,0.299357517974448
16.4619758472758,0.302315719800652
16.4866206853466,0.305057866266927
16.5112656393488,0.30758214763684
16.5359105407712,0.309886925097724
16.5605552209517,0.311970728177585
16.5851995110041,0.313832252220287
16.6098432417446,0.315470355885878
16.6344862436172,0.316884058699954
16.6591283466195,0.318072538672694
16.6837693802276,0.319035130004756
16.70840917332,0.319771320893829
16.7330475541018,0.320280751452198
16.7576843500273,0.320563211742226
16.782319387722,0.320618639933324
16.8069524929038,0.320447120580711
16.8315834903028,0.320048883023057
16.8562122035807,0.319424299893139
16.8808384552482,0.318573885732726
16.9054620665816,0.317498295700263
16.9300828575377,0.316198324357452
16.9547006466674,0.314674904518571
16.979315251028,0.312929106144364
17.0039264860927,0.310962135260559
17.0285341656599,0.308775332879591
17.053138101759,0.306370173902814
17.077738104555,0.303748265979561
17.1023339822512,0.300911348298641
17.1269255409885,0.297861290287478
17.1515125847433,0.294600090193853
17.1760949152228,0.291129873525353
17.2006723317564,0.287452891321911
17.2252446311859,0.283571518237416
17.2498116077514,0.279488250407183
17.2743730529749,0.275205703079084
17.2989287555399,0.270726607987376
17.3234785011675,0.26605381044971
17.3480220724897,0.261190266169363
17.3725592489175,0.256139037726549
17.397089806506,0.250903290744525
17.4216135178143,0.24548628971829
17.4461301517618,0.239891393495769
17.4706394734785,0.234122050403668
17.4951412441517,0.228181793012451
17.5196352208664,0.222074232537289
17.5441211564405,0.215803052874244
17.5685987992542,0.209372004273383
17.5930678930731,0.202784896652962
17.6175281768653,0.196045592561287
17.641979384611,0.189157999795239
17.6664212451057,0.182126063686886
17.6908534817554,0.174953759071915
17.7152758123644,0.167645081955893
17.7396879489139,0.160204040896596
17.7640895973332,0.152634648122755
17.7884804572604,0.144940910411583
17.8128602217941,0.137126819749416
17.8372285772352,0.12919634380156
17.8615852028169,0.121153416219178
17.8859297704244,0.113001926812592
17.9102619443024,0.104745711621811
17.9345813807495,0.0963885429163919
17.9588877277999,0.0879341191578784
17.9831806248912,0.0793860549590641
18.0074597025166,0.0707478710751567
18.0317245818624,0.062022984462601
18.0559748744286,0.0532146984418302
18.080210181632,0.0443261930005591
18.104430094391,0.0353605152744239
18.128634192691,0.026320570241759
18.1528220451293,0.0172091116691501
18.1769932084376,0.008028733344055
18.2011472269823,-0.00121813936973983
18.2252836322397,-0.0105292576187342
18.2494019422454,-0.0199025567542078
18.2735016610168,-0.029336163601411
18.2975822779455,-0.0388284032715178
18.3216432671594,-0.0483778054857837
18.3456840868523,-0.0579831103829191
18.3697041785778,-0.0676432737824226
18.3937029665067,-0.0773574718784978
18.4176798566452,-0.0871251053412611
18.4416342360104,-0.0969458028041232
18.4655654717622,-0.10681942371861
18.4894729102871,-0.116746060560383
18.5133558762315,-0.126726040372849
18.5372136714811,-0.136759925637526
18.5610455740827,-0.146848514463192
18.584850837105,-0.156992840088866
18.6086286874332,-0.167194169698718
18.6323783244937,-0.17745400255021
18.6560989189044,-0.187774067419991
18.6797896110441,-0.198156319375404
18.7034495095367,-0.208602935882762
18.7270776896429,-0.219116312267
18.7506731915543,-0.229699056540642
18.7742350185807,-0.240353983623458
18.7977621352251,-0.251084108977543
18.8212534651362,-0.2618926416859
18.8447078889306,-0.272782977005894
18.8681242418739,-0.283758688432157
18.8915013114109,-0.294823519306642
18.9148378345322,-0.305981374016556
18.9381324949655,-0.317236308823776
18.9613839201779,-0.328592522372072
18.9845906781733,-0.340054345921062
19.0077512740694,-0.351626233358168
19.0308641464365,-0.36331275104203
19.0539276633783,-0.375118567532766
19.0769401183342,-0.387048443266149
19.0998997255792,-0.399107220230201
19.1228046153973,-0.411299811703797
19.1456528288996,-0.423631192117708
19.1684423124576,-0.436106387098947
19.1911709117192,-0.448730463759372
19.2138363651702,-0.461508521289226
19.2364362972022,-0.47444568191551
19.2589682106443,-0.487547082283943
19.2814294787092,-0.500817865321525
19.3038173363039,-0.514263172634484
19.3261288706459,-0.527888137493542
19.3483610111238,-0.541697878454928
19.3705105183316,-0.555697493661282
19.3925739722041,-0.569892055861559
19.414547759168,-0.584286608183003
19.4364280582202,-0.598886160681203
19.4582108258336,-0.613695687685969
19.4798917795813,-0.628720125951126
19.501466380363,-0.643964373605021
19.5229298131016,-0.659433289885477
19.5442769657727,-0.675131695627587
19.5655024066119,-0.691064374454952
19.5866003593373,-0.707236074604182
19.6075646762071,-0.723651511288178
19.6283888087243,-0.740315369475405
19.6490657757831,-0.757232306929168
19.6695881290441,-0.77440695731216
19.6899479153129,-0.791843933116216
19.7101366356906,-0.809547828124206
19.7301452012615,-0.827523219049181
19.7499638850854,-0.845774665923817
19.7695822702734,-0.864306710729529
19.7889891939481,-0.883123873657779
19.8081726869252,-0.902230646284629
19.8271199090121,-0.921631480812194
19.8458170799021,-0.941330774386253
19.8642494057589,-0.961332847337681
19.8824010017468,-0.981641914017093
19.9002548109791,-1.00226204469962
19.9177925206358,-1.02319711683474
19.9349944763693,-1.04445075371268
19.9518395965818,-1.06602624842719
19.9683052887358,-1.08792647085346
19.9843673705769,-1.11015375525765
20,-1.1327097661482
