-20,-1.02758257588347
-19.9844532189747,-1.0076574613087
-19.9684955446847,-0.988092268936418
-19.9521498485625,-0.968884325880361
-19.9354376262861,-0.950030516378343
-19.918379055474,-0.931527381977841
-19.9009930586378,-0.913371205762512
-19.8832973690602,-0.895558082316877
-19.8653085977836,-0.878083975074647
-19.8470423003283,-0.860944762602455
-19.8285130421112,-0.84413627525307
-19.8097344618249,-0.827654323493198
-19.790719332262,-0.811494719079802
-19.771479618252,-0.795653290131331
-19.7520265315158,-0.780125891020148
-19.7323705823491,-0.764908407901763
-19.7125216281269,-0.74999676059625
-19.6924889186787,-0.735386901447589
-19.6722811386268,-0.721074811707223
-19.6519064468086,-0.707056495918367
-19.6313725129229,-0.693327974716509
-19.6106865515504,-0.679885276408436
-19.5898553537046,-0.666724427645921
-19.5688853160702,-0.65384144347019
-19.5477824680827,-0.641232316968516
-19.5265524969999,-0.628893008754156
-19.5052007711082,-0.616819436454561
-19.4837323612018,-0.605007464369873
-19.4621520604622,-0.593452893443596
-19.4404644028609,-0.582151451669604
-19.4186736801975,-0.57109878504384
-19.3967839578787,-0.560290449155054
-19.3747990895371,-0.549721901496136
-19.3527227305797,-0.539388494566181
-19.3305583507495,-0.529285469822775
-19.3083092457783,-0.519407952534327
-19.2859785482022,-0.509750947573202
-19.2635692374038,-0.500309336181951
-19.2410841489433,-0.491077873737008
-19.218525983233,-0.48205118852667
-19.1958973136054,-0.473223781553115
-19.1732005938238,-0.464590027361358
-19.1504381650761,-0.456144175891686
-19.1276122624926,-0.447880355345891
-19.1047250212238,-0.439792576051833
-19.0817784821109,-0.431874735305261
-19.0587745969811,-0.424120623162559
-19.0357152335932,-0.41652392915312
-19.0126021802623,-0.409078249875301
-18.989437150185,-0.401777097435588
-18.9662217854883,-0.394613908686431
-18.9429576610213,-0.3875820552145
-18.9196462879097,-0.380674854027616
-18.8962891168879,-0.373885578885498
-18.8728875414266,-0.367207472216675
-18.8494429006688,-0.360633757561466
-18.8259564821886,-0.354157652478844
-18.8024295245843,-0.347772381853229
-18.7788632199178,-0.3414711915359
-18.7552587160101,-0.335247362254643
-18.7316171186035,-0.329094223724632
-18.7079394933989,-0.323005168893146
-18.6842268679761,-0.316973668250835
-18.660480233606,-0.310993284142558
-18.6367005469608,-0.305057685011569
-18.6128887317291,-0.299160659511862
-18.5890456801419,-0.293296130424852
-18.5651722544158,-0.287458168318236
-18.5412692881175,-0.281641004886861
-18.5173375874563,-0.275839045917653
-18.4933779325068,-0.270046883823196
-18.4693910783681,-0.264259309691267
-18.4453777562625,-0.258471324800667
-18.4213386745778,-0.252678151556819
-18.3972745198554,-0.246875243804017
-18.3731859577297,-0.241058296474715
-18.3490736338193,-0.235223254539945
-18.3249381745746,-0.22936632122871
-18.3007801880831,-0.223483965488112
-18.2766002648362,-0.217572928659892
-18.2523989784583,-0.211630230353083
-18.2281768864012,-0.205653173496459
-18.2039345306058,-0.199639348558488
-18.1796724381323,-0.193586636926471
-18.1553911217619,-0.187493213440455
-18.1310910805697,-0.181357548081392
-18.1067728004724,-0.175178406816731
-18.0824367547508,-0.168954851610288
-18.058083404549,-0.162686239606729
-18.0337131993515,-0.156372221504343
-18.0093265774396,-0.150012739132946
-17.9849239663275,-0.143608022256751
-17.96050578318,-0.137158584624802
-17.9360724352127,-0.130665219294164
-17.9116243200745,-0.124128993253375
-17.8871618262153,-0.117551241375814
-17.8626853332373,-0.110933559734496
-17.838195212233,-0.104277798311464
-17.8136918261093,-0.0975860531363429
-17.789175529898,-0.0908606578897719
-17.7646466710553,-0.0841041750083879
-17.7401055897484,-0.0773193863286883
-17.7155526191319,-0.0705092833075956
-17.6909880856133,-0.0636770568577861
-17.6664123091085,-0.0568260868358906
-17.641825603288,-0.0499599312215254
-17.6172282758142,-0.0430823150247738
-17.5926206285696,-0.0361971189592493
-17.5680029578774,-0.0293083679172068
-17.5433755547139,-0.022420219282392
-17.5187387049143,-0.0155369511154122
-17.4940926893702,-0.00866295024540416
-17.4694377842219,-0.00180270030069516
-17.4447742610435,0.00503923029000441
-17.4201023870217,0.0118582002955316
-17.3954224251301,0.0186495076502062
-17.3707346342966,0.0254084013638945
-17.3460392695668,0.0321300933475579
-17.3213365822615,0.0388097701288677
-17.2966268201306,0.0454426044336492
-17.2719102275015,0.05202376661007
-17.2471870454239,0.0585484358735736
-17.2224575118108,0.0650118113515971
-17.1977218615746,0.0714091229080659
-17.1729803267612,0.0777356417285524
-17.1482331366793,0.0839866906477912
-17.1234805180273,0.0901576542019806
-17.0987226950165,0.0962439883889507
-17.0739598894922,0.102241230119867
-17.0491923210516,0.108145006346632
-17.0244202071588,0.113951042849615
-16.999643763258,0.119655172670718
-16.9748632028842,0.125253344177113
-16.9500787377716,0.130741628741341
-16.9252905779603,0.136116228023678
-16.9004989319005,0.141373480843008
-16.8757040065559,0.146509869622677
-16.850906007505,0.151522026398089
-16.8261051390402,0.156406738373162
-16.8013016042669,0.161160953013072
-16.7764956052004,0.165781782661181
-16.7516873428616,0.170266508668502
-16.7268770173724,0.174612585024652
-16.7020648280492,0.178817641479915
-16.6772509734965,0.182879486148806
-16.6524356516987,0.186796107586425
-16.6276190601126,0.190565676329927
-16.6028013957582,0.19418654589854
-16.5779828553098,0.197657253246889
-16.5531636351863,0.200976518667759
-16.5283543079631,0.204178141333416
-16.5035449807398,0.20729610842257
-16.4787356535166,0.210329699620531
-16.4539263262933,0.213278379654761
-16.4291169990701,0.216141795458126
-16.4043076718468,0.21891977279915
-16.3794983446236,0.221612312388753
-16.3546890174003,0.224219585475204
-16.3298796901771,0.226741928941361
-16.3050703629538,0.229179839920631
-16.2802610357306,0.231533969950447
-16.2554517085074,0.233805118684409
-16.2306423812841,0.235994227186579
-16.2058330540609,0.238102370833645
-16.1810237268376,0.240130751852914
-16.1562143996144,0.242080691526101
-16.1314050723911,0.243953622090891
-16.1065957451679,0.245751078374019
-16.0817864179446,0.247474689191249
-16.0569770907214,0.249126168551063
-16.0321677634982,0.250707306700111
-16.0073584362749,0.252219961049427
-15.9825491090517,0.253666047021197
-15.9577397818284,0.255047528856339
-15.9329304546052,0.256366410423362
-15.9081211273819,0.257624726068915
-15.8833118001587,0.258824531550106
-15.8585024729354,0.259967895088015
-15.8336931457122,0.261056888580924
-15.8088838184889,0.262093579014584
-15.7840744912657,0.263080020105363
-15.7592651640424,0.264018244210383
-15.7344558368192,0.264910254536755
-15.709646509596,0.265758017679792
-15.6848371823727,0.266563456517636
-15.6600278551495,0.267328443487078
-15.6352185279262,0.268054794262538
-15.610409200703,0.268744261857186
-15.5855998734797,0.269398531162114
-15.5607905462565,0.270019213936255
-15.5359812190332,0.270607844256529
-15.51117189181,0.271165874434392
-15.4863625645868,0.271694671401701
-15.4615532373635,0.272195513565566
-15.4367439101403,0.272669588128678
-15.411934582917,0.273117988868529
-15.3871252556938,0.273541714365989
-15.3623159284705,0.273941666670914
-15.3375066012473,0.274318650389866
-15.312697274024,0.27467337217862
-15.2878879468008,0.275006440619999
-15.2630786195775,0.275318366465677
-15.2382692923543,0.275609563218987
-15.2134599651311,0.27588034803444
-15.1886506379078,0.276130942908663
-15.1638413106846,0.27636147613677
-15.1390319834613,0.276571984007795
-15.1142226562381,0.276762412712795
-15.0894133290148,0.276932620439475
-15.0646040017916,0.277082379627816
-15.0397946745683,0.277211379362063
-15.0149853473451,0.277319227875636
-14.9901760201218,0.277405455147023
-14.9653666928986,0.277469515566418
-14.9405573656754,0.277510790654875
-14.9157480384521,0.27752859181992
-14.8909387112289,0.277522163133933
-14.8661293840056,0.277490684124147
-14.8413200567824,0.277433272565727
-14.8165107295591,0.277348987272155
-14.7917014023359,0.27723683087988
-14.7668920751126,0.277095752627011
-14.7420827478894,0.276924651128569
-14.7172734206661,0.276722377153537
-14.6924640934429,0.276487736411489
-14.6676547662197,0.276219492359118
-14.6428454389964,0.275916369039177
-14.6180361117732,0.275577053966501
-14.5932267845499,0.275200201077575
-14.5684174573267,0.274784433761692
-14.5436081301034,0.274328347993034
-14.5187988028802,0.273830515583959
-14.4939894756569,0.273289487580393
-14.4691801484337,0.272703797820505
-14.4443708212104,0.272071966677729
-14.4195614939872,0.271392505008721
-14.394752166764,0.270663918325987
-14.3699428395407,0.269884711213657
-14.3451335123175,0.269053392003303
-14.3203241850942,0.268168477724657
-14.295514857871,0.267228499343804
-14.2707055306477,0.266232007298704
-14.2458962034245,0.265177577338928
-14.2210868762012,0.264063816673197
-14.196277548978,0.262889370424784
-14.1714682217547,0.261652928391038
-14.1466588945315,0.260353232099345
-14.1218495673083,0.258989082147724
-14.097040240085,0.257559345813996
-14.0722309128618,0.256062964913179
-14.0474215856385,0.254498963878441
-14.0226122584153,0.252866458036603
-13.997802931192,0.25116466204498
-13.9729936039688,0.249392898452192
-13.9481842767455,0.247550606341625
-13.9233749495223,0.245637350012454
-13.898565622299,0.243652827649643
-13.8737562950758,0.241596879931098
-13.8489469678526,0.239469498517293
-13.8241376406293,0.23727083436617
-13.7993283134061,0.235001205813992
-13.7745189861828,0.232661106361216
-13.7497096589596,0.230251212101188
-13.7249003317363,0.227772388728825
-13.7000910045131,0.2252256980662
-13.6752816772898,0.222612404042313
-13.6504723500666,0.219933978065166
-13.6256630228433,0.217192103725692
-13.6008536956201,0.214388680775004
-13.5760443683969,0.211525828318941
-13.5512350411736,0.208605887176865
-13.5264257139504,0.205631421355202
-13.5016163867271,0.202605218590211
-13.4768070595039,0.199530289918959
-13.4519977322806,0.196409868242365
-13.4271884050574,0.19324740584953
-13.4023790778341,0.190046570878224
-13.3775697506109,0.18681124269243
-13.3527604233877,0.183545506164149
-13.3279510961644,0.180253644853191
-13.3031417689412,0.176940133085409
-13.2783324417179,0.173609626936699
-13.2535231144947,0.170266954137023
-13.2287137872714,0.166917102915713
-13.2039044600482,0.163565209816239
-13.1790951328249,0.160216546515537
-13.1542858056017,0.156876505689726
-13.1294764783784,0.153550585974621
-13.1046671511552,0.150244376075771
-13.079857823932,0.146963538088833
-13.0550484967087,0.143713790096783
-13.0302391694855,0.140500888115845
-13.0054298422622,0.13733060746694
-12.980620515039,0.134208723653936
-12.9558111878157,0.131140992833987
-12.9310018605925,0.128133131968714
-12.9061925333692,0.125190798747932
-12.881383206146,0.122319571379967
-12.8565738789227,0.11952492834442
-12.8317645516995,0.116812228204416
-12.8069552244763,0.114186689575956
-12.782145897253,0.111653371351978
-12.7573365700298,0.109217153278115
-12.7325272428065,0.106882716975908
-12.7077179155833,0.104654527507412
-12.68290858836,0.102536815572782
-12.6580992611368,0.100533560429454
-12.6332899339135,0.0986484736180728
-12.6084806066903,0.096884983576368
-12.583671279467,0.0952462212177013
-12.5588619522438,0.0937350065461273
-12.5340526250206,0.0923538363745145
-12.5092432977973,0.0911048732066027
-12.4844339705741,0.0899899353378766
-12.4596246433508,0.0890104882238567
-12.4348153161276,0.0881676371578814
-12.4100059889043,0.0874621212937293
-12.3851966616811,0.0868943090415534
-12.3603873344578,0.0864641948586077
-12.3355780072346,0.0861713974491953
-12.3107686800113,0.0860151593811893
-12.2859593527881,0.0859943481194279
-12.2611500255649,0.0861074584692993
-12.2363406983416,0.0863526164169484
-12.2115313711184,0.0867275843458046
-12.1867220438951,0.0872297676025786
-12.1619127166719,0.0878562223795402
-12.1371033894486,0.0886036648738103
-12.1122940622254,0.0894684816786
-12.0874847350021,0.0904467413558379
-12.0626754077789,0.0915342071344791
-12.0378660805556,0.0927263506739896
-12.0130567533324,0.0940183668280852
-11.9882474261092,0.0954051893397843
-11.9634380988859,0.0968815073952199
-11.9386287716627,0.0984417829604673
-11.9138194444394,0.10008026882288
-11.8890101172162,0.101791027256102
-11.8642007899929,0.10356794922604
-11.8393914627697,0.105404774053612
-11.8145821355464,0.107295109449112
-11.7897728083232,0.109232451832405
-11.7649634810999,0.111210206853058
-11.7401541538767,0.113221710024744
-11.7153448266535,0.115260247388959
-11.6905354994302,0.117319076124124
-11.665726172207,0.119391445017646
-11.6409168449837,0.121470614720282
-11.6161075177605,0.123549877704347
-11.5912981905372,0.125622577849811
-11.566488863314,0.127682129585131
-11.5416795360907,0.129722036512793
-11.5168702088675,0.131735909452913
-11.4920608816442,0.133717483841906
-11.467251554421,0.135660636427077
-11.4424422271978,0.137559401202108
-11.4176328999745,0.139407984532651
-11.3928235727513,0.141200779425713
-11.368014245528,0.142932378901065
-11.3432049183048,0.144597588427632
-11.3183955910815,0.146191437392624
-11.2935862638583,0.147709189576019
-11.268776936635,0.14914635260797
-11.2439676094118,0.150498686391637
-11.2191582821885,0.151762210478923
-11.1943489549653,0.152933210391558
-11.1695396277421,0.154008242884849
-11.1447303005188,0.154984140156326
-11.1199209732956,0.15585801300624
-11.0951116460723,0.156627252961592
-11.0703023188491,0.157289533379882
-11.0454929916258,0.157842809553241
-11.0206836644026,0.158285317837808
-10.9958743371793,0.15861557383735
-10.9710650099561,0.158832369673959
-10.9462556827328,0.158934770382359
-10.9214463555096,0.158922109467779
-10.8966370282864,0.158793983670558
-10.8718277010631,0.158550246983543
-10.8470183738399,0.15819100397104
-10.8222090466166,0.157716602440406
-10.7973997193934,0.157127625519457
-10.7725903921701,0.156424883194611
-10.7477810649469,0.155609403366132
-10.7229717377236,0.154682422477927
-10.6981624105004,0.15364537578015
-10.6733530832771,0.152499887283286
-10.6485437560539,0.151247759462477
-10.6237344288307,0.149890962770636
-10.5989251016074,0.148431625018269
-10.5741157743842,0.146872020677049
-10.5493064471609,0.145214560162882
-10.5244971199377,0.143461779152664
-10.4996877927144,0.14161632798701
-10.4748784654912,0.139680961209047
-10.4500691382679,0.137658527286863
-10.4252598110447,0.135551958564427
-10.4004504838214,0.133364261482809
-10.3756411565982,0.131098507110197
-10.350831829375,0.128757822015793
-10.3260225021517,0.12634537951895
-10.3012131749285,0.123864391341078
-10.2764038477052,0.121318099683867
-10.251594520482,0.11870976975326
-10.2267851932587,0.116042682744436
-10.2019758660355,0.113320129298804
-10.1771665388122,0.110545403439763
-10.152357211589,0.107721796989711
-10.1275478843658,0.104852594466589
-10.1027385571425,0.101941068454084
-10.0779292299193,0.0989904754355989
-10.053119902696,0.096004052078203
-10.0283105754728,0.0929850119490277
-10.0035012482495,0.0899365426430804
-9.97869192102628,0.0868618032981307
-9.95388259380303,0.0837639224692986
-9.92907326657979,0.0806459963332204
-9.90426393935654,0.0775110871892235
-9.8794546121333,0.0743622222228335
-9.85464528491005,0.0712023924951732
-9.82983595768681,0.0680345521204186
-9.80502663046356,0.0648616175924683
-9.78021730324032,0.0616864672213599
-9.75540797601707,0.058511940639748
-9.73059864879382,0.0553408383399456
-9.70578932157058,0.052175921202617
-9.68097999434734,0.0490199099792101
-9.65617066712409,0.0458754846916001
-9.63136133990084,0.0427452839141991
-9.6065520126776,0.0396319039059357
-9.58174268545435,0.036537897562018
-9.55693335823111,0.0334657731582405
-9.53212403100786,0.0304179928637542
-9.50731470378462,0.0273969710016684
-9.48250537656137,0.0244050720405588
-9.45769604933813,0.0214446083038866
-9.43288672211488,0.0185178373884588
-9.40807739489164,0.0156269592873412
-9.38326806766839,0.0127741132170256
-9.35845874044514,0.00996137415313397
-9.3336494132219,0.00719074908344257
-9.30884008599865,0.00446417299151898
-9.28403075877541,0.00178350458871457
-9.25922143155216,-0.000849478183380707
-9.23441210432892,-0.0034330828536834
-9.20960277710567,-0.00596570729516844
-9.18479344988243,-0.00844584473699543
-9.15998412265918,-0.0108720888773878
-9.13517479543594,-0.0132431390561491
-9.11036546821269,-0.0155578054427293
-9.08555614098944,-0.0178150141931407
-9.0607468137662,-0.0200138125268016
-9.03593748654295,-0.0221533736725697
-9.01112815931971,-0.0242330016318575
-8.98631883209646,-0.0262521357058007
-8.96150950487322,-0.0282103547330068
-8.93670017764997,-0.0301073809844444
-8.91189085042673,-0.0319430836625622
-8.88708152320348,-0.0337174819527469
-8.86227219598024,-0.0354307475767379
-8.83746286875699,-0.0370832067996191
-8.81265354153375,-0.0386753418444763
-8.7878442143105,-0.0402077916717511
-8.76303488708725,-0.0416813520836955
-8.73822555986401,-0.0430969751181349
-8.71341623264077,-0.0444557676999433
-8.68860690541752,-0.0457589895231911
-8.66379757819428,-0.0470080501418186
-8.63898825097103,-0.0482045052518758
-8.61417892374778,-0.0493500521538067
-8.58936959652454,-0.0504465243889155
-8.56456026930129,-0.0514958855499749
-8.53975094207805,-0.0525002222718846
-8.5149416148548,-0.0534617364143175
-8.49013228763156,-0.0543827364543428
-8.46532296040831,-0.0552656281130526
-8.44051363318506,-0.0561129042461843
-8.41570430596182,-0.0569271340345846
-8.39089497873858,-0.0577109515160426
-8.36608565151533,-0.0584670435054999
-8.34127632429209,-0.0591981369558628
-8.31646699706884,-0.0599069858165618
-8.29165766984559,-0.0605963574515876
-8.26684834262235,-0.0612690186829351
-8.2420390153991,-0.0619277215291757
-8.21722968817586,-0.0625751887122277
-8.19242036095261,-0.0632140990082642
-8.16761103372937,-0.0638470725210749
-8.14280170650612,-0.0644766559580534
-8.11799237928288,-0.0651053079903056
-8.09318305205963,-0.0657353847791472
-8.06837372483639,-0.0663691257514812
-8.04356439761314,-0.0670086397062066
-8.0187550703899,-0.0676558913329163
-7.99394574316665,-0.0683126882226919
-7.9691364159434,-0.0689806684488205
-7.94432708872016,-0.0696612887927351
-7.91951776149691,-0.0703558136874592
-7.89470843427367,-0.0710653049473159
-7.86989910705042,-0.0717906123486915
-7.84508977982718,-0.0725323651222252
-7.82028045260393,-0.073290964411992
-7.79547112538069,-0.0740665767520624
-7.77066179815744,-0.0748591286053203
-7.74585247093419,-0.0756683020036254
-7.72104314371095,-0.0764935313223625
-7.69623381648771,-0.0773340012161791
-7.67142448926446,-0.0781886457363078
-7.64661516204121,-0.0790561486433503
-7.62180583481797,-0.0799349449228171
-7.59699650759472,-0.0808232235041038
-7.57218718037148,-0.0817189311770006
-7.54737785314823,-0.0826197776933063
-7.52256852592499,-0.08352324203471
-7.49775919870174,-0.0844265798218355
-7.4729498714785,-0.0853268318332792
-7.44814054425525,-0.086220833597621
-7.423331217032,-0.0871052260158141
-7.39852188980876,-0.0879764669660717
-7.37371256258552,-0.0888308438384131
-7.34890323536227,-0.0896644869414262
-7.32409390813902,-0.0904733837195744
-7.29928458091578,-0.0912533937155489
-7.27447525369253,-0.0920002642087465
-7.24966592646929,-0.0927096464579692
-7.22485659924604,-0.0933771124738898
-7.2000472720228,-0.093998172244724
-7.17523794479955,-0.0945682913368937
-7.15042861757631,-0.0950829087912595
-7.12561929035306,-0.0955374552347395
-7.10080996312982,-0.0959273711268096
-7.07600063590657,-0.0962481250604908
-7.05119130868332,-0.0964952320379576
-7.02638198146008,-0.096664271641834
-7.00157265423683,-0.096750906024569
-6.97676332701359,-0.09675089763997
-6.95195399979034,-0.0966601266430192
-6.9271446725671,-0.0964746078864647
-6.90233534534385,-0.0961905074453502
-6.87752601812061,-0.0958041586036035
-6.85271669089736,-0.0953120772400095
-6.82790736367412,-0.0947109765543334
-6.80309803645087,-0.0939977810780001
-6.77828870922763,-0.0931696399175547
-6.75347938200438,-0.0922239391831003
-6.72867005478113,-0.0911583135580068
-6.70386072755789,-0.0899706569703838
-6.67905140033464,-0.0886591323310854
-6.6542420731114,-0.0872221803073508
-6.62943274588816,-0.0856585271055442
-6.60462341866491,-0.0839671912408348
-6.57981409144166,-0.0821474892760278
-6.55500476421842,-0.0801990405160949
-6.53019543699517,-0.0781217706492514
-6.50538610977193,-0.0759159143296701
-6.48057678254868,-0.0735820167010792
-6.45576745532544,-0.071120933864579
-6.43095812810219,-0.0685338322979845
-6.40614880087895,-0.0658221872378813
-6.3813394736557,-0.0629877800393276
-6.35653014643245,-0.0600326945317704
-6.33172081920921,-0.0569593123932349
-6.30691149198596,-0.0537703075682023
-6.28210216476272,-0.0504686397578005
-6.25729283753947,-0.0470575470139932
-6.23248351031623,-0.0435405374723583
-6.20767418309298,-0.0399213802607923
-6.18286485586974,-0.0362040956240645
-6.15805552864649,-0.0323929443065634
-6.13324620142325,-0.0284924162378299
-6.1084368742,-0.024507218567551
-6.08362754697676,-0.0204422630985921
-6.05881821975351,-0.0163026531683725
-6.03400889253027,-0.0120936700304327
-6.00919956530702,-0.00782075878940134
-5.98439023808377,-0.00348951394373842
-5.95958091086053,0.00089433540839199
-5.93477158363728,0.00532494064398608
-5.90996225641404,0.00979634891409212
-5.88515292919079,0.0143025186096467
-5.86034360196755,0.0188373349370107
-5.8355342747443,0.0233946255460108
-5.81072494752106,0.0279681761535611
-5.78591562029781,0.032551746106429
-5.76110629307457,0.0371390838274211
-5.73629696585132,0.0417239420902081
-5.71148763862807,0.0463000930691671
-5.68667831140483,0.0508613431120226
-5.66186898418158,0.0554015471846846
-5.63705965695834,0.0599146229395339
-5.61225032973509,0.0643945643604781
-5.58744100251185,0.0688354549403925
-5.5626316752886,0.0732314803490695
-5.53782234806536,0.0775769405525115
-5.51301302084211,0.0818662613473136
-5.48820369361887,0.0860940052769835
-5.46339436639562,0.0902548819003159
-5.43858503917238,0.094343757385375
-5.41377571194913,0.0983556634062192
-5.38896638472589,0.102285805323204
-5.36415705750264,0.106129569631515
-5.33934773027939,0.109882530666492
-5.31453840305615,0.113540456558245
-5.2897290758329,0.117099314432102
-5.26491974860966,0.120555274855422
-5.24011042138641,0.123904715535326
-5.21530109416317,0.127144224275874
-5.19049176693992,0.130270601207109
-5.16568243971668,0.13328086030222
-5.14087311249343,0.136172230202746
-5.11606378527019,0.1389421543753
-5.09125445804694,0.141588290626651
-5.0664451308237,0.144108510007159
-5.04163580360045,0.146500895135483
-5.0168264763772,0.148763737980177
-4.99201714915396,0.150895537136172
-4.96720782193071,0.152894994636231
-4.94239849470747,0.154761012339278
-4.91758916748422,0.156492687938919
-4.89277984026098,0.158089310636588
-4.86797051303773,0.159550356524485
-4.84316118581449,0.160875483723852
-4.81835185859124,0.162064527324113
-4.793542531368,0.163117494168064
-4.76873320414475,0.164034557527494
-4.7439238769215,0.164816051712557
-4.71911454969826,0.165462466656698
-4.69430522247501,0.165974442517125
-4.66949589525177,0.166352764328646
-4.64468656802852,0.166598356746242
-4.61987724080528,0.166712278908942
-4.59506791358203,0.166695719454571
-4.57025858635879,0.166549991711625
-4.54544925913554,0.166276529091092
-4.5206399319123,0.165876880697324
-4.49583060468905,0.165352707173295
-4.47102127746581,0.164705776791659
-4.44621195024256,0.163937961799039
-4.42140262301932,0.163051235016967
-4.39659329579607,0.162047666698913
-4.37178396857283,0.160929421638858
-4.34697464134958,0.159698756523033
-4.32216531412633,0.158358017512708
-4.29735598690309,0.156909638042331
-4.27254665967984,0.155356136813962
-4.2477373324566,0.153700115965825
-4.22292800523335,0.151944259389926
-4.19811867801011,0.150091331171148
-4.17330935078686,0.148144174117966
-4.14850002356362,0.146105708353102
-4.12369069634037,0.143978929930869
-4.09888136911713,0.141766909446893
-4.07407204189388,0.139472790605154
-4.04926271467064,0.137099788706991
-4.02445338744739,0.134651189026856
-3.99964406022414,0.132130345040111
-3.9748347330009,0.129540676469135
-3.95002540577765,0.126885667115362
-3.92521607855441,0.12416886244663
-3.90040675133116,0.121393866911376
-3.87559742410792,0.118564340953684
-3.85078809688467,0.115683997706084
-3.82597876966143,0.112756599340103
-3.80116944243818,0.109785953058043
-3.77636011521494,0.106775906713128
-3.75155078799169,0.103730344049064
-3.72674146076845,0.100653179554139
-3.7019321335452,0.0975483529291742
-3.67712280632195,0.0944198231729741
-3.65231347909871,0.091271562293252
-3.62750415187546,0.0881075486553759
-3.60269482465222,0.0849317599856138
-3.57788549742897,0.0817481660497993
-3.55307617020573,0.0785607210324715
-3.52826684298248,0.0753733556455055
-3.50345751575924,0.0721899689990206
-3.47864818853599,0.0690144202708707
-3.45383886131275,0.0658505202142777
-3.4290295340895,0.0627020225461026
-3.40422020686626,0.0595726152608567
-3.37941087964301,0.0564659119177857
-3.35460155241976,0.0533854429502094
-3.32979222519652,0.0503346470477365
-3.30498289797327,0.0473168626629862
-3.28017357075003,0.0443353196950258
-3.25536424352678,0.0413931314018648
-3.23055491630354,0.0384932865940328
-3.20574558908029,0.0356386421605051
-3.18093626185705,0.0328319159770354
-3.1561269346338,0.0300756802453233
-3.13131760741056,0.0273723553093817
-3.10650828018731,0.0247242039930169
-3.08169895296407,0.0221333264994891
-3.05688962574082,0.0196016559112226
-3.03208029851758,0.017130954323906
-3.00727097129433,0.0147228096454886
-2.98246164407108,0.0123786330864806
-2.95765231684784,0.0100996573636285
-2.93284298962459,0.00788693563450674
-2.90803366240135,0.00574134117587565
-2.8832243351781,0.00366356781384348
-2.85841500795486,0.00165413110898226
-2.83360568073161,-0.000286629705384563
-2.80879635350837,-0.00215854903843104
-2.78398702628512,-0.00396163152221215
-2.75917769906188,-0.00569604787358444
-2.73436837183863,-0.00736213005875439
-2.70955904461538,-0.00896036578607854
-2.68474971739214,-0.0104913923570786
-2.65994039016889,-0.0119559899097544
-2.63513106294565,-0.0133550740921378
-2.6103217357224,-0.0146896882076144
-2.58551240849916,-0.0159609948768073
-2.56070308127591,-0.0171702672637627
-2.53589375405267,-0.018318879916764
-2.51108442682942,-0.019408299276328
-2.48627509960618,-0.020440073904779
-2.46146577238293,-0.0214158244932535
-2.43665644515969,-0.0223372337030447
-2.41184711793644,-0.0232060358988596
-2.3870377907132,-0.0240240068318179
-2.36222846348995,-0.0247929533298918
-2.3374191362667,-0.0255147030529589
-2.31260980904346,-0.0261910943687376
-2.28780048182021,-0.0268239664046022
-2.26299115459697,-0.0274151493286498
-2.23818182737372,-0.0279664549114294
-2.21337250015048,-0.0284796674174665
-2.18856317292723,-0.0289565348731395
-2.16375384570399,-0.0293987607546201
-2.13894451848074,-0.029807996136494
-2.1141351912575,-0.0301858323383609
-2.08932586403425,-0.0305337941031975
-2.06451653681101,-0.0308533333375892
-2.03970720958776,-0.031145823440113
-2.01489788236451,-0.0314125542402185
-1.99008855514127,-0.0316547275659418
-1.96527922791802,-0.0318734534547101
-1.94046990069478,-0.0320697470173991
-1.91566057347153,-0.0322445259617032
-1.89085124624829,-0.0323986087768054
-1.86604191902504,-0.0325327135773145
-1.8412325918018,-0.0326474576004888
-1.81642326457855,-0.0327433573469232
-1.79161393735531,-0.032820829351152
-1.76680461013206,-0.032880191565038
-1.74199528290882,-0.0329216653334
-1.71718595568557,-0.0329453779380905
-1.69237662846232,-0.0329513656836881
-1.66756730123908,-0.0329395774951358
-1.64275797401583,-0.0329098789950391
-1.61794864679259,-0.0328620570259611
-1.59313931956934,-0.0327958245809079
-1.5683299923461,-0.0327108261033157
-1.54352066512285,-0.0326066431162148
-1.51871133789961,-0.0324828001388774
-1.49390201067636,-0.0323387708481502
-1.46909268345312,-0.0321739844408319
-1.44428335622987,-0.0319878321528835
-1.41947402900663,-0.0317796738909505
-1.39466470178338,-0.0315488449316296
-1.36985537456013,-0.0312946626441303
-1.34504604733689,-0.0310164331924466
-1.32023672011364,-0.0307134581738759
-1.2954273928904,-0.030385041151681
-1.27061806566715,-0.0300304940408864
-1.24580873844391,-0.0296491433076216
-1.22099941122066,-0.029240335944059
-1.19619008399742,-0.0288034451828407
-1.17138075677417,-0.0283378759169218
-1.14657142955093,-0.0278430697929808
-1.12176210232768,-0.0273185099489368
-1.09695277510444,-0.0267637253686595
-1.07214344788119,-0.0261782948296508
-1.04733412065795,-0.0255618504222899
-1.0225247934347,-0.024914080622171
-0.997715466211454,-0.024234732900088
-0.972906138988209,-0.023523615857332
-0.948096811764964,-0.0227806008771465
-0.923287484541718,-0.0220056232864048
-0.898478157318473,-0.0211986830248338
-0.873668830095227,-0.0203598448223741
-0.848859502871982,-0.0194892378885334
-0.824050175648737,-0.0185870551208301
-0.799240848425491,-0.0176535518426279
-0.774431521202246,-0.0166890440838035
-0.749622193979001,-0.0156939064207576
-0.724812866755755,-0.0146685693952503
-0.70000353953251,-0.0136135165344017
-0.675194212309264,-0.0125292809969282
-0.650384885086019,-0.0114164418732652
-0.625575557862774,-0.0102756201696487
-0.600766230639528,-0.00910747450846374
-0.575956903416283,-0.00791269657921414
-0.551147576193038,-0.00669200637629991
-0.526338248969792,-0.00544614726140348
-0.501528921746547,-0.00417588088965973
-0.476719594523302,-0.00288198203991693
-0.451910267300056,-0.00156523339026973
-0.427100940076811,-0.000226420280653773
-0.402291612853565,0.00113367449536842
-0.37748228563032,0.00251427582744161
-0.352672958407075,0.00391462131190125
-0.327863631183829,0.0053339661204381
-0.303054303960584,0.00677158767326058
-0.278244976737339,0.00822679007713638
-0.253435649514093,0.00969890829003855
-0.228626322290848,0.0111873119757343
-0.203816995067602,0.0126914090135348
-0.179007667844357,0.0142106486305561
-0.154198340621112,0.0157445241262198
-0.129389013397866,0.0172925751613262
-0.104579686174621,0.0188543895868589
-0.0797703589513756,0.0204296047906983
-0.0549610317281302,0.0220179085436235
-0.0301517045048848,0.0236190393293459
-0.00534237728163944,0.0252327861468199
0.0194669499416059,0.0268589877766937
0.0442762771648513,0.0284975315074808
0.0690856043880967,0.0301483513208127
0.093894931611342,0.0318114255389628
0.118704258834587,0.033486773941679
0.143513586057833,0.0351744543632018
0.168322913281078,0.0368745587841499
0.193132240504324,0.0385872089367064
0.217941567727569,0.0403125514451964
0.242750894950814,0.0420507525277009
0.26756022217406,0.0438019922877646
0.292369549397305,0.0455664586285136
0.31717887662055,0.0473443408245679
0.341988203843796,0.0491358227900009
0.366797531067041,0.0509410760832442
0.391606858290287,0.0527602526922241
0.416416185513532,0.0545934776451574
0.441225512736777,0.0564408414942867
0.466034839960023,0.0583023927213976
0.490844167183268,0.0601781301152234
0.515653494406513,0.0620679951717837
0.540462821629759,0.0639718645693318
0.565272148853004,0.0658895427698777
0.59008147607625,0.0678207547992224
0.614890803299495,0.0697651392570704
0.63970013052274,0.0717222416080935
0.664509457745986,0.0736915078037884
0.689318784969231,0.0756722782836301
0.714128112192476,0.0776637824023551
0.738937439415722,0.0796651333282441
0.763746766638967,0.0816753234550118
0.788556093862212,0.0836932203673678
0.813365421085458,0.0857175633975069
0.838174748308703,0.0877469608067272
0.862984075531949,0.0897798876230922
0.887793402755194,0.0918146841625476
0.912602729978439,0.0938495552572197
0.937412057201685,0.0958825702107652
0.96222138442493,0.097911663496634
0.987030711648176,0.09993463621099
1.01184003887142,0.101949158287808
1.03664936609467,0.103952771479368
1.06145869331791,0.105942893101044
1.08626802054116,0.107916820534888
1.1110773477644,0.109871736482186
1.13588667498765,0.11180471495082
1.16069600221089,0.113712727958975
1.18550532943414,0.115592652932569
1.21031465665738,0.117441280769662
1.23512398388063,0.119255324541152
1.25993331110387,0.121031428793234
1.28474263832712,0.12276617941349
1.30955196555037,0.124456114018974
1.33436129277361,0.126097732821489
1.35917061999686,0.127687509922185
1.3839799472201,0.129221904984912
1.40878927444335,0.130697375235242
1.43359860166659,0.132110387729891
1.45840792888984,0.133457431839345
1.48321725611308,0.134735031884939
1.50802658333633,0.135939759870286
1.53283591055957,0.137068248246075
1.55764523778282,0.138117202646571
1.58245456500606,0.139083414535903
1.60726389222931,0.13996377370226
1.63207321945256,0.14075528053853
1.6568825466758,0.141455058048632
1.68169187389905,0.142060363519899
1.70650120112229,0.142568599803254
1.73131052834554,0.142977326144666
1.75611985556878,0.143284268513462
1.78092918279203,0.143487329375384
1.80573851001527,0.143584596861002
1.83054783723852,0.143574353283007
1.85535716446176,0.143455082959141
1.88016649168501,0.143225479300977
1.90497581890825,0.142884451132485
1.9297851461315,0.142431128206194
1.95459447335474,0.141864865888895
1.97940380057799,0.14118524899307
2.00421312780124,0.140392094734646
2.02902245502448,0.1394854548022
2.05383178224773,0.138465616527338
2.07864110947097,0.137333103150667
2.10345043669422,0.136088673182443
2.12825976391746,0.134733318861745
2.15306909114071,0.13326826372266
2.17787841836395,0.131694959280644
2.2026877455872,0.130015080856742
2.22749707281044,0.128230522561842
2.25230640003369,0.126343391467405
2.27711572725693,0.124356000993297
2.30192505448018,0.122270863547305
2.32673438170343,0.120090682454639
2.35154370892667,0.11781834321929
2.37635303614992,0.115456904162315
2.40116236337316,0.113009586485119
2.42597169059641,0.110479763808497
2.45078101781965,0.107870951240546
2.4755903450429,0.105186794028601
2.50039967226614,0.102431055852077
2.52520899948939,0.0996076068144304
2.55001832671263,0.0967204111934596
2.57482765393588,0.0937735150098432
2.59963698115912,0.0907710334740572
2.62444630838237,0.0877171383717796
2.64925563560562,0.0846160454474481
2.67406496282886,0.0814720018448755
2.69887429005211,0.0782892736627139
2.72368361727535,0.0750721336811237
2.7484929444986,0.0718248493142551
2.77330227172184,0.0685516708410998
2.79811159894509,0.0652568199649475
2.82292092616833,0.061944478749091
2.84773025339158,0.0586187789736034
2.87253958061482,0.055283791954968
2.89734890783807,0.0519435188671139
2.92215823506131,0.048601881599015
2.94696756228456,0.045262714180474
2.97177688950781,0.0419297548040717
2.99658621673105,0.038606638467528
3.0213955439543,0.0352968902569341
3.04620487117754,0.0320039192874994
3.07101419840079,0.0287310133146316
3.09582352562403,0.0254813340243702
3.12063285284728,0.0222579130084425
3.14544218007052,0.0190636484255254
3.17025150729377,0.015901302346713
3.19506083451701,0.0127734987797124
3.21987016174026,0.00968272236295317
3.2446794889635,0.00663131771760571
3.26948881618675,0.00362148944248321
3.29429814341,0.000655302733959494
3.31910747063324,-0.00226531538961352
3.34391679785649,-0.00513857428195498
3.36872612507973,-0.00796281730657796
3.39353545230298,-0.0107365189454228
3.41834477952622,-0.0134582814074505
3.44315410674947,-0.0161268307678451
3.46796343397271,-0.0187410126698572
3.49277276119596,-0.0212997876224965
3.5175820884192,-0.0238022259282456
3.54239141564245,-0.0262475022757404
3.56720074286569,-0.0286348900329385
3.59201007008894,-0.0309637552766958
3.61681939731219,-0.033233550594898
3.64162872453543,-0.0354438086973599
3.66643805175867,-0.0375941358716296
3.69124737898192,-0.0396842053196167
3.71605670620517,-0.0417137504106287
3.74086603342841,-0.0436825578859552
3.76567536065166,-0.0455904610495942
3.7904846878749,-0.0474373329790901
3.81529401509815,-0.0492230797897513
3.84010334232139,-0.050947633984749
3.86491266954464,-0.0526109479227859
3.88972199676788,-0.0542129874341594
3.91453132399113,-0.0557537256151462
3.93934065121437,-0.0572331368297078
3.96414997843762,-0.0586511909465574
3.98895930566087,-0.0600078478386556
4.01376863288411,-0.0613030521712003
4.03857796010736,-0.0625367285031574
4.0633872873306,-0.0637087767263425
4.08819661455385,-0.064819067864994
4.11300594177709,-0.0658674402576952
4.13781526900034,-0.0668536961423731
4.16262459622358,-0.0677775986639492
4.18743392344683,-0.0686388693230096
4.21224325067007,-0.0694371858826078
4.23705257789332,-0.0701721807490033
4.26186190511656,-0.0708434398407517
4.28667123233981,-0.0714505019591108
4.31148055956306,-0.0719928586711841
4.3362898867863,-0.0724699547155891
4.36109921400955,-0.0728811889387095
4.38590854123279,-0.0732259157677478
4.41071786845604,-0.0735034472248504
4.43552719567928,-0.0737130554845072
4.46033652290253,-0.073853975974246
4.48514585012577,-0.0739254110163352
4.50995517734902,-0.0739265340057828
4.53476450457226,-0.0738564941173721
4.55957383179551,-0.0737144215318218
4.58438315901875,-0.0734994331683824
4.609192486242,-0.0732106389083201
4.63400181346524,-0.0728471482907788
4.65881114068849,-0.0724080776594777
4.68362046791174,-0.0718925577356075
4.70842979513498,-0.0712997415891477
4.73323912235823,-0.0706288129776635
4.75804844958147,-0.069878995018469
4.78285777680472,-0.0690495591568986
4.80766710402796,-0.0681398343903162
4.83247643125121,-0.0671492167044633
4.85728575847445,-0.0660771786758007
4.8820950856977,-0.0649232791906951
4.90690441292094,-0.0636871732296373
4.93171374014419,-0.0623686216622119
4.95652306736743,-0.0609675009962804
4.98133239459068,-0.0594838130228236
5.00614172181393,-0.0579176942961524
5.03095104903717,-0.056269425387757
5.05576037626042,-0.0545394398509519
5.08056970348366,-0.0527283328327199
5.10537903070691,-0.050836869268774
5.13018835793015,-0.0488659915978802
5.1549976851534,-0.0468168269319109
5.17980701237664,-0.044690693618972
5.20461633959989,-0.0424891071382556
5.22942566682313,-0.0402137852670387
5.25423499404638,-0.0378666524624727
5.27904432126962,-0.0354498434035026
5.30385364849287,-0.0329657056413997
5.32866297571612,-0.0304168013109986
5.35347230293936,-0.0278059078587782
5.37828163016261,-0.0251360177484031
5.40309095738585,-0.0224103371092344
5.4279002846091,-0.0196322832985967
5.45270961183234,-0.0168054813542305
5.47751893905559,-0.0139337593193339
5.50232826627883,-0.0110211424288678
5.52713759350208,-0.00807184615233142
5.55194692072532,-0.00509026809496631
5.57675624794857,-0.00208097876627123
5.60156557517181,0.000951288768233399
5.62637490239506,0.0040016503289209
5.65118422961831,0.00706508312741838
5.67599355684155,0.0101364392980374
5.7008028840648,0.0132104604108397
5.72561221128804,0.0162817929149683
5.75042153851129,0.0193450044541258
5.77523086573453,0.0223946009895754
5.80004019295778,0.0254250446598128
5.82484952018102,0.0284307723001876
5.84965884740427,0.0314062145402569
5.87446817462751,0.0343458153916103
5.89927750185076,0.0372440522343352
5.924086829074,0.0400954561062472
5.94889615629725,0.0428946321955291
5.9737054835205,0.0456362804345295
5.99851481074374,0.0483152160902093
6.02332413796699,0.050926390245103
6.04813346519023,0.0534649100617142
6.07294279241348,0.05592605872299
6.09775211963672,0.0583053149419457
6.12256144685997,0.0605983719346239
6.14737077408321,0.0628011557523808
6.17218010130646,0.0649098428719871
6.1969894285297,0.0669208769451963
6.22179875575295,0.0688309846132566
6.24660808297619,0.0706371902962905
6.27141741019944,0.0723368298725243
6.29622673742269,0.0739275631679725
6.32103606464593,0.0754073851833364
6.34584539186918,0.0767746359915221
6.37065471909242,0.0780280092462692
6.39546404631567,0.0791665592498665
6.42027337353891,0.080189706535752
6.44508270076216,0.0810972419299048
6.4698920279854,0.0818893290632793
6.49470135520865,0.0825665053160384
6.51951068243189,0.0831296811829704
6.54432000965514,0.0835801380581413
6.56912933687838,0.0839195244455053
6.59393866410163,0.084149850610786
6.61874799132488,0.0842734816984125
6.64355731854812,0.0842931293455777
6.66836664577137,0.0842118418335275
6.69317597299461,0.0840329928239426
6.71798530021786,0.0837602687356814
6.7427946274411,0.0833976548241723
6.76760395466435,0.0829494200323273
6.79241328188759,0.0824201006879662
6.81722260911084,0.0818144831283469
6.84203193633408,0.0811375853374655
6.86684126355733,0.0803946376863006
6.89165059078057,0.0795910628700918
6.91645991800382,0.0787324551400696
6.94126924522706,0.0778245589297533
6.96607857245031,0.0768732469780249
6.99088789967356,0.0758844980526509
7.0156972268968,0.0748643743787649
7.04050655412005,0.0738189988770603
7.06531588134329,0.0727545323160681
7.09012520856654,0.071677150481944
7.11493453578978,0.070593021467663
7.13974386301303,0.0695082831814564
7.16455319023627,0.0684290211717433
7.18936251745952,0.0673612468627392
7.21417184468276,0.0663108762913963
7.23898117190601,0.0652837094323829
7.26379049912925,0.0642854101934767
7.2885998263525,0.0633214871590622
7.31340915357575,0.0623972751544333
7.33821848079899,0.0615179176983386
7.36302780802224,0.0606883504057177
7.38783713524548,0.0599132853968918
7.41264646246873,0.0591971967636453
7.43745578969197,0.0585443071366849
7.46226511691522,0.0579585753929548
7.48707444413846,0.0574436855352297
7.51188377136171,0.0570030367703584
7.53669309858495,0.0566397348065159
7.5615024258082,0.0563565843838684
7.58631175303144,0.0561560830472078
7.61112108025469,0.0560404161633835
7.63593040747794,0.056011453180785
7.66073973470118,0.056070745122732
7.68554906192443,0.0562195233014268
7.71035838914767,0.0564586992341393
7.73516771637092,0.0567888657385479
7.75997704359416,0.0572102991796548
7.78478637081741,0.0577229628364559
7.80959569804065,0.0583265113525766
7.8344050252639,0.0590202962313941
7.85921435248714,0.0598033723327631
7.88402367971039,0.0606745053253486
7.90883300693363,0.0616321800457466
7.93364233415688,0.0626746097130443
7.95845166138013,0.0637997459452385
7.98326098860337,0.0650052895219816
8.00807031582662,0.0662887018364701
8.03287964304986,0.0676472169779146
8.05768897027311,0.0690778543849346
8.08249829749635,0.0705774320093954
8.1073076247196,0.0721425799296463
8.13211695194284,0.0737697543518174
8.15692627916609,0.0754552519377802
8.18173560638933,0.0771952243985655
8.20654493361258,0.0789856932924585
8.23135426083582,0.0808225649676316
8.25616358805907,0.0827016455900411
8.28097291528231,0.0846186561983802
8.30578224250556,0.0865692477291385
8.33059156972881,0.0885490159562737
8.35540089695205,0.0905535162916202
8.3802102241753,0.0925782783939551
8.40501955139854,0.0946188205365903
8.42982887862179,0.096670663685453
8.45463820584503,0.0987293452418521
8.47944753306828,0.100790432406485
8.50425686029152,0.102849535123711
8.52906618751477,0.104902318567713
8.55387551473801,0.106944515134809
8.57868484196126,0.108971935908978
8.6034941691845,0.110980481570469
8.62830349640775,0.112966152720241
8.653112823631,0.114925059595965
8.67792215085424,0.116853431158258
8.70273147807749,0.118747623528841
8.72754080530073,0.120604127765336
8.75235013252398,0.122419576960422
8.77715945974722,0.124190752656098
8.80196878697047,0.125914590566768
8.82677811419371,0.127588185607823
8.85158744141696,0.129208796229295
8.8763967686402,0.130773848057009
8.90120609586345,0.132280936846403
8.92601542308669,0.133727830756897
8.95082475030994,0.135112471957282
8.97563407753318,0.13643297757506
9.00044340475643,0.137687640005067
9.02525273197968,0.138874926594927
9.05006205920292,0.139993478727013
9.07487138642617,0.141042110318549
9.09968071364941,0.142019805763288
9.12449004087266,0.142925717339899
9.1492993680959,0.143759162113644
9.17410869531915,0.144519618359302
9.1989180225424,0.145206721534427
9.22372734976564,0.145820259833054
9.24853667698888,0.146360169350747
9.27334600421213,0.14682652889258
9.29815533143537,0.147219554456082
9.32296465865862,0.147539593421535
9.34777398588187,0.14778711848212
9.37258331310511,0.147962721346462
9.39739264032836,0.14806710624591
9.4222019675516,0.148101083278651
9.44701129477485,0.148065561622275
9.47182062199809,0.147961542645897
9.49662994922134,0.14779011295222
9.52143927644458,0.147552437379193
9.54624860366783,0.147249751990004
9.57105793089107,0.146883357079204
9.59586725811432,0.146454610221729
9.62067658533756,0.145964919390483
9.64548591256081,0.145415736166996
9.67029523978406,0.14480854906851
9.6951045670073,0.144144877013593
9.71991389423055,0.143426262947192
9.74472322145379,0.142654267644755
9.76953254867704,0.141830463713836
9.79434187590028,0.140956429810363
9.81915120312353,0.14003374508551
9.84396053034677,0.139063983877943
9.86876985757002,0.138048710665027
9.89357918479326,0.136989475285444
9.91838851201651,0.135887808444564
9.94319783923975,0.134745217512854
9.968007166463,0.133563182626564
9.99281649368625,0.132343153098932
10.0176258209095,0.131086544149196
10.0424351481327,0.129794733955758
10.067244475356,0.12846906103896
10.0920538025792,0.127110821978014
10.1168631298025,0.125721269465819
10.1416724570257,0.124301610704502
10.166481784249,0.122853006143702
10.1912911114722,0.121376568562776
10.2161004386955,0.119873362497238
10.2409097659187,0.1183444040089
10.2657190931419,0.116790660798286
10.2905284203652,0.115213052656992
10.3153377475884,0.113612452256715
10.3401470748117,0.111989686270691
10.3649564020349,0.110345536822271
10.3897657292582,0.108680743254291
10.4145750564814,0.106996004211762
10.4393843837047,0.105291980029257
10.4641937109279,0.103569295413152
10.4890030381512,0.101828542407597
10.5138123653744,0.100070283631792
10.5386216925976,0.0982950557747881
10.5634310198209,0.0965033733326485
10.5882403470441,0.0946957325713515
10.6130496742674,0.0928726156974234
10.6378590014906,0.0910344952167926
10.6626683287139,0.0891818384609287
10.6874776559371,0.0873151122578771
10.7122869831604,0.0854347877243908
10.7370963103836,0.0835413451539829
10.7619056376069,0.0816352789744109
10.7867149648301,0.0797171027468521
10.8115242920533,0.0777873541778824
10.8363336192766,0.0758466001143115
10.8611429464998,0.0738954414900077
10.8859522737231,0.071934518193054
10.9107616009463,0.0699645138209455
10.9355709281696,0.0679861602910811
10.9603802553928,0.0660002422735215
10.9851895826161,0.064007601412919
11.0099989098393,0.0620091403066544
11.0348082370626,0.060005826206582
11.0596175642858,0.0579986944123719
11.084426891509,0.0559888513252714
11.1092362187323,0.0539774771321807
11.1340455459555,0.0519658280912581
11.1588548731788,0.0499552383918385
11.183664200402,0.0479471215632615
11.2084735276253,0.0459429714092548
11.2332828548485,0.0439443624468083
11.2580921820718,0.0419529498309788
11.282901509295,0.0399704687497885
11.3077108365183,0.0379987332762961
11.3325201637415,0.036039634668013
11.3573294909647,0.0340951391070998
11.382138818188,0.0321672848781657
11.4069481454112,0.0302581789840141
11.4317574726345,0.028369993203271
11.4565667998577,0.0265049595975059
11.481376127081,0.0246653654791527
11.5061854543042,0.0228535478552529
11.5309947815275,0.0210718873657258
11.5558041087507,0.0193228017385113
11.5806134359739,0.0176087387874822
11.6054227631972,0.0159321689824647
11.6302320904204,0.0142955776240054
11.6550414176437,0.0127014566586516
11.6798507448669,0.0111522961734434
11.7046600720902,0.00965057561102116
11.7294693993134,0.00819875474920724
11.7542787265367,0.0067992644911068
11.7790880537599,0.00545449751366212
11.8038973809832,0.00416679882417414
11.8287067082064,0.00293845627555693
11.8535160354296,0.00177169109200392
11.8783253626529,0.000668648457303227
11.9031346898761,-0.000368611781754829
11.9279440170994,-0.00133812424459494
11.9527533443226,-0.00223802692693722
11.9775626715459,-0.00306656984086055
12.0023719987691,-0.00382212333520844
12.0271813259924,-0.00450318604828008
12.0519906532156,-0.00510839244667213
12.0767999804389,-0.00563651990637693
12.1016093076621,-0.00608649529479255
12.1264186348853,-0.00645740101512909
12.1512279621086,-0.00674848047779173
12.1760372893318,-0.00695914296665326
12.2008466165551,-0.0070889678716739
12.2256559437783,-0.00713770826305575
12.2504652710016,-0.00710529378600258
12.2752745982248,-0.00699183285916598
12.3000839254481,-0.00679761416395711
12.3248932526713,-0.00652310741606921
12.3497025798946,-0.00616896341474372
12.3745119071178,-0.00573601336950227
12.399321234341,-0.00522526750821787
12.4241305615643,-0.00463791297448361
12.4489398887875,-0.0039753110262266
12.4737492160108,-0.00323899355137494
12.498558543234,-0.00243065892009609
12.5233678704573,-0.00155216719665059
12.5481771976805,-0.000605534737231857
12.5729865249038,0.000407071796741598
12.597795852127,0.00148334197756118
12.6226051793503,0.00262082866748294
12.6474145065735,0.00381695555508207
12.6722238337967,0.00506902513246847
12.69703316102,0.00637422707240272
12.7218424882432,0.00772964696293768
12.7466518154665,0.00913227535610798
12.7714611426897,0.0105790170863958
12.796270469913,0.0120667008142202
12.8210797971362,0.013592088749519
12.8458891243595,0.0151518865106177
12.8706984515827,0.0167427530739875
12.895507778806,0.0183613107711892
12.9203171060292,0.0200041552902517
12.9451264332524,0.0216678656399383
12.9699357604757,0.02334901403679
12.9947450876989,0.0250441756764782
13.0195544149222,0.0267499383528428
13.0443637421454,0.0284629118899952
13.0691730693687,0.0301797373550241
13.0939823965919,0.0318970960211194
13.1187917238152,0.0336117180533116
13.1436010510384,0.0353203908914765
13.1684103782617,0.037019967307766
13.1932197054849,0.0387073731181586
13.2180290327081,0.0403796145303684
13.2428383599314,0.0420337851128725
13.2676476871546,0.0436670723723017
13.2924570143779,0.0452767639288678
13.3172663416011,0.0468602532818432
13.3420756688244,0.0484150451593611
13.3668849960476,0.0499387604489403
13.3916943232709,0.0514291407071492
13.4165036504941,0.0528840522486899
13.4413129777174,0.0543014898169044
13.4661223049406,0.0556795798392632
13.4909316321638,0.0570165832727855
13.5157409593871,0.058310898045565
13.5405502866103,0.0595610611016198
13.5653596138336,0.0607657500571581
13.5901689410568,0.0619237844770531
13.6149782682801,0.0630341267808494
13.6397875955033,0.0640958827879913
13.6645969227266,0.0651083019121746
13.6894062499498,0.0660707770147863
13.7142155771731,0.066982843927321
13.7390249043963,0.0678441806524684
13.7638342316195,0.0686546062532508
13.7886435588428,0.0694140794391858
13.813452886066,0.0701226968579584
13.8382622132893,0.0707806911005339
13.8630715405125,0.0713884284270367
13.8878808677358,0.0719464062200898
13.912690194959,0.0724552501716587
13.9374995221823,0.0729157112087997
13.9623088494055,0.0733286621630872
13.9871181766288,0.073695094187912
14.011927503852,0.0740161129273081
14.0367368310752,0.0742929344395007
14.0615461582985,0.074526880877997
14.0863554855217,0.074719375932752
14.111164812745,0.0748719400337784
14.1359741399682,0.0749861853195134
14.1607834671915,0.075063810372339
14.1855927944147,0.0751065947238674
14.210402121638,0.0751163931329619
14.2352114488612,0.0750951296399725
14.2600207760845,0.0750447914013192
14.2848301033077,0.0749674223093613
14.3096394305309,0.0748651164034386
14.3344487577542,0.0747400110790691
14.3592580849774,0.0745942801035104
14.3840674122007,0.0744301264472542
14.4088767394239,0.0742497749424976
14.4336860666472,0.0740554647812152
14.4584953938704,0.0738494418671322
14.4833047210937,0.0736339510376468
14.5081140483169,0.0734112281735654
14.5329233755401,0.0731834922163622
14.5577327027634,0.0729529371145542
14.5825420299866,0.0727217237226554
14.6073513572099,0.0724919716780338
14.6321606844331,0.0722657512828075
14.6569700116564,0.0720450754196668
14.6817793388796,0.0718318915321708
14.7065886661029,0.0716280737016217
14.7313979933261,0.0714354148540352
14.7562073205494,0.0712556191319915
14.7810166477726,0.0710902944672409
14.8058259749958,0.0709409453908216
14.8306353022191,0.0708089661181284
14.8554446294423,0.0706956339468041
14.8802539566656,0.0706021030055158
14.9050632838888,0.0705293983915992
14.9298726111121,0.0704784107351991
14.9546819383353,0.0704498912268844
14.9794912655586,0.0704444471447799
15.0043005927818,0.0704625379160045
15.0291099200051,0.0705044717456581
15.0539192472283,0.0705704028447388
15.0787285744515,0.0706603292862096
15.1035379016748,0.07077409151597
15.128347228898,0.0709113715427368
15.1531565561213,0.0710716928277985
15.1779658833445,0.0712544208923119
15.2027752105678,0.0714587646562496
15.227584537791,0.0716837785193285
15.2523938650143,0.0719283651902475
15.2772031922375,0.0721912792663875
15.3020125194608,0.0724711315617783
15.326821846684,0.0727663941766685
15.3516311739072,0.0730754062974596
15.3764405011305,0.0733963807111195
15.4012498283537,0.0737274110135169
15.426059155577,0.0740664794864357
15.4508684828002,0.0744114656133877
15.4756778100235,0.0747601551997704
15.5004871372467,0.0751102500584554
15.52529646447,0.0754593782175744
15.5501057916932,0.0758051046031386
15.5749151189165,0.0761449421452109
15.5997244461397,0.0764763632526867
15.6245337733629,0.0767968115983679
15.6493431005862,0.0771037141529581
15.6741524278094,0.077394493403904
15.6989617550327,0.0776665796926825
15.7237710822559,0.0779174236022141
15.7485804094792,0.0781445083245906
15.7733897367024,0.0783453619382622
15.7981990639257,0.0785175695232524
15.8230083911489,0.0786587850428727
15.8478177183722,0.0787667429207993
15.8726270455954,0.0788392692432678
15.8974363728186,0.0788742925175298
15.9222457000419,0.0788698539196004
15.9470550272651,0.0788241169667166
15.9718643544884,0.0787353765527828
15.9966736817116,0.0786020672884272
16.0214830089349,0.0784227710910827
16.0462923361581,0.0781962239747345
16.0711016633814,0.0779213219936173
16.0959109906046,0.077597126299163
16.1207203178279,0.0772228672748705
16.1455296450511,0.076797947719458
16.1703389722743,0.076321945054622
16.1951482994976,0.0757946125399282
16.2199576267208,0.0752158794837595
16.2447669539441,0.0745858504457952
16.2695762811673,0.0739048034331439
16.2943856083906,0.0731731870989641
16.3191949356138,0.0723916169591178
16.3440042628371,0.0715608706490758
16.3688135900603,0.0706818822498706
16.3936229172836,0.069755735718327
16.4184322445068,0.0687836574630487
16.44324157173,0.0677670081136368
16.4680508989533,0.0667072735363364
16.4928602261765,0.0656060551546908
16.5176695533998,0.0644650596387911
16.542478880623,0.0632860880313014
16.5672670224093,0.0620362168866271
16.592087012955,0.0606824101453955
16.6169070947976,0.0592266666598586
16.6417270716369,0.0576710244623877
16.6665467469771,0.0560175481563102
16.6913659240353,0.0542683162739884
16.7161844056514,0.05242540863166
16.7410019941957,0.0504908937671894
16.7658184914772,0.0484668165464801
16.7906336986507,0.0463551860232588
16.8154474161231,0.0441579636353046
16.8402594434592,0.0418770518179446
16.8650695792857,0.0395142831127997
16.8898776211949,0.0370714098463355
16.914683365647,0.0345500944488267
16.9394866078703,0.0319519004798314
16.9642871417613,0.0292782844213018
16.989084759782,0.0265305882940091
17.0138792528558,0.0237100331471045
17.0386704102623,0.0208177134643972
17.0634580195289,0.0178545925243672
17.0882418663214,0.0148214987440781
17.1130217343316,0.0117191230300702
17.1377974051629,0.0085480171520524
17.1625686582133,0.00530859314781878
17.1873352705555,0.00200112376035397
17.2120970168145,-0.00137425609939468
17.2368536690415,-0.0048175468780294
17.2616049965857,-0.00832888091481681
17.2863507659613,-0.0119085180149001
17.3110907407123,-0.0155568400961203
17.3358246812723,-0.0192743449516885
17.3605523448213,-0.0230616391773936
17.3852734851376,-0.0269194303181192
17.4099878524455,-0.03084851829413
17.4346951932586,-0.0348497861728408
17.4593952502175,-0.0389241903565561
17.484087761923,-0.0430727502609338
17.5087724627634,-0.0472965375626392
17.5334490827362,-0.0515966650978165
17.5581173472638,-0.0559742754955585
17.5827769770027,-0.0604305296325095
17.6074276876457,-0.0649665949960643
17.6320691897178,-0.0695836340443299
17.6567011883641,-0.0742827926510774
17.6813233831299,-0.0790651887233572
17.7059354677324,-0.0839319010782505
17.7305371298243,-0.0888839586634318
17.7551280507477,-0.0939223302038196
17.7797079052788,-0.0990479143536072
17.8042763613618,-0.104261530429428
17.8288330798326,-0.10956390979637
17.8533777141317,-0.114955687973976
17.8779099100038,-0.120437397524383
17.9024293051865,-0.126009461779312
17.9269355290848,-0.131672189456829
17.9514282024316,-0.137425770212644
17.9759069369343,-0.143270271164348
18.0003713349051,-0.149205634420249
18.0248209888755,-0.155231675637737
18.0492554811928,-0.161348083629034
18.0736743835991,-0.167554421025196
18.0980772567905,-0.173850126002118
18.1224636499557,-0.180234515065231
18.146833100294,-0.186706786882578
18.1711851325088,-0.193266027149098
18.1955192582784,-0.199911214458228
18.2198349757004,-0.206641227150444
18.2441317687091,-0.213454851102149
18.268409106464,-0.220350788412397
18.2926664427082,-0.227327666939339
18.3169032150936,-0.234384050633128
18.341118844473,-0.241518450607183
18.3653127341542,-0.248729336885445
18.3894842691166,-0.256015150759321
18.413632815186,-0.263374317684701
18.4377577181655,-0.270805260646558
18.4618583029203,-0.278306413916285
18.4859338724125,-0.285876237125192
18.5099837066829,-0.293513229576276
18.5340070617771,-0.301215944715737
18.5580031686111,-0.308983004685518
18.5819712317729,-0.31681311487858
18.6059104282561,-0.324705078419489
18.6298199061202,-0.332657810494406
18.653698783073,-0.340670352456428
18.6775461449698,-0.348741885634728
18.7013610442235,-0.356871744778762
18.7251424981187,-0.36505943107215
18.748889487024,-0.373304624654542
18.7726009524952,-0.381607196593863
18.7962757952601,-0.389967220255728
18.8199128730778,-0.398384982021558
18.8435109984629,-0.406860991311864
18.8670689362638,-0.4153959898764
18.8905854010848,-0.423990960318203
18.9140590545409,-0.432647133824101
18.9374885023304,-0.441365997079816
18.9608722911137,-0.450149298353485
18.9842089051816,-0.458999052737034
19.0074967628974,-0.467917546540494
19.030734212894,-0.476907340839858
19.0539195300079,-0.485971274184491
19.0770509109278,-0.495112464475345
19.1001264695343,-0.504334310030256
19.1231442319072,-0.513640489857336
19.1461021309706,-0.523034963161972
19.1689980007481,-0.532521968117004
19.1918295701932,-0.542106019929407
19.2145944565603,-0.551791908240051
19.2372901582777,-0.56158469389589
19.2599140472782,-0.571489705136185
19.282463360742,-0.581512533235979
19.3049351922015,-0.591659027651036
19.3273264819497,-0.601935290708707
19.3496340066952,-0.612347671888608
19.3718543683934,-0.622902761735605
19.393983982185,-0.63360738544513
19.4160190633606,-0.644468596157357
19.4379556132659,-0.655493667992031
19.4597894040542,-0.666690088849569
19.481515962184,-0.678065552996391
19.5031305505518,-0.689627953442971
19.5246281491398,-0.701385374111545
19.5460034340506,-0.713346081776642
19.5672507547902,-0.725518517745071
19.5883641096501,-0.737911289222437
19.6093371190323,-0.750533160290136
19.6301629965492,-0.76339304238957
19.6508345177239,-0.77649998417838
19.6713439861108,-0.789863160586137
19.69168319665,-0.803491860853331
19.7118433960733,-0.817395475286745
19.7318152401792,-0.831583480405491
19.7515887478112,-0.846065422084012
19.7711532513922,-0.860850896220262
19.7904973439024,-0.875949526368002
19.8096088222381,-0.891370937670919
19.8284746269588,-0.907124726322449
19.8470807785278,-0.923220423648871
19.8654123102817,-0.939667453774976
19.8834531985356,-0.956475083683638
19.9011862904547,-0.973652364326308
19.9185932306069,-0.991208061287298
19.9356543874683,-1.00915057335983
19.9523487815994,-1.02748783727032
19.9686540177444,-1.04622721670839
19.9845462237567,-1.06537537381029
20,-1.08493812133663
