0.131549063764508
0.131550489493883
0.131591368113597
0.131670103454893
0.13178497874423
0.131934166925669
0.132115741503115
0.132327687833305
0.132567914797826
0.13283426678032
0.133124535873365
0.133436474238363
0.133767806541058
0.134116242385175
0.134479488666954
0.134855261774202
0.135241299554818
0.135635372981557
0.136035297442105
0.136438943586343
0.136844247665878
0.137249221304637
0.1376519606434
0.138050654805641
0.138443593636917
0.138829174675236
0.139205909315323
0.139572428135485
0.139927485361737
0.140269962450034
0.140598870773737
0.140913353409866
0.141212686024063
0.14149627686068
0.141763665850691
0.142014522856437
0.142248645078245
0.142465953653852
0.142666489487171
0.142850408348219
0.143017975290958
0.143169558440376
0.143305622204194
0.143426719968253
0.143533486337762
0.143626628989204
0.143706920199744
0.143775188122523
0.143832307877128
0.14387919252491
0.143916783998617
0.143946044055037
0.143967945318026
0.143983462477476
0.143993563707391
0.143999202363437
0.14400130901707
0.144000783879624
0.143998489665766
0.143995244941289
0.143991817995632
0.1439889212746
0.143987206403742
0.143987259827623
0.143989599085
0.143994669734576
0.144002842940747
0.144014413723503
0.14402959987154
0.144048541512631
0.144071301330522
0.14409786541302
0.144128144711588
0.14416197708871
0.144199129925508
0.144239303258634
0.144282133412361
0.144327197088982
0.144374015878259
0.144422061144547
0.144470759248558
0.144519497059371
0.144567627711294
0.144614476559563
0.144659347288544
0.144701528126126
0.14474029811831
0.144774933418647
0.144804713548063
0.144828927581774
0.144846880221408
0.144857897712073
0.144861333565967
0.144856574056111
0.144843043446026
0.144820208923469
0.144787585208845
0.144744738811492
0.144691291909704
0.144626925833158
0.144551384129189
0.144464475197312
0.144366074479231
0.144256126194601
0.144134644615702
0.144001714877182
0.143857493319958
0.14370220737129
0.143536154965917
0.143359703516007
0.143173288440434
0.142977411266619
0.142772637320806
0.14255959302517
0.1423389628226
0.142111485752318
0.141877951701666
0.141639197361445
0.141396101914072
0.14114958248554
0.140900589393669
0.1406501012265
0.140399119785757
0.140148664931235
0.139899769362575
0.139653473375326
0.139410819628285
0.13917284795902
0.138940590284004
0.13871506561914
0.13849727525541
0.138288198123132
0.138088786376707
0.137899961229878
0.137722609069362
0.137557577872326
0.137405673950469
0.137267659040576
0.137144247758284
0.137036105428447
0.136943846302035
0.136868032165828
0.136809171347486
0.136767718114739
0.136744072463668
0.136738580287218
0.136751533911348
0.136783172982615
0.136833685687455
0.136903210280165
0.136991836893501
0.137099609603034
0.137226528713918
0.137372553236595
0.137537603516252
0.137721563979447
0.137924285960502
0.138145590569733
0.138385271565673
0.138643098193865
0.138918817955814
0.139212159273055
0.139522834013187
0.139850539847011
0.140194962408575
0.140555777233034
0.140932651450576
0.141325245218356
0.141733212876282
0.14215620381657
0.142593863061208
0.143045831545713
0.143511746111864
0.143991239216286
0.14448393836587
0.144989465294902
0.145507434902473
0.146037453972117
0.146579119698641
0.147132018049806
0.147695721992698
0.148269789616441
0.14885376218415
0.149447162147831
0.150049491160212
0.150660228117222
0.15127882726414
0.151904716397159
0.152537295190461
0.153175933676733
0.15381997090656
0.15446871380923
0.155121436274344
0.15577737847017
0.1564357464111
0.157095711782833
0.15775641203013
0.158416950708182
0.159076398094968
0.15973379205837
0.160388139168441
0.161038416042125
0.161683570904858
0.162322525351055
0.162954176283384
0.163577398009075
0.164191044470307
0.164793951584991
0.165384939673976
0.165962815950942
0.166526377051899
0.167074411582357
0.167605702661751
0.168119030446688
0.168613174616809
0.169086916809703
0.169539042994124
0.169968345773763
0.170373626617049
0.170753698011593
0.171107385545183
0.171433529918345
0.171730988896528
0.171998639212771
0.172235378434323
0.172440126808879
0.172611829108035
0.172749456487007
0.172852008380716
0.172918514456837
0.172948036646523
0.17293967127297
0.172892551297021
0.172805848697499
0.172678777001887
0.172510593980507
0.172300604514341
0.172048163643274
0.171752679797767
0.171413618212901
0.171030504519407
0.170602928501742
0.170130548008676
0.169613092997109
0.1690503696852
0.168442264786306
0.167788749790846
0.167089885259067
0.166345825083882
0.165556820679527
0.164723225048846
0.163845496679552
0.162924203217985
0.161960024867592
0.160953757458815
0.159906315137112
0.158818732616663
0.15769216694879
0.156527898756348
0.155327332888256
0.154091998451909
0.15282354818551
0.151523757137158
0.150194520623017
0.148837851442784
0.147455876337097
0.146050831678258
0.14462505839275
0.143180996121282
0.141721176629572
0.140248216490516
0.138764809065879
0.137273715822953
0.13577775702873
0.134279801870984
0.132782758062056
0.131289560987156
0.129803162464394
0.12832651918865
0.126862580935532
0.125414278605192
0.123984512188441
0.12257613873959
0.121191960441481
0.119834712848521
0.118507053392911
0.117211550237878
0.115950671559505
0.114726775335692
0.113542099717007
0.112398754049637
0.111298710615453
0.110243797148337
0.109235690179556
0.108275909258032
0.107365812084076
0.106506590587464
0.105699267972838
0.10494469674731
0.104243557736936
0.103596360090549
0.103003442261294
0.10246497394824
0.101980958972687
0.10155123905637
0.101175498461701
0.100853269447565
0.100583938488094
0.100366753196288
0.100200829889408
0.10008516172876
0.10001862736285
0.1
0.100027956834255
0.100101088746956
0.100217910205592
0.100376869281485
0.100576357708568
0.100814720906819
0.101090267895987
0.10140128102786
0.101746025468561
0.102122758366162
0.102529737643171
0.102965230358214
0.10342752058632
0.103914916772741
0.104425758520947
0.10495842278144
0.105511329414147
0.106082946103382
0.106671792610654
0.107276444356831
0.107895535331343
0.108527760332154
0.109171876546068
0.109826704484548
0.110491128295552
0.111164095476891
0.111844616021212
0.112531761026961
0.113224660813449
0.113922502581467
0.114624527663734
0.115330028411809
0.116038344767928
0.116748860571526
0.11746099965101
0.118174221751641
0.11888801835012
0.119601908405809
0.120315434097294
0.121028156591368
0.121739651889469
0.122449506794137
0.123157315035257
0.123862673592743
0.124565179248889
0.125264425399994
0.125959999153045
0.126651478729255
0.127338431192184
0.128020410514079
0.128696955989906
0.129367591004505
0.130031822154283
0.13068913872101
0.131339012491602
0.131980897914267
0.132614232578191
0.133238438000944
0.133852920705143
0.134457073563576
0.135050277389958
0.135631902750901
0.136201311973349
0.136757861320834
0.137300903311367
0.137829789149555
0.138343871245721
0.138842505795252
0.139325055392224
0.139790891652415
0.140239397822176
0.140669971351193
0.141082026408966
0.141474996326761
0.141848335948871
0.142201523879198
0.142534064611398
0.142845490533076
0.143135363796775
0.143403278052698
0.14364886004022
0.143871771037276
0.144071708168576
0.144248405575359
0.144401635450915
0.144531208947481
0.14463697696128
0.144718830803376
0.144776702764754
0.144810566584534
0.144820437830449
0.144806374200818
0.144768475757056
0.144706885095406
0.14462178746605
0.144513410847032
0.144382025979591
0.144227946370499
0.144051528265919
0.143853170600127
0.143633314921207
0.143392445294564
0.14313108818379
0.142849812307199
0.142549228467034
0.142229989347208
0.141892789274297
0.141538363935448
0.141167490045982
0.140780984958591
0.14037970620539
0.139964550963513
0.139536455434541
0.139096394127798
0.138645379037456
0.138184458703448
0.137714717146408
0.137237272667209
0.136753276502231
0.136263911326091
0.135770389594447
0.135273951720351
0.134775864078724
0.134277416834667
0.133779921592597
0.133284708864529
0.132793125357273
0.132306531079771
0.131826296273355
0.131353798169266
0.130890417579348
0.130437535327448
0.129996528530616
0.129568766740764
0.129155607958986
0.128758394536186
0.128378448975097
0.128017069650094
0.127675526462455
0.127355056449869
0.127056859370002
0.126782093278867
0.126531870125502
0.126307251385081
0.12610924375309
0.125938794923517
0.125796789474159
0.125684044882181
0.125601307692879
0.125549249864273
0.125528465309676
0.125539466659727
0.125582682264547
0.125658453455751
0.125767032086906
0.125908578369813
0.126083159022622
0.126290745744303
0.126531214028445
0.126804342327696
0.127109811578415
0.12744720509335
0.127816008828341
0.128215612027183
0.128645308246974
0.129104296764397
0.129591684361601
0.13010648748853
0.130647634796845
0.131213970038868
0.131804255323385
0.132417174718597
0.133051338191021
0.133705285867788
0.134377492608451
0.135066372871216
0.135770285857353
0.136487540916481
0.137216403194438
0.137955099504514
0.138701824401949
0.139454746440797
0.14021201459149
0.140971764796688
0.141732126642311
0.142491230119977
0.143247212456406
0.143998224984711
0.144742440031882
0.145478057796144
0.146203313187293
0.146916482602544
0.14761589060987
0.148299916510333
0.148967000750442
0.149615651155206
0.150244448952229
0.150852054557017
0.151437213089563
0.151998759592343
0.15253562392009
0.153046835272068
0.15353152633823
0.153988937031411
0.154418417778812
0.154819432347317
0.155191560178786
0.155534498213332
0.155848062180706
0.156132187342387
0.15638692866963
0.156612460445743
0.156809075284087
0.156977182556768
0.157117306232696
0.15723008212756
0.157316254572298
0.157376672510816
0.157412285041908
0.157424136424591
0.157413360570313
0.157381175049616
0.157328874644912
0.157257824484847
0.157169452799374
0.157065243337996
0.156946727496647
0.156815476201338
0.156673091598875
0.156521198606778
0.156361436375765
0.156195449718975
0.15602488056232
0.155851359470092
0.155676497299113
0.155501877033347
0.155329045849019
0.155159507457912
0.154994714773634
0.154836062942415
0.15468488277626
0.154542434622333
0.154409902698107
0.15428838991732
0.154178913227072
0.154082399471633
0.153999681793708
0.153931496579128
0.15387848094625
0.153841170776858
0.153819999281021
0.153815296084405
0.153827286822805
0.153856093225388
0.153901733665216
0.153964124153171
0.154043079749402
0.15413831636489
0.15424945292469
0.154376013863823
0.154517431926688
0.154673051241209
0.154842130639655
0.155023847199188
0.155217299976675
0.155421513914006
0.155635443892149
0.155857978914331
0.156087946400997
0.156324116581548
0.156565206970195
0.156809886915556
0.157056782215816
0.157304479793278
0.157551532423962
0.157796463519475
0.158037771959656
0.158273936975492
0.158503423082407
0.158724685064369
0.158936173009157
0.15913633739475
0.159323634226037
0.159496530219992
0.159653508036078
0.159793071547033
0.159913751143297
0.160014109062361
0.160092744732064
0.160148300114674
0.160179465036237
0.160184982483434
0.160163653847975
0.160114344096473
0.160035986841863
0.159927589290747
0.159788237039642
0.159617098692029
0.159413430267321
0.159176579372503
0.158905989107192
0.158601201673247
0.158261861660883
0.157887718984452
0.157478631442615
0.157034566879649
0.156555604926929
0.156041938306279
0.155493873679808
0.154911832034036
0.154296348589479
0.153648072230376
0.152967764452871
0.152256297833624
0.151514654024478
0.150743921282388
0.149945291547336
0.149120057084209
0.148269606707785
0.147395421612777
0.146499070833465
0.145582206359689
0.144646557937858
0.14369392758714
0.142726183862169
0.1417452558943
0.140753127243842
0.13975182959565
0.138743436330048
0.137730056000317
0.136713825746878
0.135696904676941
0.134681467236726
0.133669696601487
0.132663778106541
0.131665892740278
0.130678210717863
0.12970288515199
0.128742045834732
0.127797793142246
0.126872192071871
0.125967266419153
0.125084993100389
0.124227296624671
0.123396043717926
0.122593038100344
0.121820015417676
0.121078638326344
0.120370491732087
0.119697078181904
0.119059813409504
0.118460022035173
0.117898933421996
0.117377677691664
0.116897281904663
0.116458666411427
0.116062641382993
0.11570990353185
0.115401033035863
0.115136490680487
0.114916615236755
0.114741621094803
0.114611596174859
0.11452650013963
0.114486162933876
0.114490283678497
0.114538429947752
0.114630037459137
0.114764410206005
0.114940721063066
0.115158012894586
0.115415200194195
0.115711071283849
0.116044291097562
0.116413404573036
0.116816840671307
0.117252917040927
0.117719845339127
0.118215737217736
0.118738610976581
0.11928639888149
0.119856955138098
0.120448064506347
0.121057451533971
0.121682790380461
0.122321715196043
0.122971831013173
0.123630725101044
0.124295978726707
0.124965179259661
0.125635932550384
0.126305875507172
0.126972688790111
0.127634109535965
0.128287944023369
0.128932080184092
0.129564499863244
0.130183290729374
0.130786657734311
0.131372934022574
0.131940591191144
0.132488248802418
0.133014683056255
0.133518834531258
0.133999814910658
0.13445691261451
0.134889597267262
0.135297522938062
0.135680530100393
0.136038646267723
0.136372085272616
0.136681245168288
0.136966704743524
0.137229218654366
0.137469711188658
0.137689268692446
0.137889130700111
0.138070679822913
0.138235430463113
0.138385016432959
0.138521177569325
0.138645745445677
0.138760628293014
0.138867795250498
0.138969260074466
0.139067064441311
0.139163260985235
0.139259896216049
0.139358993464934
0.139462536007345
0.13957245051203
0.139690590963354
0.139818723200894
0.139958510215484
0.140111498334677
0.14027910442299
0.140462604213344
0.140663121875907
0.140881620919267
0.141118896506485
0.141375569255356
0.141652080578234
0.141948689602185
0.142265471695215
0.142602318608993
0.142958940233088
0.143334867940345
0.143729459487853
0.144141905423196
0.144571236931396
0.145016335044399
0.145475941122218
0.14594866850305
0.146433015208992
0.146927377584468
0.147430064736253
0.147939313637089
0.148453304749482
0.148970178022272
0.149488049110103
0.150005025664979
0.15051922354964
0.151028782824541
0.15153188336374
0.152026759959898
0.152511716784849
0.152985141079712
0.1534455159572
0.153891432208507
0.154321599017887
0.154734853499515
0.155130168983504
0.155506661990706
0.155863597849195
0.15620039491882
0.156516627403911
0.156812026747901
0.157086481617191
0.157340036494863
0.157572888917792
0.157785385403068
0.157978016121434
0.158151408386451
0.158306319038323
0.158443625810572
0.158564317776024
0.158669484975782
0.158760307340932
0.15883804302165
0.158904016242111
0.158959604802066
0.159006227347309
0.159045330531242
0.159078376188705
0.159106828640875
0.159132142246652
0.159155749311448
0.159179048458764
0.15920339356348
0.159230083338437
0.15926035165779
0.159295358691747
0.159336182917932
0.159383814064667
0.159439147031172
0.159502976819091
0.159575994498982
0.15965878422457
0.15975182129681
0.159855471269125
0.159969990074856
0.160095525147919
0.16023211749811
0.160379704693513
0.160538124694058
0.160707120472648
0.160886345353385
0.161075368990399
0.161273683905659
0.161480712499965
0.161695814448102
0.161918294386969
0.162147409804259
0.162382379035151
0.162622389275282
0.162866604520117
0.163114173343635
0.163364236432973
0.163615933800273
0.163868411598397
0.164120828473365
0.164372361393226
0.164622210900522
0.164869605743516
0.165113806849724
0.165354110614034
0.165589851482677
0.16582040382335
0.166045183080969
0.166263646227522
0.166475291523372
0.166679657615934
0.166876322009892
0.167064898950832
0.167245036771408
0.167416414755723
0.167578739583472
0.167731741420542
0.167875169727021
0.168008788857039
0.168132373527358
0.168245704233268
0.16834856269097
0.168440727385351
0.168521969300852
0.168592047910898
0.168650707498385
0.168697673875716
0.168732651568171
0.168755321518883
0.168765339367454
0.16876233434743
0.168745908840435
0.168715638616906
0.168671073785122
0.168611740461675
0.16853714316781
0.168446767947218
0.168340086192042
0.168216559155135
0.168075643118046
0.167916795175979
0.16773947959307
0.16754317467394
0.16732738009055
0.167091624597176
0.166835474060681
0.166558539728438
0.166260486652164
0.16594104218271
0.165600004448431
0.165237250728292
0.164852745630237
0.164446548985628
0.16401882337177
0.163569841176557
0.163099991122222
0.162609784168872
0.162099858723027
0.161570985081595
0.16102406904767
0.160460154661057
0.159880425993504
0.159286207966233
0.158678966155282
0.158060305558517
0.157431968306691
0.156795830309668
0.156153896837731
0.155508297046686
0.154861277464251
0.154215194463776
0.153572505759734
0.152935760967475
0.152307591277454
0.151690698301445
0.151087842155037
0.150501828846986
0.149935497051707
0.149391704346237
0.148873312997432
0.148383175388894
0.147924119180155
0.147498932292955
0.147110347821037
0.146761028960726
0.146453554059693
0.146190401880706
0.145973937175855
0.14580639666476
0.145689875507627
0.1456263143607
0.145617487097817
0.145664989277273
0.145770227428261
0.145934409225677
0.146158534616183
0.146443387952143
0.146789531183417
0.147197298150079
0.147666790011979
0.148197871843721
0.148790170416173
0.149443073178065
0.150155728443652
0.150927046784886
0.151755703619029
0.152640142975349
0.153578582417304
0.154569019089706
0.15560923685366
0.156696814465692
0.157829134751449
0.159003394718716
0.160216616549251
0.161465659404203
0.16274723197352
0.164057905696038
0.165394128573603
0.166752239499884
0.168128483022367
0.169519024454373
0.170919965252929
0.172327358577823
0.173737224947261
0.175145567906181
0.176548389624475
0.177941706344061
0.179321563595977
0.180684051111367
0.182025317353379
0.1833415836006
0.184629157516588
0.185884446144421
0.187103968269818
0.188284366101288
0.189422416220928
0.19051503976482
0.191559311797444
0.192552469850108
0.193491921599007
0.194375251664166
0.195200227516093
0.1959648044825
0.196667129852832
0.197305546083578
0.197878593112382
0.198385009793782
0.198823734473974
0.199193904726277
0.199494856272945
0.199726121122646
0.199887424956241
0.199978683796502
0.2
0.199951657611727
0.199834117124905
0.199648009690046
0.199394130818569
0.199073433627189
0.198687021669935
0.198236141404923
0.197722174343087
0.197146628925805
0.196511132177918
0.195817421181939
0.195067334418357
0.194262803015897
0.193405841954353
0.192498541261258
0.191543057242178
0.190541603782827
0.189496443759511
0.188409880592694
0.18728424997662
0.186121911816092
0.184925242399569
0.183696626835805
0.182438451779231
0.181153098467298
0.17984293609088
0.178510315516804
0.17715756337939
0.175786976555776
0.174400817037567
0.173001307209137
0.171590625540642
0.170170902701501
0.168744218097748
0.16731259683432
0.165878007100905
0.164442357977616
0.163007497654258
0.161575212054584
0.160147223854481
0.158725191880642
0.157310710873919
0.155905311599274
0.154510461282021
0.153127564347925
0.151757963442793
0.150402940705284
0.149063719265065
0.147741464936931
0.146437288080286
0.145152245592369
0.143887343002867
0.142643536637107
0.141421735814851
0.140222805051887
0.139047566232075
0.137896800718313
0.136771251372047
0.1356716244524
0.134598591367793
0.133552790255068
0.132534827363501
0.131545278223805
0.130584688585166
0.129653575106526
0.128752425791707
0.12788170016148
0.127041829159361
0.126233214791622
0.125456229505773
0.124711215315531
0.12399848268398
0.12331830918022
0.122670937928238
0.12205657586999
0.121475391867694
0.120927514673039
0.120413030793468
0.119931982287725
0.119484364524552
0.119070123939718
0.118689155827397
0.118341302202355
0.118026349769365
0.117744028035826
0.117494007602617
0.117275898666898
0.117089249768789
0.11693354681171
0.116808212383623
0.116712605403561
0.116646021114646
0.116607691441372
0.11659678572528
0.116612411849311
0.116653617757199
0.11671939337021
0.116808672899514
0.116920337548416
0.117053218594761
0.117206100839955
0.117377726407416
0.117566798869795
0.117771987681103
0.117991932886972
0.118225250083661
0.118470535594158
0.118726371827836
0.118991332788585
0.119263989695223
0.119542916677257
0.119826696508701
0.12011392634273
0.120403223410367
0.120693230647179
0.120982622213106
0.121270108871994
0.12155444319913
0.121834424587116
0.122108904022596
0.122376788608824
0.122637045811587
0.122888707408711
0.123130873126129
0.123362713946295
0.123583475077509
0.123792478575512
0.123989125611354
0.124172898382174
0.124343361663928
0.124500164007443
0.124643038581241
0.124771803666512
0.124886362811296
0.124986704652377
0.12507290241465
0.125145113098695
0.125203576368031
0.125248613148082
0.125280623949159
0.125300086925886
0.125307555685395
0.125303656856355
0.125289087430525
0.125264611887952
0.125231059116367
0.125189319134626
0.125140339629336
0.125085122313107
0.12502471911215
0.124960228190333
0.124892789816255
0.124823582079431
0.124753816461411
0.12468473326747
0.124617596924546
0.124553691151311
0.124494314006654
0.124440772823483
0.124394379035571
0.124356442906178
0.12432826816844
0.12431114658889
0.124306352467078
0.124315137085987
0.124338723129777
0.124378299087365
0.124435013662342
0.124509970211766
0.124604221238404
0.124718762962976
0.124854530004796
0.125012390200993
0.12519313959601
0.125397497634438
0.125626102591286
0.125879507274579
0.126158175035548
0.126462476121777
0.126792684408253
0.127148974540531
0.127531419522945
0.127939988783142
0.128374546742033
0.128834851915668
0.129320556572426
0.129831206965451
0.130366244156309
0.130925005441529
0.131506726389061
0.132110543486687
0.132735497399248
0.133380536826099
0.134044522944702
0.134726234420625
0.135424372958634
0.136137569363994
0.136864390077761
0.137603344144626
0.138352890567048
0.139111445994899
0.139877392695779
0.140649086747605
0.141424866392096
0.142203060485374
0.142981996980218
0.143760011373463
0.144535455051798
0.145306703469658
0.146072164094148
0.146830284053959
0.147579557431957
0.148318532144616
0.149045816355646
0.149760084375994
0.150460082007799
0.151144631295887
0.151812634656771
0.152463078361976
0.153095035359581
0.153707667425216
0.154300226641148
0.154872056209557
0.155422590613426
0.15595135514562
0.15645796483362
0.156942122793809
0.157403618055244
0.157842322898249
0.158258189757958
0.158651247747014
0.159021598854897
0.159369413883876
0.159694928183107
0.159998437243207
0.160280292213375
0.16054089540209
0.160780695820432
0.161000184824245
0.161199891907707
0.161380380696467
0.161542245183377
0.161686106244137
0.161812608463841
0.161922417298739
0.162016216590418
0.162094706442318
0.162158601461069
0.162208629357683
0.162245529896317
0.1622700541712
0.162282964185535
0.162285032699865
0.162277043311569
0.162259790722037
0.162234081143592
0.162200732794635
0.162160576428679
0.162114455841118
0.162063228296629
0.162007764820197
0.161948950295802
0.161887683318828
0.161824875751237
0.161761451932492
0.161698347503956
0.161636507810124
0.161576885846375
0.161520439729893
0.161468129677992
0.161420914486022
0.161379747505381
0.161345572130711
0.161319316813946
0.161301889631533
0.161294172439561
0.161297014659688
0.161311226746547
0.161337573394508
0.161376766548318
0.161429458287991
0.161496233663383
0.161577603558048
0.161673997665112
0.161785757660105
0.161913130656715
0.162056263031455
0.162215194702078
0.162389853942386
0.162580052812718
0.162785483281082
0.163005714104508
0.163240188533879
0.163488222898334
0.163749006117374
0.164021600180126
0.164304941622025
0.164597844019443
0.164899001512741
0.165206993357974
0.165520289497026
0.165837257125653
0.166156168228658
0.16647520804146
0.166792484387794
0.167106037834155
0.16741385259318
0.167713868100348
0.168003991181405
0.168282108721771
0.168546100743974
0.168793853794883
0.169023274541282
0.169232303470089
0.169418928588336
0.169581199017903
0.169717238380834
0.169825257872979
0.169903568926474
0.169950595365364
0.169964884963194
0.169945120316798
0.169890128956542
0.169798892620009
0.169670555623278
0.169504432271702
0.169300013260054
0.169056971020257
0.168775163983365
0.168454639731041
0.168095637020325
0.167698586673957
0.167264111336857
0.166793024107434
0.166286326060153
0.165745202683283
0.165171019262683
0.164565315249126
0.163929797652693
0.163266333513354
0.162576941501887
0.161863782709753
0.161129150690491
0.160375460818557
0.159605239034357
0.158821110046512
0.158025785064156
0.157222049133335
0.156412748152318
0.155600775641005
0.15478905933946
0.153980547710097
0.153178196417154
0.15238495485583
0.151603752801914
0.150837487250817
0.15008900951282
0.149361112628894
0.148656519168834
0.147977869470581
0.147327710376522
0.146708484519321
0.146122520206397
0.145572021948561
0.145059061674579
0.144585570669528
0.144153332270781
0.143763975351286
0.143418968615564
0.14311961572941
0.142867051299879
0.142662237717526
0.142505962868283
0.142398838717687
0.142341300765488
0.14233360836394
0.142375845888451
0.142467924744586
0.142609586190885
0.142800404952505
0.143039793596323
0.143327007634057
0.143661151315903
0.144041184073546
0.144465927567856
0.144934073293447
0.145444190689403
0.145994735702979
0.146584059750941
0.147210419021469
0.147871984058269
0.148566849567566
0.149293044388277
0.150048541565584
0.150831268468586
0.151639116893557
0.152469953095612
0.153321627693314
0.154191985392778
0.155078874480343
0.155980156035608
0.156893712819743
0.157817457797317
0.158749342253467
0.159687363471976
0.16062957194373
0.161574078079008
0.162519058401114
0.163462761202887
0.164403511651667
0.16533971633222
0.166269867220959
0.16719254508848
0.168106422330938
0.169010265234095
0.169902935676922
0.170783392284507
0.171650691042552
0.172503985388083
0.173342525793032
0.174165658859119
0.174972825944004
0.175763561339941
0.176537490027235
0.177294325025615
0.178033864367322
0.178755987716149
0.179460652657074
0.180147890681305
0.180817802891751
0.181470555453997
0.182106374817925
0.182725542735189
0.183328391097774
0.183915296623022
0.184486675410569
0.185042977396902
0.185584680733462
0.186112286114543
0.186626311081643
0.187127284331353
0.187615740054369
0.188092212333719
0.188557229630848
0.18901130938871
0.1894549527815
0.189888639641085
0.190312823590484
0.190727927414963
0.191134338701306
0.191532405775665
0.191922433969983
0.192304682246333
0.192679360207556
0.193046625521349
0.193406581783363
0.193759276842937
0.194104701612848
0.194442789381779
0.194773415645258
0.195096398467462
0.195411499382599
0.19571842484064
0.196016828197864
0.196306312248205
0.196586432286646
0.196856699691052
0.197116586003814
0.197365527489665
0.197602930140959
0.19782817509677
0.198040624437291
0.198239627310387
0.198424526342779
0.198594664284272
0.198749390829748
0.198888069560458
0.199010084943385
0.199114849325282
0.199201809856412
0.199270455278043
0.199320322507467
0.199351002954683
0.199362148505966
0.199353477111312
0.19932477791522
0.199275915873411
0.19920683580189
0.199117565809179
0.199008220067571
0.198879000884794
0.198730200043511
0.198562199382543
0.198375470600487
0.19817057426952
0.19794815805444
0.197708954139434
0.197453775872519
0.197183513645011
0.196899130030703
0.196601654216528
0.196292175763299
0.195971837741623
0.195641829294116
0.19530337768064
0.19495773986831
0.194606193732456
0.194250028938537
0.193890537578138
0.19352900463461
0.193166698355649
0.192804860611082
0.192444697314407
0.192087368986179
0.19173398153615
0.191385577339248
0.191043126677961
0.190707519620571
0.190379558400991
0.19005995036173
0.189749301516811
0.189448110786336
0.189156764948922
0.188875534352424
0.188604569417352
0.188343897961175
0.188093423365364
0.187852923600679
0.187622051119768
0.187400333619877
0.187187175672174
0.186981861208195
0.186783556847981
0.186591316048875
0.18640408404859
0.186220703571056
0.186039921258885
0.185860394791835
0.185680700646698
0.185499342450346
0.185314759874425
0.185125338017304
0.184929417216396
0.184725303231853
0.184511277740906
0.18428560908075
0.184046563176874
0.183792414593062
0.183521457638966
0.183232017471146
0.182922461123774
0.182591208405785
0.182236742602148
0.181857620918068
0.18145248460635
0.181020068719812
0.180559211432537
0.180068862875889
0.179548093437597
0.178996101474777
0.178412220394578
0.177795925059162
0.177146837474925
0.176464731729327
0.175749538142288
0.175001346602946
0.174220409066566
0.173407141190564
0.172562123092959
0.171686099221071
0.170779977322917
0.169844826518529
0.168881874473315
0.167892503680504
0.166878246864801
0.165840781524385
0.164781923633505
0.163703620532947
0.162607943040658
0.161497076819709
0.16037331304558
0.159239038419342
0.158096724577754
0.156948916955476
0.15579822315848
0.154647300911376
0.153498845644602
0.152355577790298
0.151220229858155
0.150095533364559
0.148984205689916
0.147888936940103
0.146812376888619
0.145757122076039
0.14472570314294
0.143720572471519
0.142744092209583
0.141798522748633
0.140886011725221
0.140008583611759
0.139168129959509
0.138366400352546
0.137604994127169
0.136885352906516
0.136208753995067
0.135576304672362
0.134988937419582
0.134447406106778
0.133952283162477
0.133503957741146
0.133102634897729
0.132748335772079
0.132440898779749
0.13217998179927
0.131965065339787
0.131795456666776
0.131670294857616
