-20,-3.13366265359457
-19.9726319874849,-3.12135964401827
-19.9452554313406,-3.10880019422062
-19.9178703496165,-3.09597943009868
-19.8904767603346,-3.08289306369772
-19.8630746814896,-3.0695374077996
-19.8356641310487,-3.05590938884421
-19.8082451269519,-3.0420065582436
-19.7808176871118,-3.0278271021496
-19.7533818294141,-3.01336984973517
-19.7259375717172,-2.99863428004644
-19.6984849318525,-2.98362052747853
-19.6710239276244,-2.96832938592212
-19.6435545768106,-2.95276231162024
-19.6160768971615,-2.93692142476672
-19.5885909064011,-2.92080950986811
-19.5610966222264,-2.9044300148811
-19.533594062308,-2.88778704912697
-19.5060832442895,-2.87088537997429
-19.4785641857882,-2.85373042827053
-19.4510369043948,-2.83632826249357
-19.4235014176737,-2.81868559158464
-19.3959577431628,-2.80080975641597
-19.3684058983737,-2.78270871983917
-19.3408459007917,-2.76439105525468
-19.3132777678759,-2.74586593363803
-19.2857015170594,-2.72714310895637
-19.258117165749,-2.70823290190773
-19.2305247313257,-2.68914618191663
-19.2029242311445,-2.66989434732294
-19.1753156825342,-2.65048930370576
-19.1476991027982,-2.6309434402915
-19.1200745092138,-2.61126960440407
-19.0924419190328,-2.59148107392655
-19.064801349481,-2.57159152775573
-19.0371528177591,-2.55161501424589
-19.0094963410417,-2.53156591765355
-18.9818319364784,-2.51145892261192
-18.954159621193,-2.49130897668205
-18.9264794122842,-2.47113125104606
-18.8987913268251,-2.45094109942748
-18.8710953818639,-2.43075401534301
-18.8433915944233,-2.41058558780949
-18.8156799815011,-2.39045145564933
-18.7879605600698,-2.37036726055585
-18.760233347077,-2.35034859909804
-18.7324983594454,-2.33041097386082
-18.7047556140726,-2.31056974393215
-18.6770051278316,-2.29084007496212
-18.6492469175705,-2.27123688903128
-18.6214810001127,-2.25177481457536
-18.5937073922567,-2.23246813662166
-18.5659261107768,-2.21333074759829
-18.5381371724224,-2.19437609898097
-18.5103405939187,-2.17561715404311
-18.4825363919661,-2.15706634197435
-18.4547245832409,-2.13873551362883
-18.4269051843949,-2.12063589915893
-18.3990782120559,-2.10277806778251
-18.3712436828271,-2.08517188992123
-18.343401613288,-2.06782650193593
-18.3155520199935,-2.05075027367084
-18.2876949194749,-2.0339507790029
-18.2598303282393,-2.01743476957527
-18.2319582627699,-2.00120815187587
-18.204078739526,-1.98527596780167
-18.1761917749432,-1.96964237882944
-18.1482973854332,-1.95431065389206
-18.1203955873842,-1.93928316103743
-18.0924863971605,-1.92456136292544
-18.0645698311031,-1.91014581619533
-18.0366459055292,-1.89603617471409
-18.0087146367327,-1.88223119669394
-17.9807760409841,-1.86872875564536
-17.9528301345304,-1.85552585511082
-17.9248769335953,-1.84261864710351
-17.8969164543794,-1.83000245415566
-17.8689487130601,-1.81767179486155
-17.8409737257914,-1.80562041278236
-17.8129915087046,-1.79384130856258
-17.7850020779077,-1.78232677509145
-17.7570054494857,-1.7710684355277
-17.729001639501,-1.76005728399175
-17.7009906639928,-1.74928372871657
-17.6729725389777,-1.73873763743645
-17.6449472804495,-1.72840838478219
-17.6169149043792,-1.71828490144179
-17.5888754267153,-1.70835572483703
-17.5608288633836,-1.69860905105933
-17.5327752302876,-1.68903278780195
-17.504714543308,-1.67961460802084
-17.4766468183033,-1.67034200405257
-17.4485720711096,-1.6612023419155
-17.4204903175407,-1.65218291551884
-17.392401573388,-1.64327100050448
-17.3643058544209,-1.63445390744774
-17.3362031763865,-1.62571903414582
-17.3080935550099,-1.61705391672696
-17.2799770059942,-1.60844627931872
-17.2518535450204,-1.59988408202071
-17.2237231877476,-1.59135556693596
-17.1955859498131,-1.58284930202451
-17.1674418468322,-1.57435422255508
-17.1392908943986,-1.56585966994334
-17.1111331080843,-1.55735542778023
-17.0829685034396,-1.54883175487006
-17.0547970959931,-1.54027941511596
-17.0266189012518,-1.53168970410923
-16.9984339347015,-1.52305447230044
-16.9702422118063,-1.51436614465138
-16.942043748009,-1.50561773669061
-16.9138385587309,-1.49680286691965
-16.8856266593723,-1.48791576554146
-16.857408065312,-1.47895127950935
-16.8291827919078,-1.4699048739204
-16.8009508544963,-1.4607726298042
-16.7727122683929,-1.4515512383845
-16.7444670488922,-1.44223799191777
-16.7162152112677,-1.43283077123879
-16.6879567707719,-1.42332803016858
-16.6596917426368,-1.4137287769643
-16.631420142073,-1.40403255301386
-16.6031419842709,-1.39423940899928
-16.5748572843999,-1.38434987877236
-16.5465660576087,-1.37436495120428
-16.5182683190257,-1.36428604028523
-16.4899640837583,-1.35411495376356
-16.4616533668937,-1.34385386062369
-16.4333361834987,-1.33350525770931
-16.4050125486195,-1.32307193580234
-16.3766824772821,-1.31255694546979
-16.3483459844921,-1.30196356298823
-16.3200030852349,-1.29129525665054
-16.2916537944757,-1.28055565375178
-16.2632981271597,-1.26974850853929
-16.2349360982118,-1.25887767139828
-16.206567722537,-1.24794705952723
-16.1781930150201,-1.23696062933772
-16.1498119905263,-1.22592235079167
-16.1214246639008,-1.21483618386455
-16.0930310499687,-1.20370605729792
-16.0646311635357,-1.19253584977651
-16.0362250193875,-1.1813293736371
-16.0078126322903,-1.17009036118662
-15.9793940169906,-1.15882245367726
-15.9509691882152,-1.1475291929559
-15.9225381606715,-1.13621401577588
-15.8941009490475,-1.12488025072923
-15.8656575680116,-1.11353111772949
-15.8372080322128,-1.10216972994828
-15.8087523562811,-1.09079909808272
-15.7802905548268,-1.0794221368077
-15.7518226424412,-1.06804167324515
-15.7233486336964,-1.05666045726332
-15.6948685431453,-1.04528117340221
-15.6663823853218,-1.03390645420794
-15.6378901747408,-1.02253889474677
-15.6093919258981,-1.01118106806196
-15.5808876532707,-0.99983554133102
-15.5523773713166,-0.988504892478364
-15.523861094475,-0.977191726999052
-15.4953388371664,-0.965898694752298
-15.4668106137924,-0.95462850648952
-15.4382764387361,-0.943383949890055
-15.409736326362,-0.932167904888342
-15.3811902910157,-0.920983358089433
-15.3526383470246,-0.90983341608429
-15.3240805086975,-0.89872131749296
-15.2955167903246,-0.887650443581286
-15.266947206178,-0.876624327316044
-15.2383717705113,-0.865646660742733
-15.2097904975597,-0.854721300590956
-15.1812034015404,-0.843852272032525
-15.1526104966522,-0.833043770538218
-15.1240117970759,-0.82230016179923
-15.0954073169741,-0.811625979699233
-15.0667970704913,-0.801025922342024
-15.0381810717543,-0.790504846157845
-15.0095593348714,-0.780067758128432
-14.9809318739336,-0.769719806186821
-14.9522987030137,-0.759466267862031
-14.9236598361666,-0.749312537252063
-14.8950152874297,-0.739264110419604
-14.8663650708226,-0.729326569315084
-14.8377092003471,-0.719505564339514
-14.8090476899876,-0.709806795666601
-14.7803805537107,-0.700235993448388
-14.7517078054655,-0.690798897032483
-14.7230294591839,-0.681501233321178
-14.6943455287801,-0.67234869440367
-14.665656028151,-0.663346914592246
-14.6369609711761,-0.654501446992242
-14.6082603717176,-0.64581773973315
-14.5795542436206,-0.637301111985245
-14.550842600713,-0.628956729882642
-14.5221254568053,-0.620789582469314
-14.4934028256911,-0.612804457780065
-14.464674721147,-0.605005919163904
-14.4359411569325,-0.597398281951982
-14.4072021467901,-0.589985590567618
-14.3784577044454,-0.582771596170907
-14.3497078436071,-0.575759734925764
-14.3209525779672,-0.568953106972593
-14.2921919212009,-0.562354456185801
-14.2634258869666,-0.555966150791189
-14.234654488906,-0.549790164914658
-14.2058777406441,-0.543828061130462
-14.1770956557896,-0.538080974074074
-14.1483082479343,-0.532549595181923
-14.1195155306537,-0.527234158617951
-14.0907175175068,-0.52213442844424
-14.0619142220362,-0.517249687090924
-14.0331056577681,-0.51257872517834
-14.0042918382124,-0.508119832742086
-13.9754727768627,-0.50387079190935
-13.9466484871965,-0.499828871072438
-13.9178189826749,-0.495990820602653
-13.888984276743,-0.492352870144657
-13.8601443828299,-0.488910727528133
-13.8312993143484,-0.485659579329806
-13.8024490846956,-0.482594093114646
-13.7735937072523,-0.479708421380433
-13.7447331953836,-0.476996207224833
-13.7158675624388,-0.474450591748351
-13.6869968217511,-0.472064223200654
-13.6581209866383,-0.469829267871109
-13.6292400704022,-0.467737422717573
-13.6003540863289,-0.465779929720135
-13.571463047689,-0.463947591939
-13.5425669677374,-0.462230791247904
-13.5136658597135,-0.460619507706593
-13.4847597368411,-0.459103340527761
-13.4558486123287,-0.457671530586083
-13.4269324993692,-0.456312984408992
-13.3980114111401,-0.455016299581249
-13.3690853608039,-0.453769791488106
-13.3401543615073,-0.452561521314831
-13.3112184263823,-0.451379325213907
-13.2822775685451,-0.450210844545378
-13.2533318010973,-0.44904355709042
-13.224381137125,-0.44786480913351
-13.1954255896995,-0.446661848304828
-13.1664651718768,-0.445421857071153
-13.1374998966982,-0.444131986761008
-13.1085297771897,-0.442779392008468
-13.0795548263628,-0.441351265498604
-13.0505750572139,-0.439834872897862
-13.0215904827246,-0.43821758785278
-12.9926011158618,-0.436486926941747
-12.9636069695777,-0.434630584466301
-12.9346080568098,-0.432636466970536
-12.9056043904807,-0.430492727380102
-12.8765959834989,-0.428187798655227
-12.8475828487579,-0.425710426855566
-12.818564999137,-0.423049703518313
-12.7895424475007,-0.42019509725462
-12.7605152066995,-0.417136484473197
-12.7314832895691,-0.413864179143452
-12.7024467089312,-0.410368961514401
-12.6734054775929,-0.406642105708585
-12.6443596083473,-0.402675406113811
-12.615309113973,-0.39846120249808
-12.5862540072349,-0.393992403775968
-12.5571943008832,-0.389262510356808
-12.5281300076545,-0.384265635007143
-12.4990611402709,-0.37899652216165
-12.469987711441,-0.373450565618047
-12.440909733859,-0.367623824552936
-12.4118272202054,-0.361513037796321
-12.3827401831468,-0.355115636303854
-12.353648635336,-0.34842975376651
-12.3245525894118,-0.341454235298613
-12.2954520579995,-0.334188644146263
-12.2663470537106,-0.326633266359789
-12.2372375891429,-0.318789113375406
-12.2081236768806,-0.31065792245407
-12.1790053294942,-0.302242154927825
-12.1498825595408,-0.293544992208052
-12.1207553795641,-0.284570329513887
-12.091623802094,-0.275322767284628
-12.0624878396472,-0.26580760024568
-12.0333475047271,-0.25603080410491
-12.0042028098236,-0.245999019864044
-11.9750537674133,-0.235719535738937
-11.9459003899596,-0.225200266692585
-11.9167426899126,-0.214449731595657
-11.8875806797095,-0.203477028041473
-11.858414371774,-0.192291804855138
-11.8292437785169,-0.180904232350318
-11.8000689123359,-0.169324970401416
-11.7708897856158,-0.157565134414003
-11.7417064107281,-0.145636259291798
-11.7125188000319,-0.133550261514035
-11.6833269658728,-0.121319399453117
-11.654130920584,-0.108956232078011
-11.6249306764857,-0.096473576204481
-11.5957262458854,-0.0838844624681592
-11.5665176410778,-0.0712020902109991
-11.5373048743449,-0.0584397814848963
-11.5080879579561,-0.0456109343889786
-11.4788669041683,-0.032728975967963
-11.4496417252255,-0.0198073149087961
-11.4204124333595,-0.00685929428085075
-11.3911790407895,0.00610185542884878
-11.3619415597221,0.0190630627295505
-11.3327000023517,0.0320114607317947
-11.3034543808602,0.0449344316852773
-11.2742047074173,0.0578196501936965
-11.2449509941802,0.0706551248548557
-11.215693253294,0.0834292380812194
-11.1864314968915,0.0961307838651848
-11.1571657370935,0.108749003264474
-11.1278959860083,0.121273617396682
-11.0986222557325,0.133694857747603
-11.0693445583504,0.146003493615492
-11.0400629059344,0.158190856532858
-11.0107773105448,0.170248861528517
-10.9814877842302,0.182170025115038
-10.9521943390268,0.193947479910641
-10.9228969869596,0.205574985829379
-10.8935957400412,0.217046937798909
-10.8642906102728,0.228358369991291
-10.8349816096437,0.239504956578717
-10.8056687501314,0.250483009051983
-10.7763520437018,0.261289470165966
-10.7470315023093,0.271921904601388
-10.7177071378965,0.282378486456892
-10.6883789623947,0.292657983709002
-10.6590469877234,0.302759739799495
-10.6297112257907,0.312683652530531
-10.6003716884934,0.322430150466605
-10.5710283877169,0.332000167059253
-10.5416813353349,0.341395112725436
-10.5123305432102,0.350616845122889
-10.4829760231941,0.359667637876086
-10.4536177871267,0.368550148014183
-10.4242558468368,0.377267382387764
-10.3948902141421,0.385822663333936
-10.3655209008493,0.394219593859763
-10.3361479187536,0.402462022611914
-10.3067712796397,0.410554008895893
-10.2773909952808,0.418499788001601
-10.2480070774393,0.426303737082765
-10.2186195378667,0.43397034182706
-10.1892283883036,0.441504164140625
-10.1598336404795,0.448909811056247
-10.1304353061134,0.456191905058127
-10.1010333969132,0.463355055998939
-10.0716279245763,0.470403834765971
-10.0422189007892,0.477342748833959
-10.0128063372277,0.484176219821698
-9.98339024555708,0.490908563149102
-9.95397063743195,0.497543969870247
-9.92454752449634,0.504086490737183
-9.89512091838374,0.510540022528183
-9.86569083071714,0.516908296653945
-9.83625727310909,0.523194870035166
-9.80682025716168,0.529403118225709
-9.77737979446663,0.5355362307373
-9.74793589660531,0.541597208504275
-9.71848857514876,0.547588863410812
-9.68903784165775,0.553513819787849
-9.65958370768281,0.55937451777358
-9.63012618476427,0.565173218418746
-9.60066528443226,0.570912010407483
-9.57120101820681,0.57659281825482
-9.54173339759785,0.58221741183424
-9.51226243410521,0.587787417082328
-9.48278813921876,0.593304327722596
-9.45331052441833,0.598769517847153
-9.42382960117383,0.604184255193047
-9.39434538094523,0.609549714949328
-9.36485787518265,0.614866993931699
-9.33536709532634,0.620137124963573
-9.30587305280675,0.625361091305624
-9.27637575904458,0.630539840980006
-9.24687522545076,0.635674300841011
-9.21737146342656,0.640765390250031
-9.18786448436355,0.645814034219942
-9.1583542996437,0.650821175901946
-9.12884092063938,0.655787788296614
-9.09932435871339,0.660714885080132
-9.06980462521904,0.665603530446536
-9.04028173150013,0.670454847877131
-9.01075568889102,0.675270027758859
-8.98122650871666,0.680050333784411
-8.95169420229262,0.684797108078154
-8.92215878092513,0.689511775003275
-8.89262025591111,0.694195843617081
-8.86307863853819,0.698850908753002
-8.83353394008481,0.70347865071918
-8.80398617182018,0.708080833615217
-8.77443534500434,0.712659302279697
-8.7448814708882,0.717215977892334
-8.71532456071359,0.721752852265311
-8.68576462571327,0.726271980869022
-8.65620167711099,0.73077547464732
-8.62663572612148,0.735265490687389
-8.59706678395054,0.739744221818221
-8.56749486179505,0.744213885220773
-8.53791997084298,0.748676710140597
-8.50834212227348,0.753134924801547
-8.47876132725688,0.757590742625762
-8.4491775969547,0.762046347871365
-8.41959094251975,0.766503880804489
-8.39000137509612,0.77096542252692
-8.36040890581921,0.775432979584266
-8.33081354581579,0.77990846848239
-8.30121530620402,0.784393700241701
-8.27161419809347,0.78889036512011
-8.24201023258521,0.793400017635268
-8.21240342077178,0.797924062016044
-8.18279377373724,0.802463738211237
-8.15318130255724,0.807020108580854
-8.12356601829902,0.811594045391491
-8.09394793202145,0.816186219232698
-8.06432705477507,0.820797088465849
-8.03470339760213,0.825426889810309
-8.00507697153659,0.830075630164732
-7.97544778760421,0.834743079753128
-7.94581585682254,0.839428766676509
-7.91618119020098,0.844131972941561
-7.88654379874078,0.84885173202764
-7.85690369343511,0.85358682804257
-7.82726088526908,0.858335796506839
-7.79761538521977,0.863096926794061
-7.76796720425628,0.867868266243608
-7.73831635333975,0.872647625949462
-7.70866284342336,0.877432588216784
-7.67900668545246,0.882220515665527
-7.6493478903645,0.887008561948043
-7.61968646908911,0.891793684035449
-7.59002243254814,0.896572656015639
-7.56035579165568,0.901342084333947
-7.53068655731811,0.906098424396497
-7.5010147404341,0.910837998445196
-7.47134035189467,0.915557014603301
-7.44166340258323,0.920251586980886
-7.41198390337559,0.924917756720635
-7.38230186514,0.929551513856413
-7.35261729873719,0.934148819849941
-7.32293021502042,0.938705630664586
-7.29324062483547,0.943217920230076
-7.26354853902072,0.947681704147826
-7.23385396840712,0.952093063483357
-7.20415692381832,0.95644816849029
-7.17445741607061,0.960743302109652
-7.14475545597299,0.964974883088459
-7.11505105432721,0.96913948856292
-7.08534422192781,0.973233875954541
-7.05563496956212,0.977255004030912
-7.02592330801032,0.981200052987987
-6.99620924804545,0.985066443416979
-6.96649280043349,0.988851854025622
-6.93677397593332,0.992554237992227
-6.90705278529682,0.996171837839704
-6.87732923926888,0.999703198726909
-6.84760334858741,1.00314718006551
-6.8178751239834,1.00650296538202
-6.78814457618094,1.00977007035703
-6.75841171589726,1.01294834898625
-6.72867655384277,1.01603799782137
-6.69893910072106,1.01903955826207
-6.66919936722897,1.02195391688427
-6.63945736405659,1.02478230380379
-6.60971310188734,1.02752628908793
-6.57996659139794,1.03018777724135
-6.55021784325848,1.03276899980616
-6.52046686813247,1.03527250612856
-6.49071367667682,1.03770115235725
-6.46095827954192,1.0400580887504
-6.43120068737163,1.04234674537903
-6.40144091080336,1.04457081632491
-6.37167896046807,1.04673424248023
-6.34191484699031,1.04884119306477
-6.31214858098825,1.05089604598324
-6.2823801730737,1.05290336715163
-6.25260963385219,1.05486788892625
-6.22283697392294,1.05679448777282
-6.19306220387892,1.05868816131524
-6.1632853343069,1.06055400490502
-6.13350637578745,1.06239718785231
-6.10372533889498,1.06422292945808
-6.0739422341978,1.06603647498491
-6.04415707225812,1.06784307170016
-6.01436986363208,1.06964794512099
-5.98458061886981,1.07145627558526
-5.95478934851543,1.07327317526602
-5.9249960631071,1.07510366574056
-5.89520077317707,1.07695265621704
-5.86540348925165,1.07882492251395
-5.83560422185132,1.08072508687893
-5.8058029814907,1.0826575987248
-5.77599977867862,1.08462671635175
-5.74619462391812,1.08663648971563
-5.71638752770652,1.0886907442937
-5.6865785005354,1.09079306609016
-5.65676755289069,1.09294678781612
-5.62695469525265,1.09515497627021
-5.59713993809595,1.09742042093912
-5.56732329188965,1.0997456238306
-5.53750476709727,1.10213279054502
-5.50768437417679,1.10458382258665
-5.47786212358073,1.10710031091106
-5.44803802575613,1.10968353070086
-5.41821209114461,1.11233443735938
-5.38838433018238,1.11505366370924
-5.3585547533003,1.11784151838095
-5.32872337092389,1.12069798537621
-5.29889019347337,1.12362272478959
-5.26905523136367,1.12661507467301
-5.23921849500451,1.12967405402759
-5.20937999480036,1.13279836690885
-5.17953974115056,1.13598640763217
-5.14969774444926,1.13923626706695
-5.1198540150855,1.14254574000934
-5.09000856344326,1.14591233362473
-5.06016139990145,1.14933327695235
-5.03031253483394,1.15280553146505
-5.00046197860964,1.15632580267786
-4.97060974159245,1.15989055279871
-4.94075583414139,1.16349601441386
-4.91090026661054,1.16713820519922
-4.88104304934914,1.1708129436464
-4.85118419270157,1.17451586578911
-4.82132370700742,1.17824244291188
-4.79146160260147,1.18198800021768
-4.76159788981378,1.18574773642562
-4.7317325789697,1.18951674426317
-4.70186568038987,1.19329003180954
-4.67199720439029,1.19706254463892
-4.64212716128235,1.20082918870291
-4.6122555613728,1.20458485388205
-4.58238241496388,1.20832443812606
-4.55250773235327,1.21204287209196
-4.52263152383414,1.21573514417831
-4.49275379969522,1.21939632584329
-4.46287457022076,1.2230215970833
-4.43299384569063,1.2266062719385
-4.40311163638031,1.23014582388184
-4.37322795256091,1.23363591093853
-4.34334280449926,1.23707240037491
-4.31345620245788,1.24045139278788
-4.28356815669501,1.24376924542013
-4.2536786774647,1.24702259452177
-4.22378777501679,1.25020837657532
-4.19389545959694,1.25332384820015
-4.16400174144667,1.25636660455238
-4.13410663080342,1.25933459603877
-4.10421013790053,1.26222614316766
-4.07431227296728,1.26503994936602
-4.04441304622898,1.26777511160098
-4.01451246790691,1.27043112865435
-3.98461054821842,1.27300790691197
-3.95470729737692,1.27550576354466
-3.92480272559192,1.27792542697414
-3.89489684306908,1.28026803453691
-3.86498966001021,1.28253512727897
-3.83508118661332,1.28472864183688
-3.80517143307264,1.28685089938429
-3.77526040957866,1.28890459164753
-3.74534812631815,1.29089276401989
-3.71543459347422,1.29281879583042
-3.68551982122626,1.29468637784984
-3.65560381975011,1.29649948714308
-3.62568659921795,1.29826235940454
-3.59576816979845,1.29997945893843
-3.56584854165669,1.30165544647185
-3.53592772495428,1.30329514501229
-3.50600572984935,1.30490350398448
-3.47608256649657,1.30648556190208
-3.4461582450472,1.30804640784926
-3.41623277564911,1.3095911420637
-3.38630616844682,1.31112483592722
-3.3563784335815,1.31265249168176
-3.32644958119107,1.3141790021973
-3.29651962141013,1.31570911112406
-3.26658856437006,1.31724737376412
-3.23665642019906,1.31879811899679
-3.20672319902209,1.32036541258842
-3.17678891096102,1.32195302221007
-3.14685356613457,1.32356438447633
-3.11691717465839,1.3252025743046
-3.08697974664504,1.32687027687805
-3.05704129220407,1.32856976247552
-3.02710182144202,1.3303028644096
-2.99716134446247,1.33207096028899
-2.96721987136606,1.33387495679465
-2.93727741225049,1.33571527812927
-2.9073339772106,1.33759185826977
-2.87738957633838,1.33950413711915
-2.84744421972299,1.34145106062151
-2.81749791745078,1.34343108486947
-2.78755067960536,1.34544218419879
-2.75760251626759,1.34748186323066
-2.72765343751562,1.34954717278765
-2.69770345342494,1.35163472957612
-2.66775257406839,1.353740739495
-2.63780080951616,1.35586102440021
-2.6078481698359,1.35799105212395
-2.57789466509268,1.36012596952122
-2.54794030534902,1.36226063828992
-2.51798510066497,1.36438967328861
-2.4880290610981,1.36650748305556
-2.45807219670353,1.36860831221531
-2.42811451753398,1.37068628544467
-2.39815603363977,1.37273545265882
-2.36819675506888,1.37474983506976
-2.33823669186698,1.37672347176452
-2.30827585407741,1.37865046644866
-2.27831425174127,1.38052503400158
-2.24835189489741,1.38234154649475
-2.21838879358248,1.3840945783309
-2.18842495783095,1.3857789501722
-2.15846039767514,1.38738977133803
-2.12849512314525,1.38892248036774
-2.09852914426939,1.39037288346127
-2.06856247107362,1.39173719052913
-2.03859511358195,1.39301204860418
-2.00862708181638,1.39419457239022
-1.97865838579698,1.39528237174505
-1.94868903554182,1.39627357592072
-1.9187190410671,1.39716685440811
-1.8887484123871,1.3979614342585
-1.85877715951427,1.39865711378026
-1.82880529245921,1.399254272534
-1.79883282123073,1.39975387757457
-1.76885975583587,1.40015748591282
-1.73888610627994,1.40046724319367
-1.70891188256651,1.40068587860979
-1.67893709469749,1.40081669609238
-1.64896175267313,1.40086356184067
-1.61898586649207,1.40083088827163
-1.58900944615133,1.4007236144895
-1.55903250164636,1.40054718339125
-1.52905504297111,1.40030751554007
-1.49907708011798,1.40001097995291
-1.46909862307792,1.39966436196083
-1.43911968184041,1.39927482831304
-1.40914026639353,1.39884988970541
-1.37916038672393,1.39839736092418
-1.34918005281695,1.39792531880342
-1.31919927465655,1.39744205820285
-1.2892180622254,1.39695604621864
-1.25923642550489,1.39647587484644
-1.22925437447518,1.39601021232066
-1.19927191911518,1.39556775335938
-1.16928906940264,1.39515716854812
-1.13930583531413,1.39478705310049
-1.1093222268251,1.39446587523666
-1.07933825390989,1.39420192442484
-1.04935392654177,1.39400325973379
-1.01936925469295,1.39387765854748
-0.989384248334652,1.39383256589601
-0.959398917437082,1.39387504465899
-0.92941327196951,1.39401172690019
-0.899427321900265,1.39424876659355
-0.869441077196772,1.39459179400205
-0.839454547825594,1.39504587197135
-0.809467743752448,1.39561545439985
-0.77948067494223,1.39630434714566
-0.749493351359064,1.3971156716286
-0.719505782966305,1.39805183138193
-0.689517979726584,1.39911448180339
-0.659529951601838,1.40030450334881
-0.629541708553331,1.4016219784032
-0.599553260541682,1.40306617205405
-0.569564617526903,1.40463551697961
-0.539575789468427,1.40632760265044
-0.509586786325133,1.40813916902626
-0.479597618055358,1.41006610491113
-0.449608294616961,1.41210345110909
-0.419618825967321,1.41424540849883
-0.389629222063384,1.41648535112013
-0.359639492861692,1.41881584433712
-0.329649648318396,1.4212286681128
-0.299659698389292,1.42371484539739
-0.269669653029862,1.42626467559916
-0.239679522195288,1.42886777307041
-0.209689315840489,1.43151311050469
-0.179699043920135,1.4341890671031
-0.149708716388705,1.43688348132876
-0.11971834320049,1.43958370802951
-0.0897279343096296,1.44227667966945
-0.0597374996701504,1.44494897137169
-0.0297470492359692,1.44758686943598
0.000243407039052625,1.45017644295911
0.030233859201088,1.45270361815018
0.0602242972963072,1.45515425490073
0.0902147113708826,1.45751422513884
0.120205091470909,1.45976949246963
0.150195427642424,1.46190619258041
0.18018570993134,1.46391071386901
0.210175928383444,1.46576977773763
0.240166073044348,1.46747051798367
0.270156133959476,1.46900055871188
0.300146101174013,1.47034809019089
0.330135964732917,1.47150194208065
0.360125714680835,1.472451653466
0.390115341062134,1.47318753914594
0.420104833920814,1.47370075164768
0.450094183300527,1.47398333845931
0.480083379244515,1.47402829400517
0.510072411795602,1.47382960592276
0.540061270996159,1.47338229524025
0.57004994688807,1.4726824500976
0.600038429512699,1.47172725270274
0.630026708910887,1.47051499926661
0.660014775122885,1.46904511271565
0.690002618188362,1.46731814803892
0.719990228146358,1.46533579018659
0.749977595035246,1.46310084449873
0.779964708892713,1.46061721970579
0.809951559755745,1.45788990360519
0.839938137660577,1.4549249315811
0.869924432642674,1.45172934819639
0.899910434736702,1.4483111621456
0.929896133976493,1.44467929491573
0.959881520395025,1.44084352355678
0.989866584024387,1.43681441801516
1.01985131489575,1.43260327353097
1.04983570303933,1.42822203864285
1.07981973848441,1.42368323938212
1.10980341125921,1.41899990027055
1.13978671139096,1.41418546276265
1.16976962890582,1.40925370179416
1.19975215382885,1.40421864111266
1.22973427618402,1.39909446807401
1.25971598599411,1.39389544858967
1.28969727328076,1.38863584290438
1.31967812806438,1.38332982287193
1.34965854036417,1.3779913913784
1.37963850019805,1.37263430453739
1.40961799758264,1.36727199725155
1.43959702253327,1.36191751269821
1.46957556506389,1.35658343625565
1.49955361518708,1.35128183434016
1.52953116291401,1.34602419857352
1.55950819825443,1.34082139564622
1.5894847112166,1.33568362318428
1.61946069180729,1.33062037186743
1.64943613003176,1.32564039398444
1.67941101589371,1.32075167854858
1.70938533939525,1.31596143303183
1.73935909053689,1.31127607171351
1.76933225931749,1.30670121057577
1.79930483573425,1.30224166861719
1.82927680978267,1.29790147539637
1.85924817145652,1.29368388456107
1.88921891074781,1.28959139306474
1.91918901764677,1.28562576572341
1.94915848214182,1.28178806472015
1.97912729421952,1.2780786836245
2.00909544386458,1.27449738545862
2.03906292105979,1.27104334431231
2.06902971578602,1.26771518998489
2.09899581802217,1.26451105511391
2.12896121774516,1.26142862423838
2.15892590492988,1.25846518423817
2.18888986954918,1.2556176755915
2.21885310157385,1.25288274389807
2.24881559097254,1.25025679112758
2.27877732771179,1.24773602607066
2.30873830175597,1.24531651349223
2.33869850306725,1.24299422151488
2.36865792160558,1.24076506679264
2.39861654732866,1.23862495707191
2.42857437019192,1.23656983077687
2.45853138014846,1.23459569329998
2.48848756714905,1.23269864972482
2.51844292114208,1.23087493375629
2.54839743207356,1.22912093268349
2.57835108988707,1.22743320825089
2.60830388452371,1.22580851336475
2.63825580592211,1.22424380461226
2.66820684401841,1.22273625062085
2.69815698874615,1.22128323633368
2.72810623003635,1.21988236332369
2.75805455781738,1.21853144631301
2.788001962015,1.21722850610509
2.81794843255232,1.21597175917573
2.84789395934974,1.21475960420248
2.87783853232493,1.21359060584243
2.90778214139283,1.21246347609435
2.93772477646559,1.2113770536022
2.96766642745256,1.21033028127394
2.99760708426023,1.20932218260136
3.02754673679224,1.20835183707375
3.05748537494931,1.20741835508063
3.08742298862926,1.20652085269642
3.11735956772694,1.20565842673258
3.14729510213421,1.20483013043205
3.17722958173992,1.20403495016452
3.20716299642988,1.20327178346221
3.23709533608679,1.20253941871252
3.26702659059028,1.20183651679756
3.29695674981683,1.20116159494178
3.32688580363977,1.200513012997
3.35681374192923,1.19988896236065
3.38674055455209,1.19928745768782
3.41666623137202,1.19870633152136
3.44659076224937,1.19814323192707
3.4765141370412,1.19759562318372
3.50643634560121,1.19706078954045
3.53635737777974,1.19653584201741
3.56627722342373,1.19601772818975
3.59619587237668,1.19550324486086
3.62611331447862,1.19498905349796
3.65602953956611,1.19447169827263
3.68594453747217,1.19394762652028
3.71585829802627,1.19341321140703
3.74577081105432,1.19286477656893
3.77568206637858,1.19229862246869
3.80559205381771,1.19171105419763
3.83550076318666,1.19109841043667
3.86540818429672,1.19045709327936
3.89531430695542,1.18978359861222
3.92521912096653,1.18907454674342
3.95512261613005,1.18832671296936
3.98502478224213,1.18753705777058
4.01492560909508,1.18670275633312
4.04482508647734,1.18582122709897
4.07472320417343,1.18489015905936
4.10461995196394,1.18390753751732
4.13451531962547,1.18287166806063
4.16440929693062,1.18178119850355
4.19430187364797,1.18063513857382
4.22419303954204,1.1794328771424
4.25408278437324,1.17817419681453
4.28397109789787,1.17685928572369
4.31385796986808,1.17548874639353
4.34374339003182,1.17406360155713
4.37362734813286,1.17258529684774
4.4035098339107,1.17105570029959
4.43339083710056,1.16947709862272
4.46327034743338,1.16785219023996
4.49314835463575,1.16618407509867
4.5230248484299,1.16447624129342
4.55289981853366,1.16273254855871
4.58277325466045,1.16095720871311
4.6126451465192,1.15915476315697
4.64251548381439,1.15733005754644
4.67238425624596,1.15548821378482
4.70225145350932,1.15363459949045
4.73211706529529,1.15177479511615
4.76198108129007,1.1499145589109
4.79184349117525,1.14805978992713
4.82170428462773,1.1462164892901
4.85156345131971,1.14439071995602
4.88142098091866,1.14258856519505
4.9112768630873,1.14081608604338
4.94113108748355,1.13907927797496
4.97098364376048,1.13738402704864
5.00083452156635,1.1357360657903
5.03068371054452,1.13414092907201
5.06053120033342,1.13260391025128
5.09037698056653,1.13113001783362
5.1202210408724,1.12972393292003
5.1500633708745,1.12838996769875
5.17990396019133,1.12713202523673
5.20974279843626,1.12595356082162
5.23957987521762,1.12485754509915
5.26941518013855,1.12384642924374
5.29924870279708,1.12292211239238
5.32908043278599,1.12208591156251
5.35891035969289,1.12133853426502
5.38873847310009,1.12068005401234
5.41856476258463,1.12010988890943
5.44838921771824,1.11962678350336
5.4782118280673,1.11922879405259
5.50803258319279,1.118913277363
5.53785147265029,1.11867688332195
5.56766848598995,1.11851555124517
5.59748361275643,1.11842451013427
5.62729684248889,1.1183982829243
5.65710816472096,1.11843069478201
5.68691756898067,1.11851488549578
5.71672504479049,1.11864332597791
5.74653058166725,1.1188078388784
5.7763341691221,1.11899962328823
5.80613579666052,1.11920928348725
5.83593545378223,1.11942686166933
5.86573312998124,1.1196418745538
5.89552881474573,1.119843353769
5.92532249755808,1.12001988986944
5.95511416789483,1.12015967982468
5.98490381522661,1.12025057779342
6.01469142901816,1.12028014897326
6.04447699872825,1.12023572629256
6.07426051380969,1.12010446968816
6.10404196370928,1.11987342769044
6.13382133786776,1.11952960101558
6.16359862571982,1.11906000784469
6.19337381669404,1.11845175045022
6.22314690021285,1.11769208281244
6.25291786569252,1.11676847885268
6.28268670254312,1.11566870089604
6.31245340016849,1.11438086796389
6.3422179479662,1.11289352348711
6.37198033532752,1.11119570202322
6.4017405516374,1.10927699455616
6.43149858627443,1.10712761195549
6.4612544286108,1.10473844617264
6.49100806801227,1.10210112875627
6.52075949383817,1.0992080862758
6.55050869544131,1.09605259225271
6.58025566216799,1.09262881521321
6.61000038335796,1.08893186249268
6.63974284834438,1.08495781944293
6.66948304645379,1.08070378371675
6.6992209670061,1.0761678943311
6.7289565993145,1.07134935523986
6.7586899326855,1.06624845317998
6.78842095641883,1.06086656958992
6.81814965980746,1.05520618643688
6.84787603213755,1.04927088582975
6.87760006268841,1.04306534333563
6.90732174073246,1.03659531496199
6.93704105553523,1.02986761781015
6.96675799635529,1.02289010445197
6.99647255244424,1.01567163112661
7.02618471304668,1.00822201990068
7.05589446740017,1.00055201498011
7.08560180473516,0.992673233406848
7.11530671427503,0.98459811041684
7.14500918523602,0.976339839777562
7.17470920682719,0.967912309462861
7.20440676825038,0.959330033060279
7.23410185870023,0.950608077340366
7.26379446736405,0.941761986448505
7.2934845834219,0.932807703207796
7.32317219604647,0.923761488045077
7.35285729440309,0.914639836072155
7.3825398676497,0.905459392869886
7.41221990493679,0.896236869533642
7.44189739540737,0.886988957545288
7.47157232819697,0.877732244038668
7.50124469243356,0.868483128022525
7.53091447723756,0.85925773811724
7.56058167172177,0.850071852349718
7.59024626499136,0.840940820533547
7.61990824614384,0.831879489740913
7.649567604269,0.822902133347018
7.67922432844891,0.814022384098678
7.70887840775785,0.805253171625854
7.73852983126232,0.79660666477853
7.76817858802096,0.78809421913223
7.79782466708455,0.779726329963434
7.82746805749596,0.77151259095238
7.85710874829014,0.763461658824642
7.88674672849404,0.755581224095888
7.91638198712661,0.74787798803607
7.94601451319878,0.740357645920859
7.97564429571339,0.73302487658966
8.00527132366517,0.725883338281374
8.03489558604072,0.718935670672195
8.06451707181845,0.71218350299371
8.09413576996858,0.705627468065543
8.12375166945307,0.699267222034852
8.1533647592256,0.693101469575396
8.18297502823154,0.687127994262266
8.21258246540794,0.681343693804436
8.24218705968343,0.67574461978742
8.27178879997825,0.670326021550991
8.30138767520418,0.66508239380434
8.33098367426452,0.660007527561596
8.36057678605406,0.655094563965495
8.39016699945903,0.650336050555843
8.41975430335708,0.645723999532276
8.44933868661722,0.641249947557657
8.47892013809982,0.636905016649376
8.50849864665657,0.632679975710584
8.53807420113041,0.62856530226167
8.56764679035554,0.624551243944641
8.59721640315736,0.620627879388092
8.62678302835244,0.616785178039279
8.65634665474849,0.613013058591111
8.68590727114431,0.609301445655909
8.71546486632977,0.605640324364149
8.7450194290858,0.602019792594906
8.77457094818428,0.598430110574466
8.80411941238808,0.594861747611354
8.83366481045099,0.591305425768113
8.86320713111769,0.587752160303594
8.89274636312372,0.584193296752609
8.92228249519544,0.580620544543549
8.95181551604999,0.577026007087593
8.98134541439528,0.573402208305414
9.0108721789299,0.5697421155892
9.04039579834316,0.566039159227849
9.06991626131499,0.562287248351996
9.09943355651592,0.558480783482832
9.12894767260708,0.554614665793512
9.15845859824013,0.550684303215043
9.18796632205722,0.546685613539125
9.21747083269098,0.542615024688345
9.24697211876446,0.538469472339987
9.27647016889111,0.534246395102116
9.30596497167475,0.529943727450988
9.33545651570951,0.525559890645969
9.36494478957981,0.521093781842737
9.39442978186032,0.516544761627284
9.42391148111594,0.511912640192367
9.45338987590175,0.507197662374654
9.48286495476294,0.502400491764718
9.51233670623485,0.497522194093857
9.54180511884287,0.49256422009136
9.57127018110243,0.487528387993162
9.60073188151895,0.482416865868991
9.63019020858784,0.477232153919044
9.6596451507944,0.471977066874452
9.68909669661386,0.466654716617484
9.71854483451127,0.461268495118681
9.74798955294151,0.455822057768543
9.77743084034925,0.450319307161738
9.80686868516889,0.444764377372074
9.83630307582455,0.439161618737039
9.86573400073001,0.433515583151625
9.89516144828869,0.427831009853282
9.92458540689361,0.422112811662387
9.95400586492734,0.416366061626942
9.983422810762,0.410595980005617
10.0128362327592,0.404807921510525
10.0422461192699,0.399007362720077
10.0716524586346,0.393199889563192
10.1010552391831,0.387391184769243
10.1304544492346,0.381587015173213
10.1598500770976,0.375793218763146
10.1892421110698,0.370015691356439
10.2186305394381,0.364260372793904
10.2480153504788,0.358533232544481
10.2773965324571,0.352840254620205
10.3067740736273,0.347187421709684
10.3361479622332,0.341580698449029
10.365518186507,0.336026013761931
10.3948847346705,0.330529242214887
10.4242475949341,0.32509618434981
10.4536067554972,0.319732545973437
10.4829622045482,0.314443916401842
10.5123139302642,0.30923574567775
10.5416619208113,0.30411332079867
10.5710061643441,0.299081741014618
10.6003466490062,0.294145892275054
10.6296833629298,0.289310420925485
10.6590162942357,0.284579706774597
10.6883454310335,0.27995783567253
10.7176707614212,0.27544857175986
10.7469922734854,0.27105532956439
10.7763099553013,0.266781146139245
10.8056237949325,0.262628653450182
10.834933780431,0.258600051232847
10.8642398998372,0.254697080551132
10.8935421411799,0.25092099829611
10.9228404924763,0.247272552870843
10.9521349417317,0.243751961309581
10.9814254769397,0.240358888080401
11.0107120860822,0.237092425817981
11.0399947571292,0.233951078228358
11.0692734780387,0.230932745399443
11.098548236757,0.228034711740236
11.1278190212182,0.225253636758509
11.1570858193448,0.222585548870139
11.1863486190468,0.220025842414682
11.2156074082224,0.217569278030567
11.2448621747577,0.215209986519564
11.2741129065266,0.212941476304856
11.3033595913907,0.210756644559474
11.3326022171996,0.208647792052801
11.3618407717904,0.206606641732677
11.3910752429881,0.204624361029193
11.4203056186052,0.202691587834234
11.4495318864419,0.200798460078321
11.4787540342858,0.198934648794076
11.5079720499124,0.197089394523118
11.5371859210844,0.19525154689191
11.5663956355521,0.193409607151423
11.595601181053,0.191551773446285
11.6248025453122,0.189665988551443
11.653999716042,0.18773998978881
11.6831926809422,0.185761360813103
11.7123814276997,0.183717584935032
11.7415659439886,0.181596099632412
11.7707462174701,0.179384351884405
11.7999222357928,0.177069853952755
11.8290939865923,0.17464023922534
11.858261457491,0.172083317732696
11.8874246360986,0.169387130947094
11.9165835100117,0.166540005476097
11.9457380668138,0.163530605269109
11.9748882940754,0.160347981964989
12.0040341793537,0.156981623022659
12.0331757101928,0.1534214972935
12.0623128741236,0.149658097714827
12.0914456586636,0.145682480827212
12.1205740513171,0.14148630284506
12.1496980395751,0.13706185203899
12.178817610915,0.132402077220139
12.207932752801,0.127500612150246
12.2370434526838,0.122351795736805
12.2661496980004,0.116950687909242
12.2952514761743,0.111293081109977
12.3243487746156,0.105375507372386
12.3534415807206,0.0991952409963694
12.3825298818718,0.0927502968703209
12.4116136654383,0.086039424526053
12.4406929187752,0.079062098049711
12.4697676292237,0.0718185020067885
12.4988377841115,0.0643095135728657
12.5279033707522,0.056536681092453
12.5569643764454,0.0485021993173298
12.5860207884768,0.040208881601199
12.6150725941181,0.0316601293504988
12.644119780627,0.0228598990503599
12.6731623352471,0.0138126672007068
12.7022002452077,0.00452339350980324
12.7312334977241,-0.00500251729927825
12.7602620799972,-0.0147592547088564
12.7892859792138,-0.0247406422926169
12.8183051825463,-0.0349401779093554
12.8473196771529,-0.0453510738534604
12.8763294501771,-0.0559662966215697
12.9053344887482,-0.066778605968647
12.934334779981,-0.0777805929443041
12.9633303109757,-0.0889647166201151
12.992321068818,-0.100323339242092
13.021307040579,-0.111848759567756
13.0502882133151,-0.123533244175132
13.079264574068,-0.135369056560325
13.1082361098647,-0.147348483871266
13.1372028077175,-0.159463861157107
13.1661646546236,-0.171707593045276
13.1951216375658,-0.18407217279087
13.2240737435115,-0.196550198675755
13.2530209594134,-0.209134387766653
13.2819632722093,-0.221817587072589
13.3109006688217,-0.234592782171841
13.3398331361581,-0.247453103406571
13.3687606611111,-0.26039182976962
13.3976832305579,-0.27340239063151
13.4266008313605,-0.286478365477432
13.4555134503657,-0.299613481842343
13.4844210744051,-0.312801611648116
13.5133236902946,-0.32603676615938
13.5422212848351,-0.339313089784099
13.571113844812,-0.352624852951227
13.600001356995,-0.365966444300899
13.6288838081385,-0.379332362422311
13.6577611849812,-0.392717207371323
13.6866334742463,-0.406115672193245
13.7155006626413,-0.419522534667276
13.744362736858,-0.432932649476989
13.7732196835724,-0.446340940996858
13.8020714894448,-0.459742396868251
13.8309181411196,-0.473132062519529
13.8597596252255,-0.486505036764697
13.888595928375,-0.4998564685933
13.9174270371647,-0.513181555241534
13.9462529381755,-0.526475541610957
13.9750736179718,-0.539733721077564
14.0038890631022,-0.552951437709826
14.032699260099,-0.566124089890785
14.0615041954784,-0.579247135316233
14.0903038557404,-0.592316097318864
14.1190982273685,-0.605326572447208
14.14788729683,-0.618274239208816
14.1766710505761,-0.631154867869181
14.205449475041,-0.643964331181991
14.234222556643,-0.656698615912411
14.2629902817835,-0.669353835003534
14.2917526368476,-0.681926240226762
14.3205096082037,-0.694412235150033
14.3492611822035,-0.7068083882534
14.378007345182,-0.719111446019493
14.4067480834576,-0.731318345827045
14.4354833833318,-0.743426228478324
14.4642132310893,-0.7554324501968
14.4929376129979,-0.767334593938493
14.5216565153085,-0.779130479870101
14.5503699242551,-0.790818174878112
14.5790778260545,-0.802396000986079
14.6077802069066,-0.813862542571695
14.6364770529941,-0.825216652290823
14.6651683504825,-0.836457455632278
14.6938540855204,-0.847584354044411
14.7225342442387,-0.858597026592427
14.7512088127514,-0.869495430123393
14.7798777771548,-0.880279797933756
14.8085411235282,-0.890950636952208
14.837198837933,-0.901508723467668
14.8658509064135,-0.911955097449013
14.8944973149964,-0.922291055518581
14.9231380496906,-0.932518142656107
14.9517730964876,-0.942638142723006
14.9804024413611,-0.952653067908837
15.0090260702672,-0.962565147211944
15.0376439691442,-0.972376814075275
15.0662561239123,-0.982090693305128
15.0948625204743,-0.991709587406078
15.1234631447148,-1.00123646246878
15.1520579825004,-1.01067443374921
15.1806470196799,-1.02002675107786
15.2092302420838,-1.029296784236
15.2378076355248,-1.03848800843264
15.2663791857971,-1.04760399001124
15.2949448786769,-1.05664837250914
15.3235046999222,-1.0656248631849
15.3520586352726,-1.07453722012043
15.3806066704492,-1.08338923999479
15.4091487911551,-1.09218474661623
15.4376849830746,-1.10092758028739
15.4662152318736,-1.109621588067
15.4947395231996,-1.11827061497862
15.5232578426813,-1.12687849620474
15.5517701759289,-1.1354490502913
15.5802765085338,-1.14398607337538
15.6087768260689,-1.1524933344356
15.637271114088,-1.16097457155287
15.6657593581262,-1.16943348915683
15.6942415436998,-1.17787375622196
15.722717656306,-1.18629900536638
15.7511876814232,-1.19471283279637
15.7796516045106,-1.20311879902996
15.8081094110084,-1.2115204303247
15.8365610863376,-1.21992122072696
15.8650066159001,-1.22832463465345
15.8934459850785,-1.23673410991024
15.9218791792362,-1.24515306104963
15.9503061837172,-1.25358488296215
15.9787269838461,-1.26203295459817
16.007141564928,-1.2705006427125
16.0355499122488,-1.27899130552522
16.0639520110746,-1.28750829619251
16.092347846652,-1.29605496598372
16.1207374042079,-1.30463466706341
16.1491206689496,-1.31325075478167
16.1774976260646,-1.32190658938067
16.2058682607207,-1.33060553703177
16.2342325580658,-1.33935097012453
16.2625905032279,-1.34814626673655
16.2909420813152,-1.35699480922219
16.3192872774156,-1.36589998186773
16.3476260765972,-1.37486516757055
16.375958463908,-1.38389374351121
16.4042844243758,-1.39298907579859
16.4326039430082,-1.40215451308044
16.4609170047926,-1.41139337912413
16.4892235946961,-1.4207089643851
16.5175236976653,-1.43010451659362
16.5458172986267,-1.43958323040358
16.5741043824859,-1.44914823615997
16.6023849341286,-1.45880258785491
16.6306589384193,-1.46854925035467
16.6589263802023,-1.47839108599247
16.6871872443012,-1.4883308406336
16.7154415155188,-1.49837112933058
16.7436891786372,-1.5085144216964
16.7719302184175,-1.51876302713308
16.8001646196001,-1.52911908006137
16.8283923669045,-1.53958452530405
16.8566134450293,-1.55016110378134
16.8848278386517,-1.56085033868105
16.9130355324282,-1.57165352226863
16.9412365109941,-1.58257170350345
16.9694307589633,-1.5936056766268
16.9976182609287,-1.60475597088438
17.0257990014618,-1.61602284154183
17.0539729651128,-1.6274062623453
17.0821401364105,-1.63890591957078
17.1103004998622,-1.65052120779595
17.1384540399537,-1.662251227516
17.1666007411493,-1.67409478471139
17.1947405878916,-1.68605039245973
17.2228735646017,-1.69811627466706
17.2509996556789,-1.71029037197516
17.2791188455006,-1.72257034988165
17.3072311184225,-1.73495360908884
17.3353364587785,-1.74743729807502
17.3634348508803,-1.7600183278597
17.391526279018,-1.77269338891083
17.4196107274593,-1.78545897011915
17.44768818045,-1.79831137974102
17.4757586222137,-1.81124676818855
17.5038220369518,-1.82426115252325
17.5318784088435,-1.83735044248757
17.5599277220456,-1.85051046788885
17.5879699606924,-1.86373700713021
17.6160051088962,-1.87702581666617
17.6440331507465,-1.89037266114451
17.6720540703102,-1.90377334398275
17.7000678516319,-1.91722373811571
17.7280744787334,-1.93071981664241
17.7560739356138,-1.9442576830936
17.7840662062494,-1.95783360103803
17.8120512745939,-1.97144402274477
17.8400291245779,-1.98508561662088
17.8679997401092,-1.99875529314885
17.8959631050727,-2.01245022905629
17.9239192033301,-2.02616788946104
17.9518680187202,-2.03990604774866
17.9798095350585,-2.05366280295549
18.0077437361374,-2.06743659444957
18.035670605726,-2.08122621372299
18.0635901275702,-2.09503081313269
18.0915022853925,-2.10884991145268
18.1194070628918,-2.12268339612728
18.1473044437437,-2.13653152214466
18.1751944116004,-2.15039490747909
18.2030769500902,-2.16427452508179
18.230952042818,-2.17817169143145
18.2588196733649,-2.19208805168719
18.2866798252883,-2.20602556151857
18.3145324821217,-2.21998646571826
18.3423776273748,-2.2339732737337
18.3702152445334,-2.24798873228335
18.3980453170593,-2.26203579525161
18.4258678283902,-2.27611759108243
18.4536827619398,-2.29023738791682
18.4814901010976,-2.30439855674127
18.5092898292288,-2.31860453283467
18.5370819296745,-2.33285877581792
18.5648663857514,-2.34716472862584
18.5926431807519,-2.36152577573177
18.6204122979437,-2.37594520096435
18.6481737205703,-2.390426145261
18.6759274318506,-2.404971564705
18.7036734149786,-2.41958418919162
18.7314116531241,-2.43426648206492
18.7591421294319,-2.44902060105887
18.7868648270219,-2.46384836086616
18.8145797289894,-2.47875119764443
18.8422868184047,-2.49373013575315
18.8699860783131,-2.50878575699548
18.897677491735,-2.52391817261778
18.9253610416656,-2.53912699829589
18.9530367110751,-2.55441133231129
18.9807044829083,-2.56976973709316
19.008364340085,-2.58520022427334
19.0360162654996,-2.60070024337109
19.063660242021,-2.61626667419425
19.0912962524928,-2.63189582301156
19.1189242797331,-2.64758342252009
19.1465443065345,-2.66332463560001
19.1741563156639,-2.67911406281847
19.2017602898627,-2.69494575361437
19.2293562118463,-2.71081322106674
19.2569440643046,-2.7267094601224
19.2845238299016,-2.74262696913216
19.3120954912753,-2.75855777452157
19.3396590310377,-2.77449345839983
19.367214431775,-2.79042518889147
19.3947616760472,-2.80634375295818
19.4223007463881,-2.82223959146402
19.4498316253054,-2.83810283622526
19.4773542952806,-2.85392334877796
19.5048687387687,-2.86969076058987
19.5323749381985,-2.88539451444029
19.5598728759723,-2.90102390669158
19.5873625344658,-2.91656813017795
19.6148438960283,-2.93201631744273
19.6423169429824,-2.94735758406267
19.6697816576241,-2.96258107180802
19.6972380222226,-2.97767599139904
19.7246860190204,-2.99263166463388
19.7521256302329,-3.00743756567853
19.7795568380488,-3.0220833613265
19.8069796246299,-3.03655895005474
19.8343939721107,-3.05085449972112
19.8617998625987,-3.06496048376895
19.8891972781743,-3.0788677158241
19.9165862008908,-3.09256738259033
19.9439666127738,-3.10605107496839
19.971338495822,-3.11931081734385
19.9987018320065,-3.13233909500677
