-20,-2.05326469448951
-19.9712538986394,-2.04461078864513
-19.9425022104902,-2.03563116295907
-19.9137449611101,-2.02633299828117
-19.8849821759041,-2.01672439517759
-19.8562138801257,-2.0068143059424
-19.8274400988787,-1.99661246269499
-19.7986608571173,-1.986129302122
-19.7698761796482,-1.97537588744909
-19.7410860911316,-1.96436382824929
-19.7122906160819,-1.95310519871086
-19.6834897788693,-1.94161245499813
-19.6546836037209,-1.92989835234322
-19.6258721147215,-1.91797586250599
-19.597055335815,-1.90585809223202
-19.5682332908055,-1.8935582033265
-19.5394060033583,-1.88108933494284
-19.510573497001,-1.86846452866174
-19.4817357951244,-1.85569665690685
-19.4528929209841,-1.84279835520948
-19.4240448977009,-1.82978195879626
-19.3951917482622,-1.81665944393064
-19.366333495523,-1.80344237439286
-19.3374701622067,-1.79014185343296
-19.3086017709067,-1.77676848147897
-19.2797283440866,-1.76333231982743
-19.2508499040818,-1.74984286048712
-19.2219664731001,-1.7363090022891
-19.1930780732231,-1.7227390333182
-19.1641847264068,-1.709140619663
-19.1352864544826,-1.6955208004243
-19.1063832791584,-1.68188598886556
-19.0774752220196,-1.66824197953488
-19.0485623045295,-1.65459396113588
-19.0196445480311,-1.64094653487577
-18.9907219737473,-1.62730373797299
-18.961794602782,-1.6136690719644
-18.9328624561211,-1.6000455354142
-18.9039255546334,-1.58643566059252
-18.8749839190713,-1.57284155366295
-18.8460375700718,-1.55926493789377
-18.8170865281574,-1.54570719938848
-18.7881308137369,-1.5321694348174
-18.7591704471063,-1.51865250062311
-18.7302054484494,-1.50515706316894
-18.7012358378391,-1.49168364930148
-18.6722616352379,-1.47823269680438
-18.6432828604985,-1.46480460423266
-18.6142995333654,-1.45139977963238
-18.5853116734747,-1.43801868767191
-18.5563193003558,-1.42466189473497
-18.5273224334315,-1.41133011155507
-18.4983210920192,-1.39802423300239
-18.4693152953316,-1.38474537466957
-18.4403050624773,-1.37149490594071
-18.4112904124618,-1.3582744792679
-18.382271364188,-1.34508605542116
-18.3532479364573,-1.33193192452145
-18.32422014797,-1.31881472270985
-18.295188017326,-1.30573744435103
-18.2661515630262,-1.29270344971356
-18.2371108034721,-1.27971646811366
-18.2080657569676,-1.26678059655253
-18.1790164417191,-1.25390029391934
-18.1499628758364,-1.24108037087278
-18.1209050773333,-1.22832597555218
-18.0918430641283,-1.21564257530624
-18.0627768540454,-1.20303593466068
-18.0337064648149,-1.19051208977745
-18.0046319140735,-1.17807731968618
-17.9755532193657,-1.16573811459323
-17.946470398144,-1.15350114159553
-17.9173834677697,-1.14137320814418
-17.8882924455134,-1.12936122361745
-17.8591973485561,-1.11747215937388
-17.8300981939891,-1.10571300766356
-17.8009949988155,-1.09409073977931
-17.77188777995,-1.08261226383031
-17.7427765542201,-1.07128438251722
-17.7136613383665,-1.06011375128188
-17.6845421490438,-1.04910683719493
-17.655419002821,-1.03826987893249
-17.6262919161821,-1.0276088481775
-17.5971609055269,-1.01712941276378
-17.5680259871712,-1.00683690186024
-17.5388871773479,-0.996736273470637
-17.5097444922072,-0.986832084499728
-17.4805979478173,-0.977128463610782
-17.4514475601649,-0.967629087071993
-17.422293345156,-0.958337157760843
-17.3931353186162,-0.949255387466012
-17.3639734962913,-0.940385982596379
-17.3348078938481,-0.931730633376214
-17.3056385268747,-0.923290506575119
-17.2764654108809,-0.915066241790774
-17.2472885612992,-0.907057951272458
-17.218107993485,-0.899265223243825
-17.1889237227173,-0.891687128654496
-17.1597357641991,-0.884322231262503
-17.1305441330578,-0.877168600922774
-17.1013488443461,-0.870223829931803
-17.0721499130423,-0.863485052254797
-17.0429473540508,-0.856948965439626
-17.0137411822024,-0.850611855001564
-16.9845314122554,-0.844469621044553
-16.9553180588953,-0.838517806868365
-16.9261011367362,-0.832751629296904
-16.8968806603203,-0.827166010450851
-16.8676566441193,-0.821755610678245
-16.8384291025342,-0.816514862349122
-16.8091980498962,-0.81143800421534
-16.779963500467,-0.806519116034098
-16.7507254684391,-0.801752153153336
-16.7214839679368,-0.797130980759425
-16.6922390130161,-0.792649407492029
-16.6629906176653,-0.788301218137896
-16.6337387958058,-0.784080205124498
-16.6044835612921,-0.779980198545896
-16.5752249279125,-0.775995094466838
-16.5459629093894,-0.772118881266726
-16.51669751938,-0.76834566380299
-16.4874287714763,-0.764669685192853
-16.458156679206,-0.761085346034097
-16.4288812560326,-0.757587220908343
-16.399602515356,-0.754170072035047
-16.3703204705129,-0.750828859970319
-16.3410351347771,-0.747558751271706
-16.3117465213602,-0.744355123078169
-16.2824546434115,-0.741213564583381
-16.253159514019,-0.738129875409758
-16.2238611462095,-0.735100060920487
-16.1945595529489,-0.732120324536568
-16.1652547471429,-0.729187057155686
-16.1359467416372,-0.726296823798965
-16.1066355492178,-0.723446347640371
-16.0773211826117,-0.720632491601306
-16.0480036544871,-0.717852237719447
-16.0186829774537,-0.715102664526183
-15.9893591640632,-0.712380922690302
-15.9600322268097,-0.709684209207207
-15.93070217813,-0.707009740432214
-15.9013690304041,-0.704354724273378
-15.8720327959554,-0.701716331873472
-15.8426934870511,-0.699091669122197
-15.8133511159027,-0.696477748347943
-15.7840056946663,-0.69387146054358
-15.7546572354428,-0.691269548482513
-15.7253057502785,-0.688668581079588
-15.6959512511653,-0.686064929346211
-15.6665937500411,-0.683454744280272
-15.6372332587902,-0.680833937019175
-15.6078697892434,-0.67819816156835
-15.5785033531788,-0.675542800398253
-15.5491339623217,-0.672862953180209
-15.519761628345,-0.670153428905373
-15.49038636287,-0.667408741602227
-15.4610081774661,-0.664623109836098
-15.4316270836513,-0.661790460139883
-15.4022430928931,-0.658904434488443
-15.3728562166078,-0.655958401890645
-15.3434664661617,-0.652945474132704
-15.3140738528711,-0.649858525665184
-15.2846783880026,-0.646690217583819
-15.2552800827734,-0.643433025611587
-15.2258789483515,-0.640079271947132
-15.1964749958564,-0.636621160802354
-15.1670682363591,-0.633050817411039
-15.1376586808824,-0.62936033025049
-15.1082463404014,-0.625541796180343
-15.0788312258436,-0.621587368166928
-15.0494133480892,-0.617489305228535
-15.0199927179716,-0.613240024206959
-14.9905693462776,-0.60883215294399
-14.9611432437475,-0.604258584418647
-14.9317144210757,-0.599512531382064
-14.9022828889108,-0.594587581012149
-14.8728486578559,-0.58947774910007
-14.843411738469,-0.584177533274888
-14.813972141263,-0.578681964771885
-14.7845298767064,-0.572986658253917
-14.7550849552233,-0.567087859203927
-14.7256373871936,-0.560982488420104
-14.6961871829535,-0.554668183163328
-14.6667343527958,-0.548143334529133
-14.6372789069698,-0.54140712064333
-14.607820855682,-0.534459535311521
-14.578360209096,-0.52730141178745
-14.5488969773332,-0.519934441363585
-14.5194311704725,-0.512361186528642
-14.4899627985513,-0.504585088480997
-14.4604918715647,-0.496610468833424
-14.4310183994671,-0.488442525392967
-14.4015423921711,-0.480087321949531
-14.3720638595488,-0.471551772057566
-14.3425828114315,-0.462843616846346
-14.3130992576101,-0.453971396945652
-14.2836132078353,-0.444944418664241
-14.2541246718179,-0.435772714608268
-14.2246336592292,-0.42646699897513
-14.1951401797008,-0.417038617804504
-14.1656442428253,-0.407499494512535
-14.1361458581562,-0.397862071076419
-14.1066450352085,-0.388139245274978
-14.0771417834585,-0.378344304425589
-14.0476361123443,-0.368490856089025
-14.0181280312663,-0.358592756240776
-13.9886175495866,-0.348664035430327
-13.9591046766301,-0.338718823468223
-13.9295894216844,-0.328771273194658
-13.9000717939998,-0.318835483892265
-13.8705518027898,-0.308925424910328
-13.8410294572313,-0.299054860067013
-13.8115047664649,-0.28923727339107
-13.7819777395946,-0.279485796754479
-13.7524483856887,-0.269813139932975
-13.7229167137798,-0.260231523612235
-13.6933827328647,-0.250752615834324
-13.6638464519051,-0.241387472351384
-13.6343078798272,-0.232146481322404
-13.6047670255228,-0.223039312753928
-13.5752238978484,-0.214074873047581
-13.5456785056265,-0.20526126497616
-13.516130857645,-0.196605753366477
-13.4865809626579,-0.188114736721325
-13.457028829385,-0.179793724965354
-13.4274744665129,-0.171647323450692
-13.3979178826942,-0.163679223308117
-13.3683590865485,-0.155892198179137
-13.3387980866623,-0.148288107313743
-13.3092348915891,-0.140867904968216
-13.2796695098498,-0.13363165598788
-13.2501019499327,-0.126578557411264
-13.2205322202939,-0.11970696588528
-13.1909603293573,-0.113014430636207
-13.1613862855148,-0.106497731698706
-13.1318100971268,-0.100152923065252
-13.1022317725219,-0.093975380381659
-13.0726513199975,-0.0879598527807897
-13.0430687478196,-0.0821005184168957
-13.0134840642235,-0.0763910432368728
-12.9838972774135,-0.0708246425030143
-12.9543083955633,-0.065394144564074
-12.924717426816,-0.0600920563583109
-12.8951243792848,-0.0549106301233664
-12.8655292610524,-0.0498419307836251
-12.8359320801718,-0.0448779034861087
-12.8063328446662,-0.0400104407607227
-12.7767315625292,-0.0352314487901122
-12.7471282417251,-0.0305329122879705
-12.7175228901889,-0.0259069575026096
-12.6879155158266,-0.0213459128844224
-12.6583061265152,-0.0168423669815336
-12.628694730103,-0.0123892231571716
-12.5990813344099,-0.007979750754604
-12.5694659472273,-0.00360763237083006
-12.5398485763184,0.000732993061978604
-12.5102292294183,0.00504749164825746
-12.4806079142344,0.00934070057340897
-12.4509846384462,0.01361689899678
-12.4213594097056,0.0178797839254301
-12.3917322356372,0.0221324511562671
-12.3621031238383,0.0263773813294819
-12.3324720818792,0.030616431092005
-12.3028391173031,0.0348508293262455
-12.2732042376267,0.0390811783570975
-12.2435674503397,0.0433074600095154
-12.2139287629056,0.0475290463502684
-12.1842881827616,0.0517447149111696
-12.1546457173186,0.0559526681572642
-12.1250013739616,0.0601505569327543
-12.0953551600496,0.0643355075899343
-12.0657070829161,0.0685041524821823
-12.0360571498688,0.0726526634817226
-12.0064053681902,0.0767767881660237
-11.9767517451374,0.0808718883040367
-11.9470962879424,0.0849329802644299
-11.9174390038123,0.0889547769632202
-11.8877798999292,0.0929317309671003
-11.8581189834506,0.096858078371735
-11.8284562615095,0.100727883080907
-11.7987917412144,0.104535081122648
-11.7691254296497,0.108273524652205
-11.7394573338753,0.111937025308535
-11.7097874609276,0.115519396610829
-11.6801158178188,0.119014495104063
-11.6504424115374,0.122416259987308
-11.6207672490484,0.125718750985341
-11.5910903372935,0.128916184252549
-11.5614116831908,0.132002966127763
-11.5317312936353,0.134973724589214
-11.5020491754991,0.137823338289945
-11.4723653356313,0.140546963085113
-11.4426797808582,0.143140055993554
-11.4129925179833,0.145598396566243
-11.3833035537878,0.147918105663498
-11.3536128950305,0.150095661670672
-11.3239205484477,0.152127914208348
-11.2942265207539,0.154012095417171
-11.2645308186412,0.155745828919555
-11.23483344878,0.157327136579992
-11.2051344178191,0.158754443202477
-11.1754337323853,0.160026579317694
-11.1457313990841,0.161142782223486
-11.1160274244996,0.162102695450342
-11.0863218151946,0.162906366828357
-11.0566145777107,0.163554245334169
-11.0269057185685,0.164047176895025
-10.9971952442676,0.164386399323201
-10.9674831612871,0.164573536546921
-10.9377694760849,0.164610592294451
-10.9080541950988,0.164499943376024
-10.878337324746,0.164244332694047
-10.8486188714234,0.163846862095879
-10.8188988415074,0.163310985165761
-10.7891772413549,0.162640500033323
-10.7594540773021,0.161839542256034
-10.729729355666,0.160912577812265
-10.7000030827433,0.159864396220636
-10.6702752648113,0.158700103780351
-10.6405459081278,0.157425116906865
-10.6108150189311,0.156045155517459
-10.5810826034402,0.154566236402802
-10.5513486678549,0.152994666503545
-10.5216132183558,0.151337035995635
-10.4918762611046,0.149600211074823
-10.4621378022441,0.147791326319897
-10.4323978478984,0.145917776505662
-10.4026564041729,0.143987207731026
-10.3729134771542,0.142007507724525
-10.3431690729108,0.139986795189698
-10.3134231974925,0.137933408055591
-10.2836758569313,0.135855890503738
-10.2539270572405,0.133762978651669
-10.2241768044157,0.131663584784967
-10.1944251044345,0.129566780044101
-10.1646719632567,0.12748177548951
-10.1349173868242,0.125417901487571
-10.1051613810613,0.123384585381666
-10.0754039518749,0.121391327435717
-10.0456451051543,0.119447675062265
-10.0158848467716,0.117563195373043
-9.9861231825815,0.115747446116551
-9.95636011842159,0.114009945094109
-9.92659566011245,0.112360138172804
-9.8968298134577,0.110807366040204
-9.86706258424407,0.10936082987142
-9.83729397824153,0.108029556103382
-9.80752400120338,0.106822360534087
-9.77775265886637,0.105747811985164
-9.74797995695071,0.10481419578462
-9.71820590116027,0.10402947734214
-9.68843049718261,0.103401266102182
-9.65865375068906,0.102936780169427
-9.62887566733486,0.102642811907192
-9.59909625275923,0.102525694811831
-9.56931551258544,0.102591271964782
-9.53953345242093,0.102844866358774
-9.50975007785737,0.103291253385764
-9.4799653944708,0.10393463576146
-9.45017940782165,0.104778621144904
-9.42039212345488,0.105826202691624
-9.39060354690005,0.107079742755662
-9.36081368367141,0.108540959929472
-9.33102253926798,0.110210919581505
-9.30123011917365,0.112090028019894
-9.27143642885724,0.114178030376953
-9.24164147377262,0.116474012274033
-9.21184525935876,0.118976405289832
-9.18204779103986,0.121682996218157
-9.15224907422538,0.124590940063635
-9.12244911431015,0.127696776686808
-9.09264791667447,0.130996450973573
-9.06284548668416,0.13448533636873
-9.03304182969067,0.138158261579921
-9.00323695103113,0.14200954022688
-8.97343085602848,0.146033003182151
-8.94362354999148,0.150222033323701
-8.91381503821487,0.154569602397334
-8.8840053259794,0.159068309668097
-8.85419441855192,0.163710422024982
-8.82438232118547,0.168487915192447
-8.79456903911932,0.173392515695824
-8.76475457757912,0.178415743225546
-8.7349389417769,0.183548953047373
-8.70512213691122,0.188783378112415
-8.67530416816717,0.194110170531545
-8.64548504071652,0.199520442093734
-8.61566475971776,0.205005303526562
-8.58584333031618,0.210555902219523
-8.55602075764394,0.216163458156171
-8.52619704682014,0.221819297829635
-8.49637220295094,0.22751488594672
-8.46654623112957,0.233241854758568
-8.43671913643644,0.238992030889952
-8.40689092393925,0.244757459574421
-8.37706159869296,0.25053042623791
-8.34723116573996,0.256303475408819
-8.3173996301101,0.262069426967154
-8.28756699682079,0.267821389778835
-8.25773327087702,0.273552772793003
-8.22789845727149,0.279257293709746
-8.19806256098465,0.284928985352657
-8.16822558698476,0.290562199904658
-8.13838754022799,0.296151611186117
-8.10854842565849,0.301692215171427
-8.07870824820841,0.307179328953271
-8.04886701279805,0.312608588373154
-8.01902472433587,0.317975944541711
-7.98918138771854,0.323277659473424
-7.9593370078311,0.328510301057172
-7.92949158954693,0.333670737577055
-7.89964513772788,0.338756131987084
-7.8697976572243,0.343763936128962
-7.83994915287513,0.348691885064607
-7.81009962950798,0.353537991674628
-7.78024909193915,0.358300541651074
-7.75039754497372,0.362978088987806
-7.72054499340565,0.36756945204549
-7.69069144201778,0.372073710240711
-7.66083689558196,0.376490201380694
-7.63098135885907,0.380818519637319
-7.60112483659909,0.385058514126628
-7.5712673335412,0.389210288033793
-7.54140885441379,0.393274198198732
-7.51154940393457,0.397250855054905
-7.48168898681061,0.401141122793497
-7.45182760773841,0.40494611960783
-7.42196527140395,0.4086672178585
-7.39210198248279,0.412306043988973
-7.36223774564007,0.415864478014097
-7.33237256553065,0.419344652400572
-7.30250644679909,0.422748950158841
-7.27263939407978,0.426080001970087
-7.24277141199696,0.429340682180079
-7.21290250516478,0.432534103503286
-7.18303267818742,0.43566361029581
-7.15316193565904,0.438732770273958
-7.12329028216397,0.441745364576519
-7.09341772227665,0.444705376092363
-7.06354426056177,0.447616976000901
-7.0336699015743,0.450484508500084
-7.00379464985956,0.453312473725429
-6.97391850995326,0.456105508892582
-6.94404148638157,0.458868367725316
-6.91416358366116,0.461605898259952
-6.88428480629932,0.464323019145287
-6.85440515879394,0.467024694584017
-6.8245246456336,0.469715908086631
-6.79464327129765,0.472401635231721
-6.76476104025622,0.475086815646861
-6.73487795697031,0.477776324441592
-6.70499402589185,0.480474943338299
-6.67510925146373,0.483187331757401
-6.64522363811988,0.485917998120572
-6.61533719028529,0.488671271639138
-6.58544991237614,0.491451274854551
-6.55556180879977,0.494261897193969
-6.52567288395477,0.497106769796343
-6.49578314223105,0.499989241853443
-6.46589258800988,0.502912358695928
-6.43600122566394,0.505878841837211
-6.4061090595574,0.508891071167865
-6.37621609404591,0.511951069470793
-6.34632233347674,0.515060489402853
-6.31642778218878,0.518220603062556
-6.28653244451258,0.521432294235936
-6.25663632477045,0.52469605338452
-6.22673942727649,0.528011975410644
-6.19684175633664,0.531379760206672
-6.16694331624873,0.534798715966483
-6.13704411130253,0.538267765210007
-6.10714414577982,0.541785453445339
-6.07724342395443,0.545349960367979
-6.04734195009228,0.548959113473639
-6.01743972845147,0.552610403939971
-5.98753676328227,0.556301004613495
-5.95763305882722,0.560027789921625
-5.92772861932117,0.563787357515526
-5.89782344899134,0.567576051438138
-5.86791755205732,0.571389986602812
-5.83801093273119,0.57522507436186
-5.80810359521752,0.579077048940535
-5.77819554371345,0.582941494510942
-5.74828678240869,0.586813872681443
-5.71837731548567,0.590689550180663
-5.68846714711946,0.594563826520696
-5.65855628147792,0.598431961431421
-5.6286447227217,0.602289201867041
-5.59873247500432,0.606130808396435
-5.56881954247216,0.609952080800719
-5.53890592926459,0.613748382714373
-5.50899163951394,0.617515165159848
-5.47907667734562,0.621247988840064
-5.44916104687809,0.624942545067928
-5.419244752223,0.628594675227028
-5.38932779748513,0.632200388672928
-5.35941018676253,0.635755878999481
-5.32949192414652,0.639257538609696
-5.29957301372175,0.642701971545215
-5.26965345956624,0.64608600454291
-5.23973326575143,0.649406696300931
-5.20981243634223,0.652661344949905
-5.17989097539707,0.655847493737904
-5.14996888696792,0.658962934949992
-5.12004617510036,0.662005712094986
-5.09012284383364,0.664974120403011
-5.06019889720069,0.66786670568808
-5.03027433922818,0.670682261639735
-5.00034917393656,0.673419825617131
-4.97042340534014,0.676078673027646
-4.94049703744707,0.678658310380138
-4.91057007425946,0.681158467110498
-4.88064251977334,0.683579086283986
-4.85071437797879,0.685920314284965
-4.82078565285992,0.688182489610259
-4.79085634839496,0.690366130887025
-4.76092646855627,0.69247192424019
-4.73099601731039,0.694500710137659
-4.70106499861811,0.696453469843847
-4.67113341643446,0.698331311613673
-4.64120127470883,0.70013545675948
-4.61126857738495,0.701867225722966
-4.58133532840093,0.703528024282567
-4.55140153168938,0.705119330023988
-4.52146719117735,0.70664267919779
-4.49153231078645,0.708099654082924
-4.46159689443286,0.709491870968831
-4.43166094602737,0.710820968861437
-4.40172446947543,0.712088599009801
-4.37178746867721,0.713296415340539
-4.3418499475276,0.714446065876471
-4.31191190991629,0.715539185204266
-4.28197335972779,0.716577388043367
-4.2520343008415,0.717562263955118
-4.22209473713169,0.718495373217261
-4.19215467246762,0.719378243874477
-4.16221411071354,0.720212369961175
-4.13227305572871,0.720999210877899
-4.1023315113675,0.721740191888165
-4.07238948147936,0.722436705688237
-4.04244696990893,0.723090114988452
-4.01250398049603,0.72370175603174
-3.98256051707573,0.724272942962667
-3.95261658347838,0.724804972949316
-3.92267218352963,0.725299131950505
-3.89272732105052,0.72575670101252
-3.86278199985746,0.726178962972705
-3.83283622376233,0.726567209442372
-3.80288999657248,0.726922747938112
-3.77294332209076,0.727246909029427
-3.74299620411561,0.727541053371114
-3.71304864644106,0.727806578491421
-3.68310065285675,0.728044925211478
-3.65315222714805,0.72825758357784
-3.62320337309602,0.728446098198052
-3.59325409447747,0.728612072878999
-3.56330439506502,0.728757174478964
-3.53335427862711,0.728883135897096
-3.50340374892807,0.728991758137566
-3.47345280972814,0.729084911400514
-3.4435014647835,0.72916453516714
-3.41354971784633,0.729232637262124
-3.38359757266484,0.729291291892482
-3.3536450329833,0.729342636677821
-3.32369210254207,0.729388868702426
-3.2937387850777,0.729432239634523
-3.26378508432287,0.729475049971978
-3.23383100400651,0.729519642486652
-3.2038765478538,0.729568394951151
-3.1739217195862,0.729623712241715
-3.14396652292154,0.729688017919432
-3.11401096157398,0.729763745398383
-3.08405503925411,0.729853328813942
-3.05409875966896,0.729959193707009
-3.02414212652205,0.730083747640549
-2.9941851435134,0.730229370863071
-2.96422781433963,0.730398407130375
-2.9342701426939,0.73059315479116
-2.90431213226603,0.730815858234864
-2.87435378674252,0.731068699790944
-2.84439510980656,0.731353792158274
-2.81443610513808,0.731673171431256
-2.7844767764138,0.732028790776237
-2.75451712730726,0.732422514797777
-2.72455716148883,0.732856114619736
-2.69459688262579,0.733331263691065
-2.66463629438235,0.733849534311245
-2.63467540041965,0.734412394855266
-2.60471420439586,0.735021207663722
-2.57475270996618,0.735677227549854
-2.54479092078286,0.736381600862639
-2.51482884049529,0.737135365033588
-2.48486647274998,0.737939448524823
-2.45490382119062,0.738794671087673
-2.42494088945812,0.739701744234399
-2.39497768119065,0.740661271821084
-2.36501420002365,0.7416737506371
-2.33505044958988,0.742739570896154
-2.30508643351948,0.743859016525668
-2.27512215543996,0.745032265155038
-2.24515761897628,0.746259387709374
-2.21519282775085,0.747540347523383
-2.18522778538359,0.74887499889992
-2.15526249549193,0.750263085049628
-2.12529696169091,0.751704235361316
-2.09533118759315,0.753197961967619
-2.06536517680891,0.754743655586349
-2.03539893294614,0.756340580634884
-2.00543245961049,0.757987869632462
-1.97546576040536,0.759684516923157
-1.94549883893194,0.761429371770403
-1.91553169878921,0.763221130891647
-1.88556434357403,0.765058330519132
-1.85559677688114,0.76693933808926
-1.82562900230319,0.768862343678585
-1.79566102343078,0.770825351318498
-1.76569284385252,0.772826170333428
-1.73572446715504,0.774862406858036
-1.705755896923,0.776931455697797
-1.6757871367392,0.77903049270401
-1.64581819018454,0.781156467838571
-1.61584906083809,0.78330609910596
-1.5858797522771,0.785475867529243
-1.55591026807708,0.787662013343969
-1.52594061181178,0.789860533578402
-1.49597078705328,0.792067181180418
-1.46600079737195,0.79427746584118
-1.43603064633658,0.796486656653034
-1.40606033751433,0.798689786724292
-1.37608987447079,0.800881659856786
-1.34611926077005,0.803056859373648
-1.31614849997468,0.80520975916455
-1.28617759564579,0.807334536994363
-1.25620655134308,0.809425190098628
-1.22623537062485,0.811475553066
-1.19626405704802,0.813479317984052
-1.16629261416822,0.815430056800805
-1.13632104553976,0.817321245830351
-1.10634935471571,0.819146292307348
-1.07637754524789,0.820898562872076
-1.04640562068697,0.822571413845587
-1.01643358458242,0.824158223133406
-0.986461440482627,0.825652423576505
-0.956489191934858,0.827047537550028
-0.926516842485336,0.828337212593869
-0.896544395679266,0.829515257844507
-0.86657185506086,0.830575681025039
-0.836599224173373,0.831512725739843
-0.806626506559146,0.832320908812145
-0.776653705759627,0.832995057396712
-0.746680825315411,0.833530345596301
-0.716707868766268,0.833922330309017
-0.686734839651194,0.834166986034614
-0.656761741508412,0.834260738370817
-0.626788577875446,0.834200495935951
-0.596815352289113,0.833983680461323
-0.566842068285588,0.833608254806023
-0.536868729400428,0.833072748657788
-0.506895339168597,0.832376281696066
-0.476921901124502,0.831518584007831
-0.446948418802042,0.830500013562041
-0.416974895734625,0.82932157056554
-0.387001335455202,0.827984908541088
-0.357027741496302,0.826492341986945
-0.327054117390073,0.824846850497137
-0.297080466668306,0.823052079241672
-0.267106792862477,0.821112335726864
-0.237133099503768,0.819032582776966
-0.207159390123118,0.816818427699793
-0.177185668251231,0.814476107620706
-0.147211937418636,0.812012470990812
-0.117238201155706,0.809434955297139
-0.0872644629926886,0.806751561023981
-0.0572907264597515,0.803970821936103
-0.0273169950869959,0.80110177177575
0.00265672759548499,0.798153907486375
0.0326304380575876,0.795137149096607
0.0626041327691658,0.792061796418384
0.0925778081999993,0.788938482733005
0.122551460819747,0.785778125658393
0.152525087097922,0.782591875409739
0.182498683503868,0.779391060684237
0.212472246506709,0.776187132418332
0.242445772575332,0.77299160568319
0.272419258178331,0.769816000000372
0.302392699784003,0.766671778375409
0.332366093860288,0.763570285361583
0.362339436874759,0.760522684479897
0.392312725294567,0.757539895333723
0.422285955586428,0.754632530767909
0.452259124216577,0.7518108344319
0.482232227650735,0.749084619114935
0.512205262354076,0.746463206227824
0.542178224791198,0.743955366810818
0.572151111426086,0.741569264449799
0.602123918722089,0.739312400483806
0.632096643141866,0.7371915618853
0.662069281147375,0.735212772190572
0.692041829199823,0.733381245851152
0.722014283759637,0.731701346367871
0.75198664128643,0.730176548557194
0.781958898238981,0.728809405284606
0.811931051075182,0.727601518982096
0.84190309625201,0.726553518246027
0.871875030225503,0.725665039788041
0.901846849450711,0.724934715985121
0.931818550381686,0.724360168245415
0.961790129471416,0.723938006374324
0.991761583171817,0.723663834090448
1.0217329079337,0.723532260803827
1.05170410020671,0.723536919729195
1.08167515643932,0.723670492365637
1.11164607307879,0.723924739330551
1.14161684657114,0.724290537491237
1.17158747336108,0.724757923291577
1.20155794989203,0.725316142124694
1.23152827260605,0.725953703555748
1.26149843794382,0.72665844215207
1.2914684423446,0.727417583631711
1.32143828224619,0.728217815996057
1.35140795408493,0.72904536526827
1.3813774542956,0.729886075417184
1.41134677931147,0.730725492006474
1.44131592556418,0.731548949071808
1.4712848894838,0.732341658694633
1.50125366749868,0.733088802710897
1.53122225603554,0.733775625966256
1.56119065151934,0.73438753050706
1.59115885037329,0.734910170078528
1.62112684901881,0.735329544288398
1.65109464387549,0.735632091786323
1.68106223136106,0.735804781806328
1.71102960789136,0.73583520342198
1.74099676988028,0.735711651871661
1.77096371373977,0.735423211324367
1.80093043587977,0.734959833474779
1.83089693270819,0.734312411379998
1.86086320063085,0.733472847978883
1.89082923605149,0.732434118768525
1.92079503537172,0.731190328150349
1.95076059499096,0.729736759000895
1.98072591130641,0.72806991506855
2.01069098071306,0.726187555847545
2.04065579960359,0.724088723633521
2.0706203643684,0.721773762520886
2.10058467139551,0.719244329160029
2.13054871707059,0.716503395152362
2.16051249777687,0.713555241021975
2.19047600989513,0.710405441764349
2.22043924980367,0.707060844034359
2.25040221387826,0.703529535097141
2.28036489849211,0.699820803725903
2.31032730001585,0.695945093289794
2.34028941481747,0.691913947332136
2.37025123926228,0.687739947994014
2.40021276971291,0.683436647690217
2.43017400252927,0.679018494493146
2.46013493406844,0.674500751725333
2.49009556068475,0.669899412302293
2.52005587872965,0.665231108404134
2.55001588455174,0.660513017086549
2.57997557449668,0.655762762469198
2.60993494490719,0.650998315161873
2.63989399212299,0.646237889606185
2.66985271248079,0.64149984002254
2.69981110231424,0.636802555659107
2.72976915795388,0.632164356041004
2.75972687572712,0.627603386914362
2.78968425195822,0.623137517571189
2.81964128296821,0.618784240227214
2.84959796507488,0.614560572106361
2.87955429459276,0.610482960862251
2.90951026783304,0.606567193939593
2.93946588110358,0.602828312446514
2.96942113070882,0.599280530073386
2.9993760129498,0.595937157554552
3.02933052412408,0.592810533127055
3.05928466052574,0.58991195939544
3.08923841844529,0.587251646964079
3.11919179416969,0.584838665148936
3.14914478398226,0.582680900029366
3.17909738416271,0.580785020048086
3.20904959098702,0.579156449314095
3.23900140072747,0.577799348709497
3.26895280965257,0.576716604847444
3.29890381402701,0.575909826874843
3.32885441011168,0.575379351060878
3.35880459416355,0.575124253060769
3.38875436243569,0.57514236769406
3.41870371117722,0.575430316028489
3.44865263663328,0.57598353951443
3.47860113504496,0.576796340871025
3.50854920264928,0.577861931384374
3.53849683567915,0.579172484239976
3.56844403036336,0.580719193476856
3.59839078292649,0.582492338119394
3.62833708958889,0.584481351014842
3.65828294656667,0.586674891880394
3.68822835007162,0.589060924043055
3.71817329631119,0.591626794338984
3.74811778148847,0.594359315626095
3.7780618018021,0.597244851354876
3.80800535344627,0.600269401637179
3.83794843261069,0.603418690251537
3.8678910354805,0.606678252025976
3.89783315823628,0.610033520045274
3.92777479705398,0.613469912139218
3.95771594810491,0.616972916121171
3.98765660755565,0.620528173262366
4.01759677156809,0.624121559506236
4.04753643629928,0.627739263948875
4.07747559790149,0.63136786413607
4.10741425252213,0.634994397753863
4.13735239630368,0.638606430318445
4.16729002538369,0.642192118501685
4.19722713589475,0.645740268760822
4.2271637239644,0.649240390974406
4.25709978571511,0.652682746821306
4.28703531726426,0.656058392675167
4.31697031472408,0.65935921682297
4.3469047742016,0.662577970853134
4.37683869179862,0.665708295095426
4.40677206361167,0.668744738032011
4.43670488573197,0.671682769635686
4.46663715424537,0.674518788627804
4.49656886523233,0.677250123684258
4.52650001476785,0.67987502865304
4.55643059892148,0.682392671881219
4.5863606137572,0.684803119782504
4.61629005533346,0.687107314808584
4.64621891970308,0.689307048018483
4.6761472029132,0.691404926469474
4.7060749010053,0.693404335681187
4.73600201001509,0.695309397450837
4.76592852597251,0.697124923322191
4.79585444490167,0.698856364033748
4.82577976282079,0.700509755292522
4.85570447574219,0.702091660238889
4.88562857967223,0.703609108984891
4.91555207061126,0.705069535623151
4.94547494455356,0.706480713116335
4.97539719748735,0.707850686487328
5.00531882539469,0.709187704738511
5.03523982425146,0.710500151934125
5.06516019002731,0.71179647788308
5.09507991868563,0.713085128860373
5.12499900618348,0.714374478803643
5.15491744847156,0.715672761417293
5.18483524149414,0.716988003609861
5.21475238118907,0.718327960681242
5.24466886348768,0.719700053664649
5.27458468431475,0.721111309214047
5.30449983958847,0.722568302411258
5.33441432522039,0.724077102848009
5.36432813711538,0.72564322431692
5.39424127117157,0.727271578422176
5.4241537232803,0.728966432394966
5.45406548932612,0.730731371371549
5.48397656518666,0.732569265362539
5.51388694673266,0.734482241111188
5.54379662982788,0.736471659006337
5.57370561032907,0.738538095182168
5.60361388408589,0.740681328902539
5.63352144694093,0.74290033529252
5.66342829472958,0.74519328344403
5.69333442328005,0.747557539886534
5.72323982841327,0.74998967737791
5.75314450594288,0.752485488934802
5.78304845167516,0.75504000698688
5.81295166140897,0.757647527504902
5.84285413093574,0.760301638919522
5.87275585603938,0.762995255615749
5.90265683249625,0.765720655757807
5.93255705607511,0.768469523170683
5.96245652253707,0.7712329929783
5.99235522763551,0.774001700674111
6.0222531671161,0.776765834278292
6.05215033671668,0.779515189216619
6.08204673216722,0.782239225539834
6.11194234918981,0.784927127088876
6.14183718349856,0.787567862200843
6.17173123079958,0.79015024554314
6.20162448679093,0.792663000658798
6.23151694716254,0.795094822804689
6.26140860759617,0.797434441665956
6.29129946376537,0.799670683534758
6.32118951133544,0.801792532549017
6.35107874596332,0.803789190597264
6.38096716329759,0.805650135508925
6.4108547589784,0.807365177165011
6.44074152863742,0.808924511182424
6.47062746789778,0.810318769845356
6.50051257237402,0.811539069979803
6.53039683767203,0.812577057491362
6.56028025938901,0.813424948312472
6.5901628331134,0.814075565532505
6.62004455442483,0.814522372512652
6.64992541889408,0.814759501816937
6.67980542208299,0.814781779820953
6.70968455954444,0.814584746890526
6.73956282682227,0.81416467305349
6.76944021945125,0.813518569118809
6.79931673295699,0.812644193228092
6.8291923628559,0.811540052855086
6.85906710465516,0.810205402298736
6.88894095385262,0.808640235744546
6.91881390593675,0.806845275997377
6.9486859563866,0.804821959016049
6.97855710067176,0.802572414406143
7.00842733425224,0.800099442052163
7.03829665257847,0.79740648509333
7.06816505109122,0.794497599469015
7.09803252522153,0.791377420279707
7.12789907039068,0.788051125227566
7.15776468201011,0.784524395416955
7.18762935548133,0.78080337380967
7.21749308619596,0.776894621642056
7.24735586953554,0.772805073121463
7.27721770087157,0.768541988727886
7.30707857556541,0.764112907452741
7.33693848896821,0.759525598310884
7.36679743642087,0.754788011463793
7.39665541325398,0.749908229291817
7.42651241478773,0.744894417750801
7.45636843633187,0.73975477834423
7.48622347318564,0.734497501035165
7.51607752063773,0.729130718413868
7.54593057396619,0.723662461426157
7.57578262843835,0.718100616954935
7.60563367931083,0.712452887532763
7.63548372182939,0.706726753446825
7.66533275122893,0.700929437479447
7.69518076273337,0.695067872507353
7.72502775155563,0.68914867216135
7.75487371289756,0.683178104725037
7.78471864194987,0.677162070426935
7.81456253389202,0.671106082254635
7.84440538389225,0.665015250393132
7.8742471871074,0.658894270361817
7.90408793868295,0.652747414896433
7.93392763375286,0.64657852959348
7.96376626743959,0.640391032305372
7.99360383485397,0.634187916245487
8.02344033109513,0.627971756733023
8.0532757512505,0.621744721478702
8.08311009039565,0.615508584284152
8.1129433435943,0.609264742000208
8.14277550589819,0.603014234562924
8.17260657234705,0.596757767900808
8.20243653796854,0.590495739483172
8.23226539777812,0.584228266257304
8.26209314677902,0.577955214702307
8.29191977996221,0.571676232709407
8.32174529230624,0.565390782983068
8.35156967877723,0.55909817764422
8.38139293432878,0.552797613706689
8.41121505390191,0.546488209090374
8.44103603242495,0.540169038830403
8.47085586481353,0.533839171139936
8.50067454597045,0.527497702986208
8.53049207078562,0.521143794844134
8.56030843413601,0.514776704299996
8.59012363088554,0.508395818188941
8.61993765588505,0.502000682964255
8.64975050397217,0.495591033013765
8.67956216997129,0.489166816658827
8.70937264869346,0.482728219594202
8.73918193493632,0.476275685552537
8.76899002348402,0.46980993400471
8.79879690910717,0.463331974737022
8.82860258656271,0.456843119177565
8.85840705059388,0.450344988376917
8.8882102959301,0.443839517582211
8.91801231728693,0.437328957378275
8.94781310936598,0.430815871404638
8.97761266685481,0.424303130692142
9.00741098442688,0.417793904697637
9.03720805674145,0.411291649149179
9.06700387844348,0.404800090846861
9.0967984441636,0.398323209595727
9.126591748518,0.391865217476591
9.15638378610834,0.385430535687801
9.18617455152167,0.37902376921552
9.21596403933036,0.372649679611987
9.24575224409203,0.366313156179846
9.27553916034939,0.360019185875863
9.30532478263027,0.353772822259254
9.33510910544745,0.347579153817735
9.36489212329859,0.341443272008719
9.39467383066618,0.335370239353271
9.42445422201742,0.329365057916908
9.45423329180413,0.323432638503633
9.4840110344627,0.317577770878334
9.51378744441395,0.311805095317384
9.54356251606308,0.306119075768729
9.57333624379959,0.300523974880592
9.60310862199715,0.295023831132813
9.63287964501353,0.289622438276851
9.66264930719055,0.284323327260145
9.69241760285389,0.279129750777855
9.72218452631311,0.274044670560938
9.75195007186151,0.269070747473906
9.781714233776,0.264210334459433
9.81147700631709,0.259465472330119
9.84123838372871,0.25483788837138
9.8709983602382,0.250328997683281
9.90075693005614,0.245939907154337
9.93051408737631,0.241671421926894
9.96026982637558,0.237524054182268
9.99002414121378,0.233498034044967
10.0197770260337,0.229593322378925
10.0495284749608,0.225809625225901
10.0792784821034,0.222146409616593
10.1090270415522,0.218602920469319
10.1387741473808,0.21517819827956
10.1685197936447,0.211871097296127
10.198263974382,0.20868030387677
10.2280066836131,0.205604354717293
10.2577479153402,0.202641654654199
10.2874876635478,0.199790493751024
10.3172259222021,0.19704906339307
10.3469626852511,0.194415471133961
10.3766979466247,0.191887754059932
10.4064317002341,0.189463890464038
10.4361639399722,0.187141809651894
10.4658946597134,0.184919399732888
10.4956238533129,0.182794513285787
10.5253515146076,0.180764970824292
10.5550776374152,0.178828562026533
10.5848022155344,0.17698304473166
10.6145252427447,0.175226141746313
10.6442467128064,0.173555535543242
10.6739666194605,0.171968860972884
10.7036849564285,0.170463696146175
10.7334017174121,0.169037551682164
10.7631168960935,0.167687858547019
10.7928304861352,0.16641195474101
10.8225424811796,0.165207071116555
10.8522528748491,0.164070316633113
10.8819616607459,0.162998663373008
10.911668832452,0.161988931656056
10.9413743835291,0.161037775599686
10.9710783075182,0.160141669474935
11.00078059794,0.159296895207257
11.0304812482942,0.158499531364178
11.0601802520598,0.157745443959733
11.0898776026947,0.157030279388266
11.1195732936359,0.156349459777728
11.1492673182991,0.155698181025466
11.1789596700786,0.155071413747642
11.2086503423475,0.154463907337652
11.238339328457,0.153870197289338
11.268026621737,0.153284615898054
11.2977122154952,0.15270130640727
11.3273961030177,0.152114240621064
11.3570782775682,0.151517239954099
11.3867587323886,0.150903999841136
11.4164374606983,0.150268117378722
11.4461144556941,0.14960312202281
11.4757897105504,0.14890250911859
11.505463218419,0.148159775993463
11.5351349724288,0.14736846030128
11.5648049656855,0.146522180266743
11.5944731912721,0.145614676443367
11.6241396422481,0.144639854567529
11.6538043116499,0.143591829065214
11.6834671924901,0.142464966747534
11.7131282777579,0.141253930216262
11.7427875604187,0.13995372049202
11.7724450334139,0.138559718375044
11.8021006896611,0.137067724052429
11.8317545220536,0.135473994475781
11.8614065234603,0.133775278049631
11.8910566867258,0.131968846193564
11.92070500467,0.130052521369279
11.9503514700882,0.128024701197798
11.9799960757508,0.125884378331103
12.009638814403,0.123631155786034
12.0392796787652,0.121265257496219
12.0689186615322,0.118787533888884
12.0985557553733,0.116199462347572
12.1281909529326,0.113503142477871
12.1578242468281,0.110701286150837
12.187455629652,0.107797202356901
12.2170850939705,0.104794776961072
12.2467126323235,0.101698447507276
12.2763382372248,0.0985131732750908
12.3059619011615,0.095244400845063
12.3355836165941,0.0918980254786774
12.3652033759563,0.0884803486651453
12.3948211716548,0.0849980322288264
12.4244369960692,0.0814580494279795
12.454050841552,0.077867633506834
12.4836627004279,0.0742342241886753
12.5132725649945,0.0705654126170838
12.5428804275212,0.0668688852656771
12.5724862802497,0.0631523673433492
12.6020901153936,0.0594235662222609
12.6316919251382,0.0556901154094334
12.6612917016406,0.0519595195702038
12.6908894370291,0.048239101093019
12.7204851234033,0.0445359486603589
12.750078752834,0.0408568682606667
12.7796703173629,0.0372083370409957
12.8092598090023,0.0335964603607053
12.8388472197353,0.0300269323631372
12.8684325415153,0.0265050003356215
12.8980157662659,0.0230354330790217
12.927596885881,0.0196224934569962
12.957175892224,0.016269915243015
12.9867527771283,0.0129808843306201
13.0163275323968,0.00975802432014383
13.0459001498017,0.00660338644401293
13.0754706210843,0.00351844374317345
13.1050389379551,0.000504089360253701
13.1346050920931,-0.00243936122904032
13.1641690751463,-0.00531216426520409
13.1937308787307,-0.00811513829015098
13.223290494431,-0.0108496515554783
13.2528479137997,-0.0135176065677278
13.2824031283572,-0.0161214221063481
13.3119561295915,-0.0186640130662852
13.3415069089584,-0.0211487684878708
13.3710554578806,-0.0235795281417861
13.4006017677483,-0.0259605580363562
13.4301458299182,-0.0282965252086118
13.459687635714,-0.0305924721492215
13.4892271764259,-0.0328537911953202
13.5187644433102,-0.0350861992043097
13.5482994275896,-0.037295712796606
13.5778321204524,-0.0394886244264239
13.6073625130529,-0.0416714795073716
13.6368905965106,-0.0438510547847706
13.6664163619106,-0.0460343381093384
13.6959398003029,-0.0482285097283608
13.7254609027023,-0.0504409251706797
13.7549796600885,-0.0526790997620203
13.7844960634055,-0.0549506947674825
13.8140101035615,-0.0572635051193799
13.8435217714287,-0.0596254486513583
13.8730310578434,-0.0620445567246861
13.9025379536051,-0.0645289660999584
13.9320424494769,-0.0670869118780555
13.9615445361849,-0.0697267213081574
13.9910442044182,-0.0724568082384156
14.0205414448287,-0.0752856679668596
14.0500362480305,-0.0782218722365098
14.0795286046003,-0.0812740641095218
14.1090185050764,-0.0844509524507249
14.1385059399592,-0.0877613057512452
14.1679908997104,-0.0912139450277554
14.1974733747534,-0.0948177355422839
14.2269533554722,-0.0985815771015393
14.256430832212,-0.102514392712493
14.2859057952785,-0.106625115393078
14.3153782349376,-0.110922672962124
14.3448481414154,-0.115415970661378
14.3743155048982,-0.120113871493803
14.4037803155313,-0.125025174195999
14.43324256342,-0.130158588798107
14.4627022386282,-0.135522709761426
14.4921593311791,-0.14112598672153
14.5216138310543,-0.146976692902721
14.5510657281938,-0.153082891307372
14.5805150124958,-0.159452398820772
14.6099616738161,-0.166092748407916
14.6394057019684,-0.173011149612943
14.6688470867236,-0.180214447603994
14.6982858178096,-0.187709081035882
14.7277218849112,-0.195501039029732
14.7571552776696,-0.203595817592291
14.7865859856824,-0.211998375817711
14.8160139985031,-0.220713092230946
14.845439305641,-0.229743721644468
14.8748618965607,-0.239093352908325
14.904281760682,-0.248764367938051
14.9336988873797,-0.258758402405002
14.9631132659831,-0.269076308469751
14.9925248857757,-0.279718119931237
15.0219337359951,-0.290683020152185
15.0513398058328,-0.301969313105676
15.0807430844335,-0.313574397868164
15.1101435608952,-0.325494746861491
15.1395412242687,-0.337725888120437
15.1689360635573,-0.350262391833612
15.1983280677167,-0.363097861374106
15.2277172256544,-0.376224929002953
15.2571035262297,-0.38963525639312
15.286486958253,-0.403319540085043
15.3158675104861,-0.417267521947002
15.3452451716411,-0.43146800467518
15.374619930381,-0.44590887232955
15.4039917753184,-0.460577115863183
15.4333606950161,-0.475458863564366
15.4627266779859,-0.490539416293748
15.4920897126893,-0.505803287362477
15.5214497875361,-0.521234246862919
15.5508068908848,-0.536815370230519
15.5801610110421,-0.552529090784914
15.6095121362624,-0.568357255969941
15.6388602547476,-0.58428118698653
15.6682053546469,-0.600281741489425
15.697547424056,-0.616339378998747
15.7268864510174,-0.632434228660404
15.7562224235194,-0.648546158975595
15.7855553294964,-0.664654849109183
15.8148851568278,-0.68073986137942
15.8442118933385,-0.696780714527561
15.8735355267978,-0.712756957365251
15.9028560449194,-0.728648242399977
15.9321734353611,-0.744434399044577
15.9614876857241,-0.760095506025252
15.9907987835532,-0.775611962614049
16.0201067163357,-0.790964558325841
16.0494114715017,-0.806134540736354
16.0787130364232,-0.821103681096647
16.1080113984142,-0.835854337440386
16.1373065447297,-0.850369514902788
16.1665984625661,-0.86463292299441
16.1958871390602,-0.878629029598413
16.2251725612888,-0.892343111486408
16.254454716269,-0.905761301175184
16.2837335909568,-0.918870629974297
16.3130091722476,-0.931659067102423
16.3422814469752,-0.94411555477803
16.3715504019116,-0.956230039217473
16.4008160237667,-0.967993497500482
16.4300782991877,-0.979397960288958
16.4593372147587,-0.990436530410213
16.4885927570006,-1.00110339733938
16.5178449123701,-1.01139384763835
16.5470936672597,-1.02130427142918
16.5763390079973,-1.03083216499934
16.6055809208454,-1.03997612965329
16.6348193920011,-1.04873586694045
16.6640544075954,-1.05711217040308
16.6932859536926,-1.06510691399906
16.7225140162903,-1.07272303736417
16.7517385813186,-1.0799645280858
16.7809596346398,-1.08683640116566
16.8101771620479,-1.09334467585262
16.839391149268,-1.09949635002865
16.8686015819561,-1.10529937233071
16.8978084456986,-1.11076261218997
16.9270117260113,-1.11589582796662
16.9562114083399,-1.12070963335371
16.9854074780585,-1.12521546221822
17.0145999204698,-1.12942553204022
17.0437887208043,-1.1333528061035
17.0729738642201,-1.13701095458255
17.1021553358019,-1.14041431466139
17.131333120561,-1.14357784981056
17.1605072034344,-1.14651710833842
17.1896775692847,-1.14924818132321
17.2188442028993,-1.15178766002223
17.2480070889898,-1.15415259284488
17.2771662121918,-1.1563604419668
17.3063215570641,-1.15842903965326
17.3354731080884,-1.16037654435155
17.3646208496684,-1.16222139660432
17.3937647661296,-1.1639822748283
17.4229048417188,-1.16567805099698
17.4520410606032,-1.1673277462598
17.4811734068701,-1.16895048652608
17.5103018645262,-1.17056545803804
17.5394264174974,-1.17219186295443
17.5685470496276,-1.17384887496465
17.5976637446787,-1.17555559495204
17.6267764863297,-1.17733100672546
17.6558852581763,-1.17919393283897
17.6849900437301,-1.18116299052129
17.7140908264184,-1.18325654773983
17.7431875895831,-1.18549267942706
17.7722803164804,-1.18788912390194
17.8013689902801,-1.19046323952363
17.8304535940651,-1.19323196162085
17.8595341108307,-1.19621175974622
17.888610523484,-1.19941859531208
17.917682814843,-1.20286787967125
17.9467509676366,-1.20657443271421
17.9758149645033,-1.21055244206182
18.0048747879909,-1.21481542294134
18.0339304205558,-1.21937617884139
18.0629818445624,-1.22424676305043
18.0920290422821,-1.22943844119122
18.1210719958933,-1.23496165487241
18.1501106874799,-1.24082598658625
18.1791450990312,-1.24704012598899
18.2081752124413,-1.25361183770826
18.2372010095077,-1.26054793082794
18.2662224719315,-1.26785423020765
18.295239581316,-1.27553554979902
18.3242523191664,-1.28359566812559
18.3532606668887,-1.29203730609669
18.3822646057895,-1.30086210732815
18.4112641170748,-1.31007062114395
18.4402591818496,-1.31966228843287
18.4692497811168,-1.32963543053286
18.4982358957769,-1.33998724131289
18.5272175066268,-1.35071378261755
18.5561945943595,-1.36180998323341
18.5851671395627,-1.37326964152853
18.6141351227187,-1.38508543190622
18.6430985242033,-1.39724891520334
18.6720573242849,-1.40975055314921
18.7010115031239,-1.42257972698639
18.7299610407718,-1.43572476033721
18.7589059171705,-1.44917294638063
18.7878461121514,-1.4629105793834
18.8167816054344,-1.47692299060665
18.8457123766275,-1.49119458858477
18.8746384052255,-1.50570890374762
18.9035596706095,-1.52044863732986
18.9324761520458,-1.53539571448276
18.9613878286852,-1.55053134147436
18.9902946795621,-1.56583606683362
19.0191966835934,-1.58128984626321
19.0480938195781,-1.59687211111459
19.0769860661958,-1.61256184018764
19.1058734020064,-1.62833763458626
19.1347558054486,-1.64417779533095
19.1636332548395,-1.66006040339976
19.1925057283733,-1.67596340184096
19.2213732041206,-1.69186467957363
19.2502356600274,-1.70774215646792
19.2790930739138,-1.72357386927364
19.3079454234738,-1.73933805794611
19.3367926862736,-1.75501325190036
19.3656348397508,-1.77057835571109
19.3944718612138,-1.7860127337645
19.4233037278401,-1.80129629336132
19.4521304166762,-1.81640956576664
19.4809519046356,-1.83133378470325
19.5097681684984,-1.84605096178965
19.5385791849103,-1.86054395843346
19.5673849303811,-1.87479655370415
19.596185381284,-1.88879350772704
19.6249805138544,-1.90252062016288
19.6537703041889,-1.91596478336346
19.6825547282441,-1.92911402982479
19.7113337618357,-1.94195757359357
19.7401073806372,-1.95448584532145
19.7688755601787,-1.96669052070305
19.7976382758462,-1.97856454207901
19.8263955028799,-1.99010213303292
19.8551472163734,-2.0012988058615
19.8838933912726,-2.01215136184929
19.9126340023741,-2.02265788433304
19.9413690243247,-2.03281772459573
19.9700984316194,-2.0426314806853
19.9988221986008,-2.05210096930846
