0.56979260349113
0.565492249611341
0.561228904663142
0.5570097664898
0.552841961530484
0.548732528272139
0.544688400781318
0.540716392375118
0.536823179489397
0.533015285801161
0.52929906666045
0.525680693885124
0.52216614096989
0.518761168758495
0.515471311625471
0.512301864211081
0.509257868750242
0.506344103033171
0.503565069032488
0.500924982228316
0.498427761659823
0.496077020728471
0.493876058775151
0.491827853450328
0.489935053893354
0.488199974734269
0.486624590928641
0.48521053343347
0.483959085729685
0.482871181194562
0.481947401325274
0.481187974812883
0.480592777464396
0.480161332968922
0.479892814502667
0.479786047166243
0.479839511246811
0.480051346296613
0.480419356018745
0.480941013950331
0.481613469932705
0.482433557357712
0.48339780117875
0.484502426674762
0.485743368954892
0.487116283191051
0.488616555565053
0.490239314916353
0.491979445075644
0.493831597868676
0.495790206773597
0.497849501213919
0.500003521467741
0.502246134172293
0.504571048401013
0.506971832288302
0.509441930174886
0.511974680244184
0.514563332617447
0.517201067872518
0.519881015948027
0.522596275391626
0.525339932907517
0.528105083155079
0.530884848746898
0.533672400390951
0.536460977118136
0.539243906532882
0.54201462502116
0.544766697846945
0.547493839065159
0.550189931176256
0.552849044445095
0.555465455804549
0.558033667262472
0.56054842372926
0.563004730182326
0.565397868083416
0.567723410964815
0.569977239101243
0.572155553185531
0.574254886928184
0.576272118503466
0.578204480767962
0.580049570181435
0.58180535436439
0.583470178231929
0.585042768649334
0.586522237561222
0.587908083553119
0.5892001918118
0.590398832458767
0.591504657239641
0.592518694561085
0.593442342875945
0.594277362426706
0.595025865366844
0.59569030428933
0.596273459201135
0.596778422992229
0.597208585456971
0.597567615935005
0.597859444647733
0.598088242814933
0.598258401644157
0.598374510293131
0.598441332912259
0.598463784880628
0.598446908354445
0.598395847251581
0.59831582179984
0.598212102779608
0.598089985593704
0.597954764298505
0.597811705730681
0.597666023863268
0.597522854523189
0.597387230599853
0.597264057871011
0.597158091567777
0.597073913795562
0.59701591192176
0.596988258034343
0.596994889568172
0.597039491187861
0.597125478007549
0.597255980218929
0.597433829189573
0.597661545083895
0.59794132604927
0.598275038999817
0.598664212020324
0.599110028402839
0.599613322318581
0.600174576118227
0.600793919244295
0.601471128730393
0.602205631253609
0.602996506698289
0.603842493182055
0.604741993488066
0.605693082841389
0.606693517961859
0.607740747321093
0.608831922527299
0.609963910758281
0.611133308160522
0.612336454130476
0.61356944639318
0.614828156792928
0.61610824771113
0.617405189027442
0.618714275541792
0.620030644777095
0.621349295084955
0.622665103979747
0.623972846629782
0.62526721443798
0.626542833648337
0.627794283918557
0.629016116803382
0.630202874097325
0.631349105989672
0.632449388988676
0.633498343575775
0.634490651554354
0.635421073061025
0.63628446321056
0.637075788348409
0.637790141887242
0.638422759705986
0.638969035091581
0.639424533204925
0.639785005053397
0.640046400952848
0.640204883462081
0.640256839772615
0.640198893535992
0.640027916110053
0.639741037204535
0.63933565490506
0.638809445053158
0.638160369958463
0.637386686417627
0.636486953012971
0.635460036662423
0.634305118390947
0.633021698292525
0.631609599650881
0.630068972186516
0.628400294397407
0.626604374960887
0.624682353164784
0.622635698337036
0.620466208244512
0.618176006433907
0.615767538490216
0.613243567191466
0.610607166542141
0.607861714671988
0.605010885591702
0.602058639802278
0.599009213760565
0.595867108209775
0.59263707539022
0.589324105152489
0.585933410002417
0.582470409114569
0.578940711358479
0.57535009738944
0.571704500863203
0.568009988841418
0.564272741461935
0.560499030955144
0.556695200094244
0.552867640173664
0.549022768615668
0.54516700631049
0.541306754799975
0.53744837341871
0.533598156509831
0.529762310835167
0.525946933300975
0.522157989121242
0.518401290540385
0.514682476236071
0.511006991520867
0.507380069458464
0.503806713006328
0.500291678291834
0.496839459123245
0.493454272830341
0.490140047522127
0.486900410840956
0.483738680283495
0.480657855149537
0.47766061016956
0.474749290851382
0.471925910575287
0.469192149455681
0.466549354975799
0.463998544390258
0.461540408878533
0.459175319420676
0.456903334355063
0.454724208566553
0.452637404242458
0.45064210312308
0.448737220163453
0.446921418513404
0.445193125714144
0.44355055100148
0.441991703598361
0.440514411872991
0.439116343233148
0.437795024622714
0.43654786348278
0.43537216903704
0.434265173759617
0.433224054882901
0.432245955803471
0.431328007245731
0.430467348045435
0.429661145418848
0.42890661458784
0.42820103763664
0.427541781482374
0.426926314848626
0.426352224139266
0.425817228118382
0.425319191311456
0.42485613605274
0.424426253114081
0.424027910861146
0.423659662893977
0.42332025414001
0.423008625379037
0.422723916190957
0.422465466328476
0.422232815528112
0.422025701783818
0.421844058118198
0.421688007896569
0.421557858738935
0.421454095094243
0.421377369549978
0.421328492958208
0.421308423466529
0.421318254548944
0.421359202137512
0.421432590960557
0.421539840197344
0.421682448562372
0.421861978934778
0.422080042649804
0.422338283569858
0.422638362052393
0.422981938930638
0.423370659621232
0.423806138469952
0.424289943443147
0.424823581268134
0.425408483120789
0.42604599095287
0.426737344545368
0.427483669367367
0.428285965312628
0.429145096378452
0.430061781343349
0.431036585491742
0.432069913425466
0.433162002993144
0.43431292035984
0.435522556230656
0.436790623233299
0.438116654456083
0.439500003129508
0.440939843431439
0.442435172388115
0.44398481283574
0.445587417400399
0.447241473447392
0.44894530894501
0.450697099182144
0.452494874274125
0.454336527386707
0.456219823604294
0.458142409365289
0.460101822384846
0.462095501983416
0.464120799738169
0.466174990373769
0.468255282808988
0.470358831276308
0.472482746432946
0.47462410638361
0.476779967537769
0.478947375227251
0.481123374013518
0.483305017618048
0.485489378413729
0.487673556420139
0.489854687750877
0.492029952466771
0.494196581794763
0.496351864678419
0.498493153632468
0.500617869880274
0.502723507759816
0.504807638390449
0.506867912599391
0.508902063113552
0.510907906028834
0.512883341575412
0.514826354203707
0.516735012021644
0.518607465619455
0.52044194632354
0.522236763925787
0.523990303939246
0.525701024435011
0.527367452518704
0.528988180507884
0.530561861874154
0.532087207015539
0.533562978925945
0.534987988829148
0.536361091844703
0.537681182752573
0.538947191921978
0.540158081468082
0.541312841697605
0.54241048790139
0.543450057548202
0.544430607929855
0.545351214302981
0.546210968567521
0.547008978516339
0.547744367684288
0.548416275818628
0.549023859985994
0.549566296324169
0.550042782439793
0.550452540445943
0.550794820626216
0.551068905704766
0.551274115694554
0.551409813289129
0.551475409756503
0.551470371287231
0.551394225742749
0.551246569744351
0.551027076038035
0.550735501065843
0.550371692670287
0.549935597855079
0.549427270522716
0.548846879107482
0.548194714021221
0.547471194828795
0.546676877070482
0.54581245864969
0.544878785706307
0.543876857898704
0.542807833020882
0.541673030885483
0.540473936408277
0.539212201835369
0.537889648060555
0.536508264987036
0.535070210895007
0.533577810784344
0.53203355366973
0.530440088813935
0.528800220893605
0.527116904100633
0.525393235191011
0.523632445501821
0.521837891965667
0.52001304716034
0.518161488439627
0.51628688619906
0.514392991337734
0.512483621984212
0.51056264956087
0.508633984266674
0.506701560063408
0.504769319254617
0.502841196750047
0.500921104111037
0.499012913474234
0.497120441452012
0.495247433108217
0.493397546107219
0.491574335132809
0.489781236671248
0.488021554249742
0.4862984442179
0.484614902155263
0.482973749982968
0.481377623851931
0.479828962873776
0.47832999875416
0.476882746381116
0.475488995413778
0.474150302909349
0.472867987018487
0.471643121771592
0.470476532970733
0.469368795194351
0.468320229914369
0.467330904718107
0.46640063362047
0.465528978445222
0.464715251248033
0.463958517748218
0.463257601730881
0.462611090376491
0.462017340470788
0.461474485444431
0.460980443188825
0.460532924592318
0.460129442739214
0.459767322712973
0.45944371194447
0.459155591046217
0.45889978507406
0.458672975158951
0.458471710452945
0.458292420335541
0.458131426828827
0.45798495717254
0.457849156513071
0.457720100663559
0.457593808895506
0.457466256725699
0.457333388665624
0.45719113090395
0.457035403895973
0.456862134837088
0.456667270000389
0.456446786921328
0.45619670641488
0.455913104413013
0.455592123612162
0.455229984922126
0.454822998709043
0.454367575826078
0.453860238426021
0.453297630550238
0.452676528488249
0.451993850901811
0.451246668706519
0.45043221470296
0.449547892948034
0.448591287855554
0.447560173013444
0.446452519702955
0.445266505103301
0.444000520163031
0.442653177117334
0.441223316628417
0.439710014524081
0.438112588107726
0.436430602011305
0.434663873561225
0.432812477625915
0.430876750912784
0.428857295681625
0.426754982841164
0.424570954395487
0.42230662520749
0.419963684047297
0.417544093894808
0.415050091467166
0.412484185943961
0.409849156865424
0.407148051181679
0.404384179434311
0.401561111055063
0.398682668770284
0.395752922103961
0.3927761799765
0.389756982401081
0.386700091284169
0.383610480341695
0.380493324147406
0.377353986334944
0.374198006980223
0.371031089195668
0.367859084972735
0.364687980313902
0.361523879699808
0.358372989941586
0.355241603472445
0.352136081136314
0.349062834534784
0.346028307996597
0.343038960236636
0.340101245773597
0.337221596177368
0.334406401218561
0.331661989993582
0.328994612099176
0.326410418930459
0.323915445176119
0.321515590583681
0.319216602066597
0.317024056223328
0.314943342336657
0.312979645919222
0.311137932868608
0.309422934292489
0.307839132061099
0.306390745140941
0.305081716760007
0.303915702451006
0.302896059015127
0.302025834444841
0.301307758840044
0.300744236347663
0.300337338150557
0.300088796527278
0.3
0.300071989583646
0.300305456145084
0.300700738877085
0.301257824887702
0.301976349901721
0.302855600066977
0.30389451485452
0.305091691037979
0.306445387733876
0.307953532481248
0.309613728335579
0.311423261948876
0.313379112604645
0.315477962173574
0.317716205952894
0.32008996434972
0.322595095366067
0.325227207840814
0.327981675401532
0.330853651076955
0.33383808251875
0.336929727779378
0.340123171591012
0.343412842088884
0.346793027920919
0.350257895684239
0.353801507627929
0.357417839560537
0.361100798899968
0.364844242802881
0.368641996310299
0.372487870446025
0.376375680204499
0.380299262365056
0.384252493070108
0.388229305105544
0.392223704822737
0.396229788642834
0.400241759085595
0.404253940266879
0.408260792810981
0.412256928126348
0.416237121995852
0.420196327435576
0.424129686779203
0.428032542948328
0.431900449872557
0.435729182026887
0.439514743057739
0.44325337347298
0.44694155737538
0.450576028223193
0.454153773605787
0.45767203902662
0.461128330690204
0.46452041729405
0.467846330830911
0.471104366410923
0.474293081117405
0.477411291914187
0.48045807262626
0.483432750019361
0.486334899007725
0.489164337022652
0.491921117577794
0.494605523070041
0.497218056857658
0.499759434659847
0.502230575324153
0.504632591010163
0.506966776839644
0.50923460006476
0.511437688807214
0.513577820422065
0.515656909540694
0.517676995847789
0.519640231647399
0.521548869273069
0.523405248396761
0.525211783290784
0.526970950096226
0.528685274150504
0.530357317425547
0.531989666126881
0.533584918502476
0.535145672908647
0.536674516178616
0.538174012337515
0.539646691705679
0.541095040430027
0.542521490481184
0.543928410151778
0.545318095089001
0.546692759892133
0.548054530303249
0.549405436016784
0.550747404131001
0.552082253261739
0.553411688336067
0.554737296080672
0.556060541216951
0.557382763371856
0.558705174710604
0.560028858294334
0.561354767162752
0.562683724138747
0.564016422348799
0.565353426449929
0.566695174550741
0.568041980810988
0.569394038700946
0.570751424898746
0.572114103800754
0.573481932617013
0.574854667020816
0.576231967318585
0.577613405103408
0.578998470352962
0.580386578929954
0.58177708044089
0.583169266406739
0.584562378697068
0.585955618177445
0.587348153518332
0.588739130112424
0.590127679046309
0.591512926071646
0.592894000520554
0.594270044109807
0.595640219578615
0.597003719105276
0.598359772448847
0.599707654763169
0.601046694032103
0.602376278076692
0.60369586108715
0.605004969635078
0.606303208124117
0.607590263640351
0.60886591016713
0.610130012132631
0.611382527262316
0.612623508712508
0.613853106465569
0.615071567971519
0.616279238025491
0.617476557874996
0.618664063555629
0.619842383458552
0.621012235137757
0.622174421369754
0.623329825482887
0.624479405977967
0.625624190466221
0.626765268954732
0.627903786513528
0.629040935362258
0.630177946417902
0.63131608034825
0.632456618178907
0.633600851504263
0.634750072355305
0.635905562779249
0.637068584187743
0.63824036653187
0.63942209736333
0.640614910841972
0.641819876750393
0.64303798957646
0.644270157724554
0.645517192915878
0.646779799837514
0.648058566098924
0.649353952553384
0.650666284040372
0.651995740603241
0.653342349234571
0.654705976199532
0.656086319985262
0.657482904921805
0.658895075517559
0.660321991549377
0.661762623944621
0.663215751489398
0.664679958394119
0.666153632744276
0.667634965860985
0.669121952592474
0.670612392554129
0.672103892331197
0.673593868654536
0.675079552556101
0.676557994507049
0.67802607053747
0.679480489332821
0.680917800298154
0.682334402577155
0.683726555008891
0.685090387001033
0.686421910294065
0.687717031586764
0.688971565988958
0.690181251263251
0.69134176281312
0.692448729370464
0.693497749331448
0.694484407685201
0.695404293475825
0.696253017734033
0.697026231810796
0.697719646041562
0.698329048665898
0.698850324924008
0.69927947624829
0.69961263946514
0.69984610591953
0.699976340432542
0.7
0.699913952138806
0.699715292786338
0.69940136365759
0.698969768964468
0.698418391401925
0.697745407306429
0.696949300893581
0.69602887748367
0.694983275626425
0.693811978039343
0.692514821277688
0.691092004058561
0.689544094166344
0.687872033872334
0.686077143807449
0.684161125233537
0.682126060665966
0.679974412807865
0.677709021764529
0.675333100515069
0.672850228627359
0.670264344211629
0.66757973411767
0.664801022390401
0.661933157008584
0.658981394941555
0.655951285569
0.652848652518925
0.649679573989004
0.64645036162638
0.643167538050591
0.639837813113682
0.636468059000472
0.633065284280514
0.629636607031252
0.626189227159332
0.622730398053824
0.619267397711202
0.61580749947727
0.612357942555778
0.608925902437167
0.605518461403681
0.602142579268951
0.598805064511131
0.595512545958533
0.592271445185743
0.589087949776086
0.585967987603269
0.582917202280965
0.579940929924038
0.577044177359055
0.57423160191476
0.571507492915271
0.568875754989957
0.56633989330434
0.563903000805952
0.561567747567935
0.559336372301397
0.557210676095113
0.555192018428305
0.55328131548884
0.551479040815552
0.549785228269372
0.548199477323876
0.546720960651597
0.545348433968282
0.544080248083165
0.542914363089434
0.54184836461552
0.540879482044611
0.540004608597143
0.539220323158892
0.538522913725873
0.537908402326591
0.537372571272349
0.536910990577418
0.536519046382969
0.536191970211768
0.535924868874927
0.535712754847357
0.535550576925215
0.535433250976471
0.535355690594797
0.535312837467415
0.535299691269139
0.535311338897841
0.535342982870761
0.535389968706527
0.535447811124452
0.535512218900475
0.53557911822813
0.535644674442903
0.535705311979398
0.535757732442659
0.535798930687782
0.535826208815462
0.535837188005296
0.535829818123408
0.535802385056067
0.535753515736503
0.535682180847806
0.535587695200588
0.535469715799875
0.535328237631333
0.535163587212338
0.534976413968383
0.534767679509914
0.534538644898584
0.534290856005212
0.534026127074196
0.53374652262071
0.533454337797644
0.53315207737882
0.53284243351349
0.532528262414402
0.532212560147796
0.531898437698519
0.531589095486921
0.531287797516468
0.530997845331819
0.530722551966767
0.530465216059634
0.530229096310765
0.530017386452445
0.529833190896153
0.529679501215405
0.529559173614751
0.529474907526761
0.529429225469156
0.529424454283705
0.529462707867213
0.529545871492941
0.529675587808248
0.529853244581217
0.530079964255654
0.530356595360184
0.530683705803376
0.531061578073015
0.531490206343835
0.531969295484456
0.532498261940941
0.533076236461425
0.533702068613809
0.534374333036562
0.535091337351418
0.535851131656165
0.536651519505966
0.537490070282706
0.538364132843877
0.539270850335399
0.540207176046754
0.541169890181728
0.542155617414072
0.54316084509444
0.544181941973081
0.545215177301944
0.546256740180062
0.547302759007348
0.548349320914147
0.549392491037139
0.550428331516261
0.551452920092332
0.552462368190877
0.55345283838418
0.554420561130855
0.555361850700088
0.556273120196101
0.557150895607253
0.557991828813479
0.558792709495309
0.55955047589752
0.560262224410395
0.560925217941587
0.561536893061552
0.562094865915396
0.562596936903714
0.563041094144448
0.563425515736946
0.563748570858161
0.564008819729259
0.5642050124987
0.564336087095136
0.564401166110095
0.564399552776453
0.564330726114026
0.564194335318201
0.563990193471464
0.563718270660798
0.563378686586298
0.562971702748013
0.562497714298853
0.561957241651544
0.561350921926985
0.56067950033003
0.559943821536712
0.559144821174237
0.558283517471794
0.557361003156336
0.556378437663085
0.555337039725609
0.55423808040496
0.553082876611658
0.551872785168217
0.550609197453589
0.549293534664334
0.547927243720606
0.546511793838231
0.545048673781266
0.543539389802582
0.541985464273212
0.540388434994511
0.538749855180679
0.537071294092881
0.535354338300157
0.533600593536574
0.531811687118674
0.529989270882218
0.528135024592629
0.526250659779307
0.524337923940268
0.522398605060282
0.520434536382879
0.518447601374332
0.516439738815924
0.514412947959535
0.512369293680807
0.510310911563896
0.508240012852032
0.506158889198822
0.504069917156434
0.501975562338424
0.499878383197059
0.497781034357469
0.495686269453884
0.493596943416434
0.491516014160634
0.489446543635567
0.487391698191027
0.485354748228324
0.483339067104195
0.481348129262145
0.479385507570646
0.47745486985284
0.475559974597703
0.473704665848083
0.471892867266443
0.470128575384666
0.468415852049702
0.466758816082328
0.465161634171589
0.463628511032819
0.46216367886221
0.460771386125941
0.459455885726628
0.458221422594477
0.457072220754849
0.456012469928079
0.455046311721132
0.454177825474247
0.453411013828822
0.452749788085639
0.452197953424939
0.45175919406191
0.451437058412765
0.451234944347788
0.451156084608485
0.451203532466283
0.451380147700042
0.451688582969035
0.45213127065692
0.452710410260663
0.453427956396303
0.454285607490895
0.455284795227014
0.456426674802711
0.457712116065925
0.459141695578077
0.460715689656815
0.462434068442814
0.464296491030103
0.466302301693635
0.468450527241772
0.470739875515132
0.473168735046711
0.475735175891623
0.478436951628026
0.481271502524022
0.484235959858493
0.487327151377087
0.490541607857842
0.493875570754453
0.497325000878793
0.500885588078234
0.5045527618575
0.508321702889333
0.512187355353196
0.51614444003659
0.520187468129446
0.524310755638371
0.528508438344489
0.532774487226034
0.537102724264999
0.541486838555785
0.545920402633145
0.550396888936664
0.554909686329617
0.559452116591249
0.564017450803389
0.568598925554735
0.573189758889185
0.577783165928155
0.582372374100923
0.586950637921623
0.591511253256499
0.596047571030447
0.600553010327586
0.605021070846633
0.609445344678056
0.613819527376421
0.618137428307793
0.622392980258635
0.626580248299114
0.630693437900175
0.634726902309998
0.638675149201526
0.642532846608544
0.646294828173261
0.649956097733475
0.653511833282066
0.656957390335805
0.660288304754197
0.66350029505229
0.666589264254015
0.669551301334729
0.672382682303089
0.675079870973313
0.677639519479152
0.680058468580635
0.682333747813733
0.684462575531697
0.686442358884798
0.688270693782736
0.689945364880999
0.691464345629031
0.692825798414262
0.694028074831878
0.695069716105728
0.695949453681048
0.696666210004737
0.697219099503859
0.69760742976787
0.697830702934883
0.697888617277106
0.697781068975505
0.69750815406875
0.697070170556781
0.696467620634718
0.695701213028628
0.694771865400684
0.693680706787666
0.692429080033585
0.69101854417441
0.689450876730584
0.68772807586116
0.685852362332023
0.683826181249804
0.681652203512736
0.679333326929824
0.67687267696036
0.674273607026942
0.671539698356743
0.668674759307861
0.665682824140067
0.662568151192173
0.659335220431537
0.65598873034486
0.652533594143348
0.648974935259568
0.645318082117759
0.641568562163995
0.637732095147423
0.633814585648663
0.629822114856457
0.625760931598618
0.621637442638292
0.617458202251472
0.613229901106454
0.608959354470629
0.604653489774423
0.600319333566488
0.595963997898268
0.591594666179743
0.587218578551661
0.582843016822623
0.57847528902218
