0.479895649625077
0.478873676979025
0.477800084176208
0.476673936313238
0.47549449144539
0.474261204017052
0.472973727558818
0.471631916621039
0.470235827917911
0.468785720660837
0.467282056064983
0.465725496018529
0.464116900910042
0.462457326615621
0.460748020653923
0.45899041752373
0.457186133245438
0.455336959134459
0.453444854841113
0.451511940698
0.449540489421973
0.447532917223674
0.44549177438303
0.443419735354018
0.441319588466468
0.43919422529645
0.437046629779944
0.434879867146938
0.43269707275481
0.430501440900749
0.428296213693119
0.426084670060943
0.423870114979226
0.421655868985464
0.419445258059628
0.417241603935987
0.415048214910551
0.412868377202595
0.410705346922796
0.408562342693986
0.406442538963509
0.404349060038708
0.402284974869249
0.400253292591928
0.398256958845315
0.396298852853269
0.394381785268002
0.39250849675513
0.39068165729508
0.388903866167493
0.38717765257781
0.385505476878339
0.383889732329672
0.382332747342518
0.380836788134937
0.379404061735533
0.378036719259615
0.376736859382543
0.375506531932586
0.374347741524608
0.373262451155765
0.372252585685183
0.371320035121267
0.37046665764282
0.369694282283528
0.369004711213602
0.368399721557252
0.367881066690382
0.367450476969123
0.367109659846734
0.366860299343674
0.36670405484345
0.366642559194884
0.366677416109704
0.366810196852841
0.367042436231227
0.367375627895301
0.36781121897571
0.368350604085694
0.368995118727326
0.369746032147086
0.370604539693035
0.371571754732097
0.372648700191572
0.373836299793965
0.375135369058409
0.376546606145424
0.378070582624427
0.379707734245211
0.381458351795672
0.383322572128233
0.385300369436778
0.387391546864504
0.389595728520888
0.391912351983026
0.394340661352988
0.396879700938538
0.39952830961973
0.402285115958513
0.405148534102633
0.408116760528911
0.411187771664486
0.414359322417813
0.417628945644356
0.420993952564919
0.424451434147588
0.427998263457386
0.431631098970971
0.435346388847206
0.439140376138166
0.443009104919248
0.446948427311507
0.450954011364276
0.455021349761462
0.459145769310823
0.46332244117189
0.467546391775149
0.471812514382527
0.476115581237263
0.480450256249754
0.484811108164998
0.489192624156805
0.493589223793917
0.497995273323589
0.50240510021897
0.506813007937768
0.511213290841078
0.515600249222922
0.51996820440289
0.524311513836256
0.528624586197977
0.532901896399103
0.537138000496158
0.541327550456062
0.545465308741039
0.549546162679697
0.55356513859196
0.55751741563692
0.561398339353677
0.565203434866111
0.568928419723042
0.572569216345506
0.576121964052888
0.579583030639363
0.582949023471598
0.586216800077916
0.589383478198199
0.592446445262702
0.595403367266731
0.598252197006844
0.600991181642904
0.603618869549016
0.60613411641513
0.608536090560032
0.610824277415468
0.612998483140555
0.615058837325175
0.617005794741089
0.618840136099822
0.620562967777233
0.622175720465928
0.623680146718541
0.625078317347235
0.626372616647724
0.627565736419656
0.628660668759287
0.629660697605126
0.630569389022492
0.631390580218852
0.632128367288168
0.632787091689454
0.633371325472139
0.633885855268624
0.63433566508265
0.634725917910548
0.635061936241157
0.635349181489085
0.635593232424899
0.635799762674763
0.635974517370881
0.636123289042697
0.636251892847174
0.636366141244435
0.636471818232534
0.63657465326207
0.636680294957654
0.636794284778808
0.636922030757608
0.637068781454323
0.637239600275183
0.637439340298403
0.63767261975547
0.637943798314523
0.638256954311351
0.638615863071109
0.639023976460283
0.639484403803714
0.639999894295666
0.640572821026976
0.641205166742341
0.641898511432768
0.642654021858234
0.643472443084752
0.644354092108332
0.64529885362593
0.646306178000408
0.647375081452958
0.648504148502408
0.649691536656496
0.650934983345671
0.652231815075342
0.653578958757916
0.654972955171562
0.656409974478439
0.657885833721455
0.659396016205302
0.660935692654976
0.662499744033051
0.664082785885971
0.665679194079452
0.667283131774009
0.668888577483524
0.670489354052938
0.672079158385392
0.673651591744733
0.675200190456116
0.676718456825527
0.678199890098515
0.679638017279149
0.681026423632193
0.682358782694845
0.683628885628843
0.684830669749457
0.685958246074708
0.687005925746001
0.687968245180256
0.68883998982333
0.689616216385122
0.690292273448009
0.690863820352169
0.691326844273747
0.691677675424617
0.691913000315612
0.692029873038378
0.692025724534365
0.691898369832825
0.691646013252885
0.691267251577731
0.69076107522158
0.690126867422349
0.689364401504624
0.688473836268653
0.687455709571575
0.686310930176796
0.685040767956424
0.683646842539761
0.682131110508161
0.680495851242868
0.678743651537941
0.676877389094837
0.674900215018814
0.672815535439918
0.670626992383048
0.668338444012333
0.665953944375019
0.663477722769072
0.660914162856958
0.658267781645548
0.655543208448813
0.652745163946073
0.649878439444039
0.64694787644576
0.643958346624057
0.640914732290966
0.637821907448361
0.634684719498242
0.631507971684237
0.628296406328791
0.625054688923267
0.62178739312096
0.618498986675702
0.615193818361558
0.611876105901993
0.608549924929913
0.605219198993243
0.601887690614177
0.598558993403964
0.595236525229158
0.59192352241963
0.588623035003385
0.585337922948311
0.582070853386485
0.578824298792561
0.575600536084026
0.572401646607823
0.569229516974934
0.566085840702018
0.562972120617073
0.559889671984404
0.55683962630278
0.553822935729693
0.550840378083986
0.547892562378738
0.54497993483631
0.542102785337676
0.539261254258673
0.536455339646577
0.533684904691354
0.530949685447122
0.528249298760684
0.525583250365497
0.52295094310107
0.520351685219538
0.51778469874297
0.515249127836934
0.512744047167793
0.510268470213238
0.50782135749766
0.505401624725992
0.503008150791807
0.500639785637483
0.498295357946381
0.495973682648985
0.493673568227007
0.491393823801424
0.48913326599237
0.486890725540663
0.484665053682596
0.482455128271369
0.480259859640222
0.478078196203952
0.475909129796994
0.473751700747724
0.471605002689918
0.469468187113602
0.467340467658594
0.465221124155069
0.463109506416373
0.461005037790016
0.458907218473436
0.456815628601564
0.454729931113525
0.452649874406002
0.450575294780747
0.44850611869359
0.446442364811914
0.444384145887103
0.442331670447751
0.44028524431859
0.438245271969086
0.436212257694465
0.434186806630619
0.432169625602895
0.43016152380715
0.428163413319797
0.426176309431752
0.42420133079935
0.422239699403397
0.420292740305592
0.418361881189655
0.416448651672621
0.414554682369971
0.412681703696557
0.410831544383767
0.409006129691974
0.407207479296182
0.405437704821863
0.403699007007363
0.401993672468958
0.400324070044677
0.398692646693448
0.397101922926942
0.39555448775274
0.394052993109155
0.392600147774183
0.391198710733658
0.389851483996786
0.388561304850738
0.387331037549963
0.386163564440303
0.385061776522779
0.384028563467102
0.383066803090481
0.382179350323079
0.381369025687512
0.380638603325992
0.379990798615032
0.379428255413999
0.378953533000146
0.378569092748983
0.378277284624898
0.378080333552752
0.377980325746583
0.377979195076604
0.378078709560199
0.378280458066522
0.378585837327635
0.378996039351623
0.37951203933494
0.380134584172121
0.380864181661054
0.381701090501099
0.38264531117946
0.383696577838381
0.384854351211898
0.386117812716035
0.387485859770529
0.388957102423403
0.390529861342039
0.392202167225849
0.393971761686308
0.395836099630015
0.397792353169747
0.399837417077154
0.401967915779012
0.404180211886844
0.406470416237421
0.408834399409155
0.411267804667039
0.413766062276439
0.416324405114071
0.418937885492852
0.421601393106225
0.424309673987133
0.427057350367115
0.429838941312232
0.432648884004704
0.43548155553242
0.438331295042931
0.4411924261142
0.444059279191368
0.446926213937132
0.449787641343029
0.452638045450026
0.455472004529328
0.458284211578232
0.461069493991085
0.463822832272042
0.466539377664116
0.469214468578118
0.471843645715194
0.474422665787879
0.476947513756641
0.479414413511774
0.481819836944023
0.484160511361373
0.486433425223904
0.488635832183255
0.490765253428066
0.492819478351453
0.494796563571094
0.496694830346701
0.498512860453274
0.500249490581635
0.501903805349965
0.503475129021516
0.504963016034046
0.506367240455832
0.507687784491249
0.508924826165755
0.510078726325629
0.511150015092001
0.512139377911392
0.513047641346357
0.513875758749608
0.514624795963519
0.515295917183873
0.515890371122433
0.516409477597249
0.516854614672729
0.517227206463441
0.517528711706478
0.517760613197083
0.517924408171251
0.518021599707267
0.518053689205758
0.518022169994947
0.517928522094558
0.517774208158289
0.517560670601218
0.517289329904932
0.516961584079761
0.516578809250473
0.516142361319067
0.515653578646263
0.515113785681822
0.5145242974632
0.513886424892274
0.513201480691053
0.512470785929596
0.511695677012673
0.510877513006313
0.51001768318115
0.509117614646541
0.508178779947778
0.507202704498359
0.506190973720245
0.505145239767262
0.504067227710327
0.502958741067898
0.501821666571007
0.500657978059249
0.499469739412265
0.498259106430322
0.497028327587626
0.495779743592846
0.49451578570282
0.493238972747628
0.491951906837816
0.490657267737648
0.489357805901548
0.488056334184412
0.48675571824994
0.485458865714623
0.484168714078225
0.482888217504535
0.481620332528657
0.480368002779062
0.479134142813949
0.477921621181993
0.476733242827342
0.475571730967477
0.474439708580382
0.473339679644165
0.472274010277878
0.471244909936634
0.470254412817296
0.469304359632873
0.468396379914307
0.46753187499764
0.466712001852441
0.465937657904051
0.46520946699751
0.464527766645122
0.46389259669245
0.463303689529217
0.462760461962118
0.46226200885604
0.461807098638707
0.46139417075137
0.461021335114969
0.460686373667295
0.46038674401217
0.460119585206659
0.459881725696954
0.459669693397906
0.459479727895407
0.459307794734993
0.459149601744328
0.459000617321759
0.458856090607953
0.458711073442959
0.458560443996956
0.458398931949499
0.4582211450795
0.458021597116463
0.457794736692771
0.45753497722723
0.457236727561574
0.456894423164444
0.456502557711416
0.456055714845062
0.455548599915859
0.454976071502953
0.454333172513505
0.453615160660395
0.452817538120653
0.451936080180964
0.450966862681946
0.449906288079683
0.448751109951028
0.447498455778506
0.446145847861187
0.444691222209475
0.443132945294424
0.441469828535776
0.439701140427294
0.437826616213118
0.435846465044581
0.433761374563176
0.43157251287194
0.42928152787437
0.426890543976969
0.424402156168455
0.421819421505511
0.419145848051556
0.416385381331175
0.41354238837863
0.410621639473942
0.407628287674479
0.404567846263565
0.401446164250357
0.398269400066922
0.395043993619134
0.391776636857502
0.38847424304241
0.385143914885316
0.3817929117533
0.37842861612887
0.375058499520119
0.371690088018219
0.368330927699758
0.364988550070698
0.361670437746643
0.358383990560834
0.35513649228674
0.351935078156472
0.348786703349427
0.345698112617779
0.342675811206648
0.339726037217092
0.33685473554963
0.334067533554808
0.331369718505504
0.328766216993385
0.326261576339119
0.323859948092901
0.321565073688515
0.319380272300669
0.317308430941895
0.31535199682179
0.313512971978131
0.311792910176267
0.310192916060464
0.308713646528482
0.307355314288775
0.306117693548297
0.305000127768141
0.30400153941408
0.303120441619627
0.302354951670542
0.301702806211761
0.301161378070573
0.300727694583564
0.300398457309341
0.300170063004384
0.300038625735584
0.3
0.300049804720223
0.300183447982357
0.30039615238303
0.300682980852023
0.301038862817941
0.301458620585949
0.301936995798752
0.302468675854795
0.303048320161019
0.30367058610133
0.304330154606248
0.30502175521393
0.305740190517796
0.306480359901401
0.307237282466803
0.308006119068559
0.308782193371463
0.309561011856341
0.310338282704387
0.311109933496852
0.311872127673138
0.312621279696659
0.313354068883992
0.314067451859008
0.314758673599698
0.315425277051312
0.31606511128522
0.316676338188529
0.317257437674982
0.317807211412961
0.318324785071578
0.31880960909085
0.319261457986745
0.319680428206576
0.320066934554752
0.320421705213243
0.320745775385373
0.321040479595673
0.321307442682491
0.321548569523982
0.321766033541843
0.321962264030878
0.322139932366075
0.322301937142371
0.32245138830577
0.322591590337794
0.322726024558544
0.322858330616867
0.32299228723918
0.323131792311568
0.323280842372606
0.323443511597184
0.323623930354183
0.323826263423362
0.324054687959062
0.324313371290439
0.324606448649758
0.324938000921885
0.325312032509421
0.325732449408894
0.326203037594125
0.326727441803113
0.327309144824743
0.327951447381059
0.328657448699888
0.329430027871193
0.330271826078613
0.331185229795241
0.332172355029782
0.333235032705814
0.334374795252889
0.335592864483781
0.336890140827154
0.338267193979453
0.339724255033815
0.341261210137351
0.342877595721229
0.34457259534066
0.346345038154208
0.348193399063768
0.350115800528233
0.352110016055273
0.354173475366854
0.356303271225213
0.35849616789698
0.360748611224118
0.363056740261356
0.365416400430927
0.367823158136692
0.370272316771292
0.372758934041769
0.375277840531325
0.377823659407507
0.380390827180205
0.382973615406532
0.385566153233897
0.388162450667479
0.390756422443913
0.393341912389294
0.395912718136728
0.398462616076464
0.400985386410396
0.40347483818218
0.405924834154568
0.408329315406767
0.4106823255266
0.412978034275128
0.415210760604993
0.417374994918179
0.419465420454038
0.421476933704312
0.423404663758396
0.425243990489282
0.426990561498303
0.428640307745046
0.430189457797469
0.431634550646316
0.432972447037257
0.43420033928381
0.435315759533856
0.436316586472399
0.437201050453137
0.437967737061187
0.43861558911903
0.439143907157204
0.439552348380516
0.439840924169382
0.440009996164402
0.440060270990266
0.439992793682554
0.439808939887917
0.439510406914372
0.439099203714072
0.438577639885809
0.437948313788679
0.437214099861735
0.436378135247109
0.435443805815903
0.434414731697205
0.433294752410847
0.432087911703962
0.430798442190121
0.429430749887758
0.427989398751794
0.426479095288929
0.424904673342886
0.423271079131207
0.421583356609817
0.419846633235819
0.41806610619264
0.416247029134999
0.414394699504142
0.412514446456505
0.410611619441452
0.408691577456128
0.406759678997764
0.40482127272604
0.402881688840521
0.400946231170653
0.39902016996851
0.397108735387465
0.395217111623209
0.393350431687252
0.391513772777101
0.389712152201925
0.387950523817611
0.386233774920813
0.384566723547863
0.38295411612135
0.381400625384744
0.379910848563691
0.37848930569154
0.377140438036304
0.375868606566572
0.374678090394898
0.373573085138883
0.372557701142489
0.371635961503097
0.370811799853407
0.370089057851367
0.369471482336027
0.368962722112318
0.368566324333353
0.368285730454764
0.368124271741908
0.368085164317272
0.368171503742169
0.368386259133695
0.368732266824851
0.36921222358273
0.369828679406523
0.370584029933943
0.371480508491185
0.372520177827945
0.373704921585014
0.37503643554762
0.376516218742932
0.378145564444886
0.379925551153693
0.381857033621054
0.383940633995129
0.386176733161682
0.388565462359552
0.391106695149579
0.39380003981642
0.39664483228226
0.399640129610213
0.402784704173365
0.406077038562725
0.409515321304053
0.413097443449514
0.416820996105405
0.420683268951913
0.424681249804976
0.428811625263861
0.43307078248118
0.437454812084673
0.44195951227237
0.446580394094687
0.451312687928717
0.456151351141481
0.461091076930361
0.4661263043203
0.471251229288781
0.47645981698118
0.481745814970778
0.487102767509778
0.49252403070997
0.498002788584467
0.503532069875122
0.509104765584036
0.514713647121843
0.520351384980519
0.526010567834073
0.531683721966926
0.537363330926953
0.543041855298121
0.54871175248645
0.554365496412631
0.559995597005107
0.565594619388667
0.571155202665739
0.576670078190481
0.582132087239451
0.587534197987101
0.592869521699496
0.598131328065508
0.603313059591163
0.60840834498986
0.613411011508687
0.618315096139007
0.623114855667823
0.627804775535028
0.632379577470505
0.636834225893983
0.641163933069656
0.645364163016549
0.649430634184623
0.653359320915357
0.657146453714151
0.660788518370105
0.664282253966677
0.667624649834146
0.670812941501819
0.673844605714352
0.676717354582447
0.679429128943402
0.681978091011625
0.684362616403118
0.686581285621165
0.688632875092956
0.69051634784868
0.692230843935668
0.693775670660546
0.695150292751988
0.696354322535637
0.697387510211076
0.6982497343184
0.698940992479019
0.699461392491823
0.699811143861849
0.699990549834069
0.7
0.699839963539495
0.699510983154417
0.699013669744914
0.698348697872795
0.697516802050075
0.696518773884182
0.695355460104609
0.69402776148901
0.692536632699976
0.690883083036872
0.689068178100402
0.687093042360883
0.684958862614598
0.682666892306209
0.680218456688868
0.677614958787605
0.674857886125617
0.671948818167448
0.668889434427527
0.665681523187378
0.662326990759837
0.658827871233939
0.655186336629754
0.65140470738833
0.647485463118147
0.643431253515961
0.639244909376814
0.634929453605142
0.630488112136476
0.625924324677142
0.621241755167653
0.61644430187419
0.61153610701167
0.606521565801448
0.601405334866713
0.596192339869087
0.590887782290941
0.585497145269396
0.580026198390029
0.574481001350855
0.56886790641033
0.563193559536848
0.557464900181555
0.551689159601242
0.545873857663694
0.540026798074039
0.534156061967479
0.528269999821249
0.52237722164666
0.516486585430754
0.510607183806281
0.50474832893844
0.498919535627051
0.493130502633526
0.487391092253042
0.48171130816376
0.476101271596647
0.470571195881289
0.465131359435183
0.459792077275996
0.454563671148336
0.449456438368445
0.444480619501867
0.439646365000484
0.434963700936145
0.430442493978518
0.426092415774454
0.421922906895162
0.417943140525628
0.41416198607792
0.410587972916248
0.407229254386753
0.404093572348928
0.401188222408295
0.398520020051355
0.396095267883902
0.393919724172463
0.391998572885887
0.390336395429984
0.388937144262489
0.387804118568675
0.38693994216952
0.386346543824602
0.386025140080848
0.385976220805962
0.386199537531875
0.386694094719035
0.387458144036773
0.388489181738568
0.389783949193817
0.391338436619876
0.393147890039743
0.395206821472024
0.397509022340803
0.400047580073957
0.402814897839368
0.405802717349664
0.409002144647534
0.412403678765633
0.415997243137632
0.419772219620233
0.42371748497017
0.427821449605312
0.432072098465253
0.436457033774182
0.44096351949757
0.445578527274262
0.450288783597093
0.455080818008124
0.45994101206913
0.464855648864035
0.46981096278764
0.474793189374215
0.47978861492031
0.484783625658481
0.489764756242471
0.494718737309696
0.499632541893642
0.504493430466815
0.50928899440429
0.514007197668419
0.51863641652693
0.52316547712932
0.527583690779984
0.531880886760948
0.536047442572105
0.540074311472508
0.54395304722243
0.547675825942339
0.551235465021687
0.554625439027252
0.557839892577654
0.560873650167466
0.563722222940907
0.566381812431462
0.568849311299655
0.571122301116674
0.573199047256412
0.57507849097276
0.576760238752479
0.578244549046748
0.579532316496387
0.580625053776749
0.581524871198328
0.582234454208228
0.582757038945677
0.583096386011757
0.583256752619518
0.583242863295436
0.583059879306988
0.582713366993803
0.582209265181401
0.581553851857118
0.580753710287243
0.579815694752855
0.578746896079281
0.577554607130586
0.576246288436032
0.574829534110131
0.573312038221742
0.571701561760729
0.570005900343041
0.568232852786748
0.566390190682686
0.564485629073922
0.562526798348401
0.560521217438864
0.55847626841363
0.55639917253103
0.554296967819409
0.552176488233661
0.550044344428291
0.547906906176177
0.54577028645153
0.543640327185115
0.54152258668971
0.539422328744047
0.537344513314248
0.535293788882994
0.533274486348524
0.531290614447994
0.52934585665286
0.527443569477761
0.525586782138957
0.523778197493675
0.522020194187851
0.520314829936617
0.518663845859573
0.517068671791334
0.515530432487095
0.514049954642896
0.512627774650997
0.511264147012128
0.509959053328413
0.508712211803355
0.507523087178427
0.506390901039435
0.505314642429843
0.504293078712659
0.503324766627088
0.502408063491097
0.501541138505952
0.500721984123912
0.499948427445246
0.499218141615765
0.498528657200799
0.497877373516188
0.497261569901168
0.496678416921993
0.496124987498759
0.495598267951077
0.495095168960944
0.494612536453417
0.49414716239738
0.49369579552992
0.493255152008473
0.492821925995047
0.492392800176433
0.491964456223462
0.491533585191001
0.491096897858589
0.490651135009452
0.490193077643083
0.489719557113735
0.489227465184139
0.488713763980456
0.488175495831129
0.487609792968899
0.487013887071792
0.486385118615636
0.485720946007462
0.485018954466205
0.484276864614489
0.483492540742927
0.482663998706475
0.48178941341089
