0.572993082885432
0.572724977255108
0.572405552063101
0.572034747681721
0.571612608288968
0.571139279086399
0.570615003519499
0.570040120559231
0.56941506210038
0.568740350528547
0.568016596503289
0.567244496999906
0.566424833646929
0.565558471390343
0.564646357509257
0.563689521001003
0.562689072346681
0.561646203661008
0.560562189223068
0.559438386377249
0.558276236786378
0.557077268011978
0.555843095389577
0.55457542416039
0.553276051814375
0.551946870593766
0.550589870100839
0.549207139948766
0.547800872390242
0.546373364854967
0.544927022324228
0.543464359468724
0.541988002474457
0.540500690481006
0.539005276556855
0.537504728137594
0.536002126854857
0.534500667686746
0.533003657364176
0.531514511972143
0.530036753690206
0.528574006622589
0.527129991675066
0.525708520443305
0.524313488085375
0.522948865159768
0.521618688419398
0.52032705056151
0.519078088943321
0.517875973283228
0.516724892377706
0.515629039874256
0.514592599151072
0.513619727364179
0.512714538732748
0.51188108714285
0.511123348159093
0.510445200542255
0.509850407379082
0.509342596937783
0.508925243369363
0.508601647380667
0.508374917009843
0.50824794863874
0.508223408379535
0.50830371397459
0.508491017349028
0.508787187954916
0.509193797044097
0.509712103003682
0.51034303788395
0.511087195243004
0.511944819425879
0.512915796388086
0.513999646164693
0.515195517076212
0.516502181751658
0.51791803503743
0.519441093848097
0.521068999001901
0.522799019069915
0.524628056253423
0.526552654289328
0.528569008368404
0.530672977036059
0.532860096030167
0.535125593995533
0.537464409999845
0.539871212761665
0.542340421487248
0.544866228199882
0.547442621433138
0.550063411148034
0.552722254723733
0.555412683862165
0.558128132238923
0.560861963726067
0.563607501007102
0.566358054400483
0.569106950705553
0.571847561883874
0.574573333389532
0.577277811964086
0.579954672715524
0.582597745305727
0.585201039077532
0.587758766960575
0.590265368004388
0.592715528397914
0.595104200846399
0.597426622189484
0.599678329158188
0.60185517218313
0.603953327181753
0.605969305268228
0.607899960346171
0.6097424945609
0.611494461604835
0.613153767886394
0.614718671589372
0.616187779666114
0.617560042823624
0.618834748577026
0.6200115124593
0.62109026748988
0.622071252017377
0.62295499606328
0.623742306303881
0.624434249836809
0.62503213688631
0.625537502607778
0.625952088156933
0.626277821192433
0.626516795982577
0.626671253287115
0.626743560183982
0.626736190008125
0.626651702565423
0.626492724779165
0.626261931919629
0.625962029559105
0.625595736385323
0.625165767995735
0.624674821783631
0.624125563014651
0.623520612179164
0.622862533692164
0.62215382599809
0.621396913123295
0.620594137704068
0.619747755503103
0.618859931412447
0.617932736926231
0.616968149052135
0.615968050616595
0.614934231905496
0.613868393569437
0.612772150710945
0.611647038060156
0.610494516135689
0.609315978278794
0.60811275844137
0.606886139602264
0.605637362681366
0.604367635817516
0.603078143874084
0.601770058035368
0.600444545357617
0.599102778140536
0.597745942988564
0.596375249435953
0.594991938015686
0.593597287659493
0.592192622324601
0.590779316752212
0.589358801273081
0.587932565586755
0.586502161452922
0.585069204245883
0.583635373336131
0.582202411276392
0.580772121783044
0.579346366517467
0.577927060685456
0.576516167486227
0.575115691455552
0.573727670760185
0.572354168512695
0.570997263187097
0.569659038226141
0.568341570940595
0.567046920809369
0.565777117296686
0.564534147308682
0.563319942416773
0.562136365978727
0.560985200290731
0.559868133904647
0.55878674924427
0.55774251065263
0.556736752999274
0.555770670972063
0.554845309172385
0.553961553125812
0.553120121312295
0.552321558310966
0.551566229144695
0.550854314898755
0.550185809676461
0.549560518942511
0.548978059292187
0.548437859671616
0.547939164061104
0.547481035620304
0.547062362280772
0.546681863758382
0.546338099945354
0.546029480629319
0.545754276475053
0.545510631193417
0.54529657481163
0.545110037949538
0.544948866997896
0.544810840087168
0.544693683728782
0.544595090005438
0.544512734182769
0.544444292611651
0.544387460788524
0.544339971440429
0.544299612501934
0.54426424485272
0.544231819687344
0.54420039539248
0.544168153811664
0.544133415783347
0.544094655844531
0.544050515999646
0.543999818462272
0.543941577285927
0.543875008809163
0.543799540849679
0.543714820591893
0.543620721122287
0.543517346576862
0.543405035875005
0.543284365023908
0.543156147987397
0.543021436122368
0.54288151619511
0.542737906998374
0.542592354598199
0.542446826247112
0.54230350300732
0.542164771133936
0.542033212274076
0.541911592542757
0.541802850541032
0.54171008438559
0.54163653782223
0.541585585498173
0.541560717470101
0.541565523026209
0.541603673901374
0.541678906964913
0.541795006460306
0.541955785875741
0.542165069523535
0.542426673905307
0.542744388938413
0.543121959117572
0.543563064683872
0.544071302871511
0.544650169300751
0.545303039583623
0.54603315120703
0.546843585756039
0.547737251538316
0.548716866668978
0.549784942673458
0.550943768664489
0.552195396147801
0.553541624509857
0.554983987239579
0.556523738934874
0.558161843143513
0.559898961086803
0.561735441313238
0.563671310328105
0.565706264243661
0.56783966149306
0.570070516649561
0.572397495390762
0.574818910645547
0.577332719959134
0.579936524108996
0.582627567001537
0.585402736876113
0.588258568839382
0.591191248748965
0.594196618461037
0.59727018245168
0.600407115816744
0.60360227364943
0.606850201788975
0.610145148927699
0.613481080057174
0.616851691227634
0.620250425587804
0.623670490665319
0.627104876840704
0.630546376960718
0.633987607029675
0.637421027910263
0.640838967958435
0.644233646510224
0.647597198131884
0.650921697538696
0.654199185082096
0.657421692699618
0.660581270217514
0.663670011891882
0.666680083070788
0.669603746857178
0.672433390650481
0.67516155244366
0.677780946752134
0.680284490051518
0.682665325602423
0.684916847542794
0.687032724131233
0.689006920028654
0.690833717510219
0.692507736504992
0.694023953366872
0.695377718287277
0.696564771267548
0.697581256577155
0.69842373563244
0.699089198239706
0.699575072155968
0.699879230930454
0.7
0.699936161021638
0.699686954435939
0.699252080264897
0.698631697158297
0.697826419712443
0.696837314094855
0.695665892017903
0.69431410311331
0.69278432576797
0.691079356489462
0.689202397877014
0.687157045280409
0.6849472722353
0.682577414768752
0.680052154673304
0.67737650185164
0.674555775836845
0.671595586595388
0.668501814721255
0.665280591130149
0.661938276362415
0.658481439602195
0.654916837518563
0.65125139303178
0.647492174104607
0.643646372654727
0.639721283679888
0.635724284682365
0.631662815473886
0.627544358436277
0.623376419306827
0.619166508550873
0.614922123377325
0.610650730445969
0.606359749308353
0.602056536617087
0.597748371131368
0.593442439539675
0.589145823113873
0.584865485202462
0.58060825956447
0.576380839539617
0.572189768044804
0.568041428381878
0.563942035836907
0.559897630046992
0.555914068106895
0.551997018384534
0.548151955011704
0.544384153014171
0.540698684043666
0.537100412673133
0.533593993215968
0.530183867029854
0.526874260266113
0.523669182026276
0.52057242288875
0.517587553770054
0.514717925086962
0.511966666188139
0.509336685026299
0.506830668044631
0.504451080254047
0.502200165480849
0.500079946767418
0.498092226911668
0.496238589134074
0.494520397864116
0.492938799640967
0.491494724126018
0.49018888522755
0.489021782340273
0.487993701704761
0.487104717893758
0.486354695434116
0.485743290574584
0.485269953210829
0.48493392898
0.484734261537705
0.484669795030607
0.484739176777845
0.484940860174269
0.485273107827925
0.485733994943526
0.486321412962627
0.487033073470091
0.487866512375052
0.488819094373115
0.489888017694905
0.491070319144347
0.492362879428325
0.493762428777494
0.495265552856243
0.496868698957928
0.498568182479761
0.500360193669979
0.502240804638262
0.504205976618826
0.506251567474141
0.508373339425895
0.510566966998591
0.512828045160123
0.515152097642655
0.51753458542638
0.519970915367983
0.522456448955105
0.52498651116762
0.5275563994262
0.530161392608394
0.532796760112244
0.535457770947371
0.538139702833415
0.540837851285654
0.543547538667678
0.546264123190979
0.548983007841342
0.551699649211936
0.554409566222955
0.557108348707664
0.559791665844568
0.562455274415369
0.565095026868171
0.567706879165277
0.570286898394656
0.572831270123985
0.575336305475923
0.577798447903034
0.580214279640622
0.582580527815513
0.584894070188779
0.587151940510308
0.589351333463231
0.591489609176388
0.593564297283327
0.595573100506817
0.597513897748534
0.599384746664397
0.601183885707127
0.602909735618899
0.604560900358452
0.606136167448846
0.607634507734044
0.609055074534804
0.610397202196853
0.611660404027142
0.612844369616912
0.613948961553582
0.614974211526833
0.615920315837874
0.616787630324612
0.617576664719293
0.618288076459115
0.618922663974304
0.619481359482141
0.619965221319363
0.620375425849276
0.620713258983651
0.620980107363095
0.621177449242962
0.621306845135025
0.621369928257962
0.621368394852212
0.621303994416919
0.621178519928386
0.620993798100741
0.620751679750372
0.620454030325969
0.620102720665856
0.619699618043567
0.619246577561375
0.618745433949716
0.618197993828097
0.617606028480258
0.616971267192987
0.616295391204117
0.615580028300932
0.614826748105423
0.614037058077673
0.61321240026311
0.612354148803522
0.611463608225582
0.610542012514296
0.60959052497228
0.608610238859105
0.607602178798343
0.606567302933218
0.605506505805205
0.604420621923449
0.603310429986601
0.602176657712649
0.601019987226599
0.599841060950511
0.598640487935462
0.597418850570516
0.596176711599821
0.594914621375532
0.593633125271407
0.592332771179705
0.591014117012438
0.589677738127082
0.588324234596599
0.586954238244077
0.585568419363361
0.584167493048862
0.582752225060195
0.581323437150373
0.579882011790079
0.578428896224835
0.576965105806844
0.575491726548727
0.574009916852332
0.572520908372192
0.571026005980013
0.569526586803706
0.568024098321955
0.566520055502904
0.565016036983471
0.563513680293675
0.562014676138396
0.560520761756935
0.559033713388669
0.557555337880804
0.556087463481838
0.554631929871572
0.553190577485531
0.551765236198205
0.550357713435735
0.548969781794321
0.547603166245845
0.546259531016806
0.544940466230696
0.543647474407361
0.542381956915631
0.541145200477615
0.539938363824431
0.538762464603855
0.537618366640382
0.536506767647465
0.535428187490328
0.534382957095616
0.53337120810143
0.53239286333782
0.531447628223811
0.530534983162326
0.529654177009193
0.528804221686616
0.527983888005249
0.527191702752287
0.526425947095845
0.52568465634841
0.524965621124322
0.524266389918161
0.523584273122609
0.522916348495885
0.522259468080277
0.521610266564642
0.5209651710751
0.520320412369531
0.519672037402964
0.519015923222594
0.518347792142942
0.517663228143768
0.516957694425644
0.51622655205079
0.515465079589769
0.514668493688101
0.513831970460698
0.512950667616374
0.512019747209538
0.511034398911544
0.509989863690105
0.508881457781691
0.507704596838936
0.5064548201328
0.505127814687564
0.503719439225736
0.502225747799544
0.500643012985969
0.498967748523197
0.497196731267897
0.495327022354952
0.493355987444084
0.49128131594127
0.489101039086871
0.486813546807069
0.484417603230365
0.481912360776674
0.479297372732798
0.47657260423481
0.473738441585093
0.470795699839422
0.467745628607478
0.464589916018559
0.461330690812955
0.457970522528348
0.454512419759822
0.450959826481353
0.447316616426159
0.443587085532822
0.439775942473662
0.435888297291425
0.431929648179811
0.427905866452755
0.423823179756554
0.419688153587926
0.415507671189772
0.411288911904817
0.407039328075326
0.402766620584703
0.39847871314395
0.394183725432635
0.389889945210164
0.385605799518725
0.381339825104274
0.377100638186266
0.372896903710569
0.368737304223023
0.364630508503453
0.360585140101604
0.356609745917386
0.352712764968032
0.34890249748427
0.345187074476368
0.34157442790898
0.33807226162108
0.334688023123911
0.331428876405876
0.328301675868664
0.325312941513544
0.322468835490952
0.319775140119948
0.317237237477201
0.314860090647577
0.312648226720515
0.31060572160794
0.308736186750709
0.307042757771504
0.305528085122664
0.304194326767845
0.303043142926564
0.302075692900706
0.301292633992028
0.300694122509572
0.300279816855822
0.300048882670376
0.3
0.300131372454132
0.300440738295362
0.300925383405088
0.301582156055567
0.3024074834109
0.30339738967126
0.304547515766839
0.305853140500668
0.307309203032619
0.308910326590699
0.310650843290011
0.312524819934774
0.314526084674371
0.316648254380711
0.318884762611171
0.321228888019114
0.323673783072399
0.326212502939557
0.328838034403196
0.331543324660946
0.334321309875721
0.337164943339265
0.340067223115919
0.343021219037233
0.346020098922371
0.34905715390438
0.352125822748028
0.355219715051278
0.35833263322931
0.361458593187468
0.364591843597349
0.367726883698666
0.370858479558173
0.373981678726009
0.37709182323915
0.380184560931137
0.383255855016933
0.386301991931501
0.389319587410436
0.3923055908107
0.395257287679103
0.398172300585583
0.401048588247537
0.403884442980318
0.406678486517598
0.409429664253373
0.412137237965148
0.414800777084977
0.417420148591714
0.419995505603944
0.422527274758528
0.425016142464578
0.427463040126934
0.429869128436761
0.432235780829831
0.434564566215304
0.436857231079447
0.439115681069646
0.441341962164452
0.443538241535075
0.445706788202892
0.447849953596095
0.449970152106683
0.452069841746508
0.454151504998244
0.456217629953804
0.458270691829064
0.460313134939743
0.462347355219
0.464375683352752
0.466400368604007
0.46842356339256
0.470447308691424
0.472473520296208
0.474503976018512
0.47654030384922
0.478583971132375
0.480636274785174
0.482698332594521
0.484771075615545
0.486855241692522
0.488951370117829
0.49105979743975
0.493180654425368
0.495313864180195
0.49745914142181
0.499615992900428
0.501783718955125
0.503961416190327
0.506147981253161
0.5083421156883
0.510542331843122
0.512746959792182
0.514954155246322
0.517161908408065
0.519368053731401
0.521570280540518
0.523766144458633
0.525953079594668
0.528128411432263
0.530289370362401
0.532433105797848
0.534556700804648
0.536657187183082
0.538731560927847
0.540776797994755
0.542789870298963
0.544767761867765
0.546707485069191
0.548606096836225
0.550460714805312
0.552268533287054
0.554026838986589
0.555733026391156
0.557384612742791
0.558979252514993
0.560514751313524
0.561989079123398
0.563400382826407
0.564746997916375
0.566027459342689
0.567240511416459
0.568385116717997
0.569460463949109
0.570465974678922
0.571401308937685
0.572266369619021
0.573061305657609
0.57378651395599
0.574442640041287
0.575030577439889
0.575551465765621
0.576006687524506
0.57639786364688
0.576726847765277
0.576995719264129
0.577206775134773
0.577362520676643
0.577465659092521
0.577519080032593
0.577525847148426
0.57748918472405
0.577412463456908
0.577299185466487
0.57715296861304
0.57697753021271
0.57677667023879
0.576554254101533
0.57631419510105
0.576060436649229
0.575796934357386
0.575527638086434
0.575256474055817
0.574987327106214
0.574724023209224
0.574470312314765
0.574229851623958
0.574006189371684
0.573802749199002
0.573622815191094
0.573469517651521
0.573345819678305
0.573254504601794
0.573198164338432
0.573179188708545
0.573199755760054
0.573261823133783
0.573367120499673
0.573517143086933
0.573713146324858
0.573956141604901
0.574246893168531
0.574585916119577
0.574973475554076
0.575409586795284
0.57589401671632
0.576426286128112
0.577005673205731
0.577631217922016
0.578301727453464
0.579015782519831
0.579771744615653
0.58056776408901
0.581401789020294
0.582271574851501
0.583174694714621
0.584108550406066
0.585070383952703
0.586057289713944
0.587066226963504
0.588094032893772
0.58913743598533
0.590193069683882
0.591257486326837
0.592327171261797
0.593398557099504
0.594468038044108
0.595531984244102
0.59658675610787
0.59762871852846
0.598654254963006
0.599659781313092
0.600641759553346
0.601596711056648
0.602521229565519
0.603411993760579
0.604265779378402
0.605079470832637
0.605850072293999
0.606574718186576
0.607250683059934
0.607875390798694
0.608446423133636
0.608961527420976
0.609418623659238
0.609815810716105
0.610151371740871
0.610423778741484
0.610631696308803
0.610773984474502
0.610849700693069
0.610858100942521
0.610798639942835
0.61067097049557
0.610474941952784
0.610210597828064
0.609878172567256
0.609478087501291
0.609010946008297
0.608477527916943
0.607878783187619
0.607215824912594
0.606489921680657
0.605702489355874
0.604855082324009
0.603949384263689
0.602987198502655
0.601970438022265
0.600901115175844
0.599781331188407
0.598613265506768
0.59739916506998
0.59614133357046
0.594842120775996
0.593503911982113
0.592129117662974
0.590720163387144
0.589279480062059
0.587809494568098
0.586312620839605
0.584791251446162
0.583247749722907
0.581684442493737
0.580103613425863
0.578507497048482
0.576898273462331
0.575278063760619
0.573648926175415
0.572012852957013
0.570371767987167
0.568727525120506
0.567081907241898
0.565436626021146
0.563793322340202
0.562153567362197
0.560518864205946
0.558890650184429
0.557270299560924
0.555659126772225
0.554058390064575
0.552469295484767
0.550893001166234
0.549330621847981
0.547783233562827
0.54625187843073
0.544737569492879
0.543241295522841
0.541764025752219
0.540306714450127
0.538870305298175
0.537455735505646
0.536063939612999
0.534695852935839
0.533352414605859
0.532034570170063
0.530743273714684
0.529479489485576
0.528244192982462
0.527038371510172
0.525863024175802
0.524719161326633
0.523607803429425
0.522529979397502
0.521486724377581
0.520479077013747
0.519508076211094
0.518574757426415
0.517680148517871
0.51682526518968
0.516011106071661
0.515238647476751
0.514508837882523
0.513822592185106
0.513180785775875
0.512584248492731
0.51203375849875
0.511530036141543
0.511073737846663
0.510665450098073
0.510305683557804
0.509994867375789
0.509733343739207
0.509521362708775
0.509359077387146
0.509246539462046
0.509183695163974
0.509170381675281
0.509206324024255
0.509291132494455
0.509424300576092
0.509605203482653
0.509833097252359
0.510107118450339
0.510426284483756
0.5107894945384
0.511195531141657
0.511643062353107
0.512130644580508
0.512656726015406
0.513219650679244
0.513817663067516
0.514448913376308
0.515111463292467
0.515803292325585
0.516522304657116
0.517266336479113
0.518033163792358
0.518820510631073
0.5196260576789
0.520447451238436
0.521282312514343
0.522128247167872
0.522982855098603
0.523843740407272
0.524708521491754
0.525574841226658
0.526440377175446
0.527302851782729
0.528160042493202
0.529009791742788
0.529850016766827
0.530678719169692
0.531493994199989
0.532294039675591
0.533077164503107
0.5338417967371
0.534586491125401
0.535309936088242
0.53601096008072
0.536688537290233
0.537341792623084
0.537970005937378
0.538572615482704
0.539149220510826
0.53969958302574
0.540223628646014
0.540721446557166
0.541193288537128
0.541639567043356
0.542060852356008
0.542457868777717
0.542831489896764
0.543182732926942
0.543512752143975
0.543822831445001
0.544114376064255
0.544388903484693
0.544648033591743
0.544893478121652
0.545127029462958
0.545350548875295
0.545565954195145
0.545775207103028
0.545980300031072
0.546183242793789
0.546386049028163
0.546590722531797
0.546799243589856
0.547013555382746
0.547235550567022
0.54746705812172
0.547709830551298
0.547965531534545
0.548235724106221
0.548521859454855
0.548825266416008
0.54914714173549
0.549488541171553
0.549850371498904
0.55023338347071
0.550638165787493
0.551065140114119
0.551514557177989
0.551986493973116
0.55248085208612
0.552997357151367
0.553535559433567
0.554094835527309
0.554674391154192
0.55527326502965
0.555890333763221
0.556524317748034
0.557173787987744
0.557837173802067
0.558512771345614
0.55919875286882
0.55989317664465
0.560593997480276
0.5612990777293
0.562006198717231
0.562713072490929
0.563417353801543
0.564116652230198
0.564808544366199
0.56549058594896
0.566160323887046
0.566815308070752
0.567453102898416
0.568071298441147
0.568667521175809
0.569239444221829
0.569784797023754
0.570301374428159
0.570787045110762
0.571239759316993
0.571657555887048
0.572038568544273
0.572381031433692
0.572683283905402
0.572943774545372
0.573161064463841
0.573333829858892
0.573460863879805
0.573541077821454
0.573573501687176
0.573557284163146
0.573491692052356
0.573376109220656
