-20,-1.11655728841182
-19.9845001085834,-1.09989769556148
-19.9685859435876,-1.08348296419535
-19.9522836165448,-1.06730317532278
-19.9356173823362,-1.05134828332701
-19.9186097498478,-1.03560824851594
-19.9012815949106,-1.02007314556625
-19.883652272469,-1.00473325124811
-19.865739725807,-0.989579114497169
-19.8475605913623,-0.974601611555162
-19.8291302981857,-0.959791988556956
-19.8104631615088,-0.945141893616395
-19.7915724701756,-0.930643400166055
-19.7724705679103,-0.916289023040096
-19.7531689285401,-0.902071728556224
-19.7336782253996,-0.887984939650916
-19.7140083952016,-0.874022536949172
-19.6941686967031,-0.860178856503275
-19.6741677645113,-0.846448684811288
-19.65401365838,-0.832827251622178
-19.6337139083395,-0.819310220947862
-19.613275555995,-0.80589368063039
-19.592705192308,-0.792574130752773
-19.5720089921585,-0.77934847113255
-19.5511927459677,-0.766213988096461
-19.5302618886354,-0.753168340700971
-19.5092215260315,-0.740209546535769
-19.4880764592592,-0.7273359672246
-19.4668312068872,-0.714546293719077
-19.4454900253353,-0.701839531465709
-19.4240569275775,-0.689214985513676
-19.4025357003129,-0.676672245620368
-19.3809299197429,-0.664211171403022
-19.3592429660772,-0.651831877577514
-19.3374780368824,-0.639534719319332
-19.3156381593747,-0.62732027777662
-19.2937262017502,-0.615189345760847
-19.2717448836355,-0.603142913636972
-19.2496967857361,-0.591182155431734
-19.2275843587511,-0.579308415175913
-19.2054099316162,-0.567523193493966
-19.1831757191333,-0.555828134452208
-19.160883829037,-0.544225012674818
-19.1385362685457,-0.532715720735094
-19.1161349504394,-0.521302256827896
-19.0936816987036,-0.509986712727643
-19.0711782537736,-0.498771262035023
-19.0486262774123,-0.487658148714287
-19.0260273572506,-0.476649675921993
-19.0033830110158,-0.465748195127039
-18.980694690475,-0.45495609552101
-18.9579637851124,-0.444275793717095
-18.935191625564,-0.433709723735178
-18.9123794868259,-0.423260327270214
-18.8895285912543,-0.412930044240525
-18.8666401113732,-0.402721303612382
-18.8437151725027,-0.392636514496988
-18.8207548552222,-0.382678057515901
-18.7977601976803,-0.372848276430912
-18.7747321977614,-0.363149470034497
-18.7516718151213,-0.353583884297156
-18.7285799730987,-0.344153704768208
-18.7054575605127,-0.334861049227019
-18.6823054333544,-0.325707960582024
-18.6591244163785,-0.316696400015468
-18.6359153046032,-0.307828240372317
-18.6126788647238,-0.299105259792459
-18.5894158364452,-0.290529135585926
-18.5661269337408,-0.282101438351624
-18.5428128460396,-0.273823626340755
-18.5194742393488,-0.265697040066826
-18.4961117573148,-0.257722897164934
-18.4727260222264,-0.249902287503695
-18.4493176359643,-0.242236168553911
-18.4258871809007,-0.234725361018773
-18.4024352207508,-0.227370544730997
-18.3789623013803,-0.220172254822932
-18.355468951571,-0.213130878176189
-18.3319556837478,-0.206246650157829
-18.3084229946682,-0.199519651650548
-18.2848713660774,-0.19294980638463
-18.2613012653309,-0.186536878579685
-18.2377131459866,-0.180280470904338
-18.2141074483678,-0.174180022762107
-18.1904846000985,-0.168234808911678
-18.1668450166142,-0.162443938429675
-18.1431891016472,-0.156806354023761
-18.1195172476902,-0.151320831703653
-18.0958298364371,-0.145985980817159
-18.0721272392046,-0.140800244457873
-18.0484098173337,-0.13576190025056
-18.0246779225733,-0.130869061519577
-18.0009318974465,-0.126119678844899
-17.9771720756007,-0.121511542009489
-17.9533987821421,-0.117042282340821
-17.9296123339554,-0.112709375448375
-17.9058130400103,-0.108510144357891
-17.8820012016541,-0.104441763042056
-17.8581771128921,-0.100501260346169
-17.8343410606566,-0.096685524306125
-17.8104933250639,-0.0929913068548593
-17.7866341796612,-0.0894152289121584
-17.7627638916632,-0.0859537858514766
-17.7388827221795,-0.0826033533361506
-17.7149909264318,-0.0793601935161344
-17.6910887539636,-0.0762204615751282
-17.6671764488412,-0.0731802126167311
-17.6432542498465,-0.0702354088770296
-17.6193223906626,-0.0673819272498412
-17.5953811000527,-0.064615567109677
-17.5714306020313,-0.0619320584163642
-17.54747111603,-0.0593270700841915
-17.5235028570562,-0.0567962185974285
-17.4995260358465,-0.0543350768530813
-17.4755408590144,-0.0519391832108471
-17.4515475291927,-0.0496040507293697
-17.4275462451709,-0.0473251765671175
-17.4035372020272,-0.0450980515254801
-17.3795205912567,-0.0429181697110335
-17.3554966008947,-0.0407810382933444
-17.3314654156361,-0.0386821873341781
-17.3074272169502,-0.036617179663545
-17.2833821831923,-0.0345816207776647
-17.2593304897116,-0.0325711687336441
-17.2352723089549,-0.0305815440154666
-17.2112078105679,-0.028608539345753
-17.1871371614928,-0.0266480294177118
-17.163060526063,-0.0246959805217035
-17.1389780660945,-0.0227484600409544
-17.1148899409754,-0.0208016457911096
-17.0907963077517,-0.018851835178564
-17.0666973212115,-0.0168954541528131
-17.0425931339662,-0.0149290659284517
-17.0184838965293,-0.0129493794528883
-16.9943697573939,-0.0109532575963593
-16.9702508631068,-0.00893772504140175
-16.9461273583417,-0.00689997584958302
-16.9219993859695,-0.00483738068398087
-16.8978670871281,-0.00274749366667118
-16.8737306012887,-0.000628058851282351
-16.8495900663224,0.00152298370844581
-16.8254456185633,0.00370749231224984
-16.8012973928715,0.00592711840625879
-16.7771455226941,0.00818330183140382
-16.752990140125,0.0104772665424226
-16.7288313759627,0.0128100168114627
-16.7046693597684,0.0151823339291411
-16.6805042199213,0.0175947734147318
-16.6563360836737,0.0200476627459434
-16.6321650772047,0.0225410996174916
-16.6079913256734,0.0250749507363956
-16.5838149532705,0.0276488511606134
-16.559636083269,0.0302622041863026
-16.5354548380752,0.0329141817876331
-16.5112713392775,0.0356037256116963
-16.4870857076949,0.0383295485296699
-16.4628980634255,0.0410901367439777
-16.4387085258936,0.043883752449767
-16.4145172138963,0.0467084370475865
-16.3903242456499,0.0495620149027209
-16.3661297388353,0.0524420976451749
-16.3419338106436,0.0553460890028734
-16.3177365778208,0.0582711901591843
-16.2935381567119,0.0612144056244338
-16.2693386633053,0.0641725496096566
-16.2451382132766,0.0671422528893822
-16.2209369220322,0.0701199701388625
-16.1967349047523,0.073101987729732
-16.1725322764343,0.0760844319667285
-16.1483291519359,0.0790632777467264
-16.1241164120775,0.082060709102318
-16.0999036722192,0.0850987811899547
-16.0756909323608,0.0881730801465693
-16.0514781925024,0.0912790838805137
-16.0272654526441,0.0944121725219989
-16.0030527127857,0.0975676391585561
-15.9788399729274,0.100740700828164
-15.954627233069,0.103926509741635
-15.9304144932106,0.107120164704837
-15.9062017533523,0.110316722710408
-15.8819890134939,0.113511210667712
-15.8577762736355,0.116698637238998
-15.8335635337772,0.119874004748986
-15.8093507939188,0.123032321134428
-15.7851380540604,0.126168611899661
-15.7609253142021,0.12927793204364
-15.7367125743437,0.132355377923597
-15.7124998344853,0.135396099020164
-15.688287094627,0.138395309568625
-15.6640743547686,0.141348300020904
-15.6398616149103,0.144250448302939
-15.6156488750519,0.147097230832263
-15.5914361351935,0.149884233260938
-15.5672233953352,0.152607160909377
-15.5430106554768,0.155261848857199
-15.5187979156184,0.157844271657951
-15.4945851757601,0.160350552645375
-15.4703724359017,0.162776972799904
-15.4461596960433,0.165119979145215
-15.421946956185,0.167376192645957
-15.3977342163266,0.169542415579204
-15.3735214764682,0.171615638353792
-15.3493087366099,0.173593045753429
-15.3250959967515,0.17547202258134
-15.3008832568932,0.177250158686265
-15.2766705170348,0.178925253351763
-15.2524577771764,0.180495319033092
-15.2282450373181,0.181958584428354
-15.2040322974597,0.183313496873136
-15.1798195576013,0.184558724050532
-15.155606817743,0.185693155011173
-15.1313940778846,0.186715900500749
-15.1071813380262,0.187626292595405
-15.0829685981679,0.18842388364837
-15.0587558583095,0.189108444554202
-15.0345431184511,0.189679962340098
-15.0103303785928,0.190138637096745
-14.9861176387344,0.190484878264314
-14.9619048988761,0.190719300292162
-14.9376921590177,0.190842717693883
-14.9134794191593,0.190856139522237
-14.889266679301,0.190760763291359
-14.8650539394426,0.190557968376422
-14.8408411995842,0.190249308923549
-14.8166284597259,0.189836506305268
-14.7924157198675,0.189321441159157
-14.7682029800091,0.188706145049453
-14.7439902401508,0.187992791793393
-14.7197775002924,0.187183688495752
-14.695564760434,0.186281266336603
-14.6713520205757,0.185288071158531
-14.6471392807173,0.184206753900557
-14.622926540859,0.183040060926745
-14.5987138010006,0.181790824297877
-14.5745010611422,0.180461952034738
-14.5502883212839,0.179056418421352
-14.5260755814255,0.177577254396063
-14.5018628415671,0.176027538077533
-14.4776501017088,0.174410385471633
-14.4534373618504,0.172728941403795
-14.429224621992,0.170986370719655
-14.4050118821337,0.16918584979479
-14.3807991422753,0.167330558392064
-14.356586402417,0.165423671902473
-14.3323736625586,0.163468354002549
-14.3081609227002,0.161467749758263
-14.2839481828419,0.159424979202054
-14.2597354429835,0.157343131406065
-14.2355227031251,0.155225259070953
-14.2113099632668,0.15307437364579
-14.1870972234084,0.15089344099054
-14.16288448355,0.148685377588536
-14.1386717436917,0.146453047312204
-14.1144590038333,0.144199258741093
-14.0902462639749,0.141926763027067
-14.0660335241166,0.139638252297365
-14.0418207842582,0.137336358582141
-14.0176080443998,0.13502365324908
-13.9933953045415,0.132702646923878
-13.9691825646831,0.130375789871642
-13.9449698248248,0.128045472810809
-13.9207570849664,0.125714028127947
-13.896544345108,0.123383731458795
-13.8723316052497,0.121056803598231
-13.8481188653913,0.118735412699503
-13.8239061255329,0.116421676721017
-13.7996933856746,0.114117666077337
-13.7754806458162,0.111825406449803
-13.7512679059578,0.10954688171128
-13.7270551660995,0.107284036919139
-13.7028424262411,0.105038781330505
-13.6786296863828,0.102812991394263
-13.6544169465244,0.100608513675098
-13.630204206666,0.0984271676661289
-13.6059914668077,0.0962707484483904
-13.5817787269493,0.0941410291574761
-13.5575659870909,0.0920397632201747
-13.5333532472326,0.089968686326779
-13.5091405073742,0.0879295181079718
-13.4849277675158,0.0859239634887441
-13.4607150276575,0.0839537136956464
-13.4365022877991,0.082020446897788
-13.4122895479407,0.0801258284663513
-13.3880768080824,0.0782715108419151
-13.363864068224,0.0764591330035795
-13.3396513283657,0.0746903195386714
-13.3154385885073,0.0729666793166707
-13.2912258486489,0.0712898037758674
-13.2670131087906,0.0696612648360979
-13.2428003689322,0.0680826124556668
-13.2185876290738,0.0665553718551901
-13.1943748892155,0.0650810404355436
-13.1701621493571,0.0636610844213342
-13.1459494094987,0.0622969352652574
-13.1217366696404,0.0609899858523619
-13.097523929782,0.0597415865465134
-13.0733111899236,0.058553041124258
-13.0490984500653,0.0574256026437335
-13.0248857102069,0.0563604692982851
-13.0006729703486,0.0553587803059455
-12.9764602304902,0.0544216118869329
-12.9522474906318,0.0535499733817762
-12.9280347507735,0.0527448035625867
-12.9038220109151,0.0520069671893399
-12.8796092710567,0.0513372518618245
-12.8553965311984,0.0507363652161282
-12.83118379134,0.0502049325122125
-12.8069710514816,0.0497434946562378
-12.7827583116233,0.0493525066979227
-12.7585455717649,0.0490323368393004
-12.7343328319065,0.0487832659868826
-12.7101200920482,0.0486054878744182
-12.6859073521898,0.0484991097782349
-12.6616946123315,0.0484641538415832
-12.6374818724731,0.0485005590185325
-12.6132691326147,0.0486081836418433
-12.5890563927564,0.0487868086129119
-12.564843652898,0.049036141205416
-12.5406309130396,0.049355819467739
-12.5164181731813,0.0497454172026839
-12.4922054333229,0.0502044494964652
-12.4679926934645,0.0507323787625534
-12.4437799536062,0.051328621259713
-12.4195672137478,0.0519925540375743
-12.3953544738894,0.0527235222573863
-12.3711417340311,0.053520846830267
-12.3469289941727,0.0543838323103575
-12.3227162543144,0.0553117749758591
-12.298503514456,0.0563039710270301
-12.2742907745976,0.0573597248269015
-12.2500780347393,0.0584783571077699
-12.2258652948809,0.0596592130644866
-12.2016525550225,0.060901670254216
-12.1774398151642,0.0622051462217039
-12.1532270753058,0.0635691057692105
-12.1290143354474,0.0649930677911141
-12.1048015955891,0.0664766115948174
-12.0805888557307,0.0680193826319534
-12.0563761158723,0.0696210975670123
-12.032163376014,0.0712815486143669
-12.0079506361556,0.0730006070792324
-11.9837378962973,0.0747782260433495
-11.9595251564389,0.0766144421420655
-11.9353124165805,0.0785093763859869
-11.9110996767222,0.0804632339874214
-11.8868869368638,0.0824763031593776
-11.8626741970054,0.0845489528628773
-11.8384614571471,0.0866816294867
-11.8142487172887,0.0888748524523447
-11.7900359774303,0.0911292087459016
-11.765823237572,0.0934453463875855
-11.7416104977136,0.0958239668588239
-11.7173977578552,0.0982658165159399
-11.6931850179969,0.100771677028531
-11.6689722781385,0.103342354889554
-11.6447595382802,0.105978670052794
-11.6205467984218,0.108681443761736
-11.5963340585634,0.111451485641836
-11.5721213187051,0.114289580135662
-11.5479085788467,0.117196472367333
-11.5236958389883,0.120172853529049
-11.49948309913,0.123219345888198
-11.4752703592716,0.126336487518488
-11.4510576194132,0.129524716862775
-11.4268448795549,0.132784357238671
-11.4026321396965,0.136115601400537
-11.3784193998381,0.139518496273197
-11.3542066599798,0.142992927973465
-11.3299939201214,0.146538607235464
-11.3057811802631,0.150155055354706
-11.2815684404047,0.153841590763919
-11.2573557005463,0.157597316350807
-11.233142960688,0.161421107624156
-11.2089302208296,0.165311601830151
-11.1847174809712,0.169267188115318
-11.1605047411129,0.173285998826346
-11.1362920012545,0.17736590203007
-11.1120792613961,0.181504495329302
-11.0878665215378,0.185699101041929
-11.0636537816794,0.189946762801897
-11.039441041821,0.194244243631393
-11.0152283019627,0.198588025523794
-10.9910155621043,0.202974310566918
-10.966802822246,0.20739902362574
-10.9425900823876,0.21185781659324
-10.9183773425292,0.216346074207436
-10.8941646026709,0.220858921421991
-10.8699518628125,0.225391232307248
-10.8457391229541,0.229937640448117
-10.8215263830958,0.234492550795015
-10.7973136432374,0.239050152914233
-10.773100903379,0.24360443557455
-10.7488881635207,0.248149202597911
-10.7246754236623,0.252678089893439
-10.700462683804,0.25718458358614
-10.6762499439456,0.261662039144371
-10.6520372040872,0.266103701403538
-10.6278244642289,0.270502725377701
-10.6036117243705,0.274852197745646
-10.5793989845121,0.279145158893822
-10.5551862446538,0.28337462539511
-10.5309735047954,0.287533612799903
-10.506760764937,0.291615158614348
-10.4825480250787,0.295612345339839
-10.4583352852203,0.299518323448015
-10.4341225453619,0.303326334166533
-10.4099098055036,0.307029731952759
-10.3856970656452,0.310622006535277
-10.3614843257869,0.314096804406626
-10.3372715859285,0.317447949655026
-10.3130588460701,0.320669464027901
-10.2888461062118,0.323755586125767
-10.2646333663534,0.326700789631465
-10.240420626495,0.329499800486704
-10.2162078866367,0.332147612935405
-10.1919951467783,0.334639504361349
-10.1677824069199,0.336971048856005
-10.1435696670616,0.339138129461181
-10.1193569272032,0.341136949040137
-10.0951441873448,0.342964039740011
-10.0709314474865,0.344616271017748
-10.0467187076281,0.346090856211101
-10.0225059677698,0.347385357645692
-9.99829322791139,0.348497690278376
-9.97408048805302,0.349426123886342
-9.94986774819466,0.350169283820287
-9.92565500833629,0.350726150348693
-9.90144226847793,0.351096056628523
-9.87722952861957,0.351278685345606
-9.8530167887612,0.351274064075429
-9.82880404890284,0.351082559422078
-9.80459130904447,0.350704869999466
-9.78037856918611,0.350142018324891
-9.75616582932775,0.349395341700186
-9.73195308946938,0.348466482160348
-9.70774034961102,0.347357375573468
-9.68352760975265,0.346070239979058
-9.65931486989429,0.344607563254382
-9.63510213003592,0.342972090200329
-9.61088939017756,0.341166809139443
-9.5866766503192,0.339194938119218
-9.56246391046083,0.3370599108135
-9.53825117060247,0.334765362213915
-9.5140384307441,0.332315114201668
-9.48982569088574,0.329713161087818
-9.46561295102737,0.326963655207311
-9.44140021116901,0.324070892648669
-9.41718747131065,0.321039299197262
-9.39297473145228,0.317873416565666
-9.36876199159392,0.314577888979726
-9.34454925173555,0.311157450183616
-9.32033651187719,0.307616910921563
-9.29612377201883,0.303961146947896
-9.27191103216046,0.300195087610901
-9.2476982923021,0.296323705049484
-9.22348555244373,0.292352004035142
-9.19927281258537,0.288285012484995
-9.17506007272701,0.284127772665014
-9.15084733286864,0.279885333095813
-9.12663459301027,0.275562741166832
-9.10242185315191,0.271165036458183
-9.07820911329355,0.266697244763141
-9.05399637343518,0.262164372798155
-9.02978363357682,0.257571403581413
-9.00557089371845,0.252923292455461
-8.98135815386009,0.248224963724216
-8.95714541400173,0.2434813078699
-8.93293267414336,0.238697179311062
-8.908719934285,0.23387739465892
-8.88450719442663,0.229026731425805
-8.86029445456827,0.224149927136526
-8.83608171470991,0.219251678791044
-8.81186897485154,0.214336642624887
-8.78765623499318,0.209409434112398
-8.76344349513481,0.204474628156996
-8.73923075527645,0.199536759412366
-8.71501801541809,0.194600322678683
-8.69080527555972,0.189669773318705
-8.66659253570135,0.184749527639856
-8.64237979584299,0.17984396319012
-8.61816705598463,0.174957418917809
-8.59395431612626,0.170094195147933
-8.5697415762679,0.165258553330966
-8.54552883640953,0.160454715523312
-8.52131609655117,0.155686863562578
-8.49710335669281,0.150959137904939
-8.47289061683444,0.146275636096324
-8.44867787697608,0.141640410853814
-8.42446513711771,0.13705746773857
-8.40025239725935,0.132530762406626
-8.37603965740099,0.128064197429054
-8.35182691754262,0.123661618678261
-8.32761417768426,0.119326811282441
-8.30340143782589,0.115063495155418
-8.27918869796753,0.110875320114373
-8.25497595810916,0.106765860602973
-8.2307632182508,0.102738610042395
-8.20655047839244,0.0987969748374841
-8.18233773853407,0.0949442680698249
-8.15812499867571,0.0911837029137666
-8.13391225881734,0.0875183858154282
-8.10969951895898,0.0839513094783549
-8.08548677910061,0.0804853457027907
-8.06127403924225,0.077123238128439
-8.03706129938389,0.0738675949330907
-8.01284855952552,0.0707208815415656
-7.98863581966716,0.0676854134010537
-7.96442307980879,0.0647633488801108
-7.94021033995043,0.061956682349269
-7.91599760009206,0.0592672375014601
-7.8917848602337,0.0566966609702011
-7.86757212037534,0.0542464163027723
-7.84335938051697,0.0519177783444293
-7.81914664065861,0.0497118280880312
-7.79493390080024,0.0476294480413645
-7.77072116094188,0.0456713181618915
-7.74650842108352,0.0438379124056952
-7.72229568122515,0.0421294959340185
-7.69808294136679,0.0405461230170686
-7.67387020150842,0.0390876356706624
-7.64965746165006,0.0377536630568897
-7.62544472179169,0.0365436216752761
-7.60123198193333,0.0354567163659846
-7.57701924207497,0.0344919421414324
-7.5528065022166,0.03364808685736
-7.52859376235824,0.032923734728901
-7.50438102249987,0.0323172706916292
-7.48016828264151,0.0318268856019033
-7.45595554278314,0.0314505822651776
-7.43174280292478,0.0311861822753029
-7.40753006306641,0.0310313336422687
-7.38331732320805,0.0309835191803716
-7.35910458334969,0.0310400656234691
-7.33489184349132,0.0311981534288453
-7.31067910363296,0.0314548272263051
-7.2864663637746,0.0318070068644637
-7.26225362391623,0.0322514990018485
-7.23804088405787,0.0327850091864096
-7.2138281441995,0.0334041543633799
-7.18961540434114,0.0341054757481537
-7.16540266448277,0.0348854519980059
-7.14118992462441,0.03574051261406
-7.11697718476604,0.0366670515029571
-7.09276444490768,0.0376614406262072
-7.06855170504932,0.0387200436642069
-7.04433896519095,0.0398392296214206
-7.02012622533259,0.0410153862992344
-6.99591348547423,0.0422449335635045
-6.97170074561586,0.0435243363348541
-6.94748800575749,0.0448501172312784
-6.92327526589913,0.0462188687946421
-6.89906252604077,0.0476272652351265
-6.8748497861824,0.049072073630639
-6.85063704632404,0.050550164521574
-6.82642430646567,0.0520585218451219
-6.80221156660731,0.0535942521575086
-6.77799882674895,0.0551545930970936
-6.75378608689058,0.0567369210461394
-6.72957334703222,0.0583387579542162
-6.70536060717385,0.0599577772916355
-6.68114786731549,0.0615918091069326
-6.65693512745712,0.0632388441682175
-6.63272238759876,0.0648970371741516
-6.6085096477404,0.0665647090263142
-6.58429690788203,0.0682403481607844
-6.56008416802367,0.0699226109428062
-6.5358714281653,0.071610321134403
-6.51165868830694,0.0733024684507113
-6.48744594844857,0.0749982062265563
-6.46323320859021,0.0766968482203771
-6.43902046873185,0.0783978645879523
-6.41480772887348,0.0801008770634685
-6.39059498901512,0.0818056533902577
-6.36638224915675,0.083512101047971
-6.34216950929839,0.0852202603270409
-6.31795676944003,0.0869302968049519
-6.29374402958166,0.0886424932820974
-6.2695312897233,0.0903572412378061
-6.24531854986493,0.0920750318694511
-6.22110581000657,0.0937964467794223
-6.1968930701482,0.0955221483761014
-6.17268033028984,0.0972528700558468
-6.14846759043148,0.0989894062333637
-6.12425485057311,0.1007326022877
-6.10004211071475,0.102483344490482
-6.07582937085638,0.104242549981897
-6.05161663099802,0.106011156858343
-6.02740389113965,0.107790114433647
-6.00319115128129,0.109580373733274
-5.97897841142293,0.111382878278098
-5.95476567156456,0.113198555211055
-5.9305529317062,0.115028306816396
-5.90634019184783,0.116873002477365
-5.88212745198947,0.118733471113942
-5.85791471213111,0.120610494137866
-5.83370197227274,0.12250479895751
-5.80948923241438,0.124417053060447
-5.78527649255601,0.126347858696583
-5.76106375269765,0.128297748179795
-5.73685101283928,0.13026717982099
-5.71263827298092,0.132256534500483
-5.68842553312256,0.13426611288265
-5.66421279326419,0.136296133270917
-5.64000005340583,0.138346730096439
-5.61578731354746,0.140417953029181
-5.5915745736891,0.1425097666958
-5.56736183383073,0.144622050984489
-5.54314909397237,0.146754601913116
-5.51893635411401,0.148907133033327
-5.49472361425564,0.151079277339997
-5.47051087439728,0.153270589652431
-5.44629813453891,0.155480549431086
-5.42208539468055,0.157708563991308
-5.39787265482219,0.159953972073684
-5.37365991496382,0.162216047729059
-5.34944717510546,0.164494004475155
-5.32523443524709,0.16678699968092
-5.30102169538873,0.169094139134355
-5.27680895553036,0.171414481749555
-5.252596215672,0.17374704436899
-5.22838347581363,0.176090806617754
-5.20417073595527,0.178444715767502
-5.17995799609691,0.180807691569115
-5.15574525623854,0.183178631014698
-5.13153251638018,0.185556412991449
-5.10731977652181,0.187939902791985
-5.08310703666345,0.190327956448083
-5.05889429680509,0.192719424857303
-5.03468155694672,0.195113157674647
-5.01046881708836,0.197508006944234
-4.98625607722999,0.199902830448913
-4.96204333737163,0.202296494758724
-4.93783059751326,0.204687877962232
-4.9136178576549,0.207075872067799
-4.88940511779654,0.209459385065
-4.86519237793817,0.211837342639437
-4.84097963807981,0.214208689537244
-4.81676689822144,0.216572390578506
-4.79255415836308,0.218927431321716
-4.76834141850471,0.221272818384118
-4.74412867864635,0.223607579425423
-4.71991593878799,0.225930762804883
-4.69570319892962,0.228241436924024
-4.67149045907126,0.230538689269525
-4.64727771921289,0.232821625172708
-4.62306497935453,0.235089366303934
-4.59885223949617,0.237341048921818
-4.5746394996378,0.239575821898617
-4.55042675977944,0.24179284454438
-4.52621401992107,0.243991284253541
-4.50200128006271,0.246170313998453
-4.47778854020434,0.248329109695091
-4.45357580034598,0.25046684746662
-4.42936306048762,0.252582700830871
-4.40515032062925,0.254675837837909
-4.38093758077089,0.25674541818389
-4.35672484091252,0.258790590327227
-4.33251210105416,0.260810488632801
-4.30829936119579,0.262804230569499
-4.28408662133743,0.264770913985812
-4.25987388147907,0.266709614487533
-4.2356611416207,0.268619382940797
-4.21144840176234,0.270499243122846
-4.18723566190397,0.272348189541881
-4.16302292204561,0.274165185446335
-4.13881018218724,0.275949161042735
-4.11459744232888,0.277699011940152
-4.09038470247052,0.279413597837929
-4.06617196261215,0.28109174147211
-4.04195922275379,0.282732227834585
-4.01774648289542,0.284333803677582
-3.99353374303706,0.285895177314697
-3.96932100317869,0.287415018728145
-3.94510826332033,0.288891959990455
-3.92089552346197,0.290324596007241
-3.8966827836036,0.291711485586182
-3.87247004374524,0.293051152835721
-3.84825730388687,0.294342088895435
-3.82404456402851,0.295582753998382
-3.79983182417015,0.296771579864153
-3.77561908431178,0.297906972419692
-3.75140634445342,0.298987314843324
-3.72719360459505,0.300010970925784
-3.70298086473669,0.300976288740411
-3.67876812487832,0.301881604613014
-3.65455538501996,0.302725247380291
-3.6303426451616,0.303505542924076
-3.60612990530323,0.304220818967058
-3.58191716544487,0.304869410114051
-3.5577044255865,0.305449663121352
-3.53349168572814,0.305959942375165
-3.50927894586978,0.306398635558636
-3.48506620601141,0.306764159485585
-3.46085346615305,0.307054966077668
-3.43664072629468,0.30726954846038
-3.41242798643632,0.307406447152098
-3.38821524657795,0.307464256319211
-3.36400250671959,0.307441630069319
-3.33978976686123,0.307337288753548
-3.31557702700286,0.307150025248192
-3.2913642871445,0.306878711185163
-3.26715154728613,0.306522303100147
-3.24293880742777,0.306079848466944
-3.2187260675694,0.305550491586127
-3.19451332771104,0.30493347929606
-3.17030058785268,0.3042281664743
-3.14608784799431,0.303434021297629
-3.12187510813595,0.302550630229298
-3.09766236827758,0.301577702702648
-3.07344962841922,0.300515075470954
-3.04923688856085,0.299362716594308
-3.02502414870249,0.298120729035414
-3.00081140884413,0.296789353837465
-2.97659866898576,0.295368972858766
-2.9523859291274,0.293860111040391
-2.92817318926903,0.292263438185004
-2.90396044941067,0.290579770226975
-2.8797477095523,0.28881006997609
-2.85553496969394,0.286955447319455
-2.83132222983558,0.285017158868684
-2.80710948997721,0.282996607042031
-2.78289675011885,0.280895338573859
-2.75868401026048,0.27871504244666
-2.73447127040212,0.276457547243729
-2.71025853054376,0.274124817923629
-2.68604579068539,0.271718952020571
-2.66183305082703,0.269242175277965
-2.63762031096866,0.266696836725465
-2.6134075711103,0.264085403212969
-2.58919483125193,0.261410453418081
-2.56498209139357,0.258674671346631
-2.54076935153521,0.25588083934881
-2.51655661167684,0.253031830676393
-2.49234387181848,0.250130601609348
-2.46813113196011,0.247180183182813
-2.44391839210175,0.244183672547972
-2.41970565224338,0.241144224002798
-2.39549291238502,0.238065039730823
-2.37128017252666,0.234949360288163
-2.34706743266829,0.231800454880863
-2.32285469280993,0.228621611476237
-2.29864195295156,0.225416126793282
-2.2744292130932,0.222187296218372
-2.25021647323483,0.218938403693364
-2.22600373337647,0.215672711623844
-2.20179099351811,0.212393450855639
-2.17757825365974,0.209103810767787
-2.15336551380138,0.205806929530002
-2.12915277394301,0.202505884572176
-2.10494003408465,0.199203683312763
-2.08072729422629,0.195903254191821
-2.05651455436792,0.192607438053279
-2.03230181450956,0.189318979919357
-2.00808907465119,0.186040521198345
-1.98387633479283,0.182774592364822
-1.95966359493446,0.179523606149147
-1.9354508550761,0.176289851270508
-1.91123811521774,0.173075486745098
-1.88702537535937,0.169882536798057
-1.86281263550101,0.166712886404699
-1.83859989564264,0.163568277483307
-1.81438715578428,0.160450305758333
-1.79017441592591,0.157360418309329
-1.76596167606755,0.154299911817308
-1.74174893620919,0.1512699315165
-1.71753619635082,0.148271470855717
-1.69332345649246,0.145305371869727
-1.66911071663409,0.142372326257231
-1.64489797677573,0.13947287715822
-1.62068523691736,0.136607421619733
-1.596472497059,0.133776213735316
-1.57225975720064,0.130979368439858
-1.54804701734227,0.128216865937957
-1.52383427748391,0.125488556740542
-1.49962153762554,0.122794167281272
-1.47540879776718,0.120133306081075
-1.45119605790882,0.11750547042635
-1.42698331805045,0.114910053523614
-1.40277057819209,0.112346352090901
-1.37855783833372,0.109813574344006
-1.35434509847536,0.107310848333618
-1.33013235861699,0.10483723058772
-1.30591961875863,0.102391715012107
-1.28170687890027,0.099973242000768
-1.2574941390419,0.097580707706926
-1.23328139918354,0.0952129734249889
-1.20906865932517,0.0928688750333453
-1.18485591946681,0.0905472324479549
-1.16064317960844,0.0882468590369895
-1.13643043975008,0.0859665709473844
-1.11221769989172,0.0837051962950556
-1.08800496003335,0.0814615841717189
-1.06379222017499,0.079234613422707
-1.03957948031662,0.0770232011519054
-1.01536674045826,0.0748263109119031
-0.991154000599895,0.0726429605396811
-0.966941260741531,0.0704722296005948
-0.942728520883166,0.0683132664060629
-0.918515781024802,0.0661652945732083
-0.894303041166438,0.064027619097701
-0.870090301308074,0.0618996319142014
-0.84587756144971,0.059780816922075
-0.821664821591345,0.0576707544574144
-0.797452081732981,0.0555691251958599
-0.773239341874617,0.0534757134741903
-0.749026602016253,0.0513904100221856
-0.724813862157889,0.0493132140997732
-0.700601122299524,0.0472442350379643
-0.67638838244116,0.0451836931855198
-0.652175642582796,0.0431319202666562
-0.627962902724432,0.0410893591583514
-0.603750162866067,0.0390565630989588
-0.579537423007703,0.0370341943428206
-0.555324683149339,0.0350230222784022
-0.531111943290975,0.0330239210301001
-0.506899203432611,0.031037866566318
-0.482686463574246,0.029065933338611
-0.458473723715882,0.0271092904786813
-0.434260983857518,0.0251691975817431
-0.410048243999154,0.023247000106245
-0.385835504140789,0.0213441244211593
-0.361622764282425,0.0194620725329851
-0.337410024424061,0.0176024165252908
-0.313197284565697,0.0157667927440194
-0.288984544707332,0.0139568957619162
-0.264771804848968,0.012174472155301
-0.240559064990604,0.0104213141260246
-0.21634632513224,0.00869925300080489
-0.192133585273876,0.00701015263926992
-0.167920845415511,0.00535590278093723
-0.143708105557147,0.00373841236005804
-0.119495365698783,0.00215960281576649
-0.0952826258404186,0.000621401423316112
-0.0710698859820544,-0.000874265329619331
-0.0468571461236901,-0.00232547829953286
-0.0226444062653259,-0.00373033215653905
0.00156833359303832,-0.0050869417487879
0.0257810734514025,-0.00639344834608292
0.0499938133097668,-0.00764802574913583
0.074206553168131,-0.00884888625307272
0.0984192930264952,-0.00999428645597143
0.122632032884859,-0.0110825329053129
0.146844772743224,-0.0121119875772763
0.171057512601588,-0.0130810731857379
0.195270252459952,-0.0139882783196647
0.219482992318316,-0.0148321624092666
0.243695732176681,-0.0156113605228073
0.267908472035045,-0.0163245879973082
0.292121211893409,-0.0169706449075561
0.316333951751773,-0.0175484203787695
0.340546691610138,-0.0180568967490324
0.364759431468502,-0.0184951535881228
0.388972171326866,-0.0188623715796697
0.41318491118523,-0.0191578362736378
0.437397651043594,-0.0193809417159903
0.461610390901959,-0.0195311939619952
0.485823130760323,-0.019608214479046
0.510035870618687,-0.0196117434440582
0.534248610477051,-0.019541642939493
0.558461350335416,-0.0193979000508701
0.58267409019378,-0.0191806298672584
0.606886830052144,-0.0188900783847251
0.631099569910508,-0.0185266253110641
0.655312309768872,-0.0180907867683659
0.679525049627237,-0.0175832178881406
0.703737789485601,-0.0170047152917836
0.727950529343965,-0.0163562194472243
0.752163269202329,-0.0156388168906275
0.776376009060694,-0.014853742300058
0.800588748919058,-0.0140023804061114
0.824801488777422,-0.0130862677226593
0.849014228635786,-0.012107094079106
0.87322696849415,-0.0110667039339176
0.897439708352515,-0.00996709744768998
0.921652448210879,-0.00881043129270198
0.945865188069243,-0.00759901917475735
0.970077927927607,-0.00633533204220366
0.994290667785972,-0.00502199795630912
1.01850340764434,-0.00366180159673489
1.0427161475027,-0.00225768337564312
1.06692888736106,-0.000812738134061006
1.09114162721943,0.000669786605519862
1.11535436707779,0.00218649285568175
1.13956710693616,0.00373383487419841
1.16377984679452,0.00530812239093803
1.18799258665289,0.00690552437324525
1.21220532651125,0.00852207334968758
1.23641806636961,0.0101536703099731
1.26063080622798,0.0117960901964922
1.28484354608634,0.0134449880003349
1.30905628594471,0.0150959054717842
1.33326902580307,0.016744278452224
1.35748176566144,0.0183854448311208
1.3816945055198,0.020014653128296
1.40590724537816,0.0216270716980844
1.43011998523653,0.0232177985482442
1.45433272509489,0.0247818717626282
1.47854546495326,0.0263142805127088
1.50275820481162,0.0278099766390695
1.52697094466998,0.0292638867799905
1.55118368452835,0.0306709250202729
1.57539642438671,0.0320260060295053
1.59960916424508,0.0333240586551097
1.62382190410344,0.0345600399317365
1.64803464396181,0.0357289494649411
1.67224738382017,0.036825844143593
1.69646012367853,0.0378458531321772
1.7206728635369,0.038784193091064
1.74488560339526,0.0396361835699776
1.76909834325363,0.0403972625173056
1.79331108311199,0.0410630018455821
1.81752382297036,0.0416291229914734
1.84173656282872,0.0420915124068925
1.86594930268708,0.0424462369165178
1.89016204254545,0.0426895588759578
1.91437478240381,0.0428179510641484
1.93858752226218,0.0428281112432555
1.96280026212054,0.0427169763194139
1.9870130019789,0.0424817360380653
2.01122574183727,0.0421198461484475
2.03543848169563,0.0416290409729505
2.059651221554,0.0410073453185773
2.08386396141236,0.0402530856696216
2.10807670127073,0.039364900602897
2.13228944112909,0.0383417503694066
2.15650218098745,0.0371829255892159
2.18071492084582,0.0358880550094682
2.20492766070418,0.0344571122789551
2.22914040056255,0.0328904216963771
2.25335314042091,0.0311886628934267
2.27756588027928,0.0293528744180175
2.30177862013764,0.0273844561874141
2.325991359996,0.0252851707855909
2.35020409985437,0.0230571435839071
2.37441683971273,0.0207028616690563
2.3986295795711,0.0182251715672265
2.42284231942946,0.0156272757584658
2.44705505928783,0.0129127279803564
2.47126779914619,0.0100854273252278
2.49548053900455,0.00714961114027356
2.51969327886292,0.0041098467450402
2.54390601872128,0.000971021985797918
2.56811875857965,-0.00226166534871573
2.59233149843801,-0.00558271922082679
2.61654423829637,-0.00898635811262996
2.64075697815474,-0.012466528831176
2.6649697180131,-0.0160169213070178
2.68918245787147,-0.0196309843387613
2.71339519772983,-0.0233019422322347
2.7376079375882,-0.0270228122790891
2.76182067744656,-0.0307864230160866
2.78603341730492,-0.0345854332030253
2.81024615716329,-0.0384123514542286
2.83445889702165,-0.0422595564557706
2.85867163688002,-0.0461193176981632
2.88288437673838,-0.0499838166520778
2.90709711659675,-0.0538451683128349
2.93130985645511,-0.0576954430378749
2.95552259631347,-0.0615266886002198
2.97973533617184,-0.0653309523800588
3.0039480760302,-0.0691003036160436
3.02816081588857,-0.0728268556376492
3.05237355574693,-0.076502788000062
3.0765862956053,-0.0801203684434749
3.10079903546366,-0.0836719745994174
3.12501177532202,-0.0871501153677962
3.14922451518039,-0.0905474518896905
3.17343725503875,-0.0938568180426047
3.19764999489712,-0.0970712403868343
3.22186273475548,-0.100183957493837
3.24607547461384,-0.103188438590001
3.27028821447221,-0.106078401451964
3.29450095433057,-0.108847829492663
3.31871369418894,-0.111490987980501
3.3429264340473,-0.11400243933751
3.36713917390567,-0.116377057466046
3.39135191376403,-0.118610041057376
3.41556465362239,-0.120696925839578
3.43977739348076,-0.12263359572633
3.46399013333912,-0.124416292832475
3.48820287319749,-0.126041626326699
3.51241561305585,-0.127506580096182
3.53662835291422,-0.128808519202714
3.56084109277258,-0.129945195114445
3.58505383263094,-0.130914749702159
3.60926657248931,-0.131715717993757
3.63347931234767,-0.132347029685356
3.65769205220604,-0.132808009412195
3.6819047920644,-0.133098375787268
3.70611753192276,-0.133218239220262
3.73033027178113,-0.133168098534012
3.75454301163949,-0.132948836400198
3.77875575149786,-0.132561713620444
3.80296849135622,-0.132008362283264
3.82718123121459,-0.131290777831478
3.85139397107295,-0.130411310078729
3.87560671093132,-0.129372653217561
3.89981945078968,-0.128177834865158
3.92403219064804,-0.126830204196329
3.94824493050641,-0.125333419216486
3.97245767036477,-0.123691433230437
3.99667041022314,-0.121908480565503
4.0208831500815,-0.11998906161001
4.04509588993986,-0.117937927230426
4.06930862979823,-0.115760062632357
4.09352136965659,-0.113460670732311
4.11773410951496,-0.111045155108502
4.14194684937332,-0.108519102600042
4.16615958923169,-0.105888265624665
4.19037232909005,-0.103158544285554
4.21458506894841,-0.100335968338053
4.23879780880678,-0.0974266790868265
4.26301054866514,-0.0944369112836089
4.28722328852351,-0.0913729750948725
4.31143602838187,-0.0882412382076707
4.33564876824023,-0.0850481081405119
4.3598615080986,-0.0818000148244273
4.38407424795696,-0.0785033935174182
4.40828698781533,-0.0751646681131965
4.43249972767369,-0.0717902349026018
4.45671246753206,-0.0683864468432789
4.48092520739042,-0.0649595983901497
4.50513794724878,-0.0615159109359467
4.52935068710715,-0.0580615189075679
4.55356342696551,-0.0546024565603256
4.57777616682388,-0.0511446455082802
4.60198890668224,-0.047693883024807
4.62620164654061,-0.0442558311433641
4.65041438639897,-0.0408360065841161
4.67462712625733,-0.0374397715276716
4.6988398661157,-0.0340723252527004
4.72305260597406,-0.0307386966496663
4.74726534583243,-0.027443737618342
4.77147808569079,-0.0241921173522063
4.79569082554916,-0.0209883175082633
4.81990356540752,-0.0178366282563277
4.84411630526588,-0.0147411451973696
4.86832904512425,-0.0117057671361765
4.89254178498261,-0.00873419468935463
4.91675452484098,-0.00582992970560955
4.94096726469934,-0.00299627547131864
4.9651800045577,-0.000236337670673131
4.98939274441607,0.00244697393386026
5.01360548427443,0.00505094313831701
5.0378182241328,0.00757304429185747
5.06203096399116,0.0100109386926372
5.08624370384953,0.0123624704308372
5.11045644370789,0.01462566172698
5.13466918356625,0.0167987078155693
5.15888192342462,0.018879971425677
5.18309466328298,0.0208679769113684
5.20730740314135,0.022761404085779
5.23152014299971,0.0245590818132497
5.25573288285808,0.0262599814141687
5.27994562271644,0.0278632099370773
5.3041583625748,0.0293680033521516
5.32837110243317,0.0307737197194074
5.35258384229153,0.0320798323838552
5.3767965821499,0.0332859232484151
5.40100932200826,0.0343916761736471
5.42522206186663,0.0353968705513155
5.44943480172499,0.0363013750964677
5.47364754158335,0.0371051419001114
5.49786028144172,0.0378082007817147
5.52207302130008,0.0384106539776675
5.54628576115845,0.0389126711985411
5.57049850101681,0.0393144850844925
5.59471124087518,0.0396163870845054
5.61892398073354,0.0398187237813576
5.6431367205919,0.0399218936802975
5.66734946045027,0.0399263444754038
5.69156220030863,0.0398325708035399
5.715774940167,0.0396411124917127
5.73998768002536,0.0393525532995396
5.76420041988372,0.0389675201544281
5.78841315974209,0.0384866828730432
5.81262589960045,0.0379107543586487
5.83683863945882,0.03724049126005
5.86105137931718,0.0364766950741044
5.88526411917555,0.0356202136701696
5.90947685903391,0.0346719432114212
5.93368959889227,0.0336328304447351
5.95790233875064,0.0325038753277949
5.982115078609,0.0312861339592909
6.00632781846737,0.0299807217755209
6.03054055832573,0.0285888169744181
6.0547532981841,0.0271116641260128
6.07896603804246,0.0255505779266158
6.10317877790082,0.0239069470525751
6.12739151775919,0.0221822380683356
6.15160425761755,0.0203779993427181
6.17581699747592,0.018495864926827
6.20002973733428,0.0165375583468138
6.22424247719264,0.0145048962648435
6.24845521705101,0.0123997919620564
6.27266795690937,0.0102242585980569
6.29688069676774,0.00798041220251175
6.3210934366261,0.00567047435577778
6.34530617648447,0.00329677451710578
6.36951891634283,0.00086175196086076
6.3937316562012,-0.00163204271663892
6.41794439605956,-0.00418194655465905
6.44215713591792,-0.00678518368232421
6.46636987577629,-0.00943886529913353
6.49058261563465,-0.0121399902081738
6.51479535549302,-0.0148854459252547
6.53900809535138,-0.0176720103837926
6.56322083520974,-0.0204963542517393
6.58743357506811,-0.0233550438731873
6.61164631492647,-0.0262445448435211
6.63585905478484,-0.0291612262231433
6.6600717946432,-0.0321013653908952
6.68428453450157,-0.035061153534346
6.70849727435993,-0.0380367017701585
6.73271001421829,-0.0410240478837786
6.75692275407666,-0.0440191636737493
6.78113549393502,-0.0470179628820499
6.80534823379339,-0.0500163096880329
6.82956097365175,-0.0530100277397656
6.85377371351011,-0.0559949096929416
6.87798645336848,-0.0589667272239922
6.90219919322684,-0.0619212414806408
6.92641193308521,-0.0648542139299084
6.95062467294357,-0.0677614175605248
6.97483741280194,-0.0706386483938311
6.9990501526603,-0.0734817372546068
7.02326289251867,-0.0762865617508154
7.04747563237703,-0.0790490584090729
7.07168837223539,-0.0817652349106887
7.09590111209376,-0.0844311823714582
7.12011385195212,-0.0870430876069688
7.14432659181049,-0.0895972453240703
7.16853933166885,-0.0920900701783281
7.19275207152721,-0.0945181086367632
7.21696481138558,-0.0968780505849682
7.24117755124394,-0.0991667406178017
7.26539029110231,-0.101381188953286
7.28960303096067,-0.103518581910099
7.31381577081904,-0.105576291890112
7.3380285106774,-0.107551886808867
7.36224125053576,-0.109443138918583
7.38645399039413,-0.111248032970363
7.41066673025249,-0.112964773664656
7.43487947011086,-0.114591792341678
7.45909220996922,-0.116127752866533
7.48330494982758,-0.11757155666703
7.50751768968595,-0.118922346885773
7.53173042954431,-0.120179511611919
7.55594316940268,-0.121342686162117
7.58015590926104,-0.122411754384437
7.60436864911941,-0.123386848963655
7.62858138897777,-0.124268350710982
7.65279412883613,-0.125056886826265
7.6770068686945,-0.125753328125699
7.70121960855286,-0.126358785233335
7.72543234841123,-0.126874603739884
7.74964508826959,-0.127302358337718
7.77385782812796,-0.127643845946335
7.79807056798632,-0.12790107784795
7.82228330784468,-0.128076270858257
7.84649604770305,-0.128171837562732
7.87070878756141,-0.128190375654079
7.89492152741978,-0.128134656411528
7.91913426727814,-0.128007612367689
7.9433470071365,-0.127812324213423
7.96755974699487,-0.127552006995786
7.99177248685323,-0.127229995668405
8.0159852267116,-0.126849730057733
8.04019796656996,-0.126414739312337
8.06441070642833,-0.12592862590583
8.08862344628669,-0.125395049267115
8.11283618614505,-0.12481770911427
8.13704892600342,-0.12420032857074
8.16126166586178,-0.123546637144314
8.18547440572015,-0.122860353650846
8.20968714557851,-0.122145169165635
8.23389988543688,-0.121404730085909
8.25811262529524,-0.120642621387924
8.2823253651536,-0.119862350161752
8.30653810501197,-0.11906732950597
8.33075084487033,-0.118260862863066
8.3549635847287,-0.117446128874564
8.37917632458706,-0.116626166832576
8.40338906444543,-0.115803862801735
8.42760180430379,-0.114981936482287
8.45181454416215,-0.11416292888153
8.47602728402052,-0.113349190856787
8.50024002387888,-0.112542872588715
8.52445276373725,-0.111745914039065
8.54866550359561,-0.110960036441922
8.57287824345397,-0.110186734872156
8.59709098331234,-0.109427271929207
8.6213037231707,-0.108682672568511
8.64551646302907,-0.107953720106856
8.66972920288743,-0.10724095342184
8.69394194274579,-0.106544665359266
8.71815468260416,-0.105864902356031
8.74236742246253,-0.105201465279624
8.76658016232089,-0.104553911479014
8.79079290217925,-0.103921558035335
8.81500564203762,-0.103303486194557
8.83921838189598,-0.102698546958148
8.86343112175435,-0.102105367801802
8.88764386161271,-0.101522360486478
8.91185660147108,-0.100947729920458
8.93606934132944,-0.100379484025812
8.9602820811878,-0.0998154445576593
8.98449482104617,-0.0992532588198902
9.00870756090453,-0.0986904122166959
9.0329203007629,-0.0981242415752291
9.05713304062126,-0.0975519491711437
9.08134578047962,-0.0969706173855553
9.10555852033799,-0.0963772239191962
9.12977126019635,-0.0957686574871961
9.15398400005471,-0.0951417339160292
9.17819673991308,-0.0944932125627129
9.20240947977145,-0.0938198129753586
9.22662221962981,-0.09311823171363
9.25083495948817,-0.092385159247577
9.27504769934654,-0.0916172968536733
9.2992604392049,-0.0908113734276807
9.32347317906327,-0.0899641621351909
9.34768591892163,-0.089072496822334
9.37189865878,-0.088133288111185
9.39611139863836,-0.087143539106827
9.42032413849672,-0.0861003606458112
9.44453687835509,-0.0850009860188882
9.46874961821345,-0.0838427851043313
9.49296235807182,-0.0826232778519167
9.51717509793018,-0.0813401470616316
9.54138783778854,-0.0799912504054427
9.56560057764691,-0.0785746316449088
9.58981331750527,-0.0770885310020869
9.61402605736364,-0.075531394645969
9.638238797222,-0.0739018832616261
9.66245153708036,-0.0721988796742589
9.68666427693873,-0.0704214955054348
9.71087701679709,-0.0685690768439267
9.73508975665546,-0.0666412089186842
9.75930249651382,-0.0646377197665824
9.78351523637219,-0.0625586828926406
9.80772797623055,-0.0604044189253737
9.83194071608892,-0.0581754962748061
9.85615345594728,-0.0558727308054085
9.88036619580564,-0.0534971845407883
9.90457893566401,-0.051050163421363
9.92879167552237,-0.0485332141404284
9.95300441538074,-0.0459481200880073
9.9772171552391,-0.0432968964355805
10.0014298950975,-0.0405817843982711
10.0256426349558,-0.0378052447142428
10.0498553748142,-0.034969950383968
10.0740681146726,-0.032078778714625
10.0982808545309,-0.0291348027171742
10.1224935943893,-0.0261412819056265
10.1467063342477,-0.0231016525496674
10.170919074106,-0.0200195174331186
10.1951318139644,-0.0168986351716965
10.2193445538227,-0.0137429091441886
10.2435572936811,-0.010556376091489
10.2677700335395,-0.00734319443793829
10.2919827733978,-0.0041076323890894
10.3161955132562,-0.000854055859390843
10.3404082531146,0.00241308371765056
10.3646209929729,0.00568926164549546
10.3888337328313,0.00896989223694739
10.4130464726897,0.0122503410548091
10.437259212548,0.0155259370747508
10.4614719524064,0.0187919847265653
10.4856846922647,0.0220437757724223
10.5098974321231,0.0252766009833673
10.5341101719815,0.028485761578104
10.5583229118398,0.0316665803910428
10.5825356516982,0.0348144127396439
10.6067483915566,0.0379246569642457
10.6309611314149,0.0409927646167759
10.6551738712733,0.0440142502780143
10.6793866111317,0.046984700986348
10.70359935099,0.0498997852642358
10.7278120908484,0.0527552617318306
10.7520248307068,0.0555469873003917
10.7762375705651,0.0582709249412066
10.8004503104235,0.060923151028735
10.8246630502818,0.0634998622595382
10.8488757901402,0.0659973821512611
10.8730885299986,0.0684121671284683
10.8973012698569,0.0707408122044685
10.9215140097153,0.0729800562703932
10.9457267495737,0.0751267870047001
10.969939489432,0.0771780454179349
10.9941522292904,0.0791310300490017
11.0183649691488,0.0809831008303487
11.0425777090071,0.0827317826403632
11.0667904488655,0.0843747685618909
11.0910031887239,0.0859099228661399
11.1152159285822,0.0873352837413024
11.1394286684406,0.0886490657850295
11.1636414082989,0.089849662279435
11.1878541481573,0.0909356472665892
11.2120668880157,0.0919057774414949
11.236279627874,0.0927589938783464
11.2604923677324,0.0934944236044571
11.2847051075908,0.0941113810346228
11.3089178474491,0.0946093692768964
11.3331305873075,0.0949880813187836
11.3573433271659,0.0952474011007823
11.3815560670242,0.095387404481974
11.4057688068826,0.0954083601000748
11.429981546741,0.0953107301260023
11.4541942865993,0.0950951709106137
11.4784070264577,0.0947625335188719
11.502619766316,0.0943138641443188
11.5268325061744,0.0937504043944039
11.5510452460328,0.0930735914349643
11.5752579858911,0.0922850579800058
11.5994707257495,0.0913866321109171
11.6236834656079,0.0903803369073896
11.6478962054662,0.089268389870637
11.6721089453246,0.0880532021180306
11.696321685183,0.0867373773270131
11.7205344250413,0.0853237104051448
11.7447471648997,0.0838151858623819
11.7689599047581,0.0822149758612065
11.7931726446164,0.0805264379200317
11.8173853844748,0.0787531122454023
11.8415981243331,0.0768987186689069
11.8658108641915,0.0749671531654086
11.8900236040499,0.0729624839302059
11.9142363439082,0.0708889469940286
11.9384490837666,0.0687509413563613
11.962661823625,0.066553023619465
11.9868745634833,0.0642999021076121
12.0110873033417,0.0619964304584585
12.0353000432001,0.0596476006761203
12.0595127830584,0.0572585356383997
12.0837255229168,0.0548344810536739
12.1079382627752,0.0523807968662138
12.1321510026335,0.0499029481120994
12.1563637424919,0.047406495231436
12.1805764823502,0.0448970838461909
12.2047892222086,0.0423804340166791
12.229001962067,0.0398623289934422
12.2532147019253,0.0373486034850222
12.2774274417837,0.0348451314658297
12.3016401816421,0.032357813551979
12.3258529215004,0.0298925639765293
12.3500656613588,0.0274552971990293
12.3742784012172,0.0250519141875797
12.3984911410755,0.0226882884147596
12.4227038809339,0.0203702516117089
12.4469166207922,0.0181035793273686
12.4711293606506,0.0158939763423468
12.495342100509,0.0137470619890769
12.5195548403673,0.0116683554318402
12.5437675802257,0.00966326096182736
12.5679803200841,0.00773705336370341
12.5921930599424,0.0058948634110869
12.6164057998008,0.00414166354897699
12.6406185396592,0.00248225382142754
12.6648312795175,0.0009212481026971
12.6890440193759,-0.000536939310332857
12.7132567592343,-0.00188810668743507
12.7374694990926,-0.00312827738010013
12.761682238951,-0.00425371180791081
12.7858949788094,-0.00526091886352682
12.8101077186677,-0.00614666668565676
12.8343204585261,-0.00690799275176909
12.8585331983844,-0.00754221324494704
12.8827459382428,-0.00804693165221156
12.9069586781012,-0.00842004655478668
12.9311714179595,-0.00865975857415736
12.9553841578179,-0.00876457644134164
12.9795968976763,-0.00873332216053486
13.0038096375346,-0.00856513524217313
13.028022377393,-0.00825947598447306
13.0522351172514,-0.00781612778660262
13.0764478571097,-0.00723519848081555
13.1006605969681,-0.00651712067509379
13.1248733368264,-0.00566265110207476
13.1490860766848,-0.00467286897427074
13.1732988165432,-0.00354917334977212
13.1975115564015,-0.00229327951677354
13.2217242962599,-0.000907214409314988
13.2459370361183,0.000606688929408197
13.2701497759766,0.0022457978159689
13.294362515835,0.00400718730397152
13.3185752556934,0.0058876484422081
13.3427879955517,0.00788369738288752
13.3670007354101,0.00999158530592897
13.3912134752685,0.0122073091223104
13.4154262151268,0.0145266229166844
13.4396389549852,0.0169450500868975
13.4638516948435,0.0194578961357067
13.4880644347019,0.022060262067867
13.5122771745603,0.0247470583438821
13.5364899144186,0.0275130193400573
13.560702654277,0.0303527182630824
13.5849153941354,0.033260582466193
13.6091281339937,0.036230909113013
13.6333408738521,0.0392578811344636
13.6575536137105,0.0423355834236358
13.6817663535688,0.0454580192132495
13.7059790934272,0.0486191265802693
13.7301918332856,0.0518127950223914
13.7544045731439,0.0550328820514676
13.7786173130023,0.0582732297494713
13.8028300528606,0.061527681233325
13.827042792719,0.0647900969758096
13.8512555325774,0.068054370930824
13.8754682724357,0.0713144464124788
13.8996810122941,0.0745643316788578
13.9238937521525,0.0777981151727735
13.9481064920108,0.0810099803734523
13.9723192318692,0.0841942202148248
13.9965319717276,0.0873452510279254
14.0207447115859,0.0904576259668519
14.0449574514443,0.0935260478797609
14.0691701913027,0.0965453815884914
14.093382931161,0.0995106655425941
14.1175956710194,0.102417122815805
14.1418084108777,0.105260171415327
14.1660211507361,0.108035433876649
14.1902338905945,0.11073874611908
14.2144466304528,0.113366165539627
14.2386593703112,0.115913978325388
14.2628721101696,0.118378705967157
14.2870848500279,0.120757110959537
14.3112975898863,0.123046201675468
14.3355103297447,0.125243236405695
14.359723069603,0.127345726556389
14.3839358094614,0.129351439000754
14.4081485493198,0.13125839758318
14.4323612891781,0.133064883777181
14.4565740290365,0.134769436501018
14.4807867688948,0.136370851097654
14.5049995087532,0.137868177488325
14.5292122486116,0.139260717511738
14.5534249884699,0.140548021463528
14.5776377283283,0.141729883853283
14.6018504681867,0.14280633839905
14.626063208045,0.143777652281827
14.6502759479034,0.144644319685103
14.6744886877618,0.145407054646995
14.6987014276201,0.146066783254992
14.7229141674785,0.146624635215717
14.7471269073369,0.147081934834408
14.7713396471952,0.147440191441097
14.7955523870536,0.147701089302578
14.8197651269119,0.147866477061352
14.8439778667703,0.147938356744658
14.8681906066287,0.147918872388519
14.892403346487,0.147810298323476
14.9166160863454,0.147615027170176
14.9408288262038,0.147335557594466
14.9650415660621,0.14697448187282
14.9892543059205,0.146534473320052
15.0134670457789,0.146018273632143
15.0376797856372,0.145428680197701
15.0618925254956,0.144768533432083
15.086105265354,0.144040704188483
15.1103180052123,0.143248081300358
15.1345307450707,0.142393559309384
15.158743484929,0.141480026432747
15.1829562247874,0.140510352822904
15.2071689646458,0.139487379172073
15.2313817045041,0.138413905712538
15.2555944443625,0.137292681662469
15.2798071842209,0.136126395165274
15.3040199240792,0.134917663768587
15.3282326639376,0.133669025486812
15.352445403796,0.132382930488704
15.3766581436543,0.131061733448796
15.4008708835127,0.129707686598531
15.4250836233711,0.128322933509812
15.4492963632294,0.126909503640289
15.4735091030878,0.12546930766608
15.4977218429461,0.124004133623842
15.5219345828045,0.122515643880086
15.5461473226629,0.121005372941486
15.5703600625212,0.119474726115607
15.5945728023796,0.117924979027021
15.618785542238,0.116357277989247
15.6429982820963,0.114772641228268
15.6672110219547,0.113171960948711
15.6914237618131,0.111556006228998
15.7156365016714,0.109925426727042
15.7398492415298,0.108280757173319
15.7640619813882,0.106622422623461
15.7882747212465,0.104950744437877
15.8124874611049,0.103265946951461
15.8367002009632,0.101568164791986
15.8609129408216,0.0998574508016558
15.88512568068,0.0981337845122319
15.9093384205383,0.096397081120363
15.9335511603967,0.0946472009062381
15.9577639002551,0.0928839590354018
15.9819766401134,0.091107135680646
16.0061893799718,0.0893164863982727
16.0304021198302,0.0875117526907679
16.0546148596885,0.0856926726860604
16.0788275995469,0.0838589918620576
16.1030403394053,0.0820104737440996
16.1272530792636,0.0801469105023511
16.151465819122,0.0782681333759687
16.1756299890728,0.0763477569538335
16.1998337613638,0.074359279814839
16.2240376858588,0.0723027004726249
16.2482416478309,0.0701780903595012
16.2724455324787,0.0679856022371329
16.2966492248831,0.0657254780848346
16.3208526099646,0.0633980563344425
16.3450555724394,0.0610037783938501
16.3692579967766,0.0585431944052171
16.3934597671537,0.0560169681881921
16.4176607674129,0.0534258813232126
16.4418608810165,0.0507708363350227
16.4660599910024,0.0480528589419553
16.4902579799385,0.0452730993422325
16.5144547298772,0.0424328325145135
16.5386501223092,0.0395334575161189
16.5628440381167,0.0365764957687474
16.5870363575261,0.033563588328051
16.6112269600601,0.0304964921400696
16.6354157244888,0.0273770752942464
16.6596025287805,0.0242073112894595
16.6837872500513,0.0209892723362141
16.7079697645142,0.0177251217247492
16.7321499474271,0.01441710529532
16.7563276730398,0.0110675420532391
16.7805028145402,0.00767881397737781
16.8046752439991,0.00425335507668075
16.8288448323146,0.000793639754797057
16.8530114491542,-0.00269782945187036
16.8771749628965,-0.0062185346925669
16.9013352405714,-0.00976595610253306
16.9254921477987,-0.0133375855068387
16.9496455487254,-0.0169309404458122
16.9737953059614,-0.0205435784372491
16.9979412805137,-0.0241731113881999
17.0220833317187,-0.027817220067322
17.0462213171727,-0.0314736685475585
17.0703550926611,-0.0351403185282588
17.0944845120845,-0.0388151434458357
17.1186094273842,-0.0424962422826235
17.1427296884641,-0.0461818529847991
17.1668451431112,-0.0498703654020021
17.1909556369138,-0.0535603336636961
17.2150610131766,-0.0572504879102561
17.2391611128335,-0.0609397453003131
17.2632557743581,-0.0646272202199346
17.2873448336705,-0.0683122336238213
17.3114281240416,-0.0719943214437332
17.3355054759944,-0.0756732420048876
17.3595767172013,-0.0793489823969757
17.3836416723792,-0.0830217637527333
17.4077001631792,-0.086692045393607
17.4317520080745,-0.0903605278089412
17.4557970222424,-0.0940281544422339
17.4798350174437,-0.0976961122652912
17.5038658018966,-0.101365831128543
17.5278891801469,-0.10503898188327
17.5519049529322,-0.108717473279017
17.5759129170425,-0.11240344764696
17.5999128651745,-0.116099275387383
17.6239045857804,-0.119807548286721
17.6478878629108,-0.123531071696695
17.6718624760525,-0.12727285561493
17.6958281999579,-0.131036104713025
17.7197848044696,-0.134824207364313
17.7437320543362,-0.138640723729429
17.7676697090217,-0.142489372963316
17.7915975225067,-0.146374019612351
17.8155152430808,-0.150298659274883
17.8394226131271,-0.154267403602582
17.8633193688964,-0.158284464723578
17.887205240273,-0.162354139171455
17.9110799505288,-0.166480791406675
17.9349432160681,-0.170668837018968
17.9587947461597,-0.174922725700631
17.982634242658,-0.179246924081535
18.0064613997105,-0.183645898516917
18.030275903453,-0.188124097918771
18.0540774316898,-0.19268593672088
18.0778656535593,-0.197335778066178
18.1016402291838,-0.202077917303354
18.1254008093026,-0.206916565877274
18.1491470348877,-0.211855835695089
18.17287853674,-0.216899724046675
18.196594935067,-0.222052099154547
18.2202958390383,-0.227316686424396
18.2439808463195,-0.232697055463208
18.2676495425826,-0.238196607927344
18.2913015009909,-0.243818566258199
18.3149362816578,-0.249565963358038
18.3385534310773,-0.255441633253441
18.3621524815245,-0.261448202788493
18.385732950424,-0.267588084384409
18.4092943396848,-0.273863469896861
18.4328361349989,-0.280276325596748
18.4563578051012,-0.286828388294689
18.4798588009894,-0.293521162624069
18.5033385550987,-0.300355919492126
18.5267964804314,-0.307333695703273
18.550231969636,-0.314455294753775
18.5736443940329,-0.321721288791904
18.5970331025841,-0.329132021732892
18.6203974208015,-0.336687613513476
18.6437366495905,-0.344387965466385
18.6670500640238,-0.352232766791041
18.6903369120405,-0.360221502092819
18.7135964130656,-0.368353459959588
18.7368277565432,-0.376627742540865
18.7600301003775,-0.38504327609183
18.7832025692746,-0.393598822441573
18.8063442529782,-0.402292991342403
18.82945420439,-0.411124253654751
18.852531437567,-0.420090955320147
18.875574925585,-0.429191332072997
18.898583598259,-0.438423524840387
18.9215563397084,-0.447785595777869
18.9444919857547,-0.457275544888171
18.9673893211373,-0.466891327169017
18.9902470765349,-0.476630870235676
19.0130639253726,-0.486492092363532
19.0358384804007,-0.496472920895866
19.0585692900227,-0.506571310962084
19.0812548343529,-0.516785264451921
19.1038935209796,-0.527112849191557
19.1264836804074,-0.537552218268226
19.149023561152,-0.548101629450589
19.1715113244546,-0.558759464653086
19.1939450385825,-0.569524249393429
19.216322672678,-0.580394672193557
19.2386420901137,-0.591369603875469
19.2609010413085,-0.602448116704658
19.283097155954,-0.613629503335053
19.3052279345932,-0.624913295510606
19.327290739493,-0.636299282479818
19.3492827847381,-0.647787529080528
19.3712011254738,-0.659378393453065
19.3930426462108,-0.671072544340471
19.4148040481017,-0.682870977934574
19.4364818350834,-0.694775034226367
19.4580722987739,-0.706786412818015
19.4795715019951,-0.718907188151933
19.5009752607822,-0.731139824109191
19.5222791247251,-0.743487187925083
19.5434783554702,-0.755952563363307
19.5645679031918,-0.76853966308171
19.5855423808266,-0.781252640111211
19.6063960358388,-0.794096098354805
19.627122719264,-0.807075101994575
19.6477158517546,-0.820195183670561
19.6681683863247,-0.833462351264927
19.6884727674667,-0.846883093086786
19.7086208862861,-0.860464381205716
19.7286040312764,-0.87421367262344
19.7484128343372,-0.888138907901133
19.768037211617,-0.902248506771809
19.78746629876,-0.916551360160179
19.8066883801365,-0.931056817903025
19.8256908116599,-0.945774671307839
19.8444599368417,-0.960715129502562
19.8629809958183,-0.975888788310944
19.8812380272137,-0.991306590133358
19.8992137629023,-1.00697977301969
19.916889516011,-1.02291980678959
19.9342450628993,-1.03913831368958
19.9512585203837,-1.05564697068614
19.9679062201897,-1.07245739009688
19.9841625835431,-1.08958097488912
20,-1.10702874467439
