0.878545471444166
0.878592949591446
0.87881821580387
0.879232741561553
0.879845270945577
0.880661686097113
0.881684898702933
0.882914769887782
0.88434806168478
0.885978423872479
0.887796420328243
0.889789599085667
0.891942609953925
0.894237372839
0.896653298807684
0.899167564489058
0.901755438674337
0.904390658036623
0.907045846846693
0.909692973521036
0.912303834920216
0.914850557633894
0.917306104148509
0.919644770884442
0.921842664679352
0.923878144425742
0.925732215257115
0.927388863902296
0.928835325546056
0.930062274674348
0.931063934849241
0.931838105040228
0.932386102911715
0.932712628204239
0.932825551924851
0.932735639366036
0.932456216903552
0.932002794004262
0.93139265285207
0.930644418447217
0.929777621952647
0.928812269478426
0.927768427462986
0.926665834400302
0.925523546962555
0.924359626676379
0.923190871329781
0.922032593317651
0.92089844527099
0.919800291642091
0.918748123502939
0.917750012707094
0.91681210079642
0.915938617612882
0.915131924492054
0.914392577140361
0.913719403788205
0.913109594908849
0.912558801632764
0.912061240898271
0.911609806290835
0.911196184367347
0.910810976977824
0.910443830634756
0.9100835743029
0.909718367067215
0.909335856977569
0.908923351975613
0.908468003206829
0.907957000248476
0.907377776892358
0.906718225169505
0.905966914356235
0.905113310823579
0.904147993847909
0.903062861946614
0.901851323985855
0.900508469261555
0.899031210998563
0.897418398248075
0.895670891974454
0.893791602177184
0.891785484144372
0.889659493320722
0.887422499725615
0.885085164300948
0.882659780927715
0.880160089052599
0.877601062846648
0.87499868352488
0.872369701851049
0.869731397915982
0.867101345009818
0.864497183826089
0.861936412374786
0.859436195893751
0.857013199797195
0.854683447359548
0.852462202479134
0.850363876575725
0.848401957520252
0.84658895753559
0.844936376293508
0.843454674997678
0.842153257102044
0.841040451465691
0.840123494170204
0.839408505888195
0.838900462543935
0.838603157990947
0.83851915848309
0.838649749769701
0.838994878638465
0.839553091604881
0.840321474156843
0.841295594470906
0.842469455801095
0.843835461792917
0.845384398800226
0.847105438898464
0.848986166723254
0.851012632554843
0.853169433258356
0.855439821821008
0.857805845343375
0.860248510481931
0.862747974537931
0.865283759669737
0.867834987089659
0.870380627602025
0.872899764448026
0.875371864139734
0.877777050780273
0.880096379265725
0.882312102732376
0.884407929636256
0.886369265919516
0.888183437822613
0.8898398910404
0.891330362096803
0.892649018034853
0.893792560798163
0.894760293031256
0.895554142464717
0.896178642591496
0.896640867993726
0.896950323451242
0.89711878685252
0.897160106927055
0.897089957907351
0.896925554382049
0.896685330784317
0.896388591129563
0.8960551357267
0.895704872587705
0.89535742210086
0.895031724166318
0.894745657376242
0.894515679921426
0.894356501697947
0.894280796558784
0.894298962807478
0.894418938878267
0.894646079717682
0.894983097716972
0.895430070194573
0.895984513454119
0.896641521413819
0.897393964789216
0.89823274488626
0.899147094296573
0.900124915248396
0.901153145114555
0.902218137662784
0.903306048092436
0.90440320976029
0.905496490768174
0.906573619262785
0.907623467365151
0.908636285070729
0.909603877195043
0.910519718425577
0.911379003710077
0.912178633487922
0.912917135573529
0.913594527744668
0.914212127191377
0.914772314863556
0.915278264345565
0.915733646122525
0.916142318936563
0.91650802032833
0.916834068402762
0.917123086349216
0.917376760303924
0.9175956398039
0.91777898839915
0.91792469003161
0.918029214633544
0.918087644132067
0.918093757761313
0.918040173371021
0.91791853936774
0.917719770112423
0.917434316094739
0.917052459064561
0.916564621562955
0.91596167997893
0.915235270366077
0.914378076768931
0.913384092699404
0.91224884762133
0.910969591785881
0.909545434443583
0.907977432264929
0.906268626654642
0.904424030468674
0.902450566367282
0.900356960598168
0.898153597346686
0.895852339872893
0.89346632544756
0.891009741584288
0.888497591238565
0.885945454515752
0.883369254018839
0.880785030303924
0.878208733036004
0.875656032395793
0.873142154130789
0.870681740424186
0.868288737527889
0.865976309923342
0.863756779685719
0.86164158877697
0.859641281218138
0.85776550151945
0.85602300539611
0.854421678676135
0.852968560410254
0.851669866508192
0.850531010725317
0.849556620474118
0.848750545694123
0.848115859834004
0.847654852830433
0.847369016759294
0.847259025538939
0.847324710641012
0.847565035179502
0.847978068981295
0.848560967282567
0.849309955548642
0.850220322597532
0.851286423748221
0.852501695152719
0.8538586798524
0.855349065474058
0.856963732900043
0.85869281475621
0.860525762200689
0.862451418294326
0.864458096205754
0.86653366065152
0.868665611280497
0.870841167153488
0.873047352002565
0.875271080529461
0.877499246561558
0.879718814369088
0.881916914802444
0.884080948085422
0.886198695061883
0.888258438417311
0.890249094878041
0.892160358642835
0.893982855355671
0.895708304833697
0.897329689583362
0.898841424944371
0.900239525575115
0.901521762015539
0.902687800310463
0.90373931721567
0.904680083393763
0.905516007272744
0.90625513290251
0.906907586196496
0.90748546535889
0.908002673022758
0.908474689593626
0.908918289424224
0.909351203646895
0.909791735662966
0.910258337335669
0.9107691557625
0.911341562031836
0.91199167452843
0.912733890091595
0.913580436615874
0.91454096050425
0.915622161745722
0.916827488318124
0.918156900155479
0.919606711122708
0.921169515374861
0.922834202215868
0.924586061188529
0.926406976698778
0.928275709075363
0.930168256658147
0.932058291354256
0.933917658152974
0.93571692739091
0.937425987143028
0.939014662009082
0.940453343787612
0.941713619093194
0.942768878883274
0.943594895119491
0.944170350391052
0.94447730726562
0.944501605392817
0.944233175948093
0.943666264845931
0.942799558240563
0.941636206132204
0.94018374236287
0.938453901866622
0.936462338676326
0.934228250818323
0.931773920778774
0.929124182628565
0.926305829074355
0.923346973590006
0.920276384307612
0.917122807450311
0.913914298719212
0.910677581165791
0.907437447665313
0.904216225148695
0.901033316260001
0.897904832112439
0.894843327363436
0.891857645981713
0.888952882914588
0.8861304634728
0.883388338734342
0.880721291735994
0.878121345782869
0.875578262973043
0.873080118112728
0.870613930686042
0.868166335529066
0.865724271413257
0.863275665923458
0.860810094856771
0.858319394885587
0.855798209414655
0.853244449390003
0.850659653237497
0.848049233051536
0.845422597532581
0.842793145883246
0.840178130801611
0.837598392733434
0.83507797153395
0.832643605515794
0.830324131397742
0.828149801802647
0.826151539578286
0.824360150244085
0.822805515232039
0.821515789245969
0.820516624988468
0.81983044770343
0.819475800483473
0.819466779149327
0.819812572798509
0.820517122938525
0.8215789105765
0.822990876854729
0.824740478928775
0.826809878911386
0.829176259977917
0.831812260264714
0.834686512095819
0.837764271433539
0.841008120333544
0.844378723642694
0.847835620232767
0.851338028718938
0.854845647850208
0.858319432543152
0.861722327806991
0.865019944510666
0.868181162995027
0.871178652853405
0.873989299707109
0.87659453240521
0.8789805467008
0.881138424025569
0.88306414643641
0.884758511086873
0.886226949638268
0.887479259836452
0.888529258017749
0.889394362557713
0.890095119235399
0.890654680156796
0.891098248274314
0.891452499670005
0.891744995658022
0.892003596429057
0.892255887430554
0.89252862897656
0.892847238735976
0.893235315782716
0.893714213830451
0.894302670141097
0.895016495411538
0.895868328726771
0.896867460437391
0.898019724590561
0.899327461329989
0.90078954849364
0.902401500488125
0.904155631414879
0.906041278373517
0.908045079880004
0.910151303419649
0.912342215316135
0.914598485347904
0.916899617893467
0.919224400850453
0.921551363163751
0.923859231531055
0.926127376745214
0.928336240197185
0.930467731314739
0.932505587161404
0.934435686074554
0.936246308082911
0.937928335907869
0.93947539160853
0.940883905358243
0.942153114414013
0.943284992025072
0.944284107782047
0.945157422686596
0.945914023971921
0.946564806373564
0.94712210808317
0.947599310963076
0.948010415708014
0.948369603469182
0.948690795970602
0.948987226322366
0.949271032555341
0.949552885363598
0.949841660652889
0.950144166276386
0.950464930824636
0.950806060567972
0.951167168678766
0.951545378747962
0.951935402421487
0.952329688787615
0.952718641017706
0.953090893770801
0.953433643084608
0.953733018952544
0.953974489581549
0.95414328547995
0.954224831067992
0.954205171450196
0.954071382337992
0.953811951846401
0.95341712397821
0.952879195006675
0.952192755614534
0.951354873474159
0.950365212885424
0.94922609004534
0.947942464428821
0.946521868539631
0.944974279880157
0.943311940335488
0.941549129233689
0.939701897109153
0.937787767655956
0.935825415527064
0.933834327542638
0.931834454559255
0.929845860774286
0.927888376654027
0.925981261039479
0.924142877355395
0.922390388273406
0.920739472694045
0.919204068535823
0.917796144556124
0.916525504266172
0.915399624912334
0.914423534437537
0.913599729259162
0.912928135548433
0.912406116417003
0.912028526961184
0.911787818446877
0.911674192018516
0.911675801182715
0.911779000972853
0.91196864018769
0.912228391478878
0.912541112420265
0.912889229119979
0.913255132535323
0.913621576521158
0.913972065878
0.914291222345519
0.914565116668467
0.914781555577122
0.914930313775184
0.915003302785061
0.91499467070276
0.91490082947249
0.914720409090418
0.91445414105571
0.914104676261887
0.913676345217785
0.913174870865952
0.912607046203379
0.911980390303265
0.91130279711376
0.910582191530053
0.909826206694407
0.909041895305152
0.908235485973714
0.907412193451462
0.906576088972193
0.905730034154612
0.904875679024261
0.904013521888442
0.903143026165971
0.902262786956259
0.901370738228944
0.900464390099906
0.899541084777713
0.898598259432284
0.897633704442053
0.896645806177805
0.895633764618562
0.89459777758748
0.893539185151383
0.892460569647816
0.891365808789033
0.890260081249109
0.889149825983374
0.888042658187287
0.886947246218628
0.885873154943819
0.884830661804452
0.883830552428563
0.88288390284168
0.882001855286655
0.881195394368893
0.880475129741602
0.879851090873908
0.879332538643874
0.878927797607933
0.878644111854498
0.878487526385236
0.878462795011396
0.878573314829401
0.878821086471257
0.879206698530212
0.87972933385816
0.880386794835146
0.881175544239391
0.882090758014559
0.883126386054992
0.884275217123055
0.885528944186658
0.886878226825911
0.888312747905819
0.88982126243928
0.891391637453628
0.893010882696634
0.894665173134632
0.896339865356189
0.89801951113972
0.899687872505582
0.901327943481188
0.90292198449008
0.904451575665261
0.905897695425248
0.907240830293611
0.908461121163292
0.909538550001298
0.910453169378202
0.91118537523666
0.911716221056279
0.912027769124756
0.912103472103826
0.911928575614475
0.911490530299167
0.910779399890026
0.909788250354312
0.908513504319477
0.906955244793233
0.905117452752195
0.903008164502246
0.900639536801294
0.89802781052544
0.895193167057172
0.892159475446226
0.888953932575984
0.885606602872864
0.882149868321045
0.878617803484533
0.875045493695062
0.87146831735825
0.867921215311154
0.864437971218804
0.861050527056412
0.85778835676726
0.854677919243406
0.851742208925627
0.849000418683804
0.846467725380869
0.844155203833991
0.842069869977147
0.840214849119261
0.838589660498775
0.837190605061884
0.836011239717102
0.835042918390287
0.834275378130196
0.833697347360538
0.833297153161475
0.833063305169012
0.83298503524141
0.83305277435889
0.833258551168654
0.833596300012683
0.834062070019113
0.834654130733152
0.835372973648119
0.836221212720121
0.837203390377014
0.838325698551732
0.839595626795079
0.841021551493901
0.842612281604561
0.844376577102394
0.846322656562132
0.848457709960028
0.85078743197952
0.853315589875578
0.856043638383154
0.858970392321452
0.862091765527291
0.865400582624161
0.868886467969516
0.872535813984673
0.876331829013917
0.880254662926766
0.884281606904968
0.88838736226935
0.892544371818174
0.896723205977768
0.900892995110973
0.905021898587668
0.909077600688932
0.913027823084382
0.916840843482036
0.920486010092143
0.923934241761953
0.927158504018816
0.930134251796931
0.932839830311455
0.935256826375854
0.937370363427101
0.939169334620141
0.940646569567324
0.941798931616633
0.94262734396699
0.943136744387788
0.943335969816344
0.943237573619638
0.942857579789463
0.942215179753454
0.941332378786365
0.940233600153694
0.938945256071997
0.937495295288811
0.935912737537743
0.934227205286682
0.932468463054532
0.930665974121499
0.928848483709269
0.927043636682707
0.925277636559215
0.923574951151818
0.921958068573614
0.920447305657407
0.919060669162147
0.917813768514917
0.916719777338196
0.915789439695301
0.915031115900965
0.914450861925823
0.914052535895945
0.91383792495986
0.91380688585895
0.913957492872344
0.914286187381692
0.914787924071885
0.91545630970167
0.916283731389753
0.917261472413965
0.918379814561964
0.919628127055806
0.920994942960447
0.92246802474745
0.924034421298436
0.92568051908598
0.927392090558779
0.929154342886523
0.930951970197058
0.932769212277627
0.934589922428996
0.936397646773345
0.93817571684106
0.939907356714763
0.941575805406828
0.943164454504428
0.944657000448606
0.946037610135996
0.947291097859626
0.948403110955914
0.949360320917644
0.950150616187885
0.950763292389504
0.95118923539116
0.951421092385138
0.951453426074143
0.951282847148696
0.950908120494047
0.950330240998771
0.949552475441739
0.948580367696908
0.947421705394665
0.946086447184899
0.944586610824112
0.942936123415651
0.941150636224208
0.939247307518614
0.937244557828049
0.935161802788101
0.933019169373247
0.930837201738231
0.928636563109034
0.926437740171115
0.924260756204788
0.922124898830367
0.920048467672385
0.91804854656188
0.916140804101573
0.914339325555716
0.912656478129002
0.911102810799673
0.909686988999611
0.908415763612716
0.907293973010881
0.906324576177646
0.905508714391124
0.904845798453885
0.904333618068322
0.903968469659848
0.903745298743624
0.903657852810307
0.903698840669443
0.903860094233844
0.904132728853732
0.904507298515505
0.904973942506986
0.905522520518496
0.906142733595302
0.906824228877503
0.907556686650795
0.908329888874089
0.90913376903202
0.909958443861875
0.910794228201725
0.911631634873083
0.912461362119068
0.913274271639786
0.914061360674069
0.914813731847886
0.915522564627097
0.91617909216448
0.916774587114962
0.917300359613554
0.917747770081133
0.918108258865263
0.918373393965207
0.918534937265906
0.91858492885264
0.918515788135366
0.918320429717613
0.91799239123467
0.917525969790092
0.9169163631618
0.916159811645357
0.91525373625934
0.914196869054746
0.912989371437202
0.911632936710301
0.910130873457652
0.908488166873183
0.906711515694805
0.90480934296661
0.902791779422524
0.900670618826616
0.898459245104527
0.896172531545434
0.893826712740399
0.891439230253503
0.889028553305784
0.886613976002922
0.884215392873794
0.881853054728089
0.8795473071066
0.877318313904595
0.875185769109116
0.87316860001135
0.871284665733416
0.869550455434515
0.867980791114674
0.866588540486806
0.865384345903361
0.86437637576033
0.863570105113108
0.862968132379161
0.862570038927767
0.862372298029084
0.862368239024585
0.862548071671791
0.862898974406365
0.863405248768612
0.864048540491492
0.864808125793061
0.865661259323444
0.866583578065029
0.867549553364561
0.868532981284216
0.869507499693449
0.870447119079008
0.871326753011856
0.872122733647638
0.872813297603106
0.873379028073339
0.87380324013657
0.874072297811246
0.874175853532971
0.874107003231625
0.873862353013532
0.873441996474841
0.872849404763006
0.872091234530036
0.871177061751872
0.870119051897791
0.868931579011473
0.867630807820046
0.866234253952309
0.864760337683448
0.863227946321652
0.861656019432985
0.860063169614475
0.858467349547548
0.856885573692919
0.855333700339002
0.853826276915137
0.852376448659541
0.850995928019078
0.849695019674857
0.848482693941602
0.847366699568219
0.846353705737841
0.845449462368708
0.844658967666482
0.843986632262058
0.843436430149117
0.843012027953166
0.842716885739944
0.842554324513181
0.842527557657325
0.84263968574356
0.842893656231655
0.843292191566334
0.843837690895784
0.844532112056552
0.845376841515476
0.846372560596567
0.8475191165298
0.848815406640821
0.850259283375505
0.851847486858785
0.853575610375414
0.855438102595975
0.857428308627684
0.859538550125255
0.861760242833005
0.864084048125283
0.866500053443626
0.868997975064546
0.871567375431273
0.874197886394972
0.876879429172797
0.879602421665177
0.882357963993319
0.885137993716242
0.88793540314798
0.89074411248971
0.893559094076667
0.896376344862724
0.899192806264093
0.90200623258757
0.904815011402074
0.907617941295687
0.910413974413414
0.913201932915021
0.915980209953575
0.918746466887167
0.921497339142934
0.924228163410729
0.926932738626207
0.929603132499446
0.932229544163819
0.934800231888346
0.937301512761658
0.939717838881605
0.942031951951876
0.94422511538962
0.946277420189534
0.948168157979532
0.949876252051405
0.951380734763866
0.952661257693719
0.953698619339791
0.954475294132938
0.954975946023477
0.955187910031738
0.955101625861336
0.954711008967362
0.954013746298609
0.953011506228392
0.951710054867787
0.950119273918379
0.948253078358247
0.946129235447824
0.943769089673362
0.94119720120013
0.938440908078613
0.935529824740576
0.932495291159312
0.929369788369937
0.926186336811717
0.922977894147626
0.91977676884049
0.916614064845666
0.913519171362014
0.910519309728695
0.907639147342336
0.904900485986716
0.90232202931251
0.899919231479973
0.897704226285059
0.895685833529265
0.893869637058086
0.892258126865376
0.890850896010765
0.889644881878489
0.888634640554778
0.887812642833917
0.88716958057708
0.886694672819338
0.88637596210603
0.886200592979078
0.886155066250629
0.886225464607006
0.886397647083444
0.886657411938284
0.886990629334011
0.887383346906932
0.887821872693237
0.888292840907503
0.888783266689928
0.889280596122437
0.88977275755653
0.89024821961729
0.890696060192074
0.891106049344485
0.891468747498178
0.891775618508642
0.892019155490415
0.892193015600752
0.892292158503073
0.892312982038812
0.892253447802994
0.892113188904742
0.891893592232433
0.891597848041462
0.891230960620866
0.890799715127769
0.890312597337282
0.889779664952631
0.889212371154918
0.888623343135452
0.888026120336611
0.887434858925598
0.886864010546926
0.88632798456833
0.885840803796434
0.885415763961866
0.885065107152422
0.884799718825589
0.884628857099097
0.884559921760189
0.884598268926223
0.884747075615785
0.88500725674015
0.885377435287453
0.885853964828016
0.886431001989021
0.887100625285875
0.887852995694339
0.888676553621446
0.889558246485584
0.890483780930738
0.891437893745634
0.892404635792864
0.893367663625372
0.894310533924193
0.895216996378696
0.896071281100438
0.896858377073829
0.897564298471845
0.898176335886362
0.898683289637332
0.899075682342903
0.899345947875894
0.899488593732647
0.899500333736974
0.89938018793758
0.899129546574527
0.898752195128823
0.898254297761822
0.89764433692164
0.896933007554294
0.896133065207301
0.895259128339111
0.894327436322333
0.893355565913797
0.892362110311949
0.891366326276391
0.890387756085781
0.889445832297666
0.888559474288023
0.887746686335049
0.887024167524514
0.886406943956034
0.885908033595941
0.885538153640838
0.885305479427573
0.885215462764869
0.885270716096599
0.88547096717589
0.885813086982453
0.886291191511037
0.886896815861558
0.887619156840846
0.888445378113972
0.889360969891889
0.890350153281774
0.891396317822927
0.892482479444163
0.893591745159853
0.894707770312757
0.895815194102569
0.896900039526596
0.897950064706132
0.898955053866826
0.899907037956369
0.90080043697573
0.901632118513899
0.902401369640483
0.90310978214359
0.903761054011251
0.904360712945822
0.904915770472043
0.905434317751017
0.905925076449159
0.906396919846339
0.906858380726363
0.90731716341613
0.907779677586414
0.908250611076327
0.908732558056101
0.909225717321791
0.909727673465057
0.91023327114561
0.910734589794778
0.911221022891965
0.911679462587991
0.912094587013224
0.912449244218896
0.912724923469218
0.912902301635847
0.912961849840189
0.912884483325103
0.912652235881739
0.912248939058001
0.911660885862251
0.910877458760472
0.909891702439936
0.908700823053309
0.907306597424025
0.905715677933441
0.903939781457569
0.901995753702162
0.899905503518345
0.897695805180954
0.895397970089723
0.893047392819724
0.890682979813714
0.888346472189016
0.886081677043564
0.883933624213616
0.881947667590391
0.880168551784449
0.878639466085157
0.877401108260127
0.876490780751429
0.875941541241776
0.875781428390463
0.876032781798019
0.87671167298935
0.877827461463469
0.879382486715164
0.881371903676075
0.883783665347512
0.886598652612265
0.889790947430808
0.893328241964067
0.89717237273342
0.901279965836045
0.905603176576461
0.910090504735507
0.914687665140551
0.919338492269621
0.92398585733938
0.92857257669124
0.933042291277261
0.93734029861157
0.941414320627859
0.94521519338583
0.948697467402767
0.951819910444485
0.954545907781975
0.956843758094183
0.958686866265983
0.960053837193183
0.960928477274673
0.961299712470725
0.961161433577579
0.960512280670823
0.959355379481022
0.957698042779874
0.955551449686307
0.952930315177812
0.94985256105527
0.946338998213789
0.94241302838158
0.938100371574627
0.93342882345265
0.928428044630068
0.923129381872728
0.917565719074205
0.911771354027511
0.905781895357086
0.899634172612757
0.893366151504197
0.88701684561349
0.88062621569551
0.874235047878846
0.867884802718125
0.861617428110982
0.855475130553192
0.849500101021574
0.843734193888354
0.838218559610214
0.832993234414381
0.828096692725977
0.823565370540339
0.819433170231815
0.815730959297205
0.812486077152776
0.809721865243881
0.807457236305783
0.805706298573279
0.804478050039341
0.803776156500916
0.803598825124914
0.803938782671589
0.804783364408411
0.806114716245457
0.807910108857261
0.810142358678448
0.812780346835354
0.81578962347101
0.819133081699976
0.822771682742951
0.826665211768768
0.830773042714849
0.83505488993416
0.839471524956809
0.843985437946848
0.848561425528624
0.853167089462864
0.857773234047495
0.862354153951133
0.866887808287324
0.87135588092268
0.875743731097934
0.880040242250721
0.884237580302051
0.888330875468393
0.892317843781989
0.896198365872342
0.899974041148363
0.903647735328064
0.90722313833224
0.910704347964674
0.914095492646627
0.917400403882014
0.920622346240857
0.923763809608501
0.9268263654025
0.929810585546483
0.932716020335348
0.935541229034701
0.9382838552125
0.940940737460164
0.943508045355087
0.945981430251586
0.948356180742866
0.9506273733704
0.952790010307663
0.954839137235994
0.956769936373511
0.958577791519409
0.960258323938602
0.961807399840703
0.963221112013132
0.964495739769903
0.965627692706309
0.966613444749853
0.967449465629718
0.968132157127729
0.968657801317288
0.969022527454535
0.969222303285967
0.9692529553222
0.969110221155673
0.968789835239274
0.968287647770481
0.967599774524534
0.96672277373556
0.965653844520154
0.964391039952163
0.962933486800116
0.961281603187353
0.959437305071863
0.957404192492977
0.955187707001132
0.952795252560861
0.950236273462197
0.94752228433967
0.944666849212735
0.941685508445113
0.938595654582431
0.935416360071771
0.932168161797302
0.928872809091507
0.925552983319526
0.922231998215881
0.918933490826564
0.915681113142972
0.912498234296478
0.909407662524453
0.906431395052457
0.903590402614601
0.90090445362338
0.898391981083316
0.896069993310702
0.893954027470344
0.892058142965471
0.890394949910172
0.888975666357725
0.887810196723177
0.886907222979474
0.886274299760541
0.88591794449031
0.885843714072559
0.886056260502494
0.886559358959218
0.887355903454899
0.888447866884346
0.889836224260457
0.891520839952191
0.893500321774478
0.895771846726214
0.898330964949157
0.901171390010336
0.904284784826638
0.907660553398653
0.911285648962409
0.91514440917996
0.91921842856765
0.923486477517108
0.927924476028591
0.932505528695314
0.937200025611353
0.941975811796786
0.946798425522782
0.951631403662551
0.9564366499789
0.96117486017066
0.965805995617323
0.970289796152834
0.974586320921825
0.978656505465732
0.982462722676302
0.985969335146637
0.989143226734481
0.991954301801915
0.994375941568813
0.996385408261521
0.997964189192072
0.999098274500829
0.999778363969776
1
0.999763625486546
0.999074566866074
0.997942944017873
0.996383509938356
0.994415424167149
0.992061964814941
0.98935018473569
0.98631051791364
0.982976342520778
0.979383507368507
0.975569828655792
0.971574564030911
0.967437871057919
0.963200257229541
0.958902028706289
0.954582744990756
0.950280686762576
0.946032344092746
0.941871932209611
0.937830941882218
0.933937731296985
0.930217166007662
0.926690313114963
0.923374195263722
0.920281609320178
0.917421013705445
0.914796487316949
0.912407761779586
0.910250327453524
0.908315612214431
0.90659123055039
0.905061299028996
0.903706812723169
0.902506075791758
0.901435178137369
0.900468508952818
0.899579297058477
0.898740167258531
0.897923701530149
0.897102993722217
0.896252186586682
0.895346980393099
0.894365103073534
0.893286732789717
0.892094864978312
0.890775617277942
0.889318467232392
0.887716419253815
0.885966098971337
0.884067774737403
0.882025307670934
0.879846033139755
0.877540577985913
0.875122619042209
0.872608589548543
0.870017340931015
0.867369768040772
0.864688406356403
0.861997009833586
0.859320118046325
0.856682621019777
0.854109329725793
0.851624559624554
0.849251733918926
0.847013012375164
0.844928950688644
0.843018194470892
0.841297211037098
0.839780061311773
0.838478213369733
0.837400398410595
0.836552509341191
0.835937541618611
0.835555575586814
0.835403799214647
0.835476569899361
0.835765513818896
0.836259661176224
0.836945615555843
0.837807755482234
0.838828466110664
0.839988398773904
0.841266755841629
0.842641598016349
0.844090170792323
0.845589246351353
0.847115476678673
0.848645753176806
0.850157567564419
0.851629368403113
0.853040907231705
0.854373568037844
0.85561067369036
0.856737763017126
0.857742832459477
0.858616536674088
0.859352343085862
0.859946636210341
0.860398768541659
0.860711055914092
0.860888716456761
0.86093975353222
0.860874784337723
0.860706817109727
0.860450981066158
0.860124214309432
0.859744915863946
0.859332568809391
0.858907342077914
0.858489678898927
0.858099880097874
0.857757690488934
0.857481896456842
0.857289942514242
0.857197574165949
0.857218513829017
0.857364175866702
0.857643426013159
0.858062389610214
0.858624312161797
0.859329474747388
0.860175165833353
0.861155709989405
0.862262552965873
0.863484401526157
0.864807415370153
0.866215447443676
0.867690327924985
0.869212186234765
0.870759804556243
0.872310995605935
0.873842996792377
0.87533287246942
0.876757915758946
0.878096041407369
0.879326161366569
0.880428535259619
0.881385088601589
0.88217969258119
0.882798400344017
0.883229636015582
0.883464334115225
0.88349602848556
0.883320891336252
0.882937724413577
0.882347905597384
0.881555295338907
0.880566108238494
0.879388755685099
0.878033665816275
0.876513087100396
0.874840881599667
0.873032313466402
0.871103837493379
0.869072891631209
0.866957696359985
0.864777062723077
0.862550209763502
0.860296591111686
0.858035729615353
0.855787058226565
0.853569764904517
0.851402639078697
0.849303917253993
0.847291125620692
0.845380918037607
0.843588908452648
0.841929497668602
0.840415695301957
0.839058938763788
0.837868912057667
0.836853368085282
0.83601795892605
0.835366079169187
0.834898727791309
0.834614394265454
0.834508974544899
0.834575722284622
0.834805240151867
0.835185515351742
0.835702002578059
0.836337756524435
0.837073614890659
0.837888431532357
0.838759358066794
0.839662170903071
0.840571639348201
0.841461929186828
0.842307034973972
0.84308123324634
0.843759547974478
0.844318218868106
0.844735162630251
0.844990416949257
0.845066556935608
0.844949073864474
0.844626706483524
0.844091715794414
0.84334009511699
0.842371708394686
0.841190351089103
0.8398037296263
0.838223357173851
0.836464365515077
0.834545234904473
0.832487445986598
0.830315060080783
0.82805423630915
0.825732696102434
0.823379147479514
0.821022683083799
0.818692167196585
0.816415627764177
0.814219669812625
0.812128926436568
0.810165562810356
0.80834884737558
0.806694802528192
0.805215944804486
0.80392112181694
0.802815450110108
0.801900354805191
0.801173708507167
0.80063006359789
0.800260968873387
0.800055358641128
0.8
0.800079982190971
0.80027923071507
0.800581028423485
0.800968526015807
0.80142522532613
0.801935420387592
0.802484583466773
0.803059685943799
0.803649446952838
0.804244505944606
0.804837518632502
0.805423178980598
0.80599817283573
0.80656107136251
0.807112174495939
0.807653316094931
0.808187643306127
0.808719382808901
0.809253606121606
0.809796005051127
0.810352686737975
0.810929995689122
0.811534367822223
0.812172219004088
0.812849867995996
0.813573491261642
0.814349104885181
0.815182567007718
0.816079592821085
0.817045773332323
0.818086588876362
0.819207408721362
0.820413469061799
0.821709823177719
0.823101259473987
0.824592185394897
0.826186477710777
0.827887302254138
0.829696908696745
0.831616408260272
0.833645544205363
0.835782466427272
0.838023522404069
0.84036307702846
0.842793373472194
0.845304446184364
0.847884095449348
0.850517930698754
0.853189487088148
0.855880416842496
0.858570753692443
0.861239245525594
0.863863747324159
0.866421663707013
0.868890428079506
0.871248003634291
0.873473390327709
0.875547121531237
0.877451734342165
0.879172198510179
0.880696290539867
0.882014901674014
0.883122271033194
0.884016138048506
0.884697811329506
0.885172154108696
0.88544748925311
0.885535429401603
0.885450639963036
0.885210544411355
0.884834982484073
0.88434583250887
0.883766609158527
0.883122047507725
0.882437683403225
0.881739438950387
0.881053220468066
0.88040453468322
0.879818127339856
0.879317646891787
0.878925334630037
0.878661741539992
