-20,-0.846502715171016
-19.9838994551505,-0.827053079601635
-19.9673669568978,-0.807998170428673
-19.9504297569085,-0.789333341222461
-19.9331131728472,-0.771053479613502
-19.9154407029011,-0.753153136821214
-19.8974341428945,-0.735626633004808
-19.8791137027629,-0.718468141969233
-19.8604981200931,-0.701671758427941
-19.8416047691659,-0.685231550664271
-19.8224497644961,-0.669141601073593
-19.8030480582917,-0.653396036726995
-19.7834135315616,-0.637989051784072
-19.7635590788305,-0.622914923302001
-19.7434966865791,-0.608168021741526
-19.7232375056325,-0.593742817256686
-19.7027919177945,-0.579633882671734
-19.6821695970623,-0.565835893892706
-19.6613795657796,-0.552343628369403
-19.6404302460894,-0.539151962112945
-19.6193295070459,-0.5262558656816
-19.5980847077284,-0.513650399470667
-19.5767027366891,-0.501330708578323
-19.5551900480422,-0.489292017466555
-19.5335526944844,-0.477529624592624
-19.5117963575153,-0.466038897150652
-19.4899263751032,-0.454815266033274
-19.4679477670255,-0.44385422109905
-19.4458652580893,-0.4331513068113
-19.4236832994231,-0.422702118297632
-19.4014060880123,-0.412502297865885
-19.379037584635,-0.402547532001061
-19.3565815303418,-0.392833548858588
-19.3340414616087,-0.383356116261556
-19.311420724281,-0.374111040203157
-19.2887224864144,-0.36509416385012
-19.2659497501107,-0.3563013670383
-19.2431053624358,-0.347728566247626
-19.2201920254986,-0.339371715040108
-19.1972123057639,-0.331226804941548
-19.1741686426644,-0.323289866744895
-19.1510633565715,-0.31555697221066
-19.1278986561777,-0.308024236137613
-19.1046766453413,-0.300687818774888
-19.0813993294363,-0.29354392854477
-19.0580686212494,-0.286588825043663
-19.0346863464594,-0.279818822287209
-19.0112542487344,-0.273230292164043
-18.9877739944755,-0.266819668061462
-18.964247177236,-0.260583448625131
-18.9406753218416,-0.254518201614067
-18.9170598882342,-0.248620567811388
-18.8934022750611,-0.242887264950804
-18.8697038230282,-0.237315091618532
-18.8459658180362,-0.231900931090243
-18.8221894941149,-0.226641755062833
-18.7983760361715,-0.22153462724127
-18.7745265825655,-0.21657670674147
-18.7506422275238,-0.211765251271141
-18.7267240234068,-0.207097620051843
-18.7027729828368,-0.202571276447019
-18.6787900806976,-0.198183790262654
-18.6547762560148,-0.193932839689278
-18.6307324137256,-0.189816212856487
-18.6066594263444,-0.185831808973754
-18.5825581355323,-0.181977639034248
-18.5584293535771,-0.178251826061479
-18.5342738647885,-0.174652604881957
-18.5100924268162,-0.171178321410554
-18.4858857718937,-0.167827431438963
-18.4616546080143,-0.164598498921473
-18.437399620043,-0.161490193756169
-18.4131214707686,-0.158501289063692
-18.3888208018993,-0.155630657969693
-18.3644982350064,-0.152877269901119
-18.3401543724179,-0.150240186410488
-18.3157897980666,-0.147718556546174
-18.291405078294,-0.145311611790534
-18.2670007626145,-0.143018660591332
-18.2425773844402,-0.140839082515394
-18.2181354617705,-0.138772322056635
-18.1936754978471,-0.136817882133596
-18.1691979817775,-0.134975317314332
-18.144703389129,-0.133244226808857
-18.1201921824931,-0.131624247271433
-18.0956648120247,-0.130115045456654
-18.0711217159549,-0.128716310774601
-18.0465633210811,-0.127427747791275
-18.0219900432342,-0.126249068721002
-17.9974022877247,-0.125179985957644
-17.9728004497688,-0.12422020469112
-17.9481849148964,-0.123369415655009
-17.9235560593398,-0.122627288049918
-17.8989142504072,-0.121993462685719
-17.8742598468392,-0.121467545383894
-17.8495931991505,-0.121049100678916
-17.8249146499576,-0.120737645854997
-17.8002245342925,-0.120532645351594
-17.7755231799042,-0.120433505567815
-17.7508109075475,-0.120439570092417
-17.7260880312611,-0.120550115382354
-17.7013548586336,-0.12076434690895
-17.6766116910606,-0.12108139578674
-17.6518588239913,-0.121500315895864
-17.6270965471654,-0.122020081504714
-17.6023251448425,-0.122639585395268
-17.5775448960217,-0.123357637489379
-17.5527560746544,-0.124172963970108
-17.5279589498493,-0.125084206888168
-17.5031537860698,-0.126089924239642
-17.4783408433254,-0.127188590497432
-17.4535203773565,-0.128378597575395
-17.4286926398126,-0.129658256200901
-17.4038578784253,-0.131025797668577
-17.3790163371762,-0.132479375945386
-17.3541682564585,-0.134017070094877
-17.3293138732348,-0.135636886986508
-17.3044534211897,-0.137336764254396
-17.2795871308784,-0.139114573468659
-17.2547152298704,-0.140968123481773
-17.2298379428905,-0.142895163911974
-17.204955491955,-0.144893388725807
-17.1800680965045,-0.146960439882337
-17.1551759735347,-0.149093911002396
-17.130279337722,-0.151291351027457
-17.1053784015481,-0.153550267834292
-17.0804733754207,-0.155868131773515
-17.0555644677919,-0.158242379102374
-17.0306518852746,-0.160670415284688
-17.0057358327561,-0.163149618133644
-16.9808165135099,-0.165677340776246
-16.9558941293055,-0.168250914421442
-16.9309688805164,-0.170867650917381
-16.9060409662265,-0.173524845086833
-16.8811105843347,-0.176219776833407
-16.8561779316588,-0.178949713014943
-16.8312432040372,-0.181711909084148
-16.8063065964303,-0.184503610500228
-16.7813683030205,-0.18732205391893
-16.7564285173113,-0.190164468171894
-16.7314874322261,-0.193028075049654
-16.7065452402054,-0.195910089905812
-16.6816021333047,-0.198807722102988
-16.6566583032914,-0.201718175323888
-16.6316824510871,-0.204604083590541
-16.6067065988829,-0.207428068467449
-16.5817307466786,-0.210187300628852
-16.5567548944744,-0.212878937190263
-16.5317790422701,-0.215500121759342
-16.5068031900659,-0.218047984530326
-16.4818273378617,-0.22051964245662
-16.4568514856574,-0.222912199536462
-16.4318756334532,-0.225222747246415
-16.4068997812489,-0.227448365156995
-16.3819239290447,-0.229586121763916
-16.3569480768404,-0.231633075567291
-16.3319722246362,-0.233586276429595
-16.3069963724319,-0.235442767241447
-16.2820205202277,-0.237199585922114
-16.2570446680235,-0.238853767779285
-16.2320688158192,-0.240402348250002
-16.207092963615,-0.241842366041782
-16.1821171114107,-0.24317086668985
-16.1571412592065,-0.244384906543167
-16.1321654070022,-0.245481557188477
-16.107189554798,-0.246457910318092
-16.0822137025937,-0.247311083043441
-16.0572378503895,-0.248038223652732
-16.0322619981853,-0.248636517807294
-16.007286145981,-0.249103195167414
-15.9823102937768,-0.249435536434736
-15.9573344415725,-0.249630880794577
-15.9323585893683,-0.249686633737907
-15.907382737164,-0.24960027523919
-15.8824068849598,-0.249369368262889
-15.8574310327556,-0.248991567568185
-15.8324551805513,-0.248464628778349
-15.8074793283471,-0.247786417678347
-15.7825034761428,-0.246954919701503
-15.7575276239386,-0.245968249563652
-15.7325517717343,-0.244824661000917
-15.7075759195301,-0.243522556565317
-15.6826000673259,-0.242060497430675
-15.6576242151216,-0.24043721315986
-15.6326483629174,-0.238651611383242
-15.6076725107131,-0.236702787337355
-15.5826966585089,-0.2345900332122
-15.5577208063046,-0.232312847255299
-15.5327449541004,-0.229870942580638
-15.5077691018961,-0.227264255630913
-15.4827932496919,-0.224492954242095
-15.4578173974877,-0.221557445260173
-15.4328415452834,-0.218458381661089
-15.4078656930792,-0.215196669126337
-15.3828898408749,-0.211773472028306
-15.3579139886707,-0.208190218781491
-15.3329381364664,-0.204448606517798
-15.3079622842622,-0.200550605046658
-15.2829864320579,-0.196498460063303
-15.2580105798537,-0.192294695571401
-15.2330347276495,-0.187942115489365
-15.2080588754452,-0.18344380441285
-15.183083023241,-0.178803127509418
-15.1581071710367,-0.17402372952492
-15.1331313188325,-0.169109532884873
-15.1081554666282,-0.164064734877953
-15.083179614424,-0.158893803912698
-15.0582037622198,-0.153601474842566
-15.0332279100155,-0.148192743358621
-15.0082520578113,-0.142672859453308
-14.983276205607,-0.137047319963002
-14.9583003534028,-0.13132186020129
-14.9333245011985,-0.125502444699163
-14.9083486489943,-0.119595257072558
-14.8833727967901,-0.113606689041899
-14.8583969445858,-0.107543328632413
-14.8334210923816,-0.1014119475881
-14.8084452401773,-0.0952194880361945
-14.7834693879731,-0.0889730484428654
-14.7584935357688,-0.0826798689045928
-14.7335176835646,-0.0763473158232882
-14.7085418313603,-0.0699828660166222
-14.6835659791561,-0.063594090318244
-14.6585901269519,-0.0571886367256042
-14.6336142747476,-0.0507742131558645
-14.6086384225434,-0.0443585698729218
-14.5836625703391,-0.0379494816508415
-14.5586867181349,-0.0315547297409881
-14.5337108659306,-0.0251820837118259
-14.5087350137264,-0.0188392832317462
-14.4837591615222,-0.01253401986632
-14.4587833093179,-0.00627391896209123
-14.4338074571137,-6.65216893736411e-05
-14.4088316049094,0.00608073268347822
-14.3838557527052,0.0121605242122389
-14.3588799005009,0.0181656693240774
-14.3339040482967,0.0240891374197104
-14.3089281960924,0.029924066961736
-14.2839523438882,0.0356637809823476
-14.258976491684,0.0413018019458848
-14.2340006394797,0.0468318659043366
-14.2090247872755,0.0522479358869195
-14.1840489350712,0.0575442144682242
-14.159073082867,0.0627151554631421
-14.1340972306627,0.067755474700825
-14.1091213784585,0.0726601598342849
-14.0841455262543,0.0774244791468947
-14.05916967405,0.0820439893219539
-14.0341938218458,0.0865145421466519
-14.0092179696415,0.0908322901271231
-13.9842421174373,0.094993690996855
-13.959266265233,0.0989955111064064
-13.9342904130288,0.102834827688235
-13.9093145608245,0.106509029996329
-13.8843387086203,0.110015819326315
-13.8593628564161,0.113353207927642
-13.8343870042118,0.116519516825418
-13.8094111520076,0.119513372575296
-13.7844352998033,0.122333702980578
-13.7594594475991,0.124979731806283
-13.7344835953948,0.127450972530339
-13.7095077431906,0.129747221177231
-13.6845318909864,0.131868548284311
-13.6595560387821,0.133815290055608
-13.6345801865779,0.135588038762195
-13.6096043343736,0.137187632452052
-13.5846284821694,0.138615144035846
-13.5596526299651,0.139871869818064
-13.5346767777609,0.140959317545523
-13.5097009255566,0.141879194047372
-13.4847250733524,0.142633392542289
-13.4597492211482,0.143223979689678
-13.4347733689439,0.143653182462195
-13.4097975167397,0.143923374917004
-13.3848216645354,0.144037064942618
-13.3598458123312,0.143996881057166
-13.3348699601269,0.143805559332386
-13.3098941079227,0.143465930515531
-13.2849182557185,0.142980907418863
-13.2599424035142,0.142353472643328
-13.23496655131,0.141586666699531
-13.2099906991057,0.140683576585205
-13.1850148469015,0.13964732487406
-13.1600389946972,0.138481059366223
-13.135063142493,0.137187943345492
-13.1100872902887,0.135771146483362
-13.0851114380845,0.134233836424268
-13.0601355858803,0.132579171080813
-13.035159733676,0.130810291661895
-13.0101838814718,0.128930316450737
-12.9852080292675,0.126942335343838
-12.9602321770633,0.124849405155911
-12.935256324859,0.122654545689968
-12.9102804726548,0.120360736565873
-12.8853046204506,0.117970914795098
-12.8603287682463,0.115487973083895
-12.8353529160421,0.11291475884195
-12.8103770638378,0.110254073868618
-12.7854012116336,0.107508674684275
-12.7604253594293,0.104681273470062
-12.7354495072251,0.101774539575471
-12.7104736550208,0.0987911015497902
-12.6854978028166,0.0957335496504565
-12.6605219506124,0.092604438778845
-12.6355460984081,0.0894062917919978
-12.6105702462039,0.0861416031372565
-12.5855943939996,0.082812842755714
-12.5606185417954,0.079422460199854
-12.5356426895911,0.0759728889107018
-12.5106668373869,0.0724665506002253
-12.4856909851827,0.0689058596856442
-12.4607151329784,0.0652932277236467
-12.4357392807742,0.0616310677943079
-12.4107634285699,0.0579217987866946
-12.3857875763657,0.0541678495407069
-12.3608117241614,0.0503716628026209
-12.3358358719572,0.0465356989550138
-12.3108600197529,0.042662439485239
-12.2858841675487,0.0387543901603364
-12.2609083153445,0.034814083880158
-12.2359324631402,0.0308440831845427
-12.210956610936,0.0268469823945068
-12.1859807587317,0.0228254093716202
-12.1610049065275,0.018782026883943
-12.1360290543232,0.0147195335710726
-12.111053202119,0.0106406645049499
-12.0860773499148,0.00654819134705778
-12.0611014977105,0.00244492210647247
-12.0361256455063,-0.00166629949312986
-12.011149793302,-0.00578259502599789
-11.9861739410978,-0.00990105274168446
-11.9611980888935,-0.0140187292897249
-11.9362222366893,-0.0181326517714848
-11.911246384485,-0.0222398200967955
-11.8862705322808,-0.0263372096210865
-11.8612946800766,-0.0304217740371589
-11.8363188278723,-0.0344904484945501
-11.8113429756681,-0.0385401529185925
-11.7863671234638,-0.0425677955007905
-11.7613912712596,-0.0465702763320203
-11.7364154190553,-0.0505444911502739
-11.7114395668511,-0.0544873351752271
-11.6864637146469,-0.0583957070027835
-11.6614878624426,-0.0622665125339194
-11.6365120102384,-0.0660966689135972
-11.6115361580341,-0.0698831084572113
-11.5865603058299,-0.0736227825439495
-11.5615844536256,-0.0773126654585535
-11.5366086014214,-0.0809497581652391
-11.5116327492171,-0.084531091999918
-11.4866568970129,-0.0880537322693614
-11.4616810448087,-0.0915147817484763
-11.4367051926044,-0.0949113840694404
-11.4117293404002,-0.0982407269989877
-11.3867534881959,-0.101500045602652
-11.3617776359917,-0.104686625297194
-11.3368017837874,-0.107797804794773
-11.3118259315832,-0.110830978944569
-11.286850079379,-0.113783601479621
-11.2618742271747,-0.116653187678403
-11.2368983749705,-0.11943731695231
-11.2119225227662,-0.122133635371533
-11.186946670562,-0.124739858142975
-11.1619708183577,-0.127253772054603
-11.1369949661535,-0.129673237901289
-11.1120191139492,-0.131996192907354
-11.087043261745,-0.134220653161103
-11.0620674095408,-0.136344716076226
-11.0370915573365,-0.138366562894406
-11.0121157051323,-0.140284461242523
-10.987139852928,-0.142096767756712
-10.9621640007238,-0.143801930784061
-10.9371881485195,-0.14539849317109
-10.9122122963153,-0.146885095146207
-10.8872364441111,-0.14826047730123
-10.8622605919068,-0.149523483674766
-10.8372847397026,-0.150673064937743
-10.8123088874983,-0.151708281678818
-10.7873330352941,-0.152628307784664
-10.7623571830898,-0.153432433907366
-10.7373813308856,-0.154120071008328
-10.7124054786813,-0.15469075396528
-10.6874296264771,-0.155144145226134
-10.6624537742729,-0.15548003849071
-10.6374779220686,-0.155698362398673
-10.6125020698644,-0.155799184199471
-10.5875262176601,-0.155782713377657
-10.5625503654559,-0.155649305204765
-10.5375745132516,-0.155399464186879
-10.5125986610474,-0.155033847375268
-10.4876228088432,-0.154553267505901
-10.4626469566389,-0.153958695932449
-10.4376711044347,-0.153251265316393
-10.4126952522304,-0.152432272037252
-10.3877194000262,-0.151503178285634
-10.3627435478219,-0.150465613801839
-10.3377676956177,-0.149321377223182
-10.3127918434134,-0.148072437003887
-10.2878159912092,-0.146720931872569
-10.262840139005,-0.145269170793753
-10.2378642868007,-0.143719632401707
-10.2128884345965,-0.142074963877029
-10.1879125823922,-0.140337979238934
-10.162936730188,-0.138511657028985
-10.1379608779837,-0.136599137365178
-10.1129850257795,-0.134603718348639
-10.0880091735753,-0.132528851808938
-10.063033321371,-0.130378138377858
-10.0380574691668,-0.128155321885632
-10.0130816169625,-0.125864283077929
-9.98810576475828,-0.123509032656328
-9.96312991255403,-0.121093703649571
-9.93815406034979,-0.11862254312755
-9.91317820814555,-0.116099903274628
-9.8882023559413,-0.113530231843643
-9.86322650373706,-0.11091806201656
-9.83825065153282,-0.108268001702353
-9.81327479932857,-0.105584722307204
-9.78829894712433,-0.102872947016426
-9.76332309492009,-0.100137438631707
-9.73834724271584,-0.0973829870112326
-9.7133713905116,-0.0946143961639212
-9.68839553830735,-0.0918364710524717
-9.66341968610311,-0.0890540041629911
-9.63844383389887,-0.0862717619017669
-9.61346798169462,-0.0834944708821298
-9.58849212949038,-0.080726804166362
-9.56351627728614,-0.0779733675291941
-9.53854042508189,-0.0752386858105854
-9.51356457287765,-0.0725271894261934
-9.48858872067341,-0.0698432011041779
-9.46361286846916,-0.0671909229167667
-9.43863701626491,-0.064574423674312
-9.41366116406067,-0.0619976267483907
-9.38868531185643,-0.0594642983888648
-9.36370945965218,-0.0569780365977056
-9.33873360744794,-0.0545422606198189
-9.3137577552437,-0.0521602011081052
-9.28878190303945,-0.0498348910165593
-9.26380605083521,-0.0475691572713746
-9.23883019863097,-0.0453656132658094
-9.21385434642672,-0.043226652220011
-9.18887849422248,-0.0411544414420983
-9.16390264201824,-0.0391509175216458
-9.13892678981399,-0.0372177824812779
-9.11395093760975,-0.0353565009064517
-9.0889750854055,-0.0335682980677002
-9.06399923320126,-0.0318541590436627
-9.03902338099702,-0.0302148288472135
-9.01404752879277,-0.0286508135509249
-8.98907167658853,-0.0271623824020403
-8.96409582438429,-0.0257495709111191
-8.93911997218004,-0.0244121848925889
-8.9141441199758,-0.0231498054296672
-8.88916826777155,-0.0219617947305084
-8.86419241556731,-0.0208473028370648
-8.83921656336307,-0.0198052751430544
-8.81424071115882,-0.0188344606726186
-8.78926485895458,-0.0179334210668237
-8.76428900675034,-0.0171005402210778
-8.73931315454609,-0.0163340345128886
-8.71433730234185,-0.0156319635561692
-8.68936145013761,-0.0149922414155602
-8.66438559793336,-0.0144126482119647
-8.63940974572912,-0.0138908420487592
-8.61443389352487,-0.0134243711868971
-8.58945804132063,-0.0130106863964227
-8.56448218911638,-0.0126471534117531
-8.53950633691214,-0.0123310654184392
-8.5145304847079,-0.0120596555000243
-8.48955463250365,-0.0118301089750381
-8.46457878029941,-0.01163957555609
-8.43960292809517,-0.0114851812654551
-8.41462707589092,-0.0113640400444413
-8.38965122368668,-0.0112732649971651
-8.36467537148244,-0.0112099792131322
-8.33969951927819,-0.0111713261171568
-8.31472366707395,-0.0111544792996569
-8.2897478148697,-0.0111566517851631
-8.26477196266546,-0.0111751047019589
-8.23979611046122,-0.0112071553210659
-8.21482025825697,-0.0112501844382698
-8.18984440605273,-0.0113016430784936
-8.16486855384849,-0.0113590585075187
-8.13989270164424,-0.0114200395417825
-8.11491684944,-0.0114822811526971
-8.08994099723575,-0.0115435683675816
-8.06496514503151,-0.0116017794748356
-8.03998929282727,-0.0116548885463614
-8.01501344062302,-0.0117009672954101
-7.99003758841878,-0.0117381862929464
-7.96506173621454,-0.011764815570261
-7.94008588401029,-0.0117792246398516
-7.91511003180605,-0.0117798819705298
-7.89013417960181,-0.011765353956248
-7.86515832739756,-0.0117343034212457
-7.84018247519332,-0.0116854877067696
-7.81520662298907,-0.0116177563868163
-7.79023077078483,-0.0115300486620366
-7.76525491858059,-0.0114213904821451
-7.74027906637634,-0.0112908914478734
-7.7153032141721,-0.0111377415436978
-7.69032736196786,-0.0109612077522523
-7.66535150976361,-0.0107606306005312
-7.64037565755937,-0.0105354206866895
-7.61539980535512,-0.01028505523449
-7.59042395315088,-0.0100090747202354
-7.56544810094664,-0.00970707961440132
-7.54047224874239,-0.00937872727716183
-7.51549639653815,-0.00902372904362804
-7.49052054433391,-0.00864184753091609
-7.46554469212966,-0.00823289419518142
-7.44056883992542,-0.00779672716253487
-7.41559298772117,-0.00733324935332894
-7.39061713551693,-0.00684240691473639
-7.36564128331269,-0.00632418797186119
-7.34066543110844,-0.00577862170288831
-7.3156895789042,-0.00520577773903434
-7.29071372669996,-0.00460576588535533
-7.26573787449571,-0.00397873615384851
-7.24076202229147,-0.0033248790958011
-7.21578617008723,-0.00264442641602625
-7.19081031788298,-0.00193765184754406
-7.16583446567874,-0.00120487226143928
-7.14085861347449,-0.000446448983097831
-7.11588276127025,0.000337210717155369
-7.090906909066,0.00114565199383023
-7.06593105686176,0.00197837069368457
-7.04095520465752,0.00283481156002223
-7.01597935245327,0.00371436641468302
-6.99100350024903,0.00461637235965222
-6.96602764804479,0.00554011004086075
-6.94105179584054,0.00648480201692481
-6.9160759436363,0.00744961127527794
-6.89110009143206,0.0084336399373752
-6.86612423922781,0.00943592819341887
-6.84114838702357,0.0104554535053735
-6.81617253481932,0.0114911301149108
-6.79119668261508,0.0125418088904006
-6.76622083041084,0.013606277544134
-6.74124497820659,0.0146832612476838
-6.71626912600235,0.0157714236696956
-6.69129327379811,0.0168693684564935
-6.66631742159386,0.0179756411717269
-6.64134156938962,0.0190887317069097
-6.61636571718537,0.0202070771701514
-6.59138986498113,0.0213290652557156
-6.56641401277689,0.0224530380922727
-6.54143816057264,0.0235772965629422
-6.5164623083684,0.0247001050854228
-6.49148645616416,0.0258196968358081
-6.46651060395991,0.0269342793950609
-6.44153475175567,0.0280420407926627
-6.41655889955142,0.0291411559176858
-6.39158304734718,0.0302297932635052
-6.36660719514294,0.0313061219686082
-6.34163134293869,0.032368319112526
-6.31665549073445,0.0334145772228047
-6.29167963853021,0.0344431119462296
-6.26670378632596,0.0354521698351949
-6.24172793412172,0.0364400361982313
-6.21675208191747,0.0374050429622696
-6.19177622971323,0.0383455764932421
-6.16680037750899,0.0392600853211247
-6.14182452530474,0.0401470877154987
-6.1168486731005,0.0410051790581726
-6.09187282089626,0.0418330389603356
-6.06689696869201,0.0426294380731172
-6.04192111648777,0.0433932445422947
-6.01694526428352,0.0441234300601803
-5.99196941207928,0.0448190754704475
-5.96699355987504,0.0454793758847661
-5.94201770767079,0.0461036452735957
-5.91704185546655,0.0466913204972999
-5.89206600326231,0.0472419647478575
-5.86709015105806,0.0477552703758158
-5.84211429885382,0.0482310610817281
-5.81713844664957,0.0486692934560821
-5.79216259444533,0.0490700578566367
-5.76718674224109,0.0494335786170683
-5.74221089003684,0.0497602135858706
-5.7172350378326,0.0500504529994762
-5.69225918562836,0.0503049176985515
-5.66728333342411,0.0505243567013015
-5.64230748121987,0.0507096441523617
-5.61733162901562,0.0508617756704231
-5.59235577681138,0.0509818641220653
-5.56737992460714,0.0510711348533534
-5.54240407240289,0.0511309204145283
-5.51742822019865,0.0511626548165611
-5.49245236799441,0.0511678673614293
-5.46747651579016,0.0511481760906629
-5.44250066358592,0.051105280898998
-5.41752481138168,0.0510409563618283
-5.39254895917743,0.0509570443265678
-5.36757310697319,0.0508554463189991
-5.34259725476894,0.0507381158161967
-5.3176214025647,0.0506070504376695
-5.29264555036046,0.0504642841059698
-5.26766969815621,0.0503118792271848
-5.24269384595197,0.0501519189404495
-5.21771799374773,0.0499864994839508
-5.19274214154348,0.0498177227228157
-5.16776628933924,0.0496476888818427
-5.14279043713499,0.0494784895232587
-5.11781458493075,0.0493122008066064
-5.09283873272651,0.0491508770645095
-5.06786288052226,0.0489965447244779
-5.04288702831802,0.0488511966031297
-5.01791117611378,0.048716786595264
-4.99293532390953,0.048595224776164
-4.96795947170529,0.0484883729313829
-4.94298361950104,0.0483980405241036
-4.9180077672968,0.0483259811060243
-4.89303191509256,0.0482738891736231
-4.86805606288831,0.0482433974676687
-4.84308021068407,0.0482360747099752
-4.81810435847983,0.048253423767714
-4.79312850627558,0.0482968802321133
-4.76815265407134,0.0483678113951268
-4.74317680186709,0.0484675156046864
-4.71820094966285,0.0485972219764631
-4.69322509745861,0.0487580904377047
-4.66824924525436,0.0489512120766806
-4.64327339305012,0.049177609769595
-4.61829754084587,0.0494382390555058
-4.59332168864163,0.0497339892288376
-4.56834583643739,0.0500656846184967
-4.54336998423314,0.0504340860223862
-4.5183941320289,0.0508398922662634
-4.49341827982466,0.0512837418563869
-4.46844242762041,0.0517662146962397
-4.44346657541617,0.0522878338387735
-4.41849072321193,0.0528490672470772
-4.39351487100768,0.0534503295381122
-4.36853901880344,0.0540919836861346
-4.34356316659919,0.0547743426646307
-4.31858731439495,0.0554976710079775
-4.29361146219071,0.0562621862765889
-4.26863560998646,0.0570680604119628
-4.24365975778222,0.0579154209707966
-4.21868390557798,0.0588043522301275
-4.19370805337373,0.0597348961582601
-4.16873220116949,0.0607070532490215
-4.14375634896524,0.0617207832196057
-4.118780496761,0.0627760055748908
-4.09380464455676,0.0638726000436197
-4.06882879235251,0.065010406894171
-4.04385294014827,0.0661892271398157
-4.01887708794403,0.0674088226452983
-3.99390123573978,0.06866891614831
-3.96892538353554,0.0699691912108864
-3.94394953133129,0.0713092921169673
-3.91897367912705,0.0726888237332854
-3.89399782692281,0.0741073513513896
-3.86902197471856,0.0755644005289583
-3.84404612251432,0.077059456948618
-3.81907027031008,0.0785919663122491
-3.79409441810583,0.0801613342882559
-3.76911856590159,0.0817669265284856
-3.74414271369734,0.0834080687704496
-3.7191668614931,0.085084047039213
-3.69419100928886,0.0867941079618225
-3.66921515708461,0.0885374592054399
-3.64423930488037,0.0903132700484839
-3.61926345267613,0.0921206720920638
-3.59428760047188,0.0939587601168651
-3.56931174826764,0.0958265930884263
-3.54433589606339,0.0977231953114904
-3.51936004385915,0.0996475577318198
-3.49438419165491,0.101598639381594
-3.46940833945066,0.103575368962281
-3.44443248724642,0.105576646556717
-3.41945663504218,0.107601345460085
-3.39448078283793,0.109648314117571
-3.36950493063369,0.111716378154732
-3.34452907842944,0.11380434248504
-3.3195532262252,0.115910993477727
-3.29457737402096,0.118035101167935
-3.26960152181671,0.120175421490295
-3.24462566961247,0.122330698516453
-3.21964981740823,0.124499666676718
-3.19467396520398,0.126681052945946
-3.16969811299974,0.128873578973976
-3.1447222607955,0.131075963141443
-3.11974640859125,0.133286922522541
-3.09477055638701,0.135505174737374
-3.06979470418276,0.137729439677766
-3.04481885197852,0.139958441091987
-3.01984299977428,0.142190908015536
-2.99486714757003,0.144425576037125
-2.96989129536579,0.146661188391045
-2.94491544316155,0.148896496869446
-2.9199395909573,0.151130262550358
-2.89496373875306,0.1533612563398
-2.86998788654881,0.155588259328817
-2.84501203434457,0.157810062968831
-2.82003618214033,0.160025469071208
-2.79506032993608,0.162233289639445
-2.77008447773184,0.164432346544743
-2.74510862552759,0.166621471058045
-2.72013277332335,0.168799503253737
-2.69515692111911,0.170965291302171
-2.67018106891486,0.17311769066993
-2.64520521671062,0.17525556324826
-2.62022936450638,0.177377776431375
-2.59525351230213,0.179483202167324
-2.57027766009789,0.181570716004799
-2.54530180789365,0.183639196159648
-2.5203259556894,0.185687522624948
-2.49535010348516,0.187714576348194
-2.47037425128091,0.189719238498625
-2.44539839907667,0.191700389846766
-2.42042254687243,0.193656910277034
-2.39544669466818,0.195587678452765
-2.37047084246394,0.197491571651104
-2.3454949902597,0.199367465783179
-2.32051913805545,0.20121423561253
-2.29554328585121,0.203030755182228
-2.27056743364696,0.204815898458255
-2.24559158144272,0.206568540193798
-2.22061572923848,0.208287557015945
-2.19563987703423,0.209971828733076
-2.17066402482999,0.211620239857955
-2.14568817262575,0.213231681338221
-2.1207123204215,0.21480505248266
-2.09573646821726,0.21633926306844
-2.07076061601301,0.217833235611305
-2.04578476380877,0.219285907777737
-2.02080891160453,0.220696234915272
-1.99583305940028,0.222063192674512
-1.97085720719604,0.223385779694033
-1.9458813549918,0.224663020317297
-1.92090550278755,0.225893967308906
-1.89592965058331,0.227077704536128
-1.87095379837906,0.228213349580559
-1.84597794617482,0.229300056244137
-1.82100209397058,0.230337016913462
-1.79602624176633,0.231323464746561
-1.77105038956209,0.232258675646816
-1.74607453735785,0.233141969989821
-1.7210986851536,0.233972714070399
-1.69612283294936,0.234750321238897
-1.67114698074511,0.235474252698184
-1.64617112854087,0.236144017935514
-1.62119527633663,0.236759174766463
-1.59621942413238,0.237319328971656
-1.57124357192814,0.23782413351073
-1.5462677197239,0.23827328730209
-1.52129186751965,0.238666533561336
-1.49631601531541,0.239003657695793
-1.47134016311116,0.239284484757327
-1.44636431090692,0.239508876460478
-1.42138845870268,0.239676727777894
-1.39641260649843,0.239787963130056
-1.37143675429419,0.239842532191209
-1.34646090208995,0.239840405338378
-1.3214850498857,0.239781568775066
-1.29650919768146,0.239666019365893
-1.27153334547721,0.239493759222795
-1.24655749327297,0.239264790087549
-1.22158164106873,0.23897910755917
-1.19660578886448,0.238636695218182
-1.17162993666024,0.23823751870279
-1.146654084456,0.237781519794585
-1.12167823225175,0.237268610573509
-1.09670238004751,0.236698667703417
-1.07172652784326,0.236071526910635
-1.04675067563902,0.235386977718393
-1.02177482343478,0.234644758499978
-0.996798971230533,0.233844551912736
-0.971823119026289,0.23298598077382
-0.946847266822046,0.232068604436697
-0.921871414617802,0.231091915725001
-0.896895562413558,0.230055338477231
-0.871919710209314,0.228958225752242
-0.846943858005071,0.227799858741272
-0.821968005800827,0.226579446427597
-0.796992153596583,0.22529612602974
-0.77201630139234,0.223948964258537
-0.747040449188096,0.222536959412338
-0.722064596983852,0.221059044328219
-0.697088744779608,0.219514090200388
-0.672112892575365,0.217900911269981
-0.647137040371121,0.216218270383275
-0.622161188166877,0.214464885408016
-0.597185335962633,0.212639436490151
-0.57220948375839,0.210740574125828
-0.547233631554146,0.208766928016122
-0.522257779349902,0.206717116664674
-0.497281927145658,0.204589757671309
-0.472306074941415,0.202383478667825
-0.447330222737171,0.200096928835549
-0.422354370532927,0.197728790938058
-0.397378518328684,0.195277793796631
-0.37240266612444,0.192742725130683
-0.347426813920196,0.190122444680613
-0.322450961715952,0.187415897526296
-0.297475109511709,0.184622127510777
-0.272499257307465,0.181740290675856
-0.247523405103221,0.178769668613905
-0.222547552898977,0.175709681638801
-0.197571700694734,0.172559901677999
-0.17259584849049,0.169320064787796
-0.147619996286246,0.165990083194541
-0.122644144082002,0.162570056766093
-0.0976682918777587,0.159060283820115
-0.0726924396735149,0.155461271178848
-0.0477165874692712,0.151773743383853
-0.0227407352650274,0.147998650988711
0.0022351169392163,0.144137177852941
0.02721096914346,0.140190747366303
0.0521868213477038,0.13616102753916
0.0771626735519475,0.132049934901723
0.102138525756191,0.127859637162593
0.127114377960435,0.123592554585154
0.152090230164679,0.119251360048871
0.177066082368922,0.114838977771395
0.202041934573166,0.110358580676507
0.22701778677741,0.105813586402283
0.251993638981654,0.101207651953289
0.276969491185897,0.0965446670101521
0.301945343390141,0.0918287459193238
0.326921195594385,0.0870642183952474
0.351897047798629,0.0822556189763453
0.376872900002872,0.0774076752851952
0.401848752207116,0.0725252951518935
0.42682460441136,0.0676135526678316
0.451800456615604,0.0626776732448705
0.476776308819847,0.0577230177621306
0.501752161024091,0.0527550658892417
0.526728013228335,0.047779398680892
0.551703865432579,0.0428016805427936
0.576679717636822,0.0378276406737264
0.601655569841066,0.032863054092079
0.62663142204531,0.0279137223582447
0.651607274249553,0.0229854541063367
0.676583126453797,0.018084045499919
0.701558978658041,0.0132152607268348
0.726534830862285,0.00838481264769991
0.751510683066528,0.00359834371127115
0.776486535270772,-0.00113859275233466
0.801462387475016,-0.00582055075265488
0.82643823967926,-0.010442209270088
0.851414091883503,-0.0149983891979088
0.876389944087747,-0.0194840695010946
0.901365796291991,-0.0238944025040512
0.926341648496234,-0.0282247282260483
0.951317500700478,-0.0324705876904761
0.976293352904722,-0.0366277351418581
1.00126920510897,-0.0406921491128292
1.02624505731321,-0.0446600422919379
1.05122090951745,-0.0485278701520992
1.0761967617217,-0.052292338308706
1.10117261392594,-0.055950408585761
1.12614846613018,-0.0594993037777977
1.15112431833443,-0.0629365111047747
1.17610017053867,-0.0662597843664549
1.20107602274292,-0.0694671448119373
1.22605187494716,-0.072556880748943
1.2510277271514,-0.0755275459260647
1.27600357935565,-0.0783779567294233
1.30097943155989,-0.0811071882429659
1.32595528376413,-0.0837145692289085
1.35093113596838,-0.0861996760915463
1.37590698817262,-0.0885623258937503
1.40088284037687,-0.0908025685008977
1.42585869258111,-0.0929206779317292
1.45083454478535,-0.0949171429996194
1.4758103969896,-0.0967926573310032
1.50078624919384,-0.0985481088501581
1.52576210139808,-0.100184568821239
1.55073795360233,-0.101703280539344
1.57571380580657,-0.103105647762503
1.60068965801082,-0.104393222975789
1.62566551021506,-0.105567695577356
1.6506413624193,-0.10663088007398
1.67561721462355,-0.107584704370854
1.70059306682779,-0.108431198236816
1.72556891903203,-0.109172482021988
1.75054477123628,-0.109810755700091
1.77552062344052,-0.110348288302358
1.80049647564477,-0.110787407804227
1.82547232784901,-0.11113049151979
1.85044818005325,-0.111379957052446
1.8754240322575,-0.111538253843353
1.90039988446174,-0.111607855352238
1.92537573666598,-0.111591251897863
1.95035158887023,-0.111490944178192
1.97532744107447,-0.11130943748291
2.00030329327872,-0.111049236603708
2.02527914548296,-0.110712841440506
2.0502549976872,-0.110302743294832
2.07523084989145,-0.109821421834744
2.10020670209569,-0.10927134270921
2.12518255429993,-0.108654955783712
2.15015840650418,-0.107974693963062
2.17513425870842,-0.107232972562127
2.20011011091267,-0.106432189180282
2.22508596311691,-0.105574724031127
2.25006181532115,-0.104662940675194
2.2750376675254,-0.103699187100183
2.30001351972964,-0.102685797090644
2.32498937193388,-0.101625091827042
2.34996522413813,-0.100519381652718
2.37494107634237,-0.0993709679465431
2.39991692854662,-0.0981821450388696
2.42489278075086,-0.0969552021088849
2.4498686329551,-0.0956924250025244
2.47484448515935,-0.0943960979117522
2.49982033736359,-0.0930685048582249
2.52479618956783,-0.0917119309271007
2.54977204177208,-0.0903286631999987
2.57474789397632,-0.0889209913398298
2.59972374618056,-0.0874912077843669
2.62469959838481,-0.0860416075099578
2.64967545058905,-0.0845744873316684
2.6746513027933,-0.0830921447113296
2.69962715499754,-0.0815968760503972
2.72460300720178,-0.0800909744501832
2.74957885940603,-0.0785767269278113
2.77455471161027,-0.077056411082159
2.79953056381451,-0.0755322912100074
2.82450641601876,-0.0740066138785827
2.849482268223,-0.0724816029665998
2.87445812042725,-0.0709594541917407
2.89943397263149,-0.0694423291481945
2.92440982483573,-0.0679323488833858
2.94938567703998,-0.0664315870482994
2.97436152924422,-0.064942062660812
2.99933738144846,-0.0634657325261475
3.02431323365271,-0.0620044833629266
3.04928908585695,-0.0605601236872699
3.0742649380612,-0.0591343755109916
3.09924079026544,-0.0577288659130687
3.12421664246968,-0.0563451185462729
3.14919249467393,-0.0549845451430757
3.17416834687817,-0.0536484370866759
3.19914419908241,-0.0523379571142405
3.22412005128666,-0.0510541312201862
3.2490959034909,-0.0497978408275451
3.27407175569515,-0.0485698152951773
3.29904760789939,-0.0473706248277873
3.32402346010363,-0.0462006738544024
3.34899931230788,-0.0450601949391767
3.37397516451212,-0.0439492432861022
3.39895101671636,-0.0428676918964719
3.42392686892061,-0.0418152274347473
3.44890272112485,-0.0407913468548705
3.4738785733291,-0.0397953548350437
3.49885442553334,-0.0388263620646169
3.52383027773758,-0.0378832844219819
3.54880612994183,-0.0369648430773312
3.57378198214607,-0.0360695655488075
3.59875783435031,-0.0351957877349938
3.62373368655456,-0.0343416569409105
3.6487095387588,-0.0335051359087228
3.67368539096305,-0.0326840078582692
3.69866124316729,-0.0318758825363266
3.72363709537153,-0.0310782032672798
3.74861294757578,-0.0302882549915952
3.77358879978002,-0.0295031732722526
3.79856465198426,-0.0287199542431042
3.82354050418851,-0.0279354654670474
3.84851635639275,-0.0271464576659528
3.873492208597,-0.0263495772785193
3.89846806080124,-0.0255413797966782
3.92344391300548,-0.0247183438258568
3.94841976520973,-0.023876885809397
3.97339561741397,-0.0230133753527087
3.99837146961821,-0.0221241510783852
4.02334732182246,-0.0212055369395154
4.0483231740267,-0.0202538589148454
4.07329902623095,-0.019265462006278
4.09827487843519,-0.0182367274564909
4.12325073063943,-0.0171640901021977
4.14822658284368,-0.0160440557768184
4.17320243504792,-0.0148732186750499
4.19817828725216,-0.0136482785910631
4.22315413945641,-0.0123660579418045
4.24812999166065,-0.0110235184871453
4.2731058438649,-0.00961777765940486
4.29808169606914,-0.0081461244160844
4.32305754827338,-0.00660603453145336
4.34803340047763,-0.00499518524495863
4.37300925268187,-0.00331146918723271
4.39798510488611,-0.00155300750776358
4.42296095709036,0.000281837867951614
4.4479368092946,0.00219445291977603
4.47291266149885,0.0041859612162107
4.49788851370309,0.00625721465799008
4.52286436590733,0.00840878533503842
4.54784021811158,0.0106409585441607
4.57281607031582,0.0129537270088569
4.59779192252006,0.0153467863364233
4.62276777472431,0.0178195317410407
4.64774362692855,0.0203710560549228
4.6727194791328,0.023000149042815
4.69769533133704,0.0257052980282607
4.72267118354128,0.028484689833132
4.74764703574553,0.0313362140249665
4.77262288794977,0.0342574674597574
4.79759874015401,0.0372457601010042
4.82257459235826,0.0402981220891275
4.8475504445625,0.0434113120287918
4.87252629676675,0.046581826455349
4.89750214897099,0.0498059104355063
4.92247800117523,0.0530795692515151
4.94745385337948,0.0563985811126829
4.97242970558372,0.0597585108328729
4.99740555778796,0.0631547244079156
5.02238140999221,0.0665824044225223
5.04735726219645,0.0700365662124192
5.0723331144007,0.0735120747039979
5.09730896660494,0.0770036618508684
5.12228481880918,0.0805059445842785
5.14726067101343,0.0840134431924724
5.17223652321767,0.0875206000426892
5.19721237542191,0.0910217985586783
5.22218822762616,0.0945113823662989
5.2471640798304,0.0979836745200143
5.27213993203464,0.101432996723841
5.29711578423889,0.104853688461593
5.32209163644313,0.108240125953021
5.34706748864738,0.11158674085471
5.37204334085162,0.114888038627295
5.39701919305586,0.118138616493712
5.42199504526011,0.121333180916716
5.44697089746435,0.124466564527854
5.47194674966859,0.127533742444298
5.49692260187284,0.130529847914518
5.52189845407708,0.133450187238571
5.54687430628133,0.136290253913838
5.57185015848557,0.13904574196223
5.59682601068981,0.141712558400246
5.62180186289406,0.144286834818702
5.6467777150983,0.146764938044434
5.67175356730255,0.14914347986178
5.69672941950679,0.151419325777087
5.72170527171103,0.15358960281488
5.74668112391528,0.155651706339578
5.77165697611952,0.157603305901739
5.79663282832376,0.159442350112738
5.82160868052801,0.161167070556424
5.84658453273225,0.162775984750776
5.87156038493649,0.164267898176654
5.89653623714074,0.165641905394619
5.92151208934498,0.166897390274232
5.94648794154923,0.168034025363459
5.97146379375347,0.169051770428512
5.99643964595771,0.169950870196942
6.02141549816196,0.170731851338776
6.0463913503662,0.171395518722205
6.07136720257045,0.171942950981562
6.09634305477469,0.172375495436277
6.12131890697893,0.172694762400045
6.14629475918318,0.172902618919634
6.17127061138742,0.17300118198267
6.19624646359166,0.172992811233278
6.22122231579591,0.172880101233767
6.24619816800015,0.172665873309542
6.27117402020439,0.172353167013241
6.29614987240864,0.171945231242672
6.32112572461288,0.1714455150455
6.34610157681713,0.170857658141962
6.37107742902137,0.170185481194971
6.39605328122561,0.1694329758551
6.42102913342986,0.168604294605939
6.4460049856341,0.167703740433326
6.47098083783834,0.166735756340005
6.49595669004259,0.165704914725326
6.52093254224683,0.164615906647752
6.54590839445108,0.163473530986192
6.57088424665532,0.162282683514552
6.59586009885956,0.161048345902436
6.62083595106381,0.159775574653565
6.64581180326805,0.158469489992421
6.6707876554723,0.157135264708613
6.69576350767654,0.155778112967779
6.72073935988078,0.154403279097281
6.74571521208503,0.153016026354652
6.77069106428927,0.151621625686661
6.79566691649351,0.150225344486957
6.82064276869776,0.148832435360585
6.845618620902,0.14744812490419
6.87059447310624,0.146077602511393
6.89557032531049,0.144726009213719
6.92054617751473,0.14339842656847
6.94552202971898,0.142099865606075
6.97049788192322,0.140835255850734
6.99547373412746,0.139609434429534
7.02044958633171,0.138427135286605
7.04542543853595,0.137292978520403
7.07040129074019,0.136211459863639
7.09537714294444,0.135186940326899
7.12035299514868,0.134223636028389
7.14532884735293,0.13332560823368
7.17030469955717,0.132496753630572
7.19528055176141,0.131740794865449
7.22025640396566,0.131061271368494
7.2452322561699,0.130461530496131
7.27020810837414,0.129944719019725
7.29518396057839,0.129513774990207
7.32015981278263,0.129171420008599
7.34513566498688,0.128920151932609
7.37011151719112,0.128762238049342
7.39508736939536,0.128699708743938
7.42006322159961,0.128734351693333
7.44503907380385,0.128867706613622
7.47001492600809,0.129101060588464
7.49499077821234,0.129435444004699
7.51996663041658,0.129871627119907
7.54494248262082,0.130410117284888
7.56991833482507,0.131051156842149
7.59489418702931,0.131794721719348
7.61987003923356,0.132640520734342
7.6448458914378,0.133587995625979
7.66982174364204,0.134636321822154
7.69479759584629,0.13578440995385
7.71977344805053,0.137030908120982
7.74474930025478,0.138374204912876
7.76972515245902,0.139812433183105
7.79470100466326,0.141343474575297
7.81967685686751,0.142964964793338
7.84465270907175,0.144674299606203
7.86962856127599,0.146468641574479
7.89460441348024,0.148344927482481
7.91958026568448,0.150299876456765
7.94455611788872,0.152329998748793
7.96953197009297,0.154431605156579
7.99450782229721,0.156600817057268
8.01948367450146,0.158833577019899
8.0444595267057,0.161125659965017
8.06943537890994,0.163472684835324
8.09441123111419,0.165870126739344
8.11938708331843,0.168313329527911
8.14436293552268,0.170797518761401
8.16933878772692,0.173317815023916
8.19431463993116,0.17586924753904
8.21929049213541,0.178446768040521
8.24426634433965,0.181045264850071
8.26924219654389,0.183659577113561
8.29421804874814,0.186284509146221
8.31919390095238,0.188914844836902
8.34416975315662,0.191545362061236
8.36914560536087,0.194170847053397
8.39412145756511,0.196786108686336
8.41909730976936,0.199385992610659
8.4440731619736,0.201965395202855
8.46904901417784,0.20451927727429
8.49402486638209,0.207042677493296
8.51900071858633,0.209530725473734
8.54397657079057,0.211978654484687
8.56895242299482,0.214381813737351
8.59392827519906,0.216735680206776
8.61890412740331,0.219035869947809
8.64387997960755,0.221278148866529
8.66885583181179,0.22345844291041
8.69383168401604,0.225572847642656
8.71880753622028,0.227617637168388
8.74378338842453,0.22958927238277
8.76875924062877,0.231484408513655
8.79373509283301,0.233299901933946
8.81871094503725,0.235032816221568
8.8436867972415,0.23668042744772
8.86866264944574,0.238240228676983
8.89363850164999,0.239709933665786
8.91861435385423,0.241087479748736
8.94359020605847,0.242371029905439
8.96856605826272,0.243558974003514
8.99354191046696,0.244649929216704
9.01851776267121,0.245642739620182
9.04349361487545,0.246536474968386
9.06846946707969,0.247330428663943
9.09344531928394,0.248024114929523
9.11842117148818,0.248617265197674
9.14339702369242,0.249109823736954
9.16837287589667,0.249501942535834
9.19334872810091,0.249793975469048
9.21832458030516,0.249986471774139
9.2433004325094,0.25008016886901
9.26827628471364,0.250075984544223
9.29325213691789,0.249975008566694
9.31822798912213,0.249778493734122
9.34320384132637,0.249487846422194
9.36817969353062,0.249104616669021
9.39315554573486,0.248630487843649
9.4181313979391,0.248067265947621
9.44310725014335,0.247416868600553
9.46808310234759,0.24668131376245
9.49305895455184,0.245862708247059
9.51803480675608,0.244963236081871
9.54301065896032,0.243985146771474
9.56798651116457,0.242930743521784
9.59296236336881,0.241802371483227
9.61793821557306,0.240602406071247
9.6429140677773,0.23933324142247
9.66788991998154,0.237997279044571
9.69286577218579,0.236596916717274
9.71784162439003,0.235134537700966
9.74281747659428,0.233612500308214
9.76779332879852,0.23203312789189
9.79276918100276,0.230398699301769
9.81774503320701,0.228711439859283
9.84272088541125,0.226973512897655
9.86769673761549,0.225187011911836
9.89267258981974,0.223353953359656
9.91764844202398,0.221476270152212
9.94262429422822,0.219555805867958
9.96760014643247,0.217594309721101
9.99257599863671,0.215593432310854
10.017551850841,0.213554722173799
10.0425277030452,0.211479623157178
10.0675035552494,0.2093694726263
10.0924794074537,0.207225500514508
10.1174552596579,0.205048829219286
10.1424311118622,0.202840474343174
10.1674069640664,0.200601346273154
10.1923828162707,0.198332252587213
10.2173586684749,0.196033901271797
10.2423345206791,0.193706904728946
10.2673103728834,0.191351784547084
10.2922862250876,0.188968977004688
10.3172620772919,0.186558839271524
10.3422379294961,0.184121656267709
10.3672137817004,0.181657648136705
10.3921896339046,0.179166978284416
10.4171654861089,0.176649761932865
10.4421413383131,0.174106075133604
10.4671171905173,0.171535964182925
10.4920930427216,0.168939455378254
10.5170688949258,0.166316565052809
10.5420447471301,0.163667309823594
10.5670205993343,0.160991716986319
10.5919964515386,0.158289834989667
10.6169723037428,0.15556174392062
10.641948155947,0.152807565932309
10.6669240081513,0.150027475545964
10.6918998603555,0.147221709759169
10.7168757125598,0.144390577893619
10.741851564764,0.14153447111705
10.7668274169683,0.138653871575848
10.7918032691725,0.13574936107713
10.8167791213768,0.132821629261746
10.841754973581,0.129871481212673
10.8667308257852,0.126899844446654
10.8917066779895,0.123907775240639
10.9166825301937,0.120896464248617
10.941658382398,0.117867241368662
10.9666342346022,0.114821579824603
10.9916100868065,0.111761099431428
11.0165859390107,0.10868756901848
11.0415617912149,0.105602907989548
11.0665376434192,0.102509187004177
11.0915134956234,0.0994086277697408
11.1164893478277,0.0963036019391594
11.1414652000319,0.09319662911443
11.1664410522362,0.0900903739614371
11.1914169044404,0.0869876424467168
11.2163927566447,0.0838913772119833
11.2413686088489,0.080804652107208
11.2663444610531,0.0777306659078827
11.2913203132574,0.0746727352467383
11.3162961654616,0.0716342867946095
11.3412720176659,0.0686188487293187
11.3662478698701,0.0656300415353594
11.3912237220744,0.0626715681807738
11.4161995742786,0.0597472037209243
11.4411754264828,0.0568607843818416
11.4661512786871,0.0540161961784565
11.4911271308913,0.0512173631253069
11.5161029830956,0.048468235099221
11.5410788352998,0.0457727754150195
11.5660546875041,0.0431349481764423
11.5910305397083,0.0405587054652903
11.6160063919126,0.0380479744321828
11.6409822441168,0.0356066443523607
11.665958096321,0.0332385537096307
11.6909339485253,0.030947477370849
11.7159098007295,0.0287371139122929
11.7408856529338,0.0266110731578805
11.765861505138,0.0245728639874861
11.7908373573423,0.0226258824715709
11.8158132095465,0.0207734003860408
11.8407890617507,0.0190185541586453
11.865764913955,0.0173643342953891
11.8907407661592,0.0158135753323593
11.9157166183635,0.0143689463550764
11.9406924705677,0.013032942124006
11.965668322772,0.0118078748412383
11.9906441749762,0.0106958665895551
12.0156200271805,0.00969884247122546
12.0405958793847,0.00881852446987771
12.0655717315889,0.00805642605476323
12.0905475837932,0.00741384754263096
12.1155234359974,0.00689187222832998
12.1404992882017,0.00649136329117175
12.1654751404059,0.00621296148001004
12.1904509926102,0.00605708357599384
12.2154268448144,0.00602392162801722
12.2404026970186,0.00611344295205788
12.2653785492229,0.00632539088187697
12.2903544014271,0.00665928625498316
12.3153302536314,0.00711442961434334
12.3403061058356,0.00768990410307218
12.3652819580399,0.00838457902628499
12.3902578102441,0.0091971140514433
12.4152336624484,0.0101259640158873
12.4402095146526,0.0111693843078518
12.4651853668568,0.0123254367850939
12.4901612190611,0.0135919961933451
12.5151370712653,0.0149667570451452
12.5401129234696,0.0164472409182121
12.5650887756738,0.0180308041313758
12.5900646278781,0.0197146457552313
12.6150404800823,0.0214958159140796
12.6400163322865,0.0233712243353905
12.6649921844908,0.0253376491029604
12.689968036695,0.0273917455701387
12.7149438888993,0.0295300553899497
12.7399197411035,0.0317490156196407
12.7648955933078,0.0340449678581276
12.789871445512,0.0364141673759896
12.8148472977163,0.0388527921990451
12.8398231499205,0.0413569521081514
12.8647990021247,0.0439226975196507
12.889774854329,0.0465460282128549
12.9147507065332,0.0492229018730882
12.9397265587375,0.0519492424210801
12.9647024109417,0.054720948101894
12.989678263146,0.0575338993090826
13.0146541153502,0.0603839661223578
13.0396299675544,0.0632670155397183
13.0646058197587,0.0661789183876945
13.0895816719629,0.0691155558961098
13.1145575241672,0.072072825926504
13.1395333763714,0.0750466488461127
13.1645092285757,0.0780329730419976
13.1894850807799,0.0810277800725938
13.2144609329842,0.0840270894565301
13.2394367851884,0.0870269631010928
13.2644126373926,0.0900235093751156
13.2893884895969,0.0930128868333682
13.3143643418011,0.0959913076016866
13.3393401940054,0.0989550404341024
13.3643160462096,0.101900413455093
13.3892918984139,0.104823816601776
13.4142677506181,0.107721703782389
13.4392436028223,0.11059059476874
13.4642194550266,0.113427076841456
13.4891953072308,0.116227806207837
13.5141711594351,0.118989509212862
13.5391470116393,0.121708983364495
13.5641228638436,0.124383098194782
13.5890987160478,0.127008795978451
13.6140745682521,0.129583092330705
13.6390504204563,0.13210307670573
13.6640262726605,0.134565912817071
13.6890021248648,0.136968839000544
13.713977977069,0.139309168539648
13.7389538292733,0.141584289972643
13.7639296814775,0.143791667399519
13.7889055336818,0.145928840806011
13.813881385886,0.147993426420651
13.8388572380902,0.149983117119598
13.8638330902945,0.151895682892644
13.8888089424987,0.153728971382414
13.913784794703,0.155480908507332
13.9387606469072,0.157149499177468
13.9637364991115,0.15873282811087
13.9887123513157,0.160229060756542
14.01368820352,0.161636444328692
14.0386640557242,0.162953308955476
14.0636399079284,0.164178068944014
14.0886157601327,0.165309224162066
14.1135916123369,0.166345361535483
14.1385674645412,0.167285156659234
14.1635433167454,0.168127375518666
14.1885191689497,0.168870876316519
14.2134950211539,0.169514611400189
14.2384708733581,0.170057629282794
14.2634467255624,0.170499076750717
14.2884225777666,0.170838201049528
14.3133984299709,0.171074352139499
14.3383742821751,0.171206985011285
14.3633501343794,0.171235662051836
14.3883259865836,0.171160055450124
14.4133018387879,0.170979949631868
14.4382776909921,0.170695243712121
14.4632535431963,0.170305953954284
14.4882293954006,0.169812216223896
14.5132052476048,0.169214288425337
14.5381810998091,0.168512552909434
14.5631569520133,0.167707518839795
14.5881328042176,0.166799824505611
14.6131086564218,0.165790239568498
14.638084508626,0.16467966723087
14.6630603608303,0.163469146313203
14.6880362130345,0.162159853227395
14.7130120652388,0.160753103833297
14.737987917443,0.159250355165315
14.7629637696473,0.157653207015759
14.7879396218515,0.155963403361445
14.8129154740558,0.154182833619763
14.83789132626,0.152313533720183
14.8628671784642,0.150357686976896
14.8878430306685,0.148317624747955
14.9128188828727,0.146195826865994
14.937794735077,0.143994921825296
14.9627705872812,0.14171768670965
14.9877464394855,0.139367046845187
15.0127222916897,0.136946075162079
15.0376981438939,0.134457991248812
15.0626739960982,0.131906160082541
15.0876498483024,0.129294090418939
15.1126257005067,0.126625432824953
15.1376015527109,0.123903977337919
15.1625774049152,0.121133650734692
15.1875532571194,0.118318513394745
15.2125291093237,0.115462755741637
15.2375049615279,0.112570694247831
15.2624808137321,0.109646766988611
15.2874566659364,0.106695528731769
15.3124325181406,0.103721645550852
15.3374083703449,0.100729888951056
15.3623842225491,0.0977251294983669
15.3873600747534,0.0947123299442538
15.4123359269576,0.0916965378401358
15.4373117791618,0.0886828776379588
15.4622876313661,0.0856765422755563
15.4872634835703,0.0826827842479726
15.5122393357746,0.0797069061686662
15.5372151879788,0.0767542508273848
15.5621910401831,0.0738301907545825
15.5871668923873,0.070940117305463
15.6121427445916,0.0680894292800844
15.6371185967958,0.0652835210994259
15.662094449,0.0625277705608747
15.6870703012043,0.0598275262002075
15.7120461534085,0.0571880942908056
15.7370220056128,0.0546147255144956
15.761997857817,0.0521126013420629
15.7869737100213,0.0496868201650557
15.8119495622255,0.0473423832240022
15.8369254144297,0.0450841803815297
15.861901266634,0.0429169757920828
15.8868771188382,0.0408453935229631
15.9118529710425,0.0388739031841958
15.9368288232467,0.0370068056272594
15.961804675451,0.0352482187749468
15.9867805276552,0.0336020636465391
16.0117563798595,0.0320720506440196
16.0367322320637,0.0306616661662355
16.0617080842679,0.0293741596186778
16.0866839364722,0.0282125308868879
16.1116597886764,0.0271795183414
16.1366356408807,0.0262775874415499
16.1616114930849,0.0255089200044579
16.1865873452892,0.0248754042039633
16.2115631974934,0.0243786253622977
16.2365390496976,0.024019857594806
16.2615149019019,0.0238000563650663
16.2864907541061,0.0237198520043475
16.3114666063104,0.0237795442454729
16.3364424585146,0.0239790978168596
16.3614183107189,0.0243181391377959
16.3863941629231,0.0247959541509272
16.4113700151274,0.0254114873224865
16.4363458673316,0.0261633418350421
16.4613217195358,0.0270497809915052
16.4862975717401,0.0280687308428746
16.5112734239443,0.0292177840457177
16.5362492761486,0.0304942049487924
16.5612251283528,0.0318949359014965
16.5862009805571,0.0334166047700731
16.6111768327613,0.035055533640746
16.6361526849655,0.0368077486822573
16.6611285371698,0.0386689911336711
16.6860347138567,0.0406002709361133
16.7109794150896,0.0425621197990287
16.7359242651905,0.0445494837493621
16.7608690725799,0.0465570699408661
16.7858136454837,0.0485793624426685
16.8107577918365,0.0506106388980336
16.8357013191836,0.0526449878989836
16.8606440345836,0.0546763269993386
16.8855857445089,0.0566984212851629
16.9105262547471,0.0587049024185168
16.9354653702997,0.0606892880678895
16.9604028952814,0.0626450016367077
16.9853386328167,0.0645653921999117
17.0102723849367,0.0664437545577641
17.0352039524731,0.068273349315805
17.0601331349516,0.0700474229002156
17.0850597304832,0.0717592274187491
17.1099835356531,0.0734020402788692
17.134904345409,0.0749691834767478
17.1598219529457,0.0764540424733273
17.184736149588,0.0778500845766898
17.2096467246715,0.0791508767535046
17.2345534654201,0.0803501027962815
17.259456156821,0.0814415797775222
17.2843545814962,0.0824192737266071
17.3092485195719,0.0832773144702997
17.3341377485426,0.0840100095831112
17.3590220431337,0.0846118573993465
17.3839011751586,0.0850775590444295
17.4087749133725,0.0854020294490423
17.4336430233215,0.0855804073156333
17.4585052671876,0.0856080640129454
17.4833614036284,0.0854806113803014
17.5082111876118,0.0851939084294591
17.5330543702454,0.0847440669378212
17.5578906986002,0.0841274559326696
17.5827199155281,0.083340705071791
17.6075417594733,0.0823807069313958
17.6323559642765,0.0812446182175129
17.6571622589726,0.0799298599220959
17.6819603675807,0.0784341164498144
17.7067500088858,0.0767553337459703
17.7315308962128,0.0748917164600798
17.7563027371911,0.0728417241834557
17.7810652335105,0.0706040668025302
17.8058180806667,0.0681776990127152
17.8305609676966,0.0655618140402779
17.855293576903,0.0627558366220115
17.8800155835673,0.0597594152944077
17.9047266556501,0.0565724140455989
17.9294264534789,0.0531949033845339
17.954114629422,0.04962715088269
17.9787908275482,0.0458696112441179
18.0034546832709,0.0419229159598001
18.0281058229765,0.0377878626021446
18.0527438636347,0.0334654038150178
18.0773684123918,0.0289566360540001
18.1019790661439,0.0242627881305941
18.1265754110904,0.0193852096129076
18.1511570222652,0.0143253591339413
18.1757234630454,0.00908479265700029
18.2002742846356,0.0036651517459908
18.2248090255265,-0.00193184811355128
18.2493272109259,-0.00770442909889095
18.2738283521604,-0.0136507624983264
18.2983119460464,-0.0197689799837923
18.3227774742281,-0.0260571846707129
18.3472244024804,-0.0325134619303444
18.3716521799742,-0.0391358899222423
18.3960602385023,-0.0459225498169212
18.4204479916626,-0.0528715356812124
18.4448148339962,-0.0599809640012782
18.4691601400771,-0.0672489828206909
18.4934832635503,-0.0746737804734106
18.5177835361155,-0.0822535938939403
18.5420602664504,-0.089986716489333
18.566312739073,-0.0978715055601217
18.5905402131347,-0.105906389259614
18.6147419211422,-0.114089873083359
18.6389170676016,-0.122420545882904
18.66306482758,-0.130897085400332
18.6871843451772,-0.139518263322334
18.7112747319021,-0.148282949854913
18.7353350649467,-0.157190117822105
18.759364385349,-0.166238846294427
18.7833616960368,-0.175428323755039
18.8073259597435,-0.18475785081396
18.8312560967861,-0.194226842482999
18.8551509826933,-0.203834830026388
18.8790094456734,-0.213581462404487
18.9028302639081,-0.223466507330277
18.9266121626583,-0.233489851960778
18.9503538111666,-0.243651503247878
18.9740538193397,-0.253951587975489
18.9977107341918,-0.264390352512344
19.0213230360292,-0.274968162312115
19.0448891343539,-0.285685501194911
19.0684073634615,-0.296542970446545
19.0918759777074,-0.307541287774233
19.1152931464106,-0.318681286159575
19.1386569483649,-0.329963912651808
19.1619653659196,-0.341390227146263
19.1852162785923,-0.352961401194837
19.2084074561698,-0.364678716896862
19.2315365512496,-0.376543565920226
19.2546010911693,-0.388557448703661
19.2775984692664,-0.400721973891899
19.3005259354035,-0.413038858055804
19.323380585688,-0.425509925749392
19.3461593513082,-0.438137109955021
19.3688589863984,-0.450922452966582
19.3914760548368,-0.463868107758369
19.4140069158689,-0.476976339884074
19.4364477084392,-0.490249529946077
19.4587943340998,-0.503690176669465
19.4810424383498,-0.517300900607905
19.5031873902473,-0.531084448499217
19.5252242601143,-0.545043698276891
19.5471477951398,-0.559181664729438
19.5689523926636,-0.573501505781699
19.5906320709035,-0.588006529350612
19.6121804368637,-0.602700200701334
19.6335906511371,-0.617586150197428
19.6548553892904,-0.632668181299579
19.6759667994904,-0.647950278619839
19.6969164560085,-0.663436615780949
19.71769530821,-0.679131562760961
19.7382936246171,-0.695039692319878
19.7587009316142,-0.711165785004733
19.7789059463584,-0.727514832109413
19.7988965034592,-0.744092035822227
19.8186594750168,-0.760902805624061
19.8381806836565,-0.77795274979919
19.85744480828,-0.795247660685594
19.8764352823931,-0.812793492018947
19.8951341850678,-0.8305963264121
19.9135221248867,-0.848662330660431
19.9315781176228,-0.866997696176542
19.9492794589542,-0.885608561445734
19.966601594249,-0.904500912974952
19.9835179884108,-0.923680460814231
20,-0.943152484410142
