-20,-0.653873580976286
-19.9840306456516,-0.634918763947059
-19.9676228395747,-0.616394499150417
-19.950804942342,-0.598293772955527
-19.9336032461833,-0.580609162630331
-19.9160421019024,-0.563332977698824
-19.8981440482589,-0.546457373759472
-19.8799299402061,-0.529974442848529
-19.8614190734537,-0.513876284030003
-19.8426293036654,-0.498155057463353
-19.8235771592355,-0.482803024774504
-19.8042779470633,-0.467812578155968
-19.7847458510908,-0.453176260258288
-19.7649940236147,-0.438886776612451
-19.7450346695536,-0.424937002041478
-19.7248791239675,-0.411319982277362
-19.7045379231912,-0.398028931793389
-19.684020869989,-0.385057228687938
-19.6633370931476,-0.372398407309936
-19.6424951019304,-0.360046149194499
-19.6215028358032,-0.34799427277629
-19.6003677098237,-0.336236722264606
-19.5790966560674,-0.324767555995322
-19.5576961614372,-0.313580934518215
-19.5361723021787,-0.302671108631675
-19.5145307753982,-0.292032407538766
-19.4927769278567,-0.281659227267396
-19.4709157822889,-0.271546019471868
-19.4489520614734,-0.261687280712208
-19.4268902102628,-0.252077542290572
-19.4047344157591,-0.242711360709979
-19.3824886258052,-0.233583308809054
-19.3601565659464,-0.224687967616858
-19.3377417550017,-0.216019918963868
-19.3152475193696,-0.20757373887838
-19.2926770061832,-0.199343991791845
-19.2700331954181,-0.191325225571564
-19.2473189110446,-0.183511967394754
-19.2245368313109,-0.175898720473916
-19.2016894982306,-0.168479961639773
-19.1787793263469,-0.161250139784499
-19.1558086108323,-0.154203675164663
-19.1327795349839,-0.147334959560032
-19.1096941771634,-0.140638357281178
-19.0865545172291,-0.134108207015677
-19.0633624425021,-0.127738824499488
-19.0401197533052,-0.12152450599692
-19.0168281681098,-0.115459532569395
-18.9934893283211,-0.109538175110015
-18.9701048027327,-0.103754700117681
-18.9466760916748,-0.0981033761813494
-18.9232046308816,-0.0925784811417847
-18.8996917950989,-0.0871743098950262
-18.8761389014528,-0.0818851827986896
-18.852547212596,-0.0767054546392137
-18.8289179396511,-0.0716295241152471
-18.8052522449641,-0.066651843789594
-18.7815512446824,-0.0617669304595005
-18.7578160111717,-0.0569693758926143
-18.7340475752814,-0.0522538578736972
-18.7102469284711,-0.0476151515051281
-18.6864150248075,-0.0430481407024608
-18.6625527828405,-0.0385478298247699
-18.6386610873675,-0.0341093553782792
-18.614740791094,-0.0297279977308339
-18.5907927161963,-0.025399192774151
-18.5668176557943,-0.0211185434704819
-18.54281637534,-0.016881831220371
-18.5187896139274,-0.0126850269885613
-18.4947380855282,-0.00852430212584479
-18.47066248016,-0.0043960388257224
-18.4465634649895,-0.000296840156160771
-18.422441685376,0.00377646039148489
-18.3982977658585,0.00782678989223103
-18.3741323110904,0.0118568275693205
-18.3499459067249,0.0158689970188505
-18.3257391202539,0.0198654591248256
-18.3015125018035,0.0238481057089754
-18.2772665848893,0.0278185539561173
-18.2530018871327,0.0317781416520444
-18.2287189109416,0.035727923266914
-18.2044181441574,0.0396686669129244
-18.18010006067,0.0436008522007227
-18.1557651210028,0.0475246690145099
-18.1314137728698,0.0514400172212553
-18.1070464517057,0.0553465073247802
-18.0826635811716,0.0592434620708088
-18.0582655736362,0.0631299190044046
-18.0338528306355,0.0670046339765507
-18.0094257433112,0.0708660855920358
-17.9849846928293,0.074712480586282
-17.9605300507796,0.0785417601143385
-17.9360621795579,0.0823516069309968
-17.9115814327313,0.0861394534368553
-17.8870881553879,0.089902490561235
-17.8625826844706,0.093637677449124
-17.838065349098,0.0973417519158088
-17.8135364708711,0.101011241629607
-17.788996364167,0.104642475980088
-17.7644453364215,0.108231598586453
-17.7398836883992,0.111774580398248
-17.7153117144539,0.115267233338455
-17.6907297027775,0.118705224437096
-17.6661379356405,0.122084090401895
-17.6415366896217,0.125399252571286
-17.616926235831,0.128646032194027
-17.5923068401222,0.131819665979012
-17.5676787632987,0.134915321858438
-17.5430422613121,0.137928114907388
-17.5183975854525,0.140853123362992
-17.4937449825336,0.143685404686794
-17.4690846950699,0.146420011614563
-17.4444169614488,0.149052008138733
-17.4197420160964,0.151576485369757
-17.3950600896385,0.153988577224033
-17.3703714090556,0.156283475887576
-17.345676197833,0.158456447006373
-17.3209746761074,0.160502844556213
-17.2962670608074,0.162418125346886
-17.2715535657906,0.16419786311778
-17.2468344019772,0.165837762184256
-17.2221097774788,0.16733367059657
-17.1973798977242,0.168681592775632
-17.1726449655819,0.169877701592476
-17.1479051814788,0.17091834986095
-17.1231607435166,0.171800081215831
-17.0984118475845,0.172519640351318
-17.0736586874704,0.173073982597583
-17.0489014549681,0.173460282815832
-17.0241403399831,0.173675943595098
-16.999375530636,0.173718602736718
-16.9746072133633,0.173586140015197
-16.9498355730168,0.173276683206828
-16.9250607929607,0.172788613380117
-16.9002830551674,0.172120569444653
-16.8755025403113,0.171271451957598
-16.8507194278613,0.170240426189476
-16.8259338961721,0.169026924453306
-16.8011461225735,0.1676306477035
-16.7763562834599,0.166051566413114
-16.7515645543773,0.164289920740255
-16.7267711101104,0.162346219996415
-16.7019761247686,0.160221241431497
-16.6771797718706,0.157916028352074
-16.6523822244298,0.155431887591146
-16.6275836550377,0.152770386349234
-16.6027842359478,0.149933348428104
-16.5779841391587,0.146922849879711
-16.5531265574402,0.143773853823147
-16.5282689757216,0.140521571700182
-16.5034113940031,0.13716882002959
-16.4785538122846,0.133718652371166
-16.453696230566,0.130174352439564
-16.4288386488475,0.126539426792913
-16.403981067129,0.122817597124057
-16.3791234854104,0.119012792182404
-16.3542659036919,0.115129139354373
-16.3294083219734,0.111170955930286
-16.3045507402548,0.107142740085241
-16.2796931585363,0.10304916160109
-16.2548355768178,0.0988950523560458
-16.2299779950992,0.0946853966077514
-16.2051204133807,0.0904253210948196
-16.1802628316622,0.0861200849808912
-16.1554052499436,0.0817750696642194
-16.1305476682251,0.0773957684746389
-16.1056900865066,0.0729877762785435
-16.080832504788,0.068556779011197
-16.0559749230695,0.06410854315434
-16.031117341351,0.0596489051756522
-16.0062597596324,0.0551837609451977
-15.9814021779139,0.05071905514254
-15.9565445961954,0.0462607706667727
-15.9316870144768,0.0418149180602969
-15.9068294327583,0.0373875249557976
-15.8819718510397,0.0329846255545505
-15.8571142693212,0.0286122501429428
-15.8322566876027,0.0242764146529289
-15.8073991058841,0.0199831102710945
-15.7825415241656,0.0157382931000657
-15.7576839424471,0.0115478738752088
-15.7328263607285,0.00741770773891667
-15.70796877901,0.00335358407429452
-15.6831111972915,-0.000638783600252393
-15.6582536155729,-0.00455376767416252
-15.6333960338544,-0.00838583642416514
-15.6085384521359,-0.0121295639283545
-15.5836808704173,-0.015779639912768
-15.5588232886988,-0.0193308795277003
-15.5339657069803,-0.0227782330501481
-15.5091081252617,-0.026116795507746
-15.4842505435432,-0.0293418162183415
-15.4593929618247,-0.032448708237964
-15.4345353801061,-0.0354330577083822
-15.4096777983876,-0.0382906330937435
-15.3848202166691,-0.0410173942939391
-15.3599626349505,-0.0436095016203844
-15.335105053232,-0.046063324617847
-15.3102474715135,-0.048375450713828
-15.2853898897949,-0.0505426936748261
-15.2605323080764,-0.052562101846613
-15.2356747263579,-0.0544309661534568
-15.2108171446393,-0.0561468278290686
-15.1859595629208,-0.0577074858499494
-15.1611019812023,-0.059111004039811
-15.1362443994837,-0.0603557178118627
-15.1113868177652,-0.0614402405140309
-15.0865292360466,-0.0623634693406334
-15.0616716543281,-0.0631245907727037
-15.0368140726096,-0.0637230855080703
-15.011956490891,-0.0641587328414816
-14.9870989091725,-0.0644316144545377
-14.962241327454,-0.0645421175749894
-14.9373837457354,-0.0644909374650929
-14.9125261640169,-0.064279079199201
-14.8876685822984,-0.063907858691632
-14.8628110005798,-0.0633789029371093
-14.8379534188613,-0.062694149427704
-14.8130958371428,-0.0618558447122587
-14.7882382554242,-0.0608665420667176
-14.7633806737057,-0.0597290982466315
-14.7385230919872,-0.0584466692963527
-14.7136655102686,-0.0570227053930554
-14.6888079285501,-0.055460944707723
-14.6639503468316,-0.0537654062695886
-14.639092765113,-0.0519403818252015
-14.6142351833945,-0.0499904266882826
-14.589377601676,-0.0479203495817961
-14.5645200199574,-0.0457352014791797
-14.5396624382389,-0.0434402634573888
-14.5148048565204,-0.0410410335803047
-14.4899472748018,-0.0385432128370671
-14.4650896930833,-0.0359526901659919
-14.4402321113648,-0.0332755266008705
-14.4153745296462,-0.0305179385825686
-14.3905169479277,-0.0276862804849063
-14.3656593662092,-0.0247870264097544
-14.3408017844906,-0.0218267513120711
-14.3159442027721,-0.0188121115211848
-14.2910866210536,-0.0157498247299447
-14.266229039335,-0.0126466495283715
-14.2413714576165,-0.00950936456308823
-14.216513875898,-0.00634474740806169
-14.1916562941794,-0.00315955323598534
-14.1667987124609,3.95066170505443e-05
-14.1419411307423,0.00324578609816015
-14.1170835490238,0.00645272579785851
-14.0922259673053,0.00965387412452678
-14.0673683855867,0.0128429081927739
-14.0425108038682,0.0160136543249189
-14.0176532221497,0.019160108065048
-13.9927956404311,0.0222764536059969
-13.9679380587126,0.0253570825311605
-13.9430804769941,0.0283966117752507
-13.9182228952755,0.0313899007109925
-13.893365313557,0.034332067272268
-13.8685077318385,0.0372185030283625
-13.8436501501199,0.0400448871287216
-13.8187925684014,0.0428071990429631
-13.7939349866829,0.0455017300267681
-13.7690774049643,0.0481250932506763
-13.7442198232458,0.0506742325356748
-13.7193622415273,0.0531464296467675
-13.6945046598087,0.0555393101033877
-13.6696470780902,0.0578508474735138
-13.6447894963717,0.0600793661266291
-13.6199319146531,0.0622235424291472
-13.5950743329346,0.0642824043745785
-13.5702167512161,0.0662553296494486
-13.5453591694975,0.0681420421447574
-13.520501587779,0.0699426069315181
-13.4956440060605,0.0716574237275711
-13.4707864243419,0.073287218891382
-13.4459288426234,0.0748330359868315
-13.4210712609049,0.0762962249710375
-13.3962136791863,0.0776784300649604
-13.3713560974678,0.0789815763738757
-13.3464985157492,0.0802078553317024
-13.3216409340307,0.0813597090496079
-13.2967833523122,0.0824398136552269
-13.2719257705936,0.0834510617141876
-13.2470681888751,0.0843965438304118
-13.2222106071566,0.085279529525801
-13.197353025438,0.0861034475034285
-13.1724954437195,0.0868718654011932
-13.147637862001,0.0875884691450564
-13.1227802802824,0.0882570420124492
-13.0979226985639,0.08888144351722
-13.0730651168454,0.0894655882275734
-13.0482075351268,0.0900134246278551
-13.0233499534083,0.0905289141337558
-12.9984923716898,0.0910160103685703
-12.9736347899712,0.0914786388055739
-12.9487772082527,0.0919206768783795
-12.9239196265342,0.0923459346573618
-12.8990620448156,0.0927581361858986
-12.8742044630971,0.0931609015653266
-12.8493468813786,0.0935577298721722
-12.82448929966,0.0939519829854513
-12.7996317179415,0.0943468703956605
-12.774774136223,0.0947454350605722
-12.7499165545044,0.0951505403661308
-12.7250589727859,0.0955648582436815
-12.7002013910674,0.0959908584874954
-12.6753438093488,0.0964307993091382
-12.6504862276303,0.0968867191577062
-12.6256286459118,0.0973604298273839
-12.6007710641932,0.0978535108662029
-12.5759134824747,0.0983673052923514
-12.5510559007562,0.0989029166169512
-12.5261983190376,0.0994612071649168
-12.5013407373191,0.100042797678399
-12.4764831556005,0.100648068180414
-12.451625573882,0.101277160069641
-12.4267679921635,0.101929979411005
-12.4019104104449,0.102606201380701
-12.3770528287264,0.10330527581863
-12.3521952470079,0.104026433835986
-12.3273376652893,0.104768695420898
-12.3024800835708,0.105530877980602
-12.2776225018523,0.106311605754697
-12.2527649201337,0.107109320030532
-12.2279073384152,0.107922290088773
-12.2030497566967,0.108748624804694
-12.1781921749781,0.109586284828701
-12.1533345932596,0.110433095268076
-12.1284770115411,0.111286758790885
-12.1036194298225,0.112144869072477
-12.078761848104,0.113004924504891
-12.0539042663855,0.113864342089966
-12.0290466846669,0.114720471437748
-12.0041891029484,0.115570608793165
-11.9793315212299,0.116412011015658
-11.9544739395113,0.117241909438605
-11.9296163577928,0.118057523537935
-11.9047587760743,0.118856074342219
-11.8799011943557,0.119634797519756
-11.8550436126372,0.12039095608176
-11.8301860309187,0.12112185264454
-11.8053284492001,0.121824841197695
-11.7804708674816,0.122497338329622
-11.7556132857631,0.123136833866181
-11.7307557040445,0.123740900882966
-11.705898122326,0.124307205056483
-11.6810405406074,0.124833513324381
-11.6561829588889,0.125317701829848
-11.6313253771704,0.125757763130274
-11.6064677954518,0.126151812655245
-11.5816102137333,0.126498094403906
-11.5567526320148,0.126794985876611
-11.5318950502962,0.127041002240559
-11.5070374685777,0.127234799733828
-11.4821798868592,0.12737517831672
-11.4573223051406,0.127461083583696
-11.4324647234221,0.127491607953345
-11.4076071417036,0.127465991157778
-11.382749559985,0.127383620056506
-11.3578919782665,0.127244027803344
-11.333034396548,0.12704689239801
-11.3081768148294,0.126792034656972
-11.2833192331109,0.126479415640669
-11.2584616513924,0.126109133576456
-11.2336040696738,0.125681420318583
-11.2087464879553,0.12519663738808
-11.1838889062368,0.124655271636713
-11.1590313245182,0.124057930580061
-11.1341737427997,0.123405337445415
-11.1093161610812,0.122698325980385
-11.0844585793626,0.121937835068108
-11.0596009976441,0.121124903194499
-11.0347434159256,0.120260662812328
-11.009885834207,0.119346334645895
-10.9850282524885,0.118383221978789
-10.96017067077,0.117372704965649
-10.9353130890514,0.116316235007058
-10.9104555073329,0.115215329224622
-10.8855979256144,0.114071565071018
-10.8607403438958,0.112886575107332
-10.8358827621773,0.111662041977342
-10.8110251804587,0.1103996936056
-10.7861675987402,0.109101298643212
-10.7613100170217,0.107768662182159
-10.7364524353031,0.106403621755853
-10.7115948535846,0.105008043640408
-10.6867372718661,0.103583819467836
-10.6618796901475,0.102132863159115
-10.637022108429,0.100657108181779
-10.6121645267105,0.0991585051334408
-10.5873069449919,0.0976390196494449
-10.5624493632734,0.0961006306297124
-10.5375917815549,0.0945453287767763
-10.5127341998363,0.0929751154340746
-10.4878766181178,0.0913920017107377
-10.4630190363993,0.0897980078764314
-10.4381614546807,0.0881951630072969
-10.4133038729622,0.0865855048616819
-10.3884462912437,0.0849710799621975
-10.3635887095251,0.0833539438586733
-10.3387311278066,0.081736161544835
-10.3138735460881,0.0801198079999963
-10.2890159643695,0.0785069688257529
-10.264158382651,0.0768997409466018
-10.2393008009325,0.0753002333425775
-10.2144432192139,0.0737105677814158
-10.1895856374954,0.0721328795174202
-10.1647280557769,0.0705693179241138
-10.1398704740583,0.0690220470279271
-10.1150128923398,0.0674932459105725
-10.0901553106213,0.0659851089484143
-10.0652977289027,0.0644998458580318
-10.0404401471842,0.0630396815183035
-10.0155825654656,0.061606855540695
-9.99072498374712,0.0602036215610144
-9.96586740202858,0.0588322462276858
-9.94100982031004,0.0574950078635892
-9.91615223859151,0.0561941947806954
-9.89129465687298,0.0549321032290924
-9.86643707515444,0.0537110349645285
-9.84157949343591,0.052533294421279
-9.81672191171737,0.0514011854799662
-9.79186432999884,0.0503170078229
-9.76700674828031,0.0492830528725529
-9.74214916656177,0.0483015993119155
-9.71729158484324,0.0473749081886767
-9.6924340031247,0.046505217608424
-9.66757642140617,0.0456947370253369
-9.64271883968763,0.0449456411421367
-9.6178612579691,0.044260063434331
-9.59300367625057,0.0436400893170414
-9.56814609453203,0.0430877489758934
-9.5432885128135,0.0426050098865701
-9.51843093109496,0.0421937690506546
-9.49357334937643,0.0418558449782997
-9.46871576765789,0.041592969451035
-9.44385818593936,0.0414067791006429
-9.41900060422083,0.0412988068424751
-9.39414302250229,0.0412704732038345
-9.36928544078376,0.0413230775900819
-9.34442785906522,0.0414577895329376
-9.31957027734669,0.0416756399670108
-9.29471269562815,0.0419775125818987
-9.26985511390962,0.0423641352982297
-9.24499753219109,0.0428360719167812
-9.22013995047255,0.0433937139902616
-9.19528236875402,0.044037272967509
-9.17042478703548,0.0447667726597193
-9.14556720531695,0.045582042077864
-9.12070962359842,0.0464827086897019
-9.09585204187988,0.0474681921437194
-9.07099446016135,0.0485376985059634
-9.04613687844281,0.0496902150540611
-9.02127929672428,0.0509245056707543
-8.99642171500574,0.0522391068770353
-8.97156413328721,0.0536323245424532
-8.94670655156867,0.0551022313073946
-8.92184896985014,0.05664666474913
-8.8969913881316,0.0582632263201932
-8.87213380641307,0.0599492810842284
-8.84727622469454,0.0617019582708354
-8.822418642976,0.0635181526671791
-8.79756106125747,0.0653945268602371
-8.77270347953893,0.0673275143395587
-8.7478458978204,0.0693133234663355
-8.72298831610187,0.0713479423104478
-8.69813073438333,0.0734271443530039
-8.6732731526648,0.0755464950477353
-8.64841557094626,0.0777013592304873
-8.62355798922773,0.0798869093619883
-8.59870040750919,0.0820981345850938
-8.57384282579066,0.0843298505738318
-8.54898524407212,0.0865767101478398
-8.52412766235359,0.0888332146221947
-8.49927008063506,0.0910937258592381
-8.47441249891652,0.0933524789857786
-8.44955491719799,0.0956035957360667
-8.42469733547945,0.0978410983781592
-8.39983975376092,0.100058924178773
-8.37498217204238,0.102250940359448
-8.35012459032385,0.104410959494825
-8.32526700860532,0.106532755302111
-8.30040942688678,0.108610078769311
-8.27555184516825,0.110636674568617
-8.25069426344971,0.1126062977004
-8.22583668173118,0.114512730312596
-8.20097910001264,0.116349798639857
-8.17612151829411,0.118111390006687
-8.15126393657557,0.119791469838891
-8.12640635485704,0.121384098627939
-8.10154877313851,0.122883448793452
-8.07669119141997,0.124283821389688
-8.05183360970144,0.12557966260289
-8.0269760279829,0.126765579987439
-8.00211844626437,0.127836358390002
-7.97726086454584,0.128786975512298
-7.9524032828273,0.129612617064576
-7.92754570110877,0.13030869146356
-7.90268811939023,0.13087084403031
-7.8778305376717,0.131294970645231
-7.85297295595316,0.131577230819303
-7.82811537423463,0.1317140601425
-7.8032577925161,0.131702182072269
-7.77840021079756,0.131538619026882
-7.75354262907903,0.131220702750435
-7.72868504736049,0.130746083918203
-7.70382746564196,0.130112740953029
-7.67896988392342,0.129318988025359
-7.65411230220489,0.12836348221149
-7.62925472048635,0.127245229786512
-7.60439713876782,0.125963591630362
-7.57953955704929,0.124518287727336
-7.55468197533075,0.122909400741298
-7.52982439361222,0.121137378650804
-7.50496681189368,0.119203036430248
-7.48010923017515,0.117107556765153
-7.45525164845661,0.114852489791687
-7.43039406673808,0.112439751852547
-7.40553648501955,0.10987162326343
-7.38067890330101,0.107150745086453
-7.35582132158248,0.104280114909105
-7.33096373986394,0.101263081629597
-7.30610615814541,0.0981033392518652
-7.28124857642687,0.0948049196959138
-7.25639099470834,0.0913721846318039
-7.23153341298981,0.0878098163481971
-7.20667583127127,0.0841228076691707
-7.18181824955274,0.0803164509358683
-7.1569606678342,0.0763963260725242
-7.13210308611567,0.0723682877594581
-7.10724550439713,0.068238451738795
-7.0823879226786,0.0640131802818867
-7.05753034096006,0.059699066850717
-7.03267275924153,0.0553029199889219
-7.007815177523,0.0508317464814422
-6.98295759580446,0.0462927338252358
-6.95810001408593,0.0416932320568777
-6.93324243236739,0.0370407349862558
-6.90838485064886,0.0323428608888931
-6.88352726893032,0.0276073327126805
-6.85866968721179,0.0228419578579464
-6.83381210549326,0.0180546075928034
-6.80895452377472,0.0132531961685601
-6.78409694205619,0.00844565970264403
-6.75923936033765,0.00363993489892102
-6.73438177861912,-0.00115606232252027
-6.70952419690059,-0.00593445821213787
-6.68466661518205,-0.0106874425186779
-6.65980903346352,-0.0154072896810305
-6.63495145174498,-0.0200863798064255
-6.61009387002645,-0.0247172193566474
-6.58523628830791,-0.0292924614637991
-6.56037870658938,-0.0338049257974077
-6.53552112487085,-0.0382476179053422
-6.51066354315231,-0.0426137479521342
-6.48580596143378,-0.0468967487798414
-6.46094837971524,-0.0510902932185912
-6.43609079799671,-0.0551883105763693
-6.41123321627817,-0.0591850022404903
-6.38637563455964,-0.0630748563264724
-6.36151805284111,-0.0668526613137391
-6.33666047112257,-0.0705135186116722
-6.31180288940404,-0.0740528540039977
-6.2869453076855,-0.0774664279243159
-6.26208772596697,-0.0807503445207144
-6.23723014424843,-0.0839010594728425
-6.2123725625299,-0.0869153865305068
-6.18751498081136,-0.0897905027487624
-6.16265739909283,-0.0925239524005632
-6.1377998173743,-0.0951136495542806
-6.11294223565576,-0.0975578793097314
-6.08808465393723,-0.0998552976927684
-6.06322707221869,-0.102004930214901
-6.03836949050016,-0.104006169110812
-6.01351190878162,-0.105858769272963
-5.98865432706309,-0.107562842908714
-5.96379674534456,-0.109118852951425
-5.93893916362602,-0.110527605262916
-5.91408158190749,-0.111790239670309
-5.88922400018895,-0.112908219885639
-5.86436641847042,-0.113883322361761
-5.83950883675188,-0.114717624142799
-5.81465125503335,-0.115413489771839
-5.78979367331481,-0.11597355732256
-5.76493609159628,-0.116400723625179
-5.74007850987775,-0.116698128760253
-5.71522092815921,-0.116869139896711
-5.69036334644068,-0.116917334552797
-5.66550576472214,-0.116846483360529
-5.64064818300361,-0.116660532415685
-5.61579060128507,-0.116363585296362
-5.59093301956654,-0.115959884833625
-5.56607543784801,-0.11545379471793
-5.54121785612947,-0.1148497810246
-5.51636027441094,-0.114152393740901
-5.4915026926924,-0.113366248376078
-5.46664511097387,-0.11249600773416
-5.44178752925533,-0.111546363927369
-5.4169299475368,-0.110522020705718
-5.39207236581827,-0.109427676175725
-5.36721478409973,-0.108268005978261
-5.3423572023812,-0.107047646992316
-5.31749962066266,-0.105771181628004
-5.29264203894413,-0.104443122768429
-5.26778445722559,-0.103067899416087
-5.24292687550706,-0.10164984309541
-5.21806929378853,-0.10019317505878
-5.19321171206999,-0.0987019943389573
-5.16835413035146,-0.0971802666863469
-5.14349654863292,-0.0956318144249607
-5.11863896691439,-0.0940603072562459
-5.09378138519585,-0.0924692540352665
-5.06892380347732,-0.0908619955389902
-5.04406622175879,-0.0892416982416958
-5.01920864004025,-0.0876113491077986
-4.99435105832172,-0.0859737514076953
-4.96949347660318,-0.0843315215575761
-4.94463589488465,-0.0826870869795673
-4.91977831316611,-0.0810426849740414
-4.89492073144758,-0.0794003625915023
-4.87006314972905,-0.0777619774871159
-4.84520556801051,-0.0761291997367267
-4.82034798629198,-0.0745035145890989
-4.79549040457344,-0.0728862261251368
-4.77063282285491,-0.0712784617910123
-4.74577524113637,-0.0696811777684347
-4.72091765941784,-0.0680951651417806
-4.6960600776993,-0.0665210568184478
-4.67120249598077,-0.0649593351556259
-4.64634491426224,-0.0634103402436983
-4.6214873325437,-0.0618742787937137
-4.59662975082517,-0.0603512335737978
-4.57177216910663,-0.0588411733370377
-4.5469145873881,-0.0573439631812622
-4.52205700566956,-0.0558593752792772
-4.49719942395103,-0.0543870999165118
-4.4723418422325,-0.0529267567716878
-4.44748426051396,-0.0514779063750641
-4.42262667879543,-0.0500400616780328
-4.39776909707689,-0.0486126996673702
-4.37291151535836,-0.0471952729572714
-4.34805393363982,-0.0457872212924522
-4.32319635192129,-0.0443879828960686
-4.29833877020276,-0.0429970055970099
-4.27348118848422,-0.0416137576722577
-4.24862360676569,-0.0402377383414842
-4.22376602504715,-0.0388684878528822
-4.19890844332862,-0.0375055971013831
-4.17405086161008,-0.0361487167229222
-4.14919327989155,-0.0347975656112512
-4.12433569817302,-0.033451938806969
-4.09947811645448,-0.0321117147119326
-4.07462053473595,-0.0307768615860146
-4.04976295301741,-0.0294474432872698
-4.02490537129888,-0.0281236242209569
-4.00004778958034,-0.0268056734674955
-3.97519020786181,-0.0254939680643224
-3.95033262614327,-0.0241889954217015
-3.92547504442474,-0.0228913548578222
-3.90061746270621,-0.0216017582439629
-3.87575988098767,-0.0203210297560571
-3.85090229926914,-0.0190501047346644
-3.8260447175506,-0.0177900276610587
-3.80118713583207,-0.0165419492628872
-3.77632955411354,-0.0153071227685699
-3.751471972395,-0.0140868993352735
-3.72661439067647,-0.012882722680853
-3.70175680895793,-0.0116961229555848
-3.6768992272394,-0.0105287098947592
-3.65204164552086,-0.00938216529822936
-3.62718406380233,-0.00825823488778086
-3.6023264820838,-0.00715871959766226
-3.57746890036526,-0.00608546635775004
-3.55261131864673,-0.00504035843259252
-3.52775373692819,-0.00402530538294082
-3.50289615520966,-0.00304223271930818
-3.47803857349112,-0.0020930713195672
-3.45318099177259,-0.00117974668458116
-3.42832341005405,-0.000304168107339887
-3.40346582833552,0.000531782167973657
-3.37860824661699,0.00132625972015134
-3.35375066489845,0.00207746858165677
-3.32889308317992,0.00278367164984038
-3.30403550146138,0.00344320080389859
-3.27917791974285,0.00405446665460247
-3.25432033802431,0.00461596785615589
-3.22946275630578,0.00512629991241244
-3.20460517458725,0.00558416341306454
-3.17974759286871,0.0059883716392906
-3.15489001115018,0.0063378574826937
-3.13003242943164,0.00663167962614458
-3.10517484771311,0.00686902794032924
-3.08031726599457,0.00704922805535965
-3.05545968427604,0.00717174507268745
-3.03060210255751,0.00723618638873441
-3.00574452083897,0.00724230360806123
-2.98088693912044,0.00718999353050175
-2.9560293574019,0.00707929820343415
-2.93117177568337,0.00691040403719854
-2.90631419396483,0.00668363998854829
-2.8814566122463,0.00639947482388598
-2.85659903052776,0.00605851348083185
-2.83174144880923,0.00566149255335464
-2.8068838670907,0.00520927493220082
-2.78202628537216,0.00470284363864797
-2.75716870365363,0.00414329489562622
-2.73231112193509,0.00353183048595073
-2.70745354021656,0.00286974945274942
-2.68259595849802,0.00215843920210396
-2.65773837677949,0.00139936607241649
-2.63288079506096,0.000594065439030636
-2.60802321334242,-0.000255868573860202
-2.58316563162389,-0.00114879369900878
-2.55830804990535,-0.00208303037220087
-2.53345046818682,-0.00305687273938254
-2.50859288646828,-0.00406859974434038
-2.48373530474975,-0.00511648621580907
-2.45887772303122,-0.00619881387285071
-2.43402014131268,-0.00731388216792839
-2.40916255959415,-0.00846001888827427
-2.38430497787561,-0.00963559043792853
-2.35944739615708,-0.0108390117251736
-2.33458981443854,-0.0120687555830056
-2.30973223272001,-0.0133233616537307
-2.28487465100148,-0.0146014446727385
-2.26001706928294,-0.0159017020909445
-2.23515948756441,-0.0172229209802795
-2.21030190584587,-0.0185639841719005
-2.18544432412734,-0.0199238755824536
-2.1605867424088,-0.0213016846897088
-2.13572916069027,-0.0226966101251425
-2.11087157897174,-0.0241079623575369
-2.0860139972532,-0.0255351654483337
-2.06115641553467,-0.0269777578662818
-2.03629883381613,-0.0284353923557913
-2.0114412520976,-0.0299078348603165
-1.98658367037906,-0.031394962508963
-1.96172608866053,-0.0328967606813209
-1.936868506942,-0.0344133191721981
-1.91201092522346,-0.0359448274844311
-1.88715334350493,-0.0374915692842222
-1.86229576178639,-0.0390539160594642
-1.83743818006786,-0.0406323200272079
-1.81258059834932,-0.0422273063417686
-1.78772301663079,-0.043839464659925
-1.76286543491226,-0.0454694401241901
-1.73800785319372,-0.0471179238292066
-1.71315027147519,-0.0487856428399115
-1.68829268975665,-0.0504733498331976
-1.66343510803812,-0.052181812437355
-1.63857752631958,-0.0539118023455977
-1.61371994460105,-0.055664084281438
-1.58886236288252,-0.0574394048945785
-1.56400478116398,-0.0592384816663308
-1.53914719944545,-0.0610619919033515
-1.51428961772691,-0.0629105618977046
-1.48943203600838,-0.0647847563299423
-1.46457445428984,-0.066685067990035
-1.43971687257131,-0.068611907888611
-1.41485929085277,-0.0705655958281036
-1.39000170913424,-0.0725463515000604
-1.36514412741571,-0.0745542861710966
-1.34028654569717,-0.0765893950157807
-1.31542896397864,-0.0786515501501727
-1.2905713822601,-0.0807404944148245
-1.26571380054157,-0.0828558359508329
-1.24085621882303,-0.0849970436070601
-1.2159986371045,-0.0871634432109278
-1.19114105538597,-0.0893542147293071
-1.16628347366743,-0.0915683903400039
-1.1414258919489,-0.0938048534282212
-1.11656831023036,-0.0960623385162123
-1.09171072851183,-0.0983394321281662
-1.06685314679329,-0.100634574586227
-1.04199556507476,-0.102946062727494
-1.01713798335623,-0.105272053525909
-0.992280401637691,-0.10761056859716
-0.967422819919157,-0.109959499559157
-0.942565238200623,-0.11231661421528
-0.917707656482088,-0.114679563522532
-0.892850074763554,-0.117045889301948
-0.86799249304502,-0.119413032644171
-0.843134911326485,-0.121778342958994
-0.818277329607951,-0.124139087613973
-0.793419747889417,-0.126492462103876
-0.768562166170882,-0.128835600689848
-0.743704584452348,-0.131165587444676
-0.718847002733814,-0.133479467638503
-0.693989421015279,-0.135774259397763
-0.669131839296745,-0.138046965568924
-0.644274257578211,-0.140294585717965
-0.619416675859676,-0.142514128196241
-0.594559094141142,-0.144702622203562
-0.569701512422608,-0.146857129779967
-0.544843930704074,-0.148974757658657
-0.519986348985539,-0.151052668914041
-0.495128767267005,-0.153088094340629
-0.470271185548471,-0.155078343500718
-0.445413603829936,-0.157020815381365
-0.420556022111402,-0.158913008603969
-0.395698440392868,-0.160752531132968
-0.370840858674333,-0.162537109433563
-0.345983276955799,-0.164264597032063
-0.321125695237265,-0.165932982436311
-0.29626811351873,-0.167540396377721
-0.271410531800196,-0.16908511834069
-0.246552950081662,-0.170565582349445
-0.221695368363127,-0.171980381986885
-0.196837786644593,-0.173328274624409
-0.171980204926059,-0.1746081848463
-0.147122623207524,-0.175819207056756
-0.12226504148899,-0.176960607262164
-0.0974074597704558,-0.178031824025706
-0.0725498780519215,-0.179032468595739
-0.0476922963333872,-0.179962324213735
-0.0228347146148528,-0.180821344611682
0.00202286710368149,-0.181609651712939
0.0268804488222158,-0.182327532554356
0.0517380305407501,-0.182975435451214
0.0765956122592844,-0.183553965430006
0.101453193977819,-0.1840638789574
0.126310775696353,-0.184506077996806
0.151168357414887,-0.184881603426821
0.176025939133422,-0.18519162785846
0.200883520851956,-0.185437447890467
0.22574110257049,-0.185620475844146
0.250598684289025,-0.185742231021072
0.275456266007559,-0.185804330528683
0.300313847726093,-0.185808479720206
0.325171429444628,-0.185756462296543
0.350029011163162,-0.185650130118695
0.374886592881696,-0.185491392780041
0.399744174600231,-0.185282206988291
0.424601756318765,-0.185024565807234
0.449459338037299,-0.184720487808473
0.474316919755834,-0.184372006183271
0.499174501474368,-0.183981157864313
0.524032083192902,-0.183549972706721
0.548889664911437,-0.183080462777054
0.573747246629971,-0.182574611798214
0.598604828348505,-0.182034364797232
0.623462410067039,-0.18146161800186
0.648319991785574,-0.180858209030671
0.673177573504108,-0.180225907420047
0.698035155222642,-0.179566405529986
0.722892736941177,-0.178881309869136
0.747750318659711,-0.178172132877798
0.772607900378245,-0.177440285205891
0.79746548209678,-0.176687068521081
0.822323063815314,-0.175913668880305
0.847180645533848,-0.175121150695977
0.872038227252383,-0.174310451326041
0.896895808970917,-0.173482376314914
0.921753390689451,-0.1726375953101
0.946610972407986,-0.171776638676979
0.97146855412652,-0.170899894831862
0.996326135845054,-0.170007608310969
1.02118371756359,-0.169099878590426
1.04604129928212,-0.168176659669802
1.07089888100066,-0.167237760428978
1.09575646271919,-0.166282845765408
1.12061404443773,-0.165311438515984
1.14547162615626,-0.16432292216479
1.17032920787479,-0.163316544335057
1.19518678959333,-0.162291421060554
1.22004437131186,-0.161246541828548
1.2449019530304,-0.160180775383217
1.26975953474893,-0.159092876275223
1.29461711646747,-0.157981492139765
1.319474698186,-0.156845171682138
1.34433227990453,-0.155682373346407
1.36918986162307,-0.154491474639403
1.3940474433416,-0.153270782078823
1.41890502506014,-0.152018541730776
1.44376260677867,-0.150732950298741
1.46862018849721,-0.149412166722497
1.49347777021574,-0.14805432424229
1.51833535193428,-0.146657542880234
1.54319293365281,-0.14521994228779
1.56805051537134,-0.143739654905152
1.59290809708988,-0.142214839375413
1.61776567880841,-0.140643694153704
1.64262326052695,-0.139024471248891
1.66748084224548,-0.137355490033127
1.69233842396402,-0.135635151052387
1.71719600568255,-0.133861949769332
1.74205358740108,-0.13203449016826
1.76691116911962,-0.13015149815065
1.79176875083815,-0.128211834648908
1.81662633255669,-0.126214508385366
1.84148391427522,-0.124158688203398
1.86634149599376,-0.122043714897728
1.89119907771229,-0.119869112471636
1.91605665943082,-0.117634598749823
1.94091424114936,-0.115340095277168
1.96577182286789,-0.112985736435559
1.99062940458643,-0.110571877713358
2.01548698630496,-0.108099103064895
2.0403445680235,-0.105568231300692
2.06520214974203,-0.102980321452838
2.09005973146056,-0.100336677064149
2.1149173131791,-0.0976388493543085
2.13977489489763,-0.09488863922127
2.16463247661617,-0.0920880980415497
2.1894900583347,-0.0892395272388776
2.21434764005324,-0.0863454765967685
2.23920522177177,-0.083408741297023
2.2640628034903,-0.0804323576728815
2.28892038520884,-0.077419597672505
2.31377796692737,-0.0743739620356105
2.33863554864591,-0.0712991721933907
2.36349313036444,-0.0681991609092659
2.38835071208298,-0.0650780616854885
2.41320829380151,-0.061940196968108
2.43806587552004,-0.0587900651902471
2.46292345723858,-0.0556323267009926
2.48778103895711,-0.0524717886344102
2.51263862067565,-0.0493133887801962
2.53749620239418,-0.0461621785242358
2.56235378411272,-0.0430233049337836
2.58721136583125,-0.039901992068084
2.61206894754979,-0.0368035216009301
2.63692652926832,-0.033733212846913
2.66178411098685,-0.0306964022878513
2.68664169270539,-0.0276984227001062
2.71149927442392,-0.0247445819871258
2.73635685614246,-0.0218401418245916
2.76121443786099,-0.0189902962279419
2.78607201957952,-0.016200150153774
2.81092960129806,-0.0134746982476852
2.83578718301659,-0.0108188038514701
2.86064476473513,-0.00823717838223685
2.88550234645366,-0.0057343611949508
2.9103599281722,-0.00331470003813668
2.93521750989073,-0.000982332209997765
2.96007509160927,0.00125883348095696
2.9849326733278,0.00340513385053429
3.00979025504633,0.0054531674729752
3.03464783676487,0.00739980972394529
3.0595054184834,0.00924222664748545
3.08436300020194,0.0109778875682839
3.10922058192047,0.012604576377416
3.13407816363901,0.0141204014269562
3.15893574535754,0.0155238039765381
3.18379332707607,0.0168135651429873
3.20865090879461,0.0179888113125025
3.23350849051314,0.0190490179834751
3.25836607223168,0.0199940120168422
3.28322365395021,0.0208239722798106
3.30808123566875,0.0215394286778041
3.33293881738728,0.022141259578514
3.35779639910582,0.022630687640909
3.38265398082435,0.023009274070927
3.40751156254288,0.0232789113342678
3.43236914426142,0.0234418143651702
3.45722672597995,0.0235005103182416
3.48208430769849,0.0234578269182532
3.50694188941702,0.0233168794702673
3.53179947113555,0.0230810565994909
3.55665705285409,0.0227540047967878
3.58151463457262,0.0223396118518157
3.60637221629116,0.0218419892612262
3.63122979800969,0.0212654537042637
3.65608737972823,0.0206145076823875
3.68094496144676,0.0198938194232004
3.7058025431653,0.0191082021519928
3.73066012488383,0.0182625928365675
3.75551770660236,0.0173620305127294
3.7803752883209,0.0164116342988657
3.80523287003943,0.0154165812084401
3.83009045175797,0.0143820838689764
3.8549480334765,0.0133133682552218
3.87980561519504,0.0122156515426897
3.90466319691357,0.0110941201856953
3.9295207786321,0.00995390832134571
3.95437836035064,0.00880007659776609
3.97923594206917,0.00763759152115142
4.00409352378771,0.00647130541208403
4.02895110550624,0.00530593705697353
4.05380868722478,0.00414605313550705
4.07866626894331,0.00299605049968507
4.10352385066184,0.00186013937439772
4.12838143238038,0.000742327543625229
4.15323901409891,-0.000353594419741116
4.17809659581745,-0.00142406682871776
4.20295417753598,-0.00246577341632029
4.22781175925452,-0.00347565269001902
4.25266934097305,-0.00445090807413479
4.27752692269158,-0.00538901681423434
4.30238450441012,-0.00628773762401511
4.32724208612865,-0.00714511706151047
4.35209966784719,-0.00795949462766734
4.37695724956572,-0.00872950658640349
4.40181483128426,-0.00945408851111755
4.42667241300279,-0.01013247656827
4.45152999472132,-0.0107642075540452
4.47638757643986,-0.0113491177052301
4.50124515815839,-0.0118873403102691
4.52610273987693,-0.0123793021509771
4.55096032159546,-0.0128257188095785
4.575817903314,-0.0132275888795942
4.60067548503253,-0.0135861871226064
4.62553306675107,-0.0139030566160827
4.6503906484696,-0.0141799999402401
4.67524823018813,-0.0144190694543743
4.70010581190667,-0.0146225567151711
4.7249633936252,-0.0147929810912639
4.74982097534374,-0.014933077629703
4.77467855706227,-0.0150457842310882
4.79953613878081,-0.0151342281908713
4.82439372049934,-0.0152017121647973
4.84925130221787,-0.0152516996166259
4.87410888393641,-0.0152877998061793
4.89896646565494,-0.0153137523754105
4.92382404737348,-0.0153334115896151
4.94868162909201,-0.0153507302901116
4.97353921081054,-0.015369743613743
4.99839679252908,-0.0153945525333998
5.02325437424761,-0.0154293072724708
5.04811195596615,-0.0154781906447091
5.07296953768468,-0.0155454013694732
5.09782711940322,-0.0156351374106999
5.12268470112175,-0.0157515793862885
5.14754228284029,-0.0158988740928716
5.17239986455882,-0.0160811181891991
5.19725744627736,-0.016302342079624
5.22211502799589,-0.016566494037439
5.24697260971442,-0.0168774246061022
5.27183019143296,-0.0172388713147133
5.29668777315149,-0.01765444374248
5.32154535487003,-0.0181276089653468
5.34640293658856,-0.0186616774164627
5.37126051830709,-0.0192597891907423
5.39611810002563,-0.0199249008224363
5.42097568174416,-0.020659772563366
5.4458332634627,-0.0214669561883073
5.47069084518123,-0.0223487833529214
5.49554842689977,-0.0233073545286228
5.5204060086183,-0.0243445285378512
5.54526359033684,-0.0254619127123576
5.57012117205537,-0.0266608536963309
5.5949787537739,-0.0279424289154586
5.61983633549244,-0.0293074387323372
5.64469391721097,-0.0307563993079973
5.66955149892951,-0.0322895361886934
5.69440908064804,-0.033906778636492
5.71926666236657,-0.0356077547215852
5.74412424408511,-0.0373917871936204
5.76898182580364,-0.0392578901486785
5.79383940752218,-0.0412047665078192
5.81869698924071,-0.0432308063223386
5.84355457095925,-0.0453340859200328
5.86841215267778,-0.0475123679058146
5.89326973439631,-0.0497631020289765
5.91812731611485,-0.0520834269282218
5.94298489783338,-0.0544701727642749
5.96784247955192,-0.0569198647484312
5.99270006127045,-0.0594287275738004
6.01755764298899,-0.0619926907542254
6.04241522470752,-0.0646073948739191
6.06727280642606,-0.0672681987487473
6.09213038814459,-0.069970187497791
6.11698796986312,-0.0727081815213536
6.14184555158166,-0.075476746378928
6.16670313330019,-0.0782702035578187
6.19156071501873,-0.0810826421201294
6.21641829673726,-0.0839079312126764
6.2412758784558,-0.0867397334211032
6.26613346017433,-0.0895715189460417
6.29099104189286,-0.0923965805756251
6.3158486236114,-0.0952080494250208
6.34070620532993,-0.097998911409927
6.36556378704847,-0.100762024417208
6.390421368767,-0.103490136132036
6.41527895048554,-0.106175902477096
6.44013653220407,-0.108811906615634
6.4649941139226,-0.111390678466376
6.48985169564114,-0.113904714674727
6.51470927735967,-0.116346498981081
6.53956685907821,-0.118708522923741
6.56442444079674,-0.120983306810674
6.58928202251528,-0.123163420891385
6.61413960423381,-0.125241506657396
6.63899718595235,-0.127210298197355
6.66385476767088,-0.129062643530609
6.68871234938941,-0.130791525841229
6.71356993110795,-0.132390084532983
6.73842751282648,-0.13385163602465
6.76328509454502,-0.135169694204363
6.78814267626355,-0.136337990461391
6.81300025798209,-0.137350493213944
6.83785783970062,-0.138201426852212
6.86271542141915,-0.138885290016922
6.88757300313769,-0.139396873135295
6.91243058485622,-0.139731275138306
6.93728816657476,-0.13988391928568
6.96214574829329,-0.139850568028065
6.98700333001183,-0.139627336839274
7.01186091173036,-0.13921070695541
7.03671849344889,-0.138597536962044
7.06157607516743,-0.137785073175402
7.08643365688596,-0.13677095876865
7.1112912386045,-0.135553241599947
7.13614882032303,-0.134130380704779
7.16100640204157,-0.132501251421259
7.1858639837601,-0.130665149123554
7.21072156547863,-0.128621791545221
7.23557914719717,-0.126371319681129
7.2604367289157,-0.123914297263607
7.28529431063424,-0.121251708815576
7.31015189235277,-0.118384956290533
7.33500947407131,-0.115315854316415
7.35986705578984,-0.112046624067452
7.38472463750838,-0.108579885795122
7.40958221922691,-0.104918650056156
7.43443980094544,-0.101066307682222
7.45929738266398,-0.0970266185423173
7.48415496438251,-0.0928036991550586
7.50901254610105,-0.0884020092138499
7.53387012781958,-0.0838263370933756
7.55872770953812,-0.0790817844108938
7.58358529125665,-0.0741737497204167
7.60844287297518,-0.0691079114219903
7.63330045469372,-0.0638902099719205
7.65815803641225,-0.0585268294828955
7.68301561813079,-0.0530241788055175
7.70787319984932,-0.0473888721847496
7.73273078156785,-0.0416277095862092
7.75758836328639,-0.0357476567880715
7.78244594500492,-0.0297558253345993
7.80730352672346,-0.0236594524469701
7.83216110844199,-0.0174658809861486
7.85701869016053,-0.0111825395610522
7.88187627187906,-0.00481692287318945
7.90673385359759,0.00162342761365836
7.93159143531613,0.00813094259328134
7.95644901703466,0.0146980433446228
7.9813065987532,0.021317159589427
8.00616418047173,0.0279807467068429
8.03102176219027,0.0346813022368529
8.0558793439088,0.0414113816097406
8.08073692562734,0.0481636130445059
8.10559450734587,0.0549307115651196
8.13045208906441,0.0617054920897537
8.15530967078294,0.0684808815545799
8.18016725250147,0.0752499300403525
8.20502483422001,0.0820058208767398
8.22988241593854,0.0887418797061977
8.25473999765708,0.0954515824960356
8.27959757937561,0.102128562494177
8.30445516109414,0.108766616130909
8.32931274281268,0.1153597078756
8.35417032453121,0.121901974063934
8.37902790624975,0.128387725717553
8.40388548796828,0.134811450384162
8.42874306968682,0.141167813032033
8.45360065140535,0.147451656038421
8.47845823312388,0.153657998316685
8.50331581484242,0.159782033631788
8.52817339656095,0.165819128158393
8.55303097827949,0.17176481733983
8.57788855999802,0.177614802109927
8.60274614171656,0.183364944542874
8.62760372343509,0.189011262999039
8.65246130515363,0.194549926836935
8.67731888687216,0.199977250763271
8.70217646859069,0.205289688894291
8.72703405030923,0.2104838286024
8.75189163202776,0.215556384222264
8.7767492137463,0.220504190690381
8.80160679546483,0.225324197191335
8.82646437718337,0.230013460882738
8.8513219589019,0.234569140769111
8.87617954062043,0.238988491792824
8.90103712233897,0.243268859207553
8.9258947040575,0.247407673296676
8.95075228577604,0.251402444495574
8.97560986749457,0.255250758972965
9.0004674492131,0.258950274722189
9.02532503093164,0.262498718208871
9.05018261265017,0.265893881616563
9.07504019436871,0.269133620726873
9.09989777608724,0.272215853465301
9.12475535780578,0.275138559138499
9.14961293952431,0.277899778382989
9.17447052124285,0.280497613839597
9.19932810296138,0.282930231562008
9.22418568467991,0.285195863161876
9.24904326639845,0.287292808687058
9.27390084811698,0.289219440223571
9.29875842983552,0.290974206206087
9.32361601155405,0.292555636416006
9.34847359327259,0.293962347640581
9.37333117499112,0.295193049961116
9.39818875670965,0.296246553633064
9.42304633842819,0.29712177651588
9.44790392014672,0.297817752005768
9.47276150186526,0.298333637420087
9.49761908358379,0.298668722778091
9.52247666530233,0.298822439918988
9.54733424702086,0.298794371894975
9.5721918287394,0.298584262573953
9.59704941045793,0.298192026384141
9.62190699217646,0.297617758130725
9.646764573895,0.296861742813053
9.67162215561353,0.295924465369692
9.69647973733207,0.294806620278009
9.7213373190506,0.293509120934638
9.74619490076913,0.292033108743477
9.77105248248767,0.290379961838528
9.7959100642062,0.288551303370057
9.82076764592474,0.286549009284181
9.84562522764327,0.284375215528018
9.87048280936181,0.28203232461504
9.89534039108034,0.279523011488171
9.92019797279888,0.276850228621423
9.94505555451741,0.274017210304572
9.96991313623594,0.27102747605934
9.99477071795448,0.2678848331399
10.019628299673,0.26459337807511
10.0444858813915,0.261157497214792
10.0693434631101,0.257581866247447
10.0942010448286,0.253871448662115
10.1190586265472,0.250031493132551
10.1439162082657,0.246067529807474
10.1687737899842,0.241985365496332
10.1936313717028,0.237791077745765
10.2184889534213,0.233491007807704
10.2433465351398,0.229091752505774
10.2682041168584,0.224600155012382
10.2930616985769,0.220023294554442
10.3179192802954,0.215368475071211
10.342776862014,0.210643212852985
10.3676344437325,0.205855223194616
10.392492025451,0.201012406102687
10.4173496071696,0.196122831099903
10.4422071888881,0.19119472117468
10.4670647706066,0.186236435928038
10.4919223523252,0.181256453973743
10.5167799340437,0.176263354651127
10.5416375157622,0.17126579911317
10.5664950974808,0.166272510855223
10.5913526791993,0.161292255752158
10.6162102609178,0.156333821673796
10.6410678426364,0.151405997750112
10.6659254243549,0.146517553358986
10.6907830060734,0.141677216910189
10.715640587792,0.136893654499779
10.7404981695105,0.132175448509229
10.765355751229,0.127531076223395
10.7902133329476,0.122968888540816
10.8150709146661,0.118497088848951
10.8399284963846,0.114123712135677
10.8647860781032,0.109856604406823
10.8896436598217,0.105703402477668
10.9145012415402,0.101671514204197
10.9393588232588,0.0977680992175558
10.9642164049773,0.0940000502225594
10.9890739866959,0.0903739749182906
11.0139315684144,0.0868961785959001
11.0387891501329,0.0835726474655824
11.0636467318515,0.0804090327614712
11.08850431357,0.0774106356698714
11.1133618952885,0.0745823931228303
11.1382194770071,0.0719288644956061
11.1630770587256,0.0694542192431061
11.1879346404441,0.0671622255068968
11.2127922221627,0.0650562397209246
11.2376498038812,0.0631391972406727
11.2625073855997,0.0614136040171215
11.2873649673183,0.0598815293336004
11.3122225490368,0.0585445996204288
11.3370801307553,0.0574039933591598
11.3619377124739,0.0564604370852722
11.3867952941924,0.0557142024953096
11.4116528759109,0.0551651046617512
11.4365104576295,0.0548125013563186
11.461368039348,0.0546552934799794
11.4862256210665,0.0546919265955994
11.5110832027851,0.0549203935570225
11.5359407845036,0.0553382382263114
11.5607983662221,0.0559425602689605
11.5856559479407,0.0567300210150836
11.6105135296592,0.0576968503728751
11.6353711113777,0.058838854779032
11.6602286930963,0.0601514261692958
11.6850862748148,0.0616295519508036
11.7099438565333,0.0632678259565294
11.7348014382519,0.0650604603607198
11.7596590199704,0.0670012985328705
11.7845166016889,0.0690838288064469
11.8093741834075,0.0713011991371867
11.834231765126,0.0736462326244506
11.8590893468446,0.0761114438676581
11.8839469285631,0.078689056128384
11.9088045102816,0.0813710192671573
11.9336620920002,0.0841490284224035
11.9585196737187,0.0870145433972921
11.9833772554372,0.089958808718482
12.0082348371558,0.0929728743289102
12.0330924188743,0.0960476168748187
12.0579500005928,0.0991737615451882
12.0828075823114,0.102341904419627
12.1076651640299,0.105542535278569
12.1325227457484,0.108766060827374
12.157380327467,0.112002828283601
12.1822379091855,0.115243149274352
12.207095490904,0.118477323988219
12.2319530726226,0.121695665523946
12.2568106543411,0.124888524375561
12.2816682360596,0.128046312991369
12.3065258177782,0.131159530341971
12.3313833994967,0.134218786430234
12.3562409812152,0.137214826674145
12.3810985629338,0.140138556091529
12.4059561446523,0.142981063213932
12.4308137263708,0.145733643655435
12.4556713080894,0.14838782326093
12.4805288898079,0.150935380757398
12.5053864715264,0.153368369831044
12.530244053245,0.155679140552836
12.5551016349635,0.157860360074964
12.579959216682,0.159905032521203
12.6048167984006,0.161806517994929
12.6296743801191,0.163558550629825
12.6545319618376,0.165155255609977
12.6793895435562,0.166591165088231
12.7042471252747,0.167861232934297
12.7291047069933,0.168960848247187
12.7539622887118,0.169885847570144
12.7788198704303,0.170632525750263
12.8036774521489,0.171197645389534
12.8285350338674,0.171578444838977
12.8533926155859,0.171772644692982
12.8782501973045,0.171778452746758
12.903107779023,0.171594567386017
12.9279653607415,0.171220179384611
12.9528229424601,0.170654972092725
12.9776805241786,0.169899120005414
13.0025381058971,0.168953285708731
13.0273956876157,0.167818615208309
13.0522532693342,0.16649673165306
13.0771108510527,0.164989727474533
13.1019684327713,0.163300154970414
13.1268260144898,0.161431015368582
13.1516835962083,0.159385746415971
13.1765411779269,0.157168208544243
13.2013987596454,0.154782669671817
13.2262563413639,0.15223378870911
13.2511139230825,0.14952659784085
13.275971504801,0.146666483665986
13.3008290865195,0.143659167281954
13.3256866682381,0.140510683405863
13.3505442499566,0.13722735863041
13.3754018316751,0.133815788917096
13.4002594133937,0.13028281643339
13.4251169951122,0.126635505844027
13.4499745768307,0.122881120169406
13.4748321585493,0.119027096326213
13.4996897402678,0.115081020466785
13.5245473219864,0.111050603234426
13.5494049037049,0.106943655051793
13.5742624854234,0.102768061558675
13.599120067142,0.0985317593139169
13.6239776488605,0.0942427118739077
13.648835230579,0.089908886357051
13.6736928122976,0.0855382305998525
13.6985503940161,0.0811386510058452
13.7234079757346,0.0767179911834737
13.7482655574532,0.0722840114633558
13.7731231391717,0.0678443693790473
13.7979807208902,0.06340660118862
13.8228383026088,0.0589781045070579
13.8476958843273,0.0545661221117453
13.8725534660458,0.0501777269752199
13.8974110477644,0.0458198085709467
13.9222686294829,0.0414990604892087
13.9471262112014,0.0372219693913651
13.97198379292,0.0329948053217633
13.9968413746385,0.0288236133875773
14.021698956357,0.0247142068078507
14.0465565380756,0.0206721613241065
14.0714141197941,0.0167028109561207
14.0962717015126,0.0128112450779093
14.1211292832312,0.00900230678069864
14.1459868649497,0.00528059248171241
14.1708444466682,0.00165045273006054
14.1957020283868,-0.00188400584608617
14.2205596101053,-0.00531891751345748
14.2454171918238,-0.00865065339726806
14.2702747735424,-0.0118758165083959
14.2951323552609,-0.0149912359129921
14.3199899369795,-0.0179939601275808
14.344847518698,-0.0208812498262505
14.3697051004165,-0.0236505699493971
14.3945626821351,-0.0262995813056219
14.4194202638536,-0.028826131759824
14.4442778455721,-0.0312282471012371
14.4691354272907,-0.0335041216851656
14.4939930090092,-0.0356521089414647
14.5188505907277,-0.0376707118414129
14.5437081724463,-0.0395585734125533
14.5685657541648,-0.0413144673883611
14.5934233358833,-0.0429372890762529
14.6182809176019,-0.0444260465235296
14.6431384993204,-0.0457798520563709
14.6679960810389,-0.0469979142620159
14.6928536627575,-0.0480795304788252
14.717711244476,-0.04902407985306
14.7425688261945,-0.0498310170149977
14.7674264079131,-0.0504998664204704
14.7922839896316,-0.0510302173971281
14.8171415713501,-0.0514217199277423
14.8419991530687,-0.0516740811957376
14.8668567347872,-0.0517870629109195
14.8917143165057,-0.0517604794261238
14.9165718982243,-0.0515941966482927
14.9414294799428,-0.0512881317403431
14.9662870616613,-0.0508422536031943
14.9911446433799,-0.0502565841205035
15.0160022250984,-0.0495312001420838
15.0408598068169,-0.048666236175686
15.0657173885355,-0.0476618877508617
15.090574970254,-0.0465184154130341
15.1154325519725,-0.0452361493007174
15.1402901336911,-0.0438154942540833
15.1651477154096,-0.0422569353988043
15.1900052971282,-0.0405610441453282
15.2148628788467,-0.038728484540492
15.2397204605652,-0.0367600199056605
15.2645780422838,-0.0346565196934193
15.2894356240023,-0.0324189664932375
15.3142932057208,-0.0300484631154788
15.3391507874394,-0.027546239682653
15.3640083691579,-0.0249136606568805
15.3888659508764,-0.0221522317331627
15.413723532595,-0.0192636065292116
15.4385811143135,-0.016249593004271
15.463438696032,-0.0131121595415296
15.4882962777506,-0.00985344063137791
15.5131538594691,-0.00647574209584431
15.5380114411876,-0.00298154579805469
15.5628690229062,0.000626486215564444
15.5877266046247,0.0043455081883871
15.6125841863432,0.00817248778551619
15.6374417680618,0.0121042039232627
15.6622993497803,0.0161372453298812
15.6871569314988,0.0202680098660673
15.7120145132174,0.0244927046283869
15.7368720949359,0.0288073468533722
15.7617296766544,0.0332077656345427
15.786587258373,0.0376896044591184
15.8114448400915,0.0422483245657425
15.83630242181,0.0468792091191574
15.8611600035286,0.0515773681925213
15.8860175852471,0.0563377445429541
15.9108751669656,0.0611551201609981
15.9357327486842,0.0660241235699989
15.9605903304027,0.0709392378469973
15.9854479121213,0.0758948093325954
16.0103054938398,0.0808850569934453
16.0351630755583,0.0859040823975392
16.0600206572769,0.0909458802593637
16.0848782389954,0.0960043495092404
16.1097358207139,0.101073304838828
16.1345934024325,0.106146488672808
16.159450984151,0.111217583515218
16.1843085658695,0.116280224617781
16.2091661475881,0.121328012916803
16.2340237293066,0.126354528184906
16.2588813110251,0.131353342343916
16.2837388927437,0.136318032885641
16.3085964744622,0.141242196348102
16.3334540561807,0.146119461795916
16.3583116378993,0.150943504255021
16.3831692196178,0.155708058053707
16.4080268013363,0.160406930023989
16.4328843830549,0.165034012519679
16.4577419647734,0.169583296210049
16.4825995464919,0.1740488826107
16.5074571282105,0.178424996316175
16.532314709929,0.182705996901842
16.5571722916475,0.186886390465697
16.5820298733661,0.190960840783917
16.6067906571109,0.194891645055558
16.6315915935071,0.198641063436705
16.6563926925807,0.20220428010389
16.6811937825225,0.20557666979133
16.7059946913634,0.20875380663599
16.7307952468908,0.211731472625
16.755595276565,0.214505665556137
16.7803946074353,0.217072606508737
16.8051930660549,0.219428746824625
16.8299904783956,0.221570774600733
16.8547866697621,0.223495620696811
16.8795814647044,0.225200464263181
16.9043746869305,0.226682737794739
16.9291661592169,0.227940131718323
16.9539557033188,0.228970598521285
16.9787431398784,0.22977235642944
17.003528288332,0.230343892642654
17.0283109668159,0.230683966136165
17.0530909920697,0.230791610035183
17.0778681793394,0.230666133569646
17.1026423422766,0.230307123614944
17.1274132928375,0.229714445823236
17.1521808411787,0.228888245348524
17.1769447955505,0.227828947167018
17.2017049621887,0.226537255992543
17.2264611452028,0.225014155784812
17.2512131464618,0.223260908846356
17.2759607654773,0.221279054501837
17.3007037992826,0.219070407351316
17.3254420423098,0.216637055086941
17.3501752862617,0.213981355860453
17.3749033199816,0.211105935186866
17.3996259293183,0.208013682367831
17.4243428969869,0.204707746416415
17.4490540024255,0.201191531463507
17.4737590216472,0.197468691624705
17.4984577270872,0.193543125305493
17.5231498874449,0.189418968921706
17.5478352675201,0.185100590011842
17.572513628044,0.180592579717641
17.5971847255037,0.175899744609615
17.621848311961,0.171027097834845
17.6465041348637,0.165979849565419
17.67115193685,0.160763396727356
17.6957914555461,0.155383311991772
17.720422423355,0.149845332012362
17.7450445672373,0.144155344896091
17.7696576084837,0.138319376897156
17.7942612624774,0.132343578327959
17.8188552384474,0.126234208684843
17.8434392392112,0.119997620990817
17.8680129609066,0.113640245362277
17.892576092712,0.107168571811908
17.9171283165546,0.100589132305395
17.9416693068059,0.093908482095322
17.9661987299628,0.0871331803615794
17.9907162443159,0.0802697701937795
18.0152214996005,0.0733247579574497
18.0397141366337,0.0663045920921559
18.0641937869328,0.0592156413961189
18.0886600723163,0.0520641728582583
18.113112604486,0.0448563291049168
18.1375509845882,0.0375981055346469
18.161974802754,0.030295327220411
18.1863836376168,0.0229536256642265
18.2107770558048,0.0155784154946293
18.2351546114088,0.00817487120231449
18.2595158454219,0.000747904013823804
18.2838602851509,-0.00669786099283337
18.308187443596,-0.0141581074232766
18.3324968187985,-0.0216288496423625
18.3567878931527,-0.0291064542779278
18.3810601326812,-0.0365876610387693
18.4053129862699,-0.0440696027322295
18.4295458848615,-0.0515498243667692
18.4537582406025,-0.0590263012257249
18.4779494459433,-0.0664974558001011
18.502118872686,-0.0739621734707199
18.5262658709771,-0.0814198168333927
18.5503897682413,-0.088870238564946
18.5744898680526,-0.0963137927329857
18.5985654489374,-0.103751344458128
18.6226157631051,-0.111184277844127
18.6466400351012,-0.118614502098799
18.6706374603774,-0.126044455776882
18.6946072037712,-0.133477109084943
18.7185483978903,-0.140915964198066
18.7424601413928,-0.148365053548344
18.7663414971566,-0.155828936056001
18.7901914903278,-0.163312691285349
18.814009106241,-0.170821911519524
18.8377932881995,-0.178362691760114
18.8615429351042,-0.185941617670216
18.8852568989211,-0.193565751492082
18.9089339819716,-0.201242615983309
18.9325729340329,-0.208980176428293
18.9561724492318,-0.216786820794445
18.9797311627153,-0.224671338115264
19.0032476470774,-0.232642895194775
19.0267204085238,-0.240711011739864
19.050147882749,-0.248885534038752
19.0735284305023,-0.257176607315009
19.0968603328147,-0.265594646897057
19.1201417858551,-0.274150308353101
19.1433708953846,-0.282854456750539
19.1665456707689,-0.291718135207279
19.1896640185112,-0.300752532909794
19.2127237352571,-0.309968952779211
19.2357225002247,-0.319378778972082
19.2586578670025,-0.328993444406715
19.2815272546557,-0.338824398508961
19.3043279380712,-0.348883075373047
19.3270570374693,-0.35918086253335
19.3497115069952,-0.369729070541864
19.3722881223016,-0.380538903543361
19.3947834670174,-0.39162143103578
19.4171939179894,-0.402987560997141
19.4395156291711,-0.414648014551978
19.4617445140176,-0.42661330233984
19.4838762262302,-0.438893702735527
19.5059061386782,-0.45149924205513
19.5278293203054,-0.464439676863263
19.549640510807,-0.477724478474701
19.5713340928424,-0.491362819717413
19.5929040615209,-0.505363563992968
19.6143439908739,-0.519735256633817
19.6356469969937,-0.534486118513793
19.6568056974948,-0.549624041817336
19.6778121669147,-0.56515658781263
19.6986578876455,-0.581090986402546
19.7193336959512,-0.597434137142504
19.7398297226016,-0.614192611313787
19.7601353276246,-0.631372654521138
19.7802390286693,-0.648980189141335
19.8001284224641,-0.667020815780663
19.8197900988776,-0.685499812699381
19.839209547131,-0.704422131925742
19.8583710538026,-0.723792390505913
19.8772575924025,-0.743614855015166
19.8958507045189,-0.763893417086756
19.9141303728536,-0.784631557297578
19.9320748869181,-0.80583229428763
19.9496607027896,-0.827498115494469
19.9668622991645,-0.849630885375651
19.9836520330666,-0.872231726508885
20,-0.895300868560696
