0.627565470875355
0.626470699235758
0.625636537450524
0.625044526292064
0.624672745382206
0.62449655795864
0.624489425478433
0.624623770823574
0.624871866295016
0.625206720645242
0.625602938246041
0.626037523231869
0.626490602179039
0.626946040614756
0.627391931389714
0.627820936637744
0.628230469582691
0.628622707688471
0.629004434396458
0.629386712736623
0.629784400194964
0.630215520118315
0.630700510387893
0.63126137485677
0.631920766910327
0.632701037294045
0.633623279925822
0.634706409688054
0.635966305152232
0.637415046858661
0.639060278246861
0.640904711752992
0.642945797151822
0.645175563153472
0.64758063682848
0.650142438902775
0.652837546613436
0.655638209911461
0.658513001579971
0.66142757751039
0.664345520104918
0.667229235658337
0.670040875666655
0.672743252307036
0.675300719770143
0.677679995588403
0.679850899435002
0.681786990877895
0.683466092048359
0.684870685901707
0.685988185488435
0.686811074210282
0.687336921224514
0.687568279830229
0.687512479709451
0.687181326231348
0.68659072162975
0.685760223741693
0.684712558192814
0.683473099508319
0.682069335712056
0.680530329661101
0.67888618876497
0.677167552970996
0.675405109065874
0.67362913753917
0.671869096551609
0.670153246003352
0.668508313339894
0.666959201581749
0.665528739119065
0.664237470061713
0.663103483358962
0.662142278476004
0.661366665112621
0.660786694250053
0.660409617699032
0.660239873284629
0.660279092838623
0.66052613027992
0.660977107254789
0.661625474089651
0.6624620841872
0.663475280474822
0.664650993089091
0.665972848138775
0.667422288108176
0.668978705208554
0.670619589713417
0.672320695970679
0.674056229312409
0.675799057420855
0.677520949799781
0.679192848792806
0.680785175047527
0.682268169424938
0.683612272097681
0.684788537990901
0.685769085843162
0.686527576073209
0.687039710424149
0.687283744130696
0.687240999240752
0.686896365848865
0.686238776493695
0.68526163795229
0.683963204231733
0.682346874789507
0.680421402953836
0.678201001175188
0.675705332094035
0.672959377394238
0.669993179927092
0.666841458507929
0.663543098949941
0.6601405291359
0.656678990056571
0.653205718584643
0.649769061135021
0.646417540135652
0.643198897273763
0.64015913869984
0.637341607712095
0.63478610989365
0.632528114258372
0.630598051741763
0.629020729446345
0.627814875539981
0.626992825754761
0.626560358200943
0.62651667885797
0.626854555793354
0.627560596041515
0.628615655284112
0.629995367125836
0.631670775945676
0.633609055087133
0.635774290568254
0.638128309553407
0.640631532518129
0.643243828318881
0.645925352195755
0.648637348018533
0.65134289775653
0.654007603127038
0.656600186572807
0.659093001056378
0.661462440566494
0.663689245646995
0.665758700631159
0.667660721556015
0.669389835915136
0.670945057468989
0.672329661261459
0.673550865788196
0.674619430927996
0.675549181783391
0.676356469978325
0.677059585221009
0.677678131042505
0.678232379541936
0.678742620674483
0.679228522068788
0.679708515511542
0.680199226043497
0.680714959030085
0.681267259566137
0.681864557124512
0.68251190645583
0.683210833403672
0.683959291551696
0.684751732524572
0.685579289405292
0.686430069209873
0.687289546797525
0.688141049123035
0.688966315498495
0.689746116663281
0.690460913096684
0.691091531264444
0.691619835464919
0.692029372701993
0.692305968597406
0.69243825376805
0.692418102300734
0.692240966889698
0.691906098759426
0.691416644546624
0.690779616706716
0.690005738570828
0.689109169728597
0.688107121767917
0.687019378389392
0.685867737368929
0.684675394626371
0.683466292658334
0.682264456728999
0.681093342438967
0.67997521760291
0.678930599793116
0.677977768516618
0.677132367890529
0.676407111994727
0.67581160096791
0.675352251543365
0.67503234127478
0.674852161361155
0.674809268917714
0.67489882591674
0.675114008977321
0.67544647182844
0.675886840686794
0.676425222026451
0.677051702283846
0.677756819915979
0.678531991855941
0.679369878702641
0.680264675829981
0.681212320874278
0.682210611613284
0.683259231934554
0.684359687253328
0.685515154234616
0.686730252866598
0.688010751705322
0.689363219368004
0.690794637022148
0.692311987655178
0.693921838296764
0.695629931113326
0.697440798437063
0.699357415389783
0.70138090189425
0.7035102836285
0.705742318978649
0.708071396396377
0.710489503882904
0.712986269712135
0.715549071073075
0.718163205143969
0.720812115279752
0.723477663553148
0.726140439870694
0.728780097299682
0.731375703082314
0.733906095052437
0.736350233765602
0.738687541549916
0.740898220819058
0.742963545291188
0.744866119158016
0.746590100679385
0.748121388078349
0.74944776692583
0.750559019388541
0.751446996735971
0.75210565733995
0.752531073043091
0.752721407219121
0.752676868106873
0.75239964108484
0.751893803484857
0.751165225344513
0.750221459193347
0.749071621582851
0.747726268629239
0.746197267363871
0.744497664200268
0.742641551347973
0.740643931549501
0.738520581102947
0.736287910773867
0.733962823909246
0.731562570856029
0.729104598668252
0.726606395070548
0.724085325740064
0.721558464179816
0.719042413787107
0.716553122169531
0.714105688322176
0.711714163940614
0.709391350886705
0.707148597622558
0.704995598250182
0.702940198601839
0.700988214575316
0.699143268551784
0.697406650222528
0.695777208436136
0.694251280714999
0.692822666840737
0.691482652343881
0.690220086837675
0.689021520908228
0.687871403729794
0.686752341749403
0.685645416732921
0.68453055925658
0.68338697145159
0.682193590565366
0.680929582800259
0.679574855041938
0.678110570604461
0.676519654097819
0.674787270050781
0.672901260059156
0.670852524011689
0.668635332375026
0.666247558563669
0.663690823013447
0.660970543617369
0.658095890540523
0.655079646952241
0.651937980729424
0.648690135518666
0.64535805252442
0.641965936858125
0.638539784105601
0.635106883847209
0.631695317138022
0.628333464409243
0.62504953892048
0.621871158853807
0.618824968515396
0.615936316053578
0.613228991793472
0.610725027921402
0.608444557022443
0.606405724065894
0.604624644008525
0.603115395373469
0.601890039053412
0.600958651224587
0.600329359640554
0.600008373653866
0.6
0.600306638547757
0.6009287547244
0.601864827997877
0.603111278473558
0.604662376176537
0.606510139795463
0.608644233436911
0.61105187118666
0.613717739935659
0.616623950978268
0.619750030336986
0.623072956650468
0.626567253846584
0.63020514379668
0.633956761813938
0.637790435329369
0.641673023468551
0.645570312673607
0.64944746107463
0.653269482109237
0.657001756002289
0.660610556219741
0.664063576955752
0.66733044713945
0.670383216380175
0.673196798714999
0.675749360971651
0.678022643989978
0.680002206817222
0.68167758625314
0.68304236670281
0.684094158117033
0.684834482769966
0.685268574638562
0.685405098099191
0.685255795430387
0.684835075094434
0.684159554857055
0.683247575396567
0.682118701069363
0.680793224875881
0.679291694372922
0.677634474295381
0.675841360004756
0.673931253626155
0.671921911954145
0.669829772012972
0.667669856685517
0.665455759233183
0.663199701982862
0.660912661127401
0.658604546637249
0.65628442386317
0.653960761649881
0.651641690773776
0.649335256323084
0.64704964827257
0.64479339594018
0.642575514179566
0.640405591949125
0.638293817159341
0.636250935262449
0.634288142720756
0.632416920074153
0.630648812629875
0.6289951696404
0.627466855067097
0.626073944531721
0.624825423761516
0.623728903709604
0.622790366601918
0.622013955493096
0.621401817616537
0.620954009033005
0.620668464987879
0.620541037163817
0.620565595850078
0.620734192119415
0.621037272565174
0.621463937131725
0.622002229159799
0.622639446011768
0.623362458543407
0.624158028208593
0.625013111643725
0.625915144069629
0.626852294637906
0.627813688790833
0.628789594652309
0.629771572283937
0.630752586206191
0.631727082807408
0.632691035084238
0.633641957553353
0.634578894160564
0.635502381639768
0.636414390120762
0.637318241956077
0.638218508851664
0.639120886569135
0.640032045838281
0.640959457783346
0.641911192207619
0.642895687550801
0.643921492249702
0.644996978574995
0.646130031727445
0.647327718964026
0.648595945666156
0.649939107415318
0.651359749149154
0.652858244174448
0.65443250706071
0.656077755095898
0.657786332948222
0.659547614374421
0.661347993216205
0.663170973548394
0.664997365746038
0.666805591528868
0.668572096864738
0.67027186714683
0.671879034504027
0.673367562675236
0.674711990794441
0.675888213902806
0.676874275216098
0.677651143288803
0.678203446350579
0.678520136320719
0.678595056357
0.678427388240111
0.678021959356625
0.677389393397645
0.676546093970816
0.675514055930368
0.674320505138854
0.672997373346647
0.671580620669619
0.670109423528209
0.668625250667357
0.667170853819969
0.665789202556038
0.664522394767403
0.663410575012858
0.662490892576945
0.661796529613147
0.66135582722847
0.661191533941953
0.661320196768778
0.661751710424363
0.662489035005987
0.663528087197386
0.66485780475672
0.666460378981688
0.668311645170032
0.670381616956392
0.672635146924288
0.675032693148103
0.677531169362807
0.680084855302545
0.682646343375152
0.685167498200918
0.687600406569858
0.689898296972587
0.69201640993336
0.693912802810141
0.695549075414305
0.696891005633079
0.697909087109404
0.698578963854513
0.698881759358423
0.698804300255864
0.698339236846995
0.697485064724164
0.696246053391539
0.694632089069449
0.692658439846864
0.69034545199096
0.687718186558766
0.684806005507925
0.681642116304156
0.678263083611773
0.674708316075522
0.671019535506433
0.667240235023227
0.663415131926788
0.659589620349227
0.655809228068174
0.652119081351127
0.648563381324892
0.645184895170325
0.642024465428249
0.639120540859344
0.636508732604599
0.634221399805016
0.632287269308437
0.63073109455672
0.629573359141348
0.628830030771556
0.628512371451793
0.628626809458558
0.629174878198091
0.630153226190764
0.631553701261283
0.63336351053393
0.635565456080224
0.638138244104827
0.641056863465346
0.644293027197794
0.647815668665653
0.651591482072333
0.655585495475722
0.659761663209479
0.664083463821608
0.668514489337601
0.673019011868301
0.677562514309496
0.682112173091957
0.68663728258235
0.691109612730668
0.695503693815239
0.699797024547568
0.703970202257612
0.708006976279085
0.711894227895879
0.71562188221018
0.719182758983705
0.722572370839376
0.725788678167101
0.728831810650514
0.731703765537367
0.734408092646756
0.736949575685899
0.739333918790204
0.741567446358823
0.743656823288886
0.745608801666005
0.747429998889762
0.749126711134811
0.750704764994955
0.752169409142708
0.753525246865235
0.754776209406524
0.755925569147484
0.756975990780625
0.757929617774488
0.758788190568823
0.75955319209361
0.760226015369803
0.760808147141713
0.761301360733669
0.761707910649113
0.762030720877747
0.762273558490666
0.762441183932395
0.762539469509837
0.762575477975332
0.762557493840312
0.762495001162301
0.762398603030421
0.76227987982417
0.76215118550655
0.762025383682612
0.761915527831792
0.761834492908585
0.76179456828301
0.761807024626559
0.76188166969773
0.762026409898188
0.762246835816274
0.762545850623458
0.762923360039897
0.763376041567641
0.763897208774294
0.76447678361116
0.765101386131957
0.765754546654166
0.766417040535166
0.767067340520954
0.767682176300867
0.768237185723457
0.768707637360788
0.769069200009161
0.769298731520127
0.76937505726742
0.769279707724498
0.768997585145763
0.768517531236882
0.767832770920224
0.766941211734266
0.765845583869749
0.764553412102629
0.763076817652392
0.761432154962476
0.759639495242945
0.757721975014293
0.755705033546828
0.75361556774112
0.751481036430392
0.749328548154745
0.7471839670762
0.745071070858837
0.743010792084655
0.741020571232212
0.739113844586671
0.7372996848978
0.735582606411553
0.733962539346756
0.732434972254053
0.730991254256857
0.729619043193472
0.728302880387695
0.72702486836769
0.725765424482572
0.724504081138722
0.723220302349747
0.721894286472249
0.720507726343076
0.719044500456805
0.717491272199037
0.71583797832145
0.714078192620991
0.712209355960521
0.710232869122851
0.708154050302412
0.705981964092879
0.703729133423549
0.701411149853644
0.699046200804023
0.696654534578805
0.694257885335836
0.691878880480533
0.689540452304208
0.687265274132525
0.685075238900828
0.682990995075354
0.681031551365604
0.679213957915417
0.677553067818683
0.67606137907785
0.674748953693156
0.673623407597812
0.672689962766264
0.671951551106994
0.671408958752202
0.671060999073489
0.670904703141402
0.670935517324588
0.671147499176793
0.671533504549428
0.672085360843889
0.672794023329314
0.673649713355131
0.674642038959161
0.675760099713381
0.676992578594925
0.678327824189126
0.679753926629246
0.681258790392064
0.682830206465721
0.684455925573403
0.686123733173948
0.687821525972557
0.689537388761323
0.691259669657433
0.692977051284671
0.694678615195579
0.696353896875531
0.6979929289976
0.69958627117619
0.701125025244698
0.702600835990325
0.7040058782408
0.705332832134812
0.70657484924635
0.707725512909108
0.708778796551489
0.709729024074034
0.710570836266714
0.711299166979437
0.71190923224805
0.712396534876507
0.712756886129915
0.712986445254654
0.713081776563652
0.713039922857764
0.712858493042673
0.71253576098195
0.712070771928832
0.711463452321197
0.710714718317125
0.709826578197042
0.708802223662716
0.707646105120779
0.706363986245663
0.704962973470875
0.703451516556619
0.70183937702461
0.70013756203631
0.698358222215408
0.696514512971989
0.694620420061056
0.692690551380283
0.690739898349511
0.688783571575881
0.686836516841246
0.684913218692262
0.683027400001358
0.681191726729911
0.679417527696836
0.677714539377104
0.676090685578882
0.674551901245253
0.673102008588231
0.671742652303973
0.670473298778148
0.669291302032774
0.668192036775424
0.667169096390621
0.666214551175594
0.665319259687769
0.664473223856832
0.663665976629052
0.662886989448931
0.662126085916119
0.661373847531227
0.660621997583114
0.659863749924408
0.659094110596735
0.658310121943482
0.657511040907179
0.656698445557037
0.655876266427223
0.655050741861832
0.654230299154303
0.653425365739826
0.652648116962654
0.651912168922932
0.651232226551654
0.650623698325415
0.65010228988787
0.649683589280271
0.649382656500357
0.649213629720389
0.649189359725093
0.649321083011467
0.649618142565954
0.650087763648691
0.650734890024152
0.651562084043361
0.652569491870244
0.653754873023247
0.655113691344302
0.656639262582441
0.658322952057934
0.660154414418825
0.662121866370786
0.664212382497177
0.666412203918978
0.668707049586447
0.671082420440647
0.673523887508829
0.676017356160185
0.678549300188185
0.681106961028956
0.683678509188605
0.686253166746666
0.688821291538544
0.691374425211577
0.693905308721343
0.69640786992482
0.698877188689334
0.701309445344569
0.703701858352995
0.706052616775367
0.708360812494642
0.710626376281951
0.712850020702993
0.715033191642669
0.717178028944711
0.719287335397437
0.721364552119248
0.723413737374165
0.725439545035269
0.727447198357008
0.729442454447383
0.731431554864805
0.733421158104191
0.735418250370282
0.737430031937232
0.739463777523693
0.741526670422448
0.743625611554583
0.745767006104907
0.747956531868158
0.750198894823074
0.752497578683619
0.754854596187748
0.757270250615601
0.759742916432827
0.762268847995743
0.764842024913684
0.767454041937575
0.770094050148321
0.772748754788192
0.775402473364674
0.778037255726858
0.780633065749762
0.783168022151789
0.785618693909269
0.787960443814183
0.790167812035621
0.792214930171094
0.79407595527414
0.795725512764537
0.797139136990054
0.798293698513835
0.799167807925493
0.799742187070926
0.8
0.799927137561198
0.799512451335677
0.798747934402262
0.797628848162653
0.796153796042269
0.794324746238554
0.79214700675434
0.789629156689076
0.786782938148825
0.783623113184962
0.780167289913289
0.776435721453592
0.772451080636402
0.768238212634228
0.763823866881809
0.759236408948122
0.754505512500624
0.74966183123609
0.744736650701116
0.739761520324487
0.734767866742229
0.729786590594633
0.724847650364304
0.719979638429327
0.715209356226494
0.710561397137745
0.706057747298733
0.701717415847807
0.69755610705761
0.693585947204425
0.68981527883878
0.68624853426075
0.682886198446435
0.679724869429894
0.676757421270667
0.67397327132545
0.67135874972633
0.668897564912234
0.666571354954715
0.66436031046836
0.66224385130808
0.660201336230462
0.658212782414327
0.656259570345946
0.654325109185804
0.652395438407063
0.650459743238977
0.648510764214439
0.646545084808916
0.644563285618337
0.642569958563588
0.640573580004347
0.638586247149073
0.63662328750704
0.634702756093445
0.632844839439357
0.631071188974351
0.629404208881724
0.627866324963552
0.626479261338992
0.625263350934278
0.624236903762565
0.623415654044256
0.62281230343764
0.622436173226738
0.622292973466391
0.622384692047501
0.622709601655018
0.623262377876674
0.62403431749112
0.625013642400388
0.626185871916959
0.62753424427044
0.629040167316999
0.630683678522261
0.632443895305097
0.634299438692014
0.636228815818471
0.638210749972258
0.640224450430476
0.642249818107615
0.644267586815372
0.646259403548259
0.648207854479534
0.650096446127928
0.651909553313966
0.653632346974963
0.655250715596426
0.656751193928448
0.65812091181017
0.659347574379984
0.660419482791998
0.661325601904683
0.662055678390687
0.662600409485809
0.662951659305372
0.663102716462227
0.663048583770055
0.662786288242767
0.662315197522032
0.661637327373963
0.660757624061577
0.659684205263364
0.658428543784226
0.657005579579968
0.655433747551271
0.653734911094491
0.651934194440394
0.650059710264984
0.648142182801243
0.646214470587237
0.644310996917302
0.642467099877183
0.640718317399209
0.639099625931362
0.63764465394411
0.636384893482537
0.635348934206906
0.634561744771167
0.634044025910463
0.633811658218688
0.633875265301621
0.634239909831206
0.634904936079656
0.635863967892244
0.6371050659134
0.638611042391718
0.640359926260557
0.642325565645168
0.644478349716502
0.6467860271264
0.649214594336344
0.651729224185725
0.654295203193812
0.65687884546536
0.659448351733245
0.661974584024097
0.664431729615432
0.666797832245522
0.669055173764934
0.671190495357603
0.673195053848004
0.67506451516353
0.676798693441325
0.678401150266134
0.679878673830474
0.681240662186105
0.682498438019433
0.683664524403128
0.684751911685233
0.685773345074458
0.686740660629955
0.687664194388817
0.688552285439445
0.689410889088834
0.690243311119193
0.691050068740226
0.691828878473234
0.692574766093225
0.693280289120413
0.693935858372015
0.694530141894642
0.695050532285207
0.695483657013287
0.695815910872611
0.696033990063024
0.696125408549848
0.696078979149491
0.695885244113712
0.695536842685132
0.695028806027573
0.694358772957554
0.693527122892602
0.692537025281374
0.69139440740522
0.690107844779079
0.688688380392181
0.687149280696952
0.685505737575708
0.68377452649979
0.681973631763818
0.680121850051637
0.678238383693565
0.676342434827343
0.674452811293893
0.67258755449503
0.670763598620821
0.668996469624224
0.667300031085199
0.665686282674268
0.664165215311899
0.662744725349893
0.661430588210875
0.660226489961328
0.659134113324489
0.658153272734818
0.65728209127657
0.656517210819831
0.655854025451081
0.65528692746735
0.654809554825107
0.654415029050144
0.654096173241937
0.653845700937521
0.653656368199408
0.6535210832951
0.653432970651978
0.653385388289316
0.653371900521948
0.653386210262773
0.653422057589133
0.653473093254702
0.653532737413793
0.653594034892021
0.653649518827466
0.653691094393341
0.653709953603289
0.653696530932525
0.653640507730203
0.653530871242824
0.653356031625434
0.653103997707792
0.65276260963082
0.652319823894541
0.651764043972058
0.651084487538549
0.650271579614107
0.649317359577158
0.648215889101995
0.646963647619968
0.645559901891168
0.644007036679451
0.642310834314932
0.640480692063989
0.638529767663185
0.636475045064873
0.634337314344144
0.632141061785877
0.629914268364892
0.627688117109736
0.625496612158109
0.623376114623397
0.62136480264672
0.619502065152377
0.617827840796626
0.616381915337297
0.615203192090795
0.614328951221895
0.613794114275652
0.613630530565686
0.613866301751223
0.61452516015762
0.615625915135622
0.617181980050467
0.619200990404067
0.621684521203619
0.624627909097097
0.62802018211048
0.63184409715803
0.636076282967482
0.640687483767799
0.645642897112074
0.650902597612951
0.656422037185918
0.662152611631872
0.668042283020643
0.674036247312643
0.68007763690709
0.686108248248871
0.692069285172965
0.697902109228102
0.70354898872273
0.708953838615795
0.714062943593657
0.718825656718921
0.723195065919522
0.727128620343635
0.730588708295736
0.733543178164331
0.735965793534589
0.737836613632533
0.739142290449162
0.739876274407389
0.740038921308526
0.739637494551886
0.738686058260152
0.737205258938203
0.735221995594396
0.73276898079007
0.72988419776814
0.72661026154656
0.722993694542481
0.719084129813419
0.714933457262345
0.710594930063548
0.706122250047276
0.701568651771205
0.69698600546064
0.69242395889038
0.687929137601281
0.683544421603743
0.679308314946046
0.675254422261488
0.671411043713073
0.667800896700272
0.664440969362919
0.661342507406239
0.658511132179918
0.655947084379791
0.653645584312547
0.651597296480772
0.649788883412599
0.648203631274485
0.646822127953089
0.645622973043545
0.644583498588576
0.643680479506066
0.642890813428012
0.642192151131615
0.641563460828051
0.640985512215085
0.640441269301709
0.639916184461519
0.639398389835629
0.638878785943658
0.63835103102598
0.637811438086629
0.637258789696876
0.636694083232008
0.636120221246094
0.63554166306519
0.634964054351561
0.634393851345199
0.633837955742432
0.633303374774939
0.632796919086149
0.632324948571243
0.631893173577665
0.631506515893994
0.631169030931492
0.630883889567879
0.630653415410848
0.630479170867519
0.630362083470792
0.630302602483636
0.630300874917193
0.630356929767638
0.630470859480039
0.630642988338786
0.630874018595056
0.631165146587575
0.631518142798603
0.63193539161443
0.632419888433127
0.632975193595241
0.633605344331795
0.634314727471239
0.635107916983507
0.635989481543635
0.636963768164487
0.638034668586325
0.639205375538607
0.640478136230336
0.641854010504693
0.643332641034439
0.644912042753792
0.646588418430144
0.648356006876705
0.650206969789275
0.652131322545625
0.654116913520413
0.656149455529297
0.658212611914631
0.660288138522153
0.66235608140523
0.664395028555977
0.666382412341007
0.668294857667668
0.670108569290136
0.671799750157939
0.673345041390166
0.674721973403031
0.675909416995265
0.676888022860516
0.677640638085927
0.678152688726505
0.67841251850647
0.678411675056809
0.678145136793846
0.677611475496747
0.676812951755907
0.675755542631787
0.674448902974274
0.672906263798561
0.67114427279872
0.669182783425184
0.667044599900932
0.664755186072913
0.662342346088099
0.659835884573383
0.65726725333684
0.654669190668125
0.652075358187464
0.649519978975046
0.647037479507175
0.644662136828923
0.642427731490232
0.640367206130698
0.638512329263087
0.63689336379731
0.635538740159878
0.634474734468241
0.633725153062284
0.633311025705456
0.63325031086158
0.633557617539248
0.634243949182255
0.635316475885575
0.636778341757118
0.638628514466927
0.64086168388805
0.643468216219252
0.646434169093444
0.649741371943314
0.653367574362979
0.657286663433889
0.661468949049729
0.665881514262106
0.670488625663278
0.675252196910095
0.680132296755651
0.685087691463784
0.690076410296882
0.695056321935722
0.699985709242343
0.704823829728596
0.70953144944384
0.714071338730462
0.718408719387468
0.722511654190796
0.726351371395093
0.729902518729013
0.733143343432626
0.736055797006047
0.738625565476095
0.740842028076413
0.742698149211619
0.744190310377004
0.745318090276488
0.746084002673831
0.746493202484144
0.746553171232582
0.746273393252572
0.745665033856758
0.74474063019131
0.743513804592687
0.741999009032356
0.740211307698918
0.7381662029802
0.735879508132226
0.73336726782863
0.730645725650724
0.727731335486455
0.724640811838228
0.721391212274482
0.718000043771614
0.714485383545284
0.710866004214743
0.70716149281668
0.703392353304811
0.699580082737876
0.695747212352338
0.691917306098517
0.688114910934051
0.68436545514521
0.680695093121072
0.677130497245861
0.67369859980467
0.670426289921488
0.667340072475102
0.664465697586825
0.661827770576041
0.659449353184307
0.657351567344084
0.655553212802771
0.65407040951607
0.652916274926306
0.652100645088777
0.651629847165295
0.651506529143037
0.651729550839859
0.652293938408374
0.653190902731797
0.6544079203901
0.655928874329938
0.657734250047352
0.659801382023819
0.662104744362524
0.664616279054813
0.667305755052866
0.670141151306674
0.67308905710345
0.676115083380654
0.679184279121251
0.682261547433536
0.68531205642324
0.688301640445272
0.69119718774773
0.693967010873949
0.6965811964625
0.69901193128425
0.701233801493115
0.703224062164027
0.704962874273667
0.706433506374951
0.707622498352581
0.708519784848569
0.709118776232506
0.709416395373237
0.709413068950631
0.709112672623858
0.708522430034279
0.707652766348437
0.706517117816603
0.705131699609268
0.703515234971499
0.701688649478184
0.699674734860185
0.69749778748462
0.695183227099518
0.69275720188634
0.69024618620026
0.687676577617965
0.685074300058074
0.682464419792476
0.679870781128876
0.677315668413646
0.674819500774383
0.672400565683843
0.670074796968399
0.667855602289832
0.665753744383837
0.663777279428978
0.661931554837956
0.66021926750876
0.658640582156955
0.657193307795035
0.655873128767292
0.654673885039962
0.653587894750328
0.652606310409498
0.651719498713247
0.650917432727543
0.650190084361196
0.649527804589777
0.648921678910378
0.648363846024141
0.647847768776999
0.647368447925896
0.646922571296911
0.646508593294192
0.646126742409959
0.64577895726029
0.645468754597505
0.645201035587682
0.64498183925032
0.644818054202874
0.644717101617522
0.644686603485063
0.644734050823779
0.644866486334367
0.64509021518578
0.645410556156745
0.645831643323084
0.646356285971383
0.646985891559286
0.647720453473758
0.648558602213558
0.649497715594869
0.650534080797452
0.651663098666279
0.652879518772911
0.654177692407725
0.655551829973867
0.656996249208891
0.658505601260305
0.66007506284442
0.6617004844542
0.663378486757253
0.66510649982825
0.666882742568004
0.668706142446588
0.670576198444828
0.672492792639914
0.674455958182717
0.676465613360294
0.678521272960666
0.680621749213765
0.682764855149499
0.684947123288967
0.687163552183852
0.689407392473765
0.691669982885545
0.693940645005323
0.696206643772343
0.698453218535283
0.700663687240785
0.702819623953535
0.704901107500594
0.706887036652144
0.708755504958128
0.710484226217295
0.712050999623807
0.713434201978309
0.714613293025934
0.715569319050725
0.716285399367014
0.716747180347461
0.716943242146817
0.716865444336104
0.716509198250192
0.715873655946531
0.714961808222668
0.713780487068689
0.712340271136354
0.710655296166642
0.708742975691645
0.706623640564745
0.704320108821857
0.701857199889185
0.699261209098283
0.696559359740198
0.693779250412767
0.690948315152955
0.688093312806697
0.685239860323672
0.682412022268
0.679631965941167
0.676919688284191
0.67429281734788
0.671766487788223
0.669353286751217
0.667063263835126
0.664903996707692
0.662880702522815
0.660996384590703
0.659252003821182
0.657646665242519
0.656177811307449
0.654841415598871
0.653632172768614
0.652543682888361
0.651568630656931
0.65069896189191
0.649926061255258
0.649240936074909
0.648634411325645
0.648097340275352
0.647620833998895
0.647196510983529
0.646816765526028
0.646475050731021
0.646166168878813
0.645886558979419
0.64563456871493
0.645410695931823
0.64521778358793
0.645061151751709
0.644948651003736
0.644890623445042
0.644899760445131
0.644990850162664
0.645180412573662
0.64548622501558
0.645926746824082
0.646520457195311
0.647285125631026
0.648237038905958
0.64939021215261
0.650755614150462
0.652340438057096
0.654147448523432
0.656174434369215
0.658413792814543
0.660852266804226
0.663470851430076
0.666244879116786
0.669144286397451
0.672134058097391
0.675174837907276
0.678223687982184
0.681234974643182
0.684161352725645
0.686954817796686
0.689567793467048
0.691954220392632
0.694070614267614
0.695877062058601
0.697338128763285
0.698423650897889
0.699109397493869
0.699377584368315
0.699217232575717
0.698624367016414
0.697602055960424
0.696160296572291
0.694315755264027
0.692091374777387
0.68951586226882
0.686623074350261
0.683451316074669
0.68004257132585
0.676441682077706
0.672695493639807
0.668851982415866
0.664959381972733
0.661065322436265
0.657215997460837
0.65345537229814
0.649824445827356
0.646360578784537
0.643096899802051
0.640061800179041
0.637278527478685
0.634764887011993
0.632533058949396
0.63058953714149
0.628935193689983
