-20,-0.931707676661314
-19.9841568309516,-0.911593719336162
-19.9678715075375,-0.891830081475873
-19.9511696808178,-0.87240762272011
-19.9340753997217,-0.853316717890042
-19.9166111802004,-0.834547406338917
-19.8987980811855,-0.816089521401887
-19.8806557842631,-0.797932802053613
-19.8622026746905,-0.780066988807968
-19.8434559219624,-0.762481905761008
-19.8244315586187,-0.74516753051266
-19.8051445563627,-0.728114053522955
-19.785608898861,-0.711311928277972
-19.7658376508334,-0.694751913467135
-19.7458430232146,-0.678425108212254
-19.7256364343082,-0.662322981242266
-19.7052285669519,-0.646437394777136
-19.6846294217815,-0.630760623769754
-19.6638483667345,-0.615285371055178
-19.6428941829649,-0.600004778871218
-19.6217751073595,-0.584912437141695
-19.6004988718611,-0.570002388852479
-19.5790727398016,-0.555269132799216
-19.5575035394509,-0.54070762394321
-19.5357976949805,-0.526313271577032
-19.5139612550324,-0.512081935473052
-19.4919999190754,-0.498009920165232
-19.4699190617198,-0.484093967496304
-19.4477237551521,-0.470331247548238
-19.4254187898395,-0.456719348062909
-19.4030086936414,-0.443256262451645
-19.3804977494601,-0.42994037648629
-19.3578900115462,-0.41677045376026
-19.3351893205705,-0.403745620005302
-19.3123993175619,-0.390865346348089
-19.2895234568038,-0.378129431590102
-19.2665650177744,-0.365537983594205
-19.243527116208,-0.353091399861804
-19.2204127143486,-0.340790347385209
-19.1972246304605,-0.328635741860818
-19.1739655476564,-0.316628726349732
-19.1506380220971,-0.304770649473428
-19.1272444906122,-0.293063043232996
-19.103787277788,-0.281507600541156
-19.0802686025647,-0.270106152556797
-19.0566905843804,-0.258860645911978
-19.0330552488974,-0.24777311992127
-19.0093645333428,-0.23684568386294
-18.9856202914928,-0.226080494420716
-18.9618242983279,-0.215479733373825
-18.9379782543829,-0.205045585621517
-18.9140837898162,-0.194780217626517
-18.8901424682165,-0.184685756359677
-18.8661557901688,-0.174764268825633
-18.8421251965958,-0.165017742246397
-18.8180520718907,-0.155448064976708
-18.7939377468574,-0.146057008221496
-18.7697835014707,-0.136846208622057
-18.7455905674702,-0.127817151773574
-18.7213601307981,-0.118971156732331
-18.6970933338932,-0.11030936156654
-18.67279127785,-0.101832710000021
-18.6484550244525,-0.0935419391931418
-18.624085598091,-0.0854375687004714
-18.5996839875698,-0.0775198906394837
-18.5752511478128,-0.0697889610994645
-18.5507880014744,-0.0622445928145302
-18.5262954404606,-0.0548863491193441
-18.5017743273679,-0.0477135392008085
-18.4772254968437,-0.0407252146536901
-18.4526497568738,-0.033920167342848
-18.428047890002,-0.0272969285694978
-18.4034206544852,-0.0208537695337745
-18.3787687853888,-0.0145887030807946
-18.3540929956258,-0.00849948671244779
-18.329393976943,-0.0025836268423299
-18.3046724008571,0.00316161573345869
-18.279928919545,0.00873921918143234
-18.2551641666892,0.0141523928278806
-18.2303787582832,0.0194045682483341
-18.2055732933969,0.0244993892935293
-18.1807483549062,0.0294407010997932
-18.1559045101878,0.0342325381352504
-18.131042311782,0.0388791113365122
-18.1061622980245,0.0433847943935212
-18.0812649936498,0.0477541092429725
-18.0563509103671,0.0519917108332471
-18.0314205474109,0.056102371226027
-18.0064743920671,0.0600909631017388
-17.9815129201765,0.0639624427376864
-17.9565365966168,0.0677218325291749
-17.9315458757639,0.071374203125094
-17.9065412019345,0.0749246552503474
-17.8815230098097,0.0783783012881365
-17.8564917248426,0.0817402466954912
-17.8314477636485,0.0850155713255395
-17.8063915343802,0.0882093107298636
-17.7813234370892,0.0913264375138757
-17.7562438640727,0.0943718428174977
-17.7311532002074,0.0973503179925145
-17.7060518232718,0.100266536546837
-17.6809401042561,0.103125036424518
-17.6558184076616,0.105930202688784
-17.6306870917897,0.108686250673487
-17.6055465090209,0.111397209666375
-17.5803970060845,0.114066907185328
-17.5552389243201,0.116698953906261
-17.53007259993,0.119296729298798
-17.5048983642245,0.121863368023011
-17.4797165438593,0.124401747137558
-17.4545274610667,0.126914474166442
-17.4293314338795,0.129403876068352
-17.4041287763492,0.131871989149154
-17.3789197987582,0.134320549954582
-17.3537048078269,0.13675098717656
-17.3284841069154,0.13916441460286
-17.3032579962206,0.141561625135996
-17.2780267729688,0.143943085903382
-17.2527907316043,0.146308934476832
-17.2275501639739,0.14865897621551
-17.2023053595084,0.15099268274242
-17.1770566053996,0.153309191560478
-17.1518041867762,0.155607306810199
-17.1265483868748,0.15788550116697
-17.10128948721,0.160141918871892
-17.0760277677415,0.162374379886201
-17.0507635070393,0.164580385155339
-17.0254969824469,0.166757122964919
-17.0002284702437,0.168901476367008
-16.9749582458048,0.171010031651495
-16.949686583761,0.17307908783369
-16.9244137581568,0.175104667125845
-16.8991400426085,0.177082526356931
-16.8737999647968,0.17904972845848
-16.8484598869851,0.181043106195897
-16.8231198091735,0.183057720645727
-16.7977797313618,0.185088433134681
-16.7724396535501,0.187129920781755
-16.7470995757384,0.189176692719869
-16.7217594979267,0.191223106942405
-16.696419420115,0.193263387718041
-16.6710793423033,0.19529164351551
-16.6457392644916,0.197301885378392
-16.6203991866799,0.199288045688686
-16.5950591088682,0.20124399725683
-16.5697190310566,0.2031635726749
-16.5443789532449,0.2050405838691
-16.5190388754332,0.206868841787169
-16.4936987976215,0.208642176156128
-16.4683587198098,0.210354455245774
-16.4430186419981,0.211999605573548
-16.4176785641864,0.213571631486837
-16.3923384863747,0.215064634559387
-16.366998408563,0.216472832739391
-16.3416583307514,0.217790579187797
-16.3163182529397,0.219012380746697
-16.290978175128,0.220132915979003
-16.2656380973163,0.221147052722276
-16.2402980195046,0.222049865101317
-16.2149579416929,0.222836649946069
-16.1896178638812,0.22350294256346
-16.1642777860695,0.224044531814043
-16.1389377082578,0.224457474446657
-16.1135976304462,0.224738108646785
-16.0882575526345,0.224883066756916
-16.0629174748228,0.224889287129864
-16.0375773970111,0.22475402507881
-16.0122373191994,0.224474862890684
-15.9868972413877,0.224049718872429
-15.961557163576,0.223476855402679
-15.9362170857643,0.222754885964432
-15.9108770079526,0.221882781137358
-15.8855369301409,0.220859873531511
-15.8601968523293,0.219685861647312
-15.8348567745176,0.218360812649862
-15.8095166967059,0.216885164048717
-15.7841766188942,0.215259724277486
-15.7588365410825,0.213485672170659
-15.7334964632708,0.211564555338259
-15.7081563854591,0.20949828744196
-15.6828163076474,0.207289144379398
-15.6574762298357,0.204939759386417
-15.6321361520241,0.202453117070007
-15.6067960742124,0.199832546387611
-15.5814559964007,0.197081712591408
-15.556115918589,0.194204608159012
-15.5307758407773,0.19120554273484
-15.5054357629656,0.188089132109139
-15.4800956851539,0.184860286264347
-15.4547556073422,0.181524196521104
-15.4294155295305,0.178086321818758
-15.4040754517189,0.174552374167749
-15.3787353739072,0.170928303313648
-15.3533952960955,0.167220280654989
-15.3280552182838,0.163434682459351
-15.3027151404721,0.159578072424298
-15.2773750626604,0.155657183631962
-15.2520349848487,0.151678899948063
-15.226694907037,0.147650236918141
-15.2013548292253,0.143578322215613
-15.1760147514137,0.139470375698058
-15.150674673602,0.135333689129766
-15.1253345957903,0.131175605630156
-15.0999945179786,0.127003498909097
-15.0746544401669,0.122824752351451
-15.0493143623552,0.118646738014365
-15.0239742845435,0.114476795601827
-14.9986342067318,0.110322211481904
-14.9732941289201,0.106190197812783
-14.9479540511085,0.102087871844268
-14.9226139732968,0.0980222354617524
-14.8972738954851,0.0940001550398385
-14.8719338176734,0.0900283416727277
-14.8465937398617,0.0861133318482474
-14.82125366205,0.082261468631882
-14.7959135842383,0.0784788834264427
-14.7705735064266,0.0747714783720399
-14.7452334286149,0.071144909449768
-14.7198933508033,0.0676045703510223
-14.6945532729916,0.0641555771725731
-14.6692131951799,0.06080275399547
-14.6438731173682,0.057550619403497
-14.6185330395565,0.0544033739942627
-14.5931929617448,0.0513648889330842
-14.5678528839331,0.0484386955966021
-14.5425128061214,0.0456279763495603
-14.5171727283097,0.0429355564943913
-14.491832650498,0.0403638974291855
-14.4664925726864,0.0379150910452853
-14.4411524948747,0.0355908553911597
-14.415812417063,0.0333925316243846
-14.3904723392513,0.0313210822685031
-14.3651322614396,0.0293770907862839
-14.3397921836279,0.0275607624754618
-14.3144521058162,0.0258719266874482
-14.2891120280045,0.0243100403637855
-14.2637719501928,0.022874192879294
-14.2384318723812,0.021563112174978
-14.2130917945695,0.0203751721578367
-14.1877517167578,0.019308401338813
-14.1624116389461,0.0183604926742316
-14.1370715611344,0.0175288145702858
-14.1117314833227,0.0168104230044464
-14.086391405511,0.0162020747121477
-14.0610513276993,0.015700241381772
-14.0357112498876,0.0153011247958732
-14.010371172076,0.0150006728517569
-13.9850310942643,0.0147945963900425
-13.9596910164526,0.0146783867556806
-13.9343509386409,0.0146473340121387
-13.9090108608292,0.0146965457261285
-13.8836707830175,0.0148209662373501
-13.8583307052058,0.0150153963253258
-13.8329906273941,0.0152745131834716
-13.8076505495824,0.0155928906091823
-13.7823104717708,0.0159650193178418
-13.7569703939591,0.016385327288395
-13.7316303161474,0.0168482000483709
-13.7062902383357,0.0173480008070916
-13.680950160524,0.0178790903471992
-13.6556100827123,0.0184358465865964
-13.6302700049006,0.0190126837254071
-13.6049299270889,0.0196040708956169
-13.5795898492772,0.0202045502346123
-13.5542497714655,0.0208087543079043
-13.5289096936539,0.0214114228108357
-13.5035696158422,0.0220074184840339
-13.4782295380305,0.0225917421827092
-13.4528894602188,0.023159547045615
-13.4275493824071,0.0237061517154844
-13.4022093045954,0.0242270525690499
-13.3768692267837,0.0247179349212341
-13.351529148972,0.0251746831747642
-13.3261890711603,0.0255933898932269
-13.3008489933487,0.0259703637824054
-13.275508915537,0.0263021365715736
-13.2501688377253,0.0265854687931942
-13.2248287599136,0.0268173544661485
-13.1994886821019,0.026995024694133
-13.1741486042902,0.0271159501971754
-13.1488085264785,0.0271778428002649
-13.1234684486668,0.0271786559088444
-13.0981283708551,0.027116584006309
-13.0727882930435,0.0269900612136696
-13.0474482152318,0.0267977589561291
-13.0221081374201,0.0265385827854559
-12.9967680596084,0.0262116684106869
-12.9714279817967,0.0258163769928456
-12.946087903985,0.0253522897619812
-12.9207478261733,0.0248192020169253
-12.8954077483616,0.024217116569707
-12.8700676705499,0.0235462366975727
-12.8447275927383,0.0228069586660087
-12.8193875149266,0.0219998638860959
-12.7940474371149,0.0211257107689233
-12.7687073593032,0.020185426338693
-12.7433672814915,0.0191800976645611
-12.7180272036798,0.0181109631692317
-12.6926871258681,0.0169794038698547
-12.6673470480564,0.0157869346039369
-12.6420069702447,0.01453519528977
-12.616666892433,0.0132259422673713
-12.5913268146214,0.0118610397621523
-12.5659867368097,0.0104424515095209
-12.540646658998,0.00897223257444523
-12.5153065811863,0.00745252139568285
-12.4899665033746,0.00588553207998527
-12.4646264255629,0.00427354696714156
-12.4392863477512,0.00261890948229517
-12.4139462699395,0.000924017287588726
-12.3886061921278,-0.000808684259089219
-12.3632661143162,-0.00257670833462816
-12.3379260365045,-0.00437753257082458
-12.3125859586928,-0.00620860466820186
-12.2872458808811,-0.00806734771111121
-12.2619058030694,-0.00995116519492185
-12.2365657252577,-0.0118574457790314
-12.211225647446,-0.0137835677820118
-12.1858855696343,-0.0157269034374504
-12.1605454918226,-0.0176848229309218
-12.135205414011,-0.0196546982400359
-12.1098653361993,-0.0216339068006268
-12.0845252583876,-0.0236198350228979
-12.0591851805759,-0.0256098816816985
-12.0338451027642,-0.0276014612050952
-12.0085050249525,-0.0295920068850293
-11.9831649471408,-0.0315789740331216
-11.9578248693291,-0.0335598431036268
-11.9324847915174,-0.0355321228041621
-11.9071447137058,-0.0374933532131731
-11.8818046358941,-0.0394411089211648
-11.8564645580824,-0.0413730022105611
-11.8311244802707,-0.0432866862866841
-11.805784402459,-0.0451798585697956
-11.7804443246473,-0.0470502640554579
-11.7551042468356,-0.0488956987476792
-11.7297641690239,-0.050714013166444
-11.7044240912122,-0.0525031159283321
-11.6790840134006,-0.0542609773960332
-11.6537439355889,-0.0559856333896968
-11.6284038577772,-0.057675188950271
-11.6030637799655,-0.0593278221422819
-11.5777237021538,-0.060941787880958
-11.5523836243421,-0.062515421766199
-11.5270435465304,-0.06404714390369
-11.5017034687187,-0.0655354626914725
-11.476363390907,-0.0669789785485308
-11.4510233130953,-0.0683763875604664
-11.4256832352837,-0.0697264850161162
-11.400343157472,-0.0710281688080459
-11.3750030796603,-0.072280442669232
-11.3496630018486,-0.0734824192179259
-11.3243229240369,-0.074633322782703
-11.2989828462252,-0.0757324919800097
-11.2736427684135,-0.0767793820171538
-11.2483026906018,-0.0777735666946219
-11.2229626127901,-0.0787147400828415
-11.1976225349785,-0.0796027178500346
-11.1722824571668,-0.0804374382196053
-11.1469423793551,-0.08121896253756
-11.1216023015434,-0.0819474754327508
-11.0962622237317,-0.0826232845552384
-11.07092214592,-0.0832468198807665
-11.0455820681083,-0.0838186325722003
-11.0202419902966,-0.0843393933917758
-10.9949019124849,-0.0848098906611116
-10.9695618346733,-0.085231027769109
-10.9442217568616,-0.0856038202310948
-10.9188816790499,-0.085929392305793
-10.8935416012382,-0.0862089731799348
-10.8682015234265,-0.0864438927334844
-10.8428614456148,-0.0866355769015446
-10.8175213678031,-0.0867855426519872
-10.7921812899914,-0.0868953926006908
-10.7668412121797,-0.086966809288938
-10.7415011343681,-0.0870015491500028
-10.7161610565564,-0.0870014361942165
-10.6908209787447,-0.0869683554438279
-10.665480900933,-0.0869042461507257
-10.6401408231213,-0.0868110948315915
-10.6148007453096,-0.0866909281562358
-10.5894606674979,-0.0865458057257827
-10.5641205896862,-0.0863778127779486
-10.5387805118745,-0.0861890528569451
-10.5134404340629,-0.0859816404854976
-10.4881003562512,-0.0857576938761266
-10.4627602784395,-0.0855193277181803
-10.4374202006278,-0.0852686460761533
-10.4120801228161,-0.085007735433587
-10.3867400450044,-0.0847386579153245
-10.3613999671927,-0.0844634447191241
-10.336059889381,-0.0841840897856171
-10.3107198115693,-0.0839025437333735
-10.2853797337576,-0.0836207080834097
-10.260039655946,-0.0833404297948898
-10.2346995781343,-0.0830634961310444
-10.2093595003226,-0.0827916298714838
-10.1840194225109,-0.0825264848841751
-10.1586793446992,-0.0822696420673686
-10.1333392668875,-0.0820226056687756
-10.1079991890758,-0.0817867999863091
-10.0826591112641,-0.0815635664517635
-10.0573190334524,-0.0813541610959242
-10.0319789556408,-0.0811597523908296
-10.0066388778291,-0.0809814194622441
-9.98129880001738,-0.0808201506629
-9.95595872220569,-0.0806768424947271
-9.930618644394,-0.0805522988661476
-9.90527856658231,-0.0804472306685809
-9.87993848877062,-0.0803622556545959
-9.85459841095893,-0.0802978985986844
-9.82925833314724,-0.0802545917204093
-9.80391825533555,-0.0802326753487241
-9.77857817752387,-0.0802323988055556
-9.75323809971218,-0.0802539214863107
-9.72789802190049,-0.0802973141147812
-9.7025579440888,-0.0803625601500008
-9.67721786627711,-0.0804495573229309
-9.65187778846542,-0.0805581192814046
-9.62653771065373,-0.080687977322542
-9.60119763284204,-0.0808387821928345
-9.57585755503035,-0.0810101059372721
-9.55051747721866,-0.0812014437802304
-9.52517739940697,-0.0814122160223281
-9.49983732159528,-0.0816417699390845
-9.4744972437836,-0.0818893816689229
-9.44915716597191,-0.0821542580798696
-9.42381708816022,-0.0824355386061423
-9.39847701034853,-0.082732297047707
-9.37313693253684,-0.0830435433277624
-9.34779685472515,-0.0833682252049787
-9.32245677691346,-0.0837052299391373
-9.29711669910177,-0.0840533859105787
-9.27177662129008,-0.0844114641955415
-9.24643654347839,-0.0847781801010437
-9.2210964656667,-0.0851521946644213
-9.19575638785502,-0.0855321161239459
-9.17041631004333,-0.0859165013681334
-9.14507623223164,-0.0863038573723616
-9.11973615441995,-0.0866926426322808
-9.09439607660826,-0.0870812686041831
-9.06905599879657,-0.0874681011630158
-9.04371592098488,-0.0878514620890667
-9.01837584317319,-0.0882296305945265
-8.9930357653615,-0.0886008449011414
-8.96769568754981,-0.0889633038800203
-8.94235560973812,-0.0893151687643597
-8.91701553192643,-0.0896545649454058
-8.89167545411475,-0.0899795838614045
-8.86633537630306,-0.0902882849885955
-8.84099529849137,-0.0905786979425197
-8.81565522067968,-0.0908488246970209
-8.79031514286799,-0.0910966419273705
-8.7649750650563,-0.0913201034829297
-8.73963498724461,-0.091517142993702
-8.71429490943292,-0.0916856766140455
-8.68895483162123,-0.0918236059057141
-8.66361475380954,-0.0919288208612963
-8.63827467599785,-0.0919992030680339
-8.61293459818616,-0.0920326290109431
-8.58759452037448,-0.0920269735131325
-8.56225444256279,-0.0919801133102348
-8.5369143647511,-0.0918899307549417
-8.51157428693941,-0.0917543176467584
-8.48623420912772,-0.0915711791812967
-8.46089413131603,-0.091338438012679
-8.43555405350434,-0.0910540384219619
-8.41021397569265,-0.09071595058388
-8.38487389788096,-0.0903221749236746
-8.35953382006927,-0.089870746555298
-8.33419374225758,-0.0893597397918661
-8.30885366444589,-0.0887872727188686
-8.28351358663421,-0.0881515118203303
-8.25817350882252,-0.0874506766478367
-8.23283343101083,-0.086683044522094
-8.20749335319914,-0.0858469552564687
-8.18215327538745,-0.0849408158917488
-8.15681319757576,-0.0839631054311691
-8.13147311976407,-0.0829123795645455
-8.10613304195238,-0.0817872753701633
-8.08079296414069,-0.0805865159828428
-8.055452886329,-0.0793089152163793
-8.03011280851731,-0.0779533821282936
-8.00477273070562,-0.0765189255145539
-7.97943265289394,-0.0750046583216207
-7.95409257508225,-0.0734098019628405
-7.92875249727056,-0.0717336905258491
-7.90341241945887,-0.0699757748572792
-7.87807234164718,-0.0681356265106585
-7.85273226383549,-0.0662129415429941
-7.8273921860238,-0.0642075441451146
-7.80205210821211,-0.0621193900904536
-7.77671203040042,-0.059948569986553
-7.75137195258873,-0.0576953123132237
-7.72603187477704,-0.0553599862309583
-7.70069179696536,-0.05294310414294
-7.67535171915367,-0.0504453239937723
-7.65001164134198,-0.0478674512879365
-7.62467156353029,-0.0452104408109478
-7.5993314857186,-0.0424753980362551
-7.57399140790691,-0.0396635802011156
-7.54865133009522,-0.0367763970350066
-7.52331125228353,-0.0338154111245904
-7.49797117447184,-0.0307823378998746
-7.47263109666015,-0.0276790452269775
-7.44729101884846,-0.0245075525938595
-7.42195094103677,-0.0212700298764917
-7.39661086322509,-0.0179687956742254
-7.3712707854134,-0.0146063152045932
-7.34593070760171,-0.0111851977494071
-7.32059062979002,-0.00770819364583345
-7.29525055197833,-0.00417819081809137
-7.26991047416664,-0.000598210847549491
-7.24457039635495,0.00302859541873619
-7.21923031854326,0.00669895271860516
-7.19389024073157,0.0104094666795461
-7.16855016291988,0.0141566295700686
-7.14321008510819,0.0179368264874601
-7.1178700072965,0.0217463419689655
-7.09252992948482,0.0255813670106619
-7.06718985167313,0.0294380064755412
-7.04184977386144,0.0333122868695623
-7.01650969604975,0.0372001644617424
-6.99116961823806,0.0410975337217301
-6.96582954042637,0.0450002360457832
-6.94048946261468,0.0489040687396771
-6.91514938480299,0.0528047942248318
-6.8898093069913,0.0566981494318772
-6.86446922917961,0.060579855344025
-6.83912915136792,0.0644456266509706
-6.81378907355623,0.0682911814726678
-6.78844899574455,0.072112251111186
-6.76310891793286,0.0759045897880209
-6.73776884012117,0.07966398432367
-6.71242876230948,0.083386263716045
-6.68708868449779,0.0870673085743475
-6.6617486066861,0.0907030603654292
-6.63640852887441,0.0942895304303435
-6.61106845106272,0.0978228087298263
-6.58572837325103,0.101299072278768
-6.56038829543934,0.104714593231373
-6.53504821762766,0.108065746580644
-6.50970813981596,0.111349017438029
-6.48436806200428,0.114561007861538
-6.45902798419259,0.117698443203386
-6.4336879063809,0.120758177951128
-6.40834782856921,0.123737201039405
-6.38300775075752,0.12663264061275
-6.35766767294583,0.129441768223346
-6.33232759513414,0.132162002451207
-6.30698751732245,0.13479091193793
-6.28164743951076,0.137326217828873
-6.25630736169907,0.139765795622368
-6.23096728388738,0.142107676428306
-6.20562720607569,0.144350047642132
-6.18028712826401,0.146491253043944
-6.15494705045232,0.148529792335873
-6.12960697264063,0.150464320134379
-6.10426689482894,0.152293644437329
-6.07892681701725,0.154016724588776
-6.05358673920556,0.155632668767283
-6.02824666139387,0.157140731026213
-6.00290658358218,0.158540307916889
-5.97756650577049,0.15983093472759
-5.9522264279588,0.161012281373302
-5.92688635014711,0.162084147972656
-5.90154627233543,0.163046460149843
-5.87620619452374,0.163899264100247
-5.85086611671205,0.164642721459247
-5.82552603890036,0.165277104014043
-5.80018596108867,0.165802788298425
-5.77484588327698,0.16622025011024
-5.74950580546529,0.166530058990789
-5.7241657276536,0.166732872704644
-5.69882564984191,0.166829431757342
-5.67348557203022,0.166820553987125
-5.64814549421853,0.16670712926539
-5.62280541640685,0.166490114338777
-5.59746533859516,0.166170527843895
-5.57212526078347,0.165749445523574
-5.54678518297178,0.165227995671256
-5.52144510516009,0.164607354827768
-5.4961050273484,0.163888743752148
-5.47076494953671,0.163073423685633
-5.44542487172502,0.162162692925226
-5.42008479391333,0.161157883720496
-5.39474471610164,0.160060359504577
-5.36940463828995,0.158871512467505
-5.34406456047826,0.157592761477329
-5.31872448266657,0.156225550351708
-5.29338440485489,0.154771346480053
-5.2680443270432,0.153231639793667
-5.24270424923151,0.151607942078873
-5.21736417141982,0.149901786625664
-5.19202409360813,0.148114728202182
-5.16668401579644,0.146248343343116
-5.14134393798475,0.144304230938126
-5.11600386017306,0.142284013104484
-5.09066378236137,0.140189336326435
-5.06532370454968,0.138021872842154
-5.03998362673799,0.135783322257834
-5.01464354892631,0.13347541336713
-4.98930347111462,0.131099906153177
-4.96396339330293,0.128658593949426
-4.93862331549124,0.126153305734865
-4.91328323767955,0.123585908538567
-4.88794315986786,0.12095830992814
-4.86260308205617,0.118272460556373
-4.83726300424448,0.115530356740291
-4.81192292643279,0.11273404304688
-4.7865828486211,0.109885614859951
-4.76124277080941,0.106987220902925
-4.73590269299772,0.104041065692819
-4.71056261518604,0.101049411901258
-4.68522253737435,0.0980145825990881
-4.65988245956266,0.0949389633619367
-4.63454238175097,0.0918250042149978
-4.60920230393928,0.088675221396309
-4.58386222612759,0.0854921989188769
-4.5585221483159,0.0822785899131588
-4.53318207050421,0.0790371177326335
-4.50784199269252,0.0757705768064749
-4.48250191488083,0.072481833224674
-4.45716183706914,0.0691738250423205
-4.43182175925745,0.065849562291176
-4.40648168144577,0.0625121266880871
-4.38114160363408,0.0591646710312582
-4.35580152582239,0.0558104182768555
-4.3304614480107,0.052452660289897
-4.30512137019901,0.0490947562648497
-4.27978129238732,0.0457401308128234
-4.25444121457563,0.0423922717137038
-4.22910113676394,0.039054727333002
-4.20376105895225,0.0357311037046138
-4.17842098114056,0.0324250612820605
-4.15308090332887,0.0291403113621406
-4.12774082551719,0.0258806121862324
-4.1024007477055,0.0226497647257625
-4.07706066989381,0.0194516081595831
-4.05172059208212,0.0162900150521819
-4.02638051427043,0.0131688862427749
-4.00104043645874,0.010092145456412
-3.97570035864705,0.00706373364923843
-3.95036028083536,0.00408760310101724
-3.92502020302367,0.0011677112689196
-3.89968012521198,-0.00169198558257569
-3.87434004740029,-0.00448753896005457
-3.8489999695886,-0.00721501491148052
-3.82365989177692,-0.00987050097146931
-3.79831981396523,-0.0124501132639604
-3.77297973615354,-0.0149500037441981
-3.74763965834185,-0.0173663675614798
-3.72229958053016,-0.0196954505237241
-3.69695950271847,-0.021933556644582
-3.67161942490678,-0.0240770557535313
-3.64627934709509,-0.0261223911491744
-3.6209392692834,-0.0280660872757951
-3.59559919147171,-0.0299047574031116
-3.57025911366002,-0.0316351112891083
-3.54491903584833,-0.0332539628058045
-3.51957895803665,-0.0347582375078546
-3.49423888022496,-0.0361449801239447
-3.46889880241327,-0.037411361951061
-3.44355872460158,-0.0385546881318585
-3.41821864678989,-0.0395724047955369
-3.3928785689782,-0.0404621060428483
-3.36753849116651,-0.0412215407561064
-3.34219841335482,-0.0418486192153325
-3.31685833554313,-0.0423414195019758
-3.29151825773144,-0.042698193671956
-3.26617817991975,-0.0429173736801247
-3.24083810210806,-0.0429975770385902
-3.21549802429638,-0.0429376121917399
-3.19015794648469,-0.0427364835911823
-3.164817868673,-0.0423933964542509
-3.13947779086131,-0.0419077611901426
-3.11413771304962,-0.0412791974782176
-3.08879763523793,-0.040507537983459
-3.06345755742624,-0.0395928316945834
-3.03811747961455,-0.038535346870813
-3.01277740180286,-0.0373355735838585
-2.98743732399117,-0.0359942258422347
-2.96209724617948,-0.0345122432856293
-2.93675716836779,-0.0328907924376773
-2.91141709055611,-0.0311312675061672
-2.88607701274442,-0.0292352907204101
-2.86073693493273,-0.0272047121962591
-2.83539685712104,-0.0250416093200632
-2.81005677930935,-0.0227482856436911
-2.78471670149766,-0.0203272692836607
-2.75937662368597,-0.0177813108183692
-2.73403654587428,-0.0151133806784384
-2.70869646806259,-0.0123266660262633
-2.6833563902509,-0.00942456712199983
-2.65801631243921,-0.00641069317442937
-2.63267623462752,-0.00328885767641398
-2.60733615681584,-6.30732259901678e-05
-2.58199607900415,0.0032624541644443
-2.55665600119246,0.00668333126693098
-2.53131592338077,0.0101949843392898
-2.50597584556908,0.0137926663219598
-2.48063576775739,0.0174714645216625
-2.4552956899457,0.0212263087715145
-2.42995561213401,0.0250519800554844
-2.40461553432232,0.0289431195833057
-2.37927545651063,0.0328942383001634
-2.35393537869894,0.0368997268136399
-2.32859530088726,0.0409538657185691
-2.30325522307557,0.0450508362986147
-2.27791514526388,0.0491847315815516
-2.25257506745219,0.0533495677234292
-2.2272349896405,0.0575392956950152
-2.20189491182881,0.0617478132421967
-2.17655483401712,0.0659689770903439
-2.15121475620543,0.0701966153610466
-2.12587467839374,0.0744245401681309
-2.10053460058205,0.0786465603584498
-2.07519452277036,0.0828564943616529
-2.04985444495867,0.0870481831119705
-2.02451436714699,0.091215503004024
-1.9991742893353,0.0953523788437947
-1.97383421152361,0.0994527967551794
-1.94849413371192,0.103510817002013
-1.92315405590023,0.107520586685093
-1.89781397808854,0.111476352273573
-1.87247390027685,0.11537247193012
-1.84713382246516,0.119203427589496
-1.82179374465347,0.122963836750621
-1.79645366684178,0.126648463942895
-1.77111358903009,0.130252231828359
-1.7457735112184,0.133770231902415
-1.72043343340672,0.137197734757045
-1.69509335559503,0.14053019987202
-1.66975327778334,0.14376328490121
-1.64441319997165,0.146892854423035
-1.61907312215996,0.149914988126086
-1.59373304434827,0.152825988403201
-1.56839296653658,0.155622387329629
-1.54305288872489,0.158300953003405
-1.5177128109132,0.160858695228708
-1.49237273310151,0.163292870525668
-1.46703265528982,0.165600986452941
-1.44169257747813,0.167780805232197
-1.41635249966645,0.16983034666664
-1.39101242185476,0.171747890348589
-1.36567234404307,0.173531977154125
-1.34033226623138,0.175181410025726
-1.31499218841969,0.176695254046734
-1.289652110608,0.178072835814306
-1.26431203279631,0.179313742120292
-1.23897195498462,0.18041781795213
-1.21363187717293,0.181385163828409
-1.18829179936124,0.182216132486156
-1.16295172154955,0.182911324939193
-1.13761164373787,0.183471585928997
-1.11227156592618,0.18389799879146
-1.08693148811449,0.18419187976467
-1.0615914103028,0.184354771764433
-1.03625133249111,0.184388437655586
-1.01091125467942,0.184294853048342
-0.98557117686773,0.184076198649864
-0.960231099056041,0.183734852202013
-0.934891021244352,0.183273380036799
-0.909550943432663,0.1826945282814
-0.884210865620974,0.182001213744828
-0.858870787809284,0.181196514518276
-0.833530709997595,0.18028366032105
-0.808190632185906,0.17926602262365
-0.782850554374217,0.178147104579067
-0.757510476562528,0.176930530792823
-0.732170398750839,0.17562003696152
-0.706830320939149,0.174219459408887
-0.68149024312746,0.172732724547437
-0.656150165315771,0.171163838292893
-0.630810087504082,0.16951687545757
-0.605470009692393,0.167795969147903
-0.580129931880704,0.166005300190285
-0.554789854069015,0.164149086608395
-0.529449776257325,0.162231573174209
-0.504109698445636,0.160257021053964
-0.478769620633947,0.158229697569453
-0.453429542822258,0.156153866094227
-0.428089465010569,0.154033776103502
-0.40274938719888,0.151873653395963
-0.377409309387191,0.149677690505007
-0.352069231575501,0.147450037316549
-0.326729153763812,0.145194791910062
-0.301389075952123,0.142915991639239
-0.276048998140434,0.14061760446844
-0.250708920328745,0.138303520580919
-0.225368842517056,0.135977544274777
-0.200028764705366,0.133643386162541
-0.174688686893677,0.131304655690326
-0.149348609081988,0.128964853992576
-0.124008531270299,0.126627367098481
-0.0986684534586099,0.124295459506252
-0.0733283756469207,0.121972268141475
-0.0479882978352316,0.119660796715838
-0.0226482200235424,0.117363910502471
0.00269185778814673,0.115084331544056
0.0280319355998359,0.112824634309679
0.053372013411525,0.110587241816085
0.0787120912232142,0.108374422228585
0.104052169034903,0.106188285956278
0.129392246846593,0.104030783255518
0.154732324658282,0.101903702354662
0.180072402469971,0.0998086681120285
0.20541248028166,0.0977471412177123
0.230752558093349,0.095720417948429
0.256092635905038,0.0937296304828552
0.281432713716727,0.0917757477830509
0.306772791528417,0.0898595770454497
0.332112869340106,0.0879817657226133
0.357452947151795,0.0861428041144705
0.382793024963484,0.0843430285251066
0.408133102775173,0.0825826249783591
0.433473180586862,0.0808616334825215
0.458813258398551,0.0791799528313866
0.484153336210241,0.0775373459256866
0.50949341402193,0.0759334455957612
0.534833491833619,0.074367760902995
0.560173569645308,0.0728396838942938
0.585513647456997,0.0713484967805949
0.610853725268686,0.0698933795072176
0.636193803080375,0.0684734176807388
0.661533880892065,0.0670876108141071
0.686873958703754,0.0657348808488875
0.712214036515443,0.0644140809109162
0.737554114327132,0.0631240042532631
0.762894192138821,0.0618633933382857
0.78823426995051,0.0606309490087407
0.8135743477622,0.0594253396964445
0.838914425573889,0.0582452106158279
0.864254503385578,0.0570891928889942
0.889594581197267,0.0559559125485323
0.914934659008956,0.0548439993644041
0.940274736820645,0.0537520954417247
0.965614814632335,0.0526788635371887
0.990954892444024,0.0516229950432763
1.01629497025571,0.0505832175911957
1.0416350480674,0.0495583022257832
1.06697512587909,0.0485470701082697
1.09231520369078,0.0475483987059333
1.11765528150247,0.0465612274311592
1.14299535931416,0.0455845626963037
1.16833543712585,0.0446174823549831
1.19367551493754,0.0436591395049393
1.21901559274923,0.042708765632453
1.24435567056092,0.0417656730833187
1.2696957483726,0.0408292568506504
1.29503582618429,0.0398989956751796
1.32037590399598,0.0389744524592107
1.34571598180767,0.0380552740009511
1.37105605961936,0.037141190061496
1.39639613743105,0.036232011782251
1.42173621524274,0.0353276294759867
1.44707629305443,0.0344280098199765
1.47241637086612,0.033533192484724
1.49775644867781,0.0326432862365797
1.5230965264895,0.0317584645570618
1.54843660430119,0.0308789608258355
1.57377668211287,0.0300050631180934
1.59911675992456,0.0291371086704035
1.62445683773625,0.0282754780719915
1.64979691554794,0.0274205892408006
1.67513699335963,0.0265728912455543
1.70047707117132,0.0257328580363734
1.72581714898301,0.0249009821472791
1.7511572267947,0.0240777684341217
1.77649730460639,0.023263727911112
1.80183738241808,0.0224593717481944
1.82717746022977,0.0216652054899979
1.85251753804145,0.0208817235550408
1.87785761585314,0.0201094040712595
1.90319769366483,0.0193487041008163
1.92853777147652,0.018600055303523
1.95387784928821,0.0178638600841448
1.9792179270999,0.017140488264347
2.00455800491159,0.0164302743151626
2.02989808272328,0.0157335151806298
2.05523816053497,0.0150504687177238
2.08057823834666,0.0143813527719432
2.10591831615835,0.0137263449019442
2.13125839397004,0.01308558276052
2.15659847178172,0.0124591651330333
2.18193854959341,0.011847153628203
2.2072786274051,0.0112495750099552
2.23261870521679,0.010666424152954
2.25795878302848,0.0100976675984635
2.28329886084017,0.0095432476814281
2.30863893865186,0.00900308719412883
2.33397901646355,0.00847709454655301
2.35931909427524,0.00796516937871898
2.38465917208693,0.00746720857569903
2.40999924989862,0.00698311263199801
2.43533932771031,0.00651279230833017
2.46067940552199,0.00605617552070178
2.48601948333368,0.00561321439909475
2.51135956114537,0.00518389245097832
2.53669963895706,0.00476823176335081
2.56203971676875,0.00436630017607408
2.58737979458044,0.00397821835888469
2.61271987239213,0.00360416672467383
2.63805995020382,0.00324439211240444
2.66340002801551,0.00289921417437857
2.6887401058272,0.00256903140446278
2.71408018363889,0.00225432674631063
2.73942026145057,0.0019556727235563
2.76476033926226,0.00167373603738479
2.79010041707395,0.00140928158075512
2.81544049488564,0.00116317582285331
2.84078057269733,0.00093638952202359
2.86612065050902,0.000729999730450848
2.89146072832071,0.000545191059165975
2.9168008061324,0.000383256177526055
2.94214088394409,0.000245595527070264
2.96748096175578,0.000133716235587861
2.99282103956747,4.92302232521433e-05
3.01816111737916,-6.14850123925939e-06
3.04350119519084,-3.06073504899584e-05
3.06884127300253,-2.22394641228793e-05
3.09418135081422,2.09512056348303e-05
3.11952142862591,0.000101044050342215
3.1448615064376,0.000220195231182406
3.17020158424929,0.000380630407123134
3.19554166206098,0.000584636803411392
3.22088173987267,0.000834554663241269
3.24622181768436,0.00113276812992101
3.27156189549605,0.00148169561097662
3.29690197330774,0.00188377967934209
3.32224205111943,0.00234147657006151
3.34758212893111,0.00285724533377015
3.3729222067428,0.00343353671057675
3.39826228455449,0.00407278178986459
3.42360236236618,0.0047773805229145
3.44894244017787,0.00554969015616298
3.47428251798956,0.00639201365330247
3.49962259580125,0.00730658817434562
3.52496267361294,0.00829557367919158
3.55030275142463,0.00936104172217372
3.57564282923632,0.010504964502544
3.60098290704801,0.0117292042338753
3.6263229848597,0.0130355028929622
3.65166306267138,0.0144254724059887
3.67700314048307,0.0159005853265506
3.70234321829476,0.0174621660565709
3.72768329610645,0.0191113826572938
3.75302337391814,0.0208492392933856
3.77836345172983,0.022676569348766
3.80370352954152,0.0245940292481715
3.82904360735321,0.0266020930136351
3.8543836851649,0.0287010475801195
3.87972376297659,0.0308909888894708
3.90506384078828,0.0331718187767315
3.93040391859997,0.0355432426576804
3.95574399641165,0.0380047680213111
3.98108407422334,0.0405557037258414
4.00642415203503,0.0431951600918075
4.03176422984672,0.0459220497808723
4.05710430765841,0.0487350894442023
4.0824443854701,0.0516328021196704
4.10778446328179,0.0546135203527571
4.13312454109348,0.0576753900118797
4.15846461890517,0.0608163747650012
4.18380469671686,0.0640342611807801
4.20914477452855,0.0673266644142572
4.23448485234023,0.0706910344341252
4.25982493015192,0.0741246627460509
4.28516500796361,0.0776246895642817
4.3105050857753,0.0811881113819337
4.33584516358699,0.0848117888888928
4.36118524139868,0.0884924551851925
4.38652531921037,0.0922267242370674
4.41186539702206,0.0960110995226038
4.43720547483375,0.0998419828140363
4.46254555264544,0.103715683044255
4.48788563045713,0.107628425205991
4.51322570826882,0.111576359233415
4.5385657860805,0.115555568817544
4.56390586389219,0.119562080108812
4.58924594170388,0.123591870262496
4.61458601951557,0.127640875785336
4.63992609732726,0.131705000644561
4.66526617513895,0.135780124103789
4.69060625295064,0.139862108253639
4.71594633076233,0.143946805208599
4.74128640857402,0.148030063945481
4.76662648638571,0.152107736762813
4.7919665641974,0.156175685344644
4.81730664200909,0.160229786416419
4.84264671982077,0.164265936984898
4.86798679763246,0.16828005915835
4.89332687544415,0.172268104547589
4.91866695325584,0.176226058252642
4.94400703106753,0.180149942444032
4.96934710887922,0.184035819551732
4.99468718669091,0.187879795078761
5.0200272645026,0.191678020060157
5.04536734231429,0.195426693191587
5.07070742012598,0.19912206265519
5.09604749793767,0.202760427673247
5.12138757574936,0.206338139823051
5.14672765356104,0.20985160414874
5.17206773137273,0.213297280107955
5.19740780918442,0.216671682392876
5.22274788699611,0.219971381666524
5.2480879648078,0.223193005256126
5.27342804261949,0.226333237845867
5.29876812043118,0.229388822211405
5.32410819824287,0.232356560038214
5.34944827605456,0.235233312864982
5.37478835386625,0.238016003192137
5.40012843167794,0.240701615793844
5.42546850948963,0.24328719926982
5.45080858730131,0.245769867870741
5.476148665113,0.248146803628197
5.50148874292469,0.250415258816834
5.52682882073638,0.252572558772692
5.55216889854807,0.254616105087823
5.57750897635976,0.256543379196942
5.60284905417145,0.258351946367377
5.62818913198314,0.260039460098761
5.65352920979483,0.261603666933941
5.67886928760652,0.263042411677442
5.70420936541821,0.264353643012534
5.7295494432299,0.265535419502649
5.75488952104158,0.266585915957495
5.78022959885327,0.267503430138902
5.80556967666496,0.26828638977612
5.83090975447665,0.268933359855174
5.85624983228834,0.269443050141838
5.88158991010003,0.269814322893058
5.90692998791172,0.270046200707075
5.93227006572341,0.270137874458358
5.9576101435351,0.270088711259532
5.98295022134679,0.269898262389058
6.00829029915847,0.26956627112039
6.03363037697016,0.269092680385763
6.05897045478185,0.268477640205726
6.08431053259354,0.267721514814013
6.10965061040523,0.266824889406405
6.13499068821692,0.265788576441836
6.16033076602861,0.264613621424269
6.1856708438403,0.263301308094676
6.21101092165199,0.261853162963933
6.23635099946368,0.260270959119535
6.26169107727537,0.258556719241725
6.28703115508706,0.256712717767941
6.31237123289874,0.254741482148414
6.33771131071043,0.252645793140193
6.36305138852212,0.250428684091943
6.38839146633381,0.248093439177386
6.4137315441455,0.24564359054129
6.43907162195719,0.243082914328401
6.46441169976888,0.240415425572582
6.48975177758057,0.237645371930646
6.51509185539226,0.234777226252903
6.54043193320395,0.231815677990214
6.56577201101564,0.22876562344528
6.59111208882733,0.225632154883999
6.61645216663902,0.22242054853083
6.6417922444507,0.219136251480259
6.66713232226239,0.215784867564522
6.69247240007408,0.212372142225658
6.71781247788577,0.208903946447705
6.74315255569746,0.205386259812331
6.76849263350915,0.201825152748294
6.79383271132084,0.198226768051934
6.81917278913253,0.194597301762153
6.84451286694422,0.190942983479192
6.86985294475591,0.187270056221742
6.8951930225676,0.183584755921593
6.92053310037929,0.179893290659049
6.94587317819097,0.176201819745657
6.97121325600266,0.172516432763429
6.99655333381435,0.168843128671629
7.02189341162604,0.165187795093287
7.04723348943773,0.161556187893995
7.07257356724942,0.157953911165051
7.09791364506111,0.154386397721827
7.1232537228728,0.150858890226199
7.14859380068449,0.147376423039112
7.17393387849618,0.143943804905785
7.19927395630786,0.140565602571804
7.22461403411956,0.137246125423355
7.24995411193124,0.133989411239182
7.27529418974293,0.13079921313559
7.30063426755462,0.127678987778895
7.32597434536631,0.124631884932363
7.351314423178,0.12166073839672
7.37665450098969,0.118768058395046
7.40199457880138,0.115956025444142
7.42733465661307,0.113226485745497
7.45267473442476,0.110580948119742
7.47801481223645,0.108020582499126
7.50335489004813,0.105546219983041
7.52869496785982,0.103158354452144
7.55403504567151,0.100857145727172
7.5793751234832,0.0986424242491982
7.60471520129489,0.0965136972489355
7.63005527910658,0.094470156363795
7.65539535691827,0.0925106866528248
7.68073543472996,0.0906338769514465
7.70607551254165,0.0888380315001517
7.73141559035334,0.0871211827740329
7.75675566816503,0.0854811054333043
7.78209574597672,0.0839153313088162
7.80743582378841,0.0824211653310543
7.83277590160009,0.080995702306267
7.85811597941178,0.0796358444392063
7.88345605722347,0.0783383194985348
7.90879613503516,0.0770996995182506
7.93413621284685,0.0759164199265401
7.95947629065854,0.0747847989922708
7.98481636847023,0.073701057478911
8.01015644628192,0.0726613383959808
8.03549652409361,0.0716617267391969
8.0608366019053,0.0706982691122644
8.08617667971698,0.0697669931257497
8.11151675752868,0.0688639264716374
8.13685683534036,0.0679851155759671
8.16219691315205,0.0671266437363662
8.18753699096374,0.0662846486562548
8.21287706877543,0.0654553392929953
8.23821714658712,0.0646350119432157
8.26355722439881,0.0638200654949149
8.2888973022105,0.0630070157826968
8.31423738002219,0.0621925089895354
8.33957745783388,0.0613733340457674
8.36491753564557,0.0605464339835079
8.39025761345725,0.0597089162123072
8.41559769126895,0.0588580616895686
8.44093776908063,0.0579913329669609
8.46627784689232,0.0571063811017366
8.49161792470401,0.0562010514294345
8.5169580025157,0.0552733882018739
8.54229808032739,0.0543216381015546
8.56763815813908,0.053344252650542
8.59297823595077,0.0523398895385695
8.61831831376246,0.0513074129013985
8.64365839157415,0.0502458925864038
8.66899846938584,0.0491546024478452
8.69433854719752,0.048033017719335
8.71967862500921,0.0468808115155681
8.7450187028209,0.0456978505194354
8.77035878063259,0.0444841899141639
8.79569885844428,0.0432400676231132
8.82103893625597,0.0419658979222842
8.84637901406766,0.0406622644924717
8.87171909187935,0.0393299129793015
8.89705916969104,0.0379697431301488
8.92239924750273,0.0365828005771392
8.94773932531442,0.0351702683351015
8.97307940312611,0.0337334580824846
8.9984194809378,0.0322738012918912
9.02375955874948,0.0307928402750405
9.04909963656117,0.0292922192046766
9.07443971437286,0.0277736751732195
9.09977979218455,0.0262390293448363
9.12511986999624,0.0246901782541417
9.15045994780793,0.0231290853009337
9.17580002561962,0.0215577724862954
9.20114010343131,0.0199783124310574
9.226480181243,0.0183928207130992
9.25182025905469,0.0168034485552613
9.27716033686638,0.0152123758908445
9.30250041467807,0.0136218048287713
9.32784049248976,0.0120339535355778
9.35318057030144,0.0104510505464759
9.37852064811313,0.00887532951287888
9.40386072592482,0.00730902438898913
9.42920080373651,0.00575436505541641
9.4545408815482,0.00421357337329861
9.47988095935989,0.00268885965812147
9.50522103717158,0.00118241955837499
9.53056111498327,-0.000303568679600484
9.55590119279496,-0.00176694658273059
9.58124127060664,-0.00320557748362014
9.60658134841833,-0.00461734824244957
9.63192142623002,-0.00600017068903616
9.65726150404171,-0.00735198281786458
9.6826015818534,-0.00867074977063635
9.70794165966509,-0.00995446464223818
9.73328173747678,-0.0112011491469865
9.75862181528847,-0.0124088541825614
9.78396189310016,-0.0135756603292082
9.80930197091185,-0.0146996783215529
9.83464204872354,-0.0157790495297677
9.85998212653523,-0.0168119464858356
9.88532220434692,-0.0177965734893269
9.9106622821586,-0.0187311673254128
9.93600235997029,-0.0196139981258462
9.96134243778198,-0.0204433704013361
9.98668251559367,-0.0212176242711723
10.0120225934054,-0.0219351369131397
10.0373626712171,-0.022594324253724
10.0627027490287,-0.0231936429153878
10.0880428268404,-0.0237315924343172
10.1133829046521,-0.0242067177585351
10.1387229824638,-0.0246176120326783
10.1640630602755,-0.0249629196720864
10.1894031380872,-0.0252413397251689
10.2147432158989,-0.0254516295193419
10.2400832937106,-0.0255926085822039
10.2654233715223,-0.0256631628260459
10.2907634493339,-0.0256622489803477
10.3161035271456,-0.025588899253574
10.3414436049573,-0.02544222620242
10.366783682769,-0.0252214277836723
10.3921237605807,-0.0249257925610712
10.4174638383924,-0.024554705037015
10.4428039162041,-0.0241076510766469
10.4681439940158,-0.0235842233898299
10.4934840718275,-0.0229841270347601
10.5188241496391,-0.0223071849055046
10.5441642274508,-0.0215533431645823
10.5695043052625,-0.0207226765808452
10.5948443830742,-0.0198153937323678
10.6201844608859,-0.0188318420338064
10.6455245386976,-0.0177725125477553
10.6708646165093,-0.0166380445399951
10.696204694321,-0.0154292297391926
10.7215447721327,-0.0141470162625617
10.7468848499443,-0.0127925121702253
10.772224927756,-0.0113669886125078
10.7975650055677,-0.00987188253613304
10.8229050833794,-0.00830879891727191
10.8482451611911,-0.00667951249158072
10.8735852390028,-0.0049859689537527
10.8989253168145,-0.00323028560167798
10.9242653946262,-0.00141475140302535
10.9496054724379,0.000458173535073873
10.9749455502495,0.00238585910958243
11.0002856280612,0.00436550699162132
11.0256257058729,0.00639415303315673
11.0509657836846,0.00846867031721588
11.0763058614963,0.0105857728552997
11.101645939308,0.0127420199323929
11.1269860171197,0.0149338210967228
11.1523260949314,0.0171574417881699
11.1776661727431,0.0194090095960405
11.2030062505548,0.0216845211337481
11.2283463283664,0.0239798495148795
11.2536864061781,0.0262907524120999
11.2790264839898,0.028612880677456
11.3043665618015,0.0309417874998075
11.3297066396132,0.0332729380724415
11.3550467174249,0.0356017197413367
11.3803867952366,0.0379234526021137
11.4057268730483,0.0402334005114082
11.43106695086,0.0425267824762434
11.4564070286716,0.0447987843829888
11.4817471064833,0.0470445710256375
11.507087184295,0.0492592983914699
11.5324272621067,0.0514381261606441
11.5577673399184,0.0535762303749296
11.5831074177301,0.0556688162296243
11.6084474955418,0.0577111309417171
11.6337875733535,0.0596984766465526
11.6591276511652,0.0616262232746389
11.6844677289768,0.063489821359808
11.7098078067885,0.0652848147297048
11.7351478846002,0.0670068530295349
11.7604879624119,0.0686517040301587
11.7858280402236,0.070215265671969
11.8111681180353,0.0716935777965522
11.836508195847,0.0730828335188856
11.8618482736587,0.0743793901938006
11.8871883514704,0.0755797799316056
11.912528429282,0.0766807196191554
11.9378685070937,0.077679120404241
11.9632085849054,0.0785720966029811
11.9885486627171,0.0793569739919003
12.0138887405288,0.0800312974486041
12.0392288183405,0.0805928379073722
12.0645688961522,0.0810395985986155
12.0899089739639,0.0813698205439527
12.1152490517756,0.0815819872816601
12.1405891295872,0.0816748288004256
12.1659292073989,0.0816473246626868
12.1912692852106,0.0814987063023271
12.2166093630223,0.0812284584851617
12.241949440834,0.0808363199244111
12.2672895186457,0.0803222830472524
12.2926295964574,0.0796865929125228
12.3179696742691,0.0789297452837001
12.3433097520808,0.0780524838654056
12.3686498298925,0.0770557967158045
12.3939899077041,0.0759409118514345
12.4193299855158,0.0747092920651147
12.4446700633275,0.0733626289816715
12.4700101411392,0.0719028363802257
12.4953502189509,0.0703320428156892
12.5206902967626,0.0686525835759017
12.5460303745743,0.0668669920144493
12.571370452386,0.0649779903026446
12.5967105301977,0.0629884796473584
12.6220506080093,0.06090153002437
12.647390685821,0.0587203694796024
12.6727307636327,0.0564483730530214
12.6980708414444,0.0540890513820621
12.7234109192561,0.0516460390431987
12.7487509970678,0.0491230826916572
12.7740910748795,0.046524029060283
12.7994311526912,0.043852812879185
12.8247712305029,0.0411134447779924
12.8501113083145,0.0383099992323489
12.8754513861262,0.0354466026156463
12.9007914639379,0.0325274214159426
12.9261315417496,0.0295566506765448
12.9514716195613,0.0265385027168354
12.976811697373,0.0234771961876282
13.0021517751847,0.020376945512635
13.0274918529964,0.0172419507645479
13.0528319308081,0.0140763880207925
13.0781720086198,0.0108844002402273
13.1035120864314,0.00767008869796505
13.1288521642431,0.00443750501110634
13.1541922420548,0.00119064378354197
13.1795323198665,-0.00206656410687271
13.2048723976782,-0.00533025756050465
13.2302124754899,-0.00859665063439427
13.2555525533016,-0.0118620372391484
13.2808926311133,-0.0151227951517823
13.306232708925,-0.0183753893473563
13.3315727867366,-0.0216163746575592
13.3569128645483,-0.0248423977696244
13.38225294236,-0.0280501985840659
13.4075930201717,-0.0312366109546655
13.4329330979834,-0.0343985628388701
13.4582731757951,-0.0375330758912359
13.4836132536068,-0.0406372645367448
13.5089533314185,-0.0437083345646687
13.5342934092302,-0.0467435812871572
13.5596334870418,-0.049740387309813
13.5849735648535,-0.0526962199641922
13.6103136426652,-0.0556086284543869
13.6356537204769,-0.0584752407715945
13.6609937982886,-0.0612937604318383
13.6863338761003,-0.0640619630927647
13.711673953912,-0.0667776931056904
13.7370140317237,-0.0694388600588116
13.7623541095354,-0.0720434353667141
13.787694187347,-0.0745894489600427
13.8130342651587,-0.0770749861274162
13.8383743429704,-0.0794981845594183
13.8637144207821,-0.0818572316417898
13.8890544985938,-0.084150362041784
13.9143945764055,-0.0863758556281094
13.9397346542172,-0.0885320357609364
13.9650747320289,-0.0906172679841842
13.9904148098406,-0.0926299591477247
14.0157548876522,-0.0945685569823145
14.0410949654639,-0.0964315501450143
14.0664350432756,-0.0982174687476437
14.0917751210873,-0.0999248853754835
14.117115198899,-0.101552416598028
14.1424552767107,-0.103098724968163
14.1677953545224,-0.104562521500751
14.1931354323341,-0.105942568616266
14.2184755101458,-0.107237683529956
14.2438155879574,-0.108446742061958
14.2691556657691,-0.109568682839027
14.2944957435808,-0.110602511853988
14.3198358213925,-0.111547307344809
14.3451758992042,-0.112402224951314
14.3705159770159,-0.113166503104062
14.3958560548276,-0.113839468596844
14.4211961326393,-0.114420542291598
14.446536210451,-0.114909244902388
14.4718762882627,-0.115305202803404
14.4972163660743,-0.115608153804731
14.522556443886,-0.115817952838984
14.5478965216977,-0.115934577501737
14.5732365995094,-0.115958133389013
14.5985766773211,-0.115888859175977
14.6239167551328,-0.115727131382347
14.6492568329445,-0.115473468771866
14.6745969107562,-0.115128536335529
14.6999369885679,-0.114693148811009
14.7252770663795,-0.114168273693923
14.7506171441912,-0.113555033700161
14.7759572220029,-0.112854708642433
14.8012972998146,-0.112068736688448
14.8266373776263,-0.111198714972666
14.851977455438,-0.110246399538348
14.8773175332497,-0.109213704591588
14.9026576110614,-0.108102701054118
14.9279976888731,-0.106915614406902
14.9533377666847,-0.105654821821806
14.9786778444964,-0.104322848583899
15.0040179223081,-0.102922363812174
15.0293580001198,-0.101456175491654
15.0546980779315,-0.0999272248348416
15.0800381557432,-0.0983385799953336
15.1053782335549,-0.096693429161055
15.1307183113666,-0.0949950730589448
15.1560583891783,-0.0932469169070191
15.1813984669899,-0.091452461853504
15.2067385448016,-0.0896152959461531
15.2320786226133,-0.0877390846778962
15.257418700425,-0.0858275611576194
15.2827587782367,-0.0838845159570862
15.3080988560484,-0.0819137866868092
15.3334389338601,-0.0799192473550322
15.3587790116718,-0.0779047975648812
15.3841190894835,-0.0758743516052037
15.4094591672952,-0.0738318274906226
15.4347992451068,-0.0717811360059071
15.4601393229185,-0.0697261698089074
15.4854794007302,-0.0676707926450347
15.5108194785419,-0.0656188287246122
15.5361595563536,-0.0635740523123906
15.5614996341653,-0.0615401775761508
15.586839711977,-0.0595208487386233
15.6121797897887,-0.0575196305739765
15.6375198676004,-0.0555399992868935
15.662859945412,-0.0535853338088122
15.6882000232237,-0.0516589075422646
15.7135401010354,-0.0497638805804826
15.7388801788471,-0.0479032924255492
15.7642202566588,-0.0460800552244305
15.7895603344705,-0.0442969475382375
15.8149004122822,-0.0425566086561102
15.8402404900939,-0.0408615334611786
15.8655805679056,-0.0392140678522328
15.8909206457172,-0.0376164047210032
15.9162607235289,-0.0360705804813846
15.9416008013406,-0.0345784721435547
15.9669408791523,-0.0331417949227556
15.992280956964,-0.0317621003695665
16.0176210347757,-0.0304407750058157
16.0429611125874,-0.0291790394478723
16.0683011903991,-0.0279779479969519
16.0936412682108,-0.0268383886742675
16.1189813460224,-0.02576108367737
16.1443214238341,-0.0247465902328673
16.1696615016458,-0.0237953018198687
16.1950015794575,-0.0229074497379927
16.2203416572692,-0.0220831049935848
16.2456817350809,-0.021322180477907
16.2710218128926,-0.0206244334114825
16.2963618907043,-0.0199894680294805
16.321701968516,-0.0194167384839988
16.3470420463276,-0.0189055519403152
16.3723821241393,-0.0184550718456287
16.397722201951,-0.018064321350443
16.4230622797627,-0.0177321868645686
16.4484023575744,-0.0174574217316677
16.4737424353861,-0.0172386500083445
16.4990825131978,-0.0170743703359344
16.5244225910095,-0.0169629598953508
16.5497626688212,-0.0169026784375773
16.5751027466329,-0.0168916723846035
16.6004428244445,-0.016927978997779
16.6257829022562,-0.0170095306126578
16.6511229800679,-0.0171341589414009
16.6764630578796,-0.0172995994456786
16.7018031356913,-0.0175034957847236
16.727143213503,-0.0177434043447227
16.7524832913147,-0.018016798857069
16.7778233691264,-0.0183210751141158
16.8031634469381,-0.0186535557919479
16.8285035247497,-0.0190114953903296
16.8538436025614,-0.0193920853003519
16.8791836803731,-0.0197924590104236
16.9045237581848,-0.020209697461086
16.929765696836,-0.0206822872513639
16.955040372085,-0.0212488961570115
16.9803151177767,-0.0219065042898995
17.0055896604364,-0.0226520735367319
17.0308637262314,-0.0234825538824254
17.0561370408127,-0.0243948898661177
17.0814093291563,-0.0253860272403652
17.1066803154027,-0.0264529198337745
17.1319497226955,-0.027592536615122
17.1572172730186,-0.0288018689546733
17.1824826870315,-0.0300779380759751
17.2077456839026,-0.0314178026888552
17.2330059811403,-0.0328185667918022
17.2582632944219,-0.0342773876292732
17.2835173374193,-0.0357914837868999
17.3087678216219,-0.0373581434049909
17.3340144561567,-0.0389747324882431
17.3592569476045,-0.0406387032871704
17.3844949998118,-0.0423476027244935
17.4097283136998,-0.0440990808376018
17.4349565870679,-0.0458908992062608
17.4601795143928,-0.0477209393329848
17.485396786623,-0.0495872109419725
17.5106080909672,-0.0514878601612157
17.5358131106773,-0.0534211775513619
17.5610115248254,-0.0553856059441515
17.5862030080739,-0.0573797480527775
17.6113872304385,-0.0594023738163175
17.636563857045,-0.0614524274405071
17.6617325478764,-0.063529034097519
17.6868929575134,-0.0656315062481096
17.7120447348648,-0.0677593495504987
17.7371875228897,-0.0699122683216062
17.7623209583087,-0.0720901705178429
17.7874446713055,-0.0742931722044494
17.8125582852166,-0.076521601484462
17.83766141621,-0.0787760018606613
17.8627536729511,-0.0810571350063939
17.8878346562552,-0.0833659829238357
17.9129039587261,-0.0857037494711677
17.9379611643805,-0.0880718612431256
17.9630058482562,-0.0904719677925558
17.9880375760033,-0.0929059411838244
18.0130559034592,-0.095375874872259
18.0380603762035,-0.0978840819071381
18.0630505290941,-0.100433092459131
18.0880258857822,-0.103025650676453
18.112985958205,-0.105664710877343
18.1379302460552,-0.108353433089736
18.1628582362254,-0.111095177952241
18.1877694022259,-0.113893500993607
18.2126632035749,-0.116752146310862
18.2375390851586,-0.119675039669167
18.2623964765597,-0.122666281049122
18.2872347913525,-0.125730136669778
18.3120534263618,-0.128871030518003
18.3368517608842,-0.132093535416957
18.3616291558692,-0.13540236366847
18.3863849530563,-0.138802357305815
18.4111184740673,-0.142298477994992
18.4358290194493,-0.145895796623952
18.4605158676656,-0.149599482620373
18.4851782740311,-0.153414793039518
18.5098154695887,-0.157347061464496
18.5344266599222,-0.161401686761759
18.5590110239013,-0.165584121735088
18.5835677123555,-0.169899861721494
18.6080958466693,-0.174354433172499
18.6325945172956,-0.178953382264157
18.6570627821809,-0.183702263578902
18.6814996650945,-0.188606628901937
18.7059041538572,-0.193672016174357
18.7302751984608,-0.19890393864461
18.7546117090696,-0.204307874259189
18.7789125538976,-0.209889255332698
18.8031765569495,-0.215653458536557
18.8274024956172,-0.221605795244768
18.8515890981194,-0.227751502274173
18.8757350407734,-0.234095733055714
18.8998389450849,-0.240643549272168
18.9238993746428,-0.247399912996825
18.9479148318023,-0.254369679366547
18.9718837541409,-0.261557589821566
18.9958045106671,-0.268968265943348
19.019675397764,-0.276606203920741
19.0434946348434,-0.284475769673511
19.0672603596894,-0.292581194661266
19.0909706234626,-0.300926572404561
19.1146233853388,-0.30951585574374
19.138216506749,-0.318352854859786
19.1617477451885,-0.327441236080015
19.1852147475559,-0.336784521489931
19.2086150429828,-0.346386089370859
19.231946035108,-0.356249175481081
19.2552049937475,-0.366376875196048
19.278389045907,-0.376772146520813
19.301495166077,-0.38743781398501
19.3245201657457,-0.39837657342742
19.3474606820593,-0.409590997673416
19.3703131655512,-0.421083543104072
19.3930738668546,-0.432856557110578
19.415738822305,-0.444912286421394
19.4383038383306,-0.457252886282414
19.4607644745179,-0.469880430461845
19.4831160252292,-0.482796922041417
19.5053534996407,-0.496004304943671
19.5274716000536,-0.509504476130958
19.5494646983208,-0.523299298395113
19.571326810219,-0.537390613637096
19.5930515675808,-0.55178025651256
19.6146321879905,-0.566470068291771
19.6360614418307,-0.581461910749754
19.6573316164592,-0.596757679864137
19.6784344772805,-0.61235931905289
19.6993612254724,-0.628268831630852
19.7201024521212,-0.644488292101447
19.7406480885247,-0.661019855826684
19.7609873524284,-0.677865766533195
19.7811086899875,-0.695028361012795
19.8009997132804,-0.712510070261612
19.82064713326,-0.730313416170558
19.8400366881128,-0.748441002730909
19.8591530671161,-0.766895500551579
19.8779798302473,-0.785679623299931
19.8964993240195,-0.804796094478075
19.9146925943069,-0.824247602736261
19.9325392973007,-0.844036743712637
19.950017610211,-0.864165946187399
19.9671041439308,-0.884637380169169
19.9837738606134,-0.90545284442055
20,-0.926613630917221
