-20,-1.02582537108248
-19.9841443384024,-1.00222759224399
-19.9678485451958,-0.979022823427941
-19.9511359579205,-0.956207257847504
-19.934028633669,-0.933776420893336
-19.916547387373,-0.911725288551935
-19.8987118376694,-0.890048391936146
-19.8805404579292,-0.868739909091618
-19.8620506304911,-0.847793745279164
-19.8432587025417,-0.827203602915778
-19.8241800424248,-0.806963042303779
-19.8048290954424,-0.787065534201864
-19.7852194384485,-0.76750450520359
-19.7653638327233,-0.748273376795553
-19.7452742747717,-0.729365598874262
-19.7249620448115,-0.710774678411028
-19.7044377528112,-0.692494203870184
-19.683711382014,-0.674517865908991
-19.6627923299384,-0.656839474818152
-19.6416894468899,-0.63945297510009
-19.6204110720498,-0.622352457527891
-19.5989650672263,-0.605532168980556
-19.577358848371,-0.588986520309499
-19.5555994149709,-0.572710092456423
-19.5336933774318,-0.556697641013244
-19.5116469825707,-0.540944099389944
-19.4894661373341,-0.525444580735581
-19.4671564308563,-0.510194378740621
-19.4447231549679,-0.495188967434801
-19.4221713232614,-0.480424000083324
-19.3995056888138,-0.465895307275103
-19.3767307606618,-0.451598894289432
-19.3538508191197,-0.437530937821713
-19.3308699300235,-0.423687782144294
-19.3077919579801,-0.410065934774904
-19.2846205786952,-0.396662061722313
-19.2613592904474,-0.383472982376579
-19.2380114247723,-0.370495664109297
-19.2145801564145,-0.35772721664762
-19.1910685126031,-0.345164886284225
-19.1674793816992,-0.332806049983853
-19.1438155212636,-0.320648209445383
-19.1200795655857,-0.308688985176633
-19.0962740327152,-0.296926110637023
-19.0724013310311,-0.285357426501048
-19.0484637653833,-0.273980875092877
-19.0244635428371,-0.262794495039651
-19.0004027780497,-0.251796416187806
-18.9762834983046,-0.240984854823357
-18.9521076482295,-0.230358109233253
-18.9278770942181,-0.21991455564089
-18.9035936285801,-0.209652644544524
-18.8792589734346,-0.19957089748275
-18.8548747843679,-0.189667904246456
-18.8304426538702,-0.179942320551674
-18.8059641145679,-0.170392866182694
-18.7814406422634,-0.161018323609599
-18.7568736587983,-0.151817537079164
-18.7322645347487,-0.14278941217284
-18.7076145919671,-0.133932915820322
-18.6829251059784,-0.125247076752157
-18.658197308241,-0.116730986369847
-18.6334323882821,-0.108383800007157
-18.6086314957144,-0.10020473855179
-18.5837957421423,-0.0921930903923078
-18.5589262029651,-0.0843482136512392
-18.5340239190833,-0.0766695386616792
-18.5090898985143,-0.0691565706414739
-18.4841251179228,-0.0618088925162571
-18.4591305240724,-0.0546261678402343
-18.4341070352015,-0.0476081437616907
-18.4090555423298,-0.0407546539787714
-18.3839769104989,-0.0340656216301377
-18.358871979951,-0.0275410620646676
-18.3337415672493,-0.0211810854344536
-18.3085864663444,-0.0149858990559097
-18.2834074495891,-0.00895580948491476
-18.2582052687049,-0.00309122425347477
-18.232980655703,0.00260734678253197
-18.2077343237628,0.00813929053244295
-18.1824669680702,0.0135038902416797
-18.1571792666179,0.0187003255859505
-18.1318718809699,0.0237276733265703
-18.1065454569924,0.0285849085605485
-18.0812006255534,0.0332709065946405
-18.055838003192,0.0377844454678282
-18.0304581927594,0.0421242091417073
-18.0050617840343,0.0462887913730863
-17.9796493543118,0.0502767002777534
-17.95422146897,0.0540863635889211
-17.9287786820139,0.0577161346083173
-17.9033215365978,0.0611642988423551
-17.8778505655288,0.0644290813102631
-17.8523662917511,0.0675086545055952
-17.8268692288127,0.0704011469871664
-17.8013598813157,0.0731046525702376
-17.7758387453513,0.0756172400837367
-17.7503063089193,0.0779369636544961
-17.7247630523347,0.0800618734749225
-17.6992094486206,0.0819900270062653
-17.673645963889,0.0837195005657066
-17.6480730577109,0.0852484012419086
-17.6224911834744,0.0865748790804411
-17.5969007887337,0.0876971394776946
-17.5713023155481,0.0886134557194808
-17.5456962008128,0.0893221815985415
-17.5200828765807,0.0898217640436515
-17.4944627703773,0.0901107556919061
-17.4688363055082,0.0901878273351369
-17.4432039013598,0.090051780171214
-17.4175659736945,0.0897015577912346
-17.3919229349402,0.0891362578343037
-17.3662751944743,0.0883551432427355
-17.3406231589037,0.0873576530520529
-17.3149672323404,0.0861434126521192
-17.2893078166733,0.0847122434580849
-17.2636453118372,0.0830641719325383
-17.2379801160782,0.0811994379033277
-17.2123126262176,0.0791185021248964
-17.186643237913,0.0768220530346818
-17.1609723459182,0.0743110126600787
-17.135300344342,0.071586541635692
-17.1096053660108,0.0687003125820538
-17.0839103876795,0.065704257202777
-17.0582154093483,0.0626003039982852
-17.032520431017,0.0593906459201885
-17.0068254526858,0.056077740531356
-16.9811304743545,0.0526643091438886
-16.9554354960233,0.0491533349287519
-16.929740517692,0.0455480599959791
-16.9040455393608,0.0418519814494946
-16.8783505610296,0.0380688464256916
-16.8526555826983,0.0342026461299263
-16.8269606043671,0.0302576088900106
-16.8012656260358,0.026238192250587
-16.7755706477046,0.0221490741369297
-16.7498756693733,0.0179951431212044
-16.7241806910421,0.0137814878285221
-16.6984857127109,0.00951338552421399
-16.6727907343796,0.0051962899276261
-16.6470957560484,0.000835818301353628
-16.6214007777171,-0.00356226213179832
-16.5957057993859,-0.00799204838874541
-16.5700108210546,-0.0124475164847584
-16.5443158427234,-0.0169225366900995
-16.5186208643921,-0.0214108892217549
-16.4929258860609,-0.0259062803054635
-16.4672309077297,-0.0304023585416742
-16.4415359293984,-0.03489273150782
-16.4158409510672,-0.0393709825283824
-16.3901459727359,-0.0438306875436421
-16.3644509944047,-0.0482654320077671
-16.3387560160734,-0.0526688277469801
-16.3130610377422,-0.0570345297089673
-16.287366059411,-0.0613562525354506
-16.2616710810797,-0.065627786890919
-16.2359761027485,-0.0698430154819217
-16.2102811244172,-0.0739959287030363
-16.184586146086,-0.0780806398476498
-16.1588911677547,-0.0820913998240059
-16.1331961894235,-0.0860226113195729
-16.1075012110922,-0.0898688423596645
-16.081806232761,-0.0936248392093805
-16.0561112544298,-0.0972855385713082
-16.0304162760985,-0.100846079035042
-16.0047212977673,-0.104301811738386
-15.979026319436,-0.107648310204122
-15.9533313411048,-0.110881379320407
-15.9276363627735,-0.113997063437185
-15.9019413844423,-0.116991653555477
-15.8762464061111,-0.119861693590968
-15.8505514277798,-0.122603985697962
-15.8248564494486,-0.125215594644474
-15.7991614711173,-0.127693851233976
-15.7734664927861,-0.130036354774055
-15.7477715144548,-0.13224097459693
-15.7220765361236,-0.1343058506415
-15.6963815577923,-0.13622939311114
-15.6706865794611,-0.138010281225978
-15.6449916011299,-0.139647461092753
-15.6192966227986,-0.141140142719558
-15.5936016444674,-0.142487796206791
-15.5679066661361,-0.143690147149475
-15.5422116878049,-0.144747171289702
-15.5165167094736,-0.145659088461267
-15.4908217311424,-0.146426355871681
-15.4651267528111,-0.147049660769466
-15.4394317744799,-0.147529912547146
-15.4137367961487,-0.14786823433247
-15.3880418178174,-0.14806595412218
-15.3623468394862,-0.148124595514131
-15.3366518611549,-0.148045868094597
-15.3109568828237,-0.147831657538368
-15.2852619044924,-0.147484015479542
-15.2595669261612,-0.14700514921092
-15.23387194783,-0.146397411269505
-15.2081769694987,-0.145663288964822
-15.1824819911675,-0.144805393905676
-15.1567870128362,-0.143826451579456
-15.131092034505,-0.142729291036309
-15.1053970561737,-0.141516834728325
-15.0797020778425,-0.140192088551459
-15.0540070995112,-0.138758132135157
-15.02831212118,-0.137218109421668
-15.0026171428488,-0.135575219573754
-14.9769221645175,-0.133832708246081
-14.9512271861863,-0.131993859251888
-14.925532207855,-0.130061986652756
-14.8998372295238,-0.128040427295328
-14.8741422511925,-0.125932533814807
-14.8484472728613,-0.123741668120939
-14.82275229453,-0.121471195378044
-14.7970573161988,-0.119124478486493
-14.7713623378676,-0.116704873068919
-14.7456673595363,-0.114215722960353
-14.7199723812051,-0.111660356197496
-14.6942774028738,-0.109042081498472
-14.6685824245426,-0.106364185220672
-14.6428874462113,-0.103629928780715
-14.6171924678801,-0.100842546517231
-14.5914974895489,-0.0980052439739675
-14.5658025112176,-0.0951211965778379
-14.5401075328864,-0.0921935486838635
-14.5144125545551,-0.089225412956566
-14.4887175762239,-0.0862198700552727
-14.4630225978926,-0.0831799685889905
-14.4373276195614,-0.0801087253050032
-14.4116326412301,-0.0770091254741659
-14.3859376628989,-0.0738841234349938
-14.3602426845677,-0.0707366432581003
-14.3345477062364,-0.0675695794922966
-14.3088527279052,-0.0643857979537507
-14.2831577495739,-0.0611881365199897
-14.2574627712427,-0.0579794058912199
-14.2317677929114,-0.0547623902824177
-14.2060728145802,-0.0515398480109072
-14.180377836249,-0.0483145119456681
-14.1546828579177,-0.0450890897863959
-14.1289878795865,-0.0418662641423533
-14.1032929012552,-0.0386486923832896
-14.077597922924,-0.0354390062371367
-14.0519029445927,-0.0322398111118162
-14.0262079662615,-0.0290536851212661
-14.0005129879302,-0.0258831777987249
-13.974818009599,-0.022730808483353
-13.9491230312678,-0.0195990643694198
-13.9234280529365,-0.016490398210509
-13.8977330746053,-0.0134072256744837
-13.872038096274,-0.0103519223482727
-13.8463431179428,-0.00732682039488892
-13.8206481396115,-0.00433420486842425
-13.7949531612803,-0.00137630969609074
-13.769258182949,0.00154468666034646
-13.7435632046178,0.00442666584817822
-13.7178682262866,0.00726757455369409
-13.6921732479553,0.0100654296967031
-13.6664782696241,0.012818323864943
-13.6407832912928,0.0155244309608778
-13.6150883129616,0.0181820120307242
-13.5893933346303,0.020789421243037
-13.5636983562991,0.0233451119818582
-13.5380033779679,0.0258476430172823
-13.5123083996366,0.0282956847143494
-13.4866134213054,0.0306880252394387
-13.4609184429741,0.0330235767218304
-13.4352234646429,0.0353013813268189
-13.4095284863116,0.0375206171957355
-13.3838335079804,0.0396806042074534
-13.3581385296491,0.0417808095154349
-13.3324435513179,0.0438208528141306
-13.3067485729867,0.0458005112885693
-13.2810535946554,0.0477197242012903
-13.2553586163242,0.0495785970713629
-13.2296636379929,0.0513774054011294
-13.2039686596617,0.0531165979074838
-13.1782736813304,0.0547967992159748
-13.1525787029992,0.0564188119777844
-13.1268837246679,0.0579836183716917
-13.1011887463367,0.0594923809554755
-13.0754937680055,0.060946442833835
-13.0497987896742,0.0623473271128109
-13.024103811343,0.0636967356138549
-12.9984088330117,0.0649965468241246
-12.9727138546805,0.066248813063243
-12.9470188763492,0.0674557568506649
-12.921323898018,0.0686197664618967
-12.8956289196868,0.0697433906661247
-12.8699339413555,0.0708293326422806
-12.8442389630243,0.0718804430752059
-12.818543984693,0.0728997124383287
-12.7928490063618,0.073890262474128
-12.7671540280305,0.0748553368885895
-12.7414590496993,0.0757982912808299
-12.715764071368,0.0767225823340591
-12.6900690930368,0.0776317562990179
-12.6643741147056,0.0785294368059454
-12.6386791363743,0.0794193120459675
-12.6129841580431,0.0803051213675099
-12.5872891797118,0.081190641337899
-12.5615942013806,0.0820796713246873
-12.5358992230493,0.0829760186553839
-12.5102042447181,0.0838834834181693
-12.4845092663869,0.0848058429697647
-12.4588142880556,0.0857468362199164
-12.4331193097244,0.0867101477648716
-12.4074243313931,0.0876993919447784
-12.3817293530619,0.0887180969020718
-12.3560343747306,0.0897696887196221
-12.3303393963994,0.0908574757186679
-12.3046444180681,0.091984632997345
-12.2789494397369,0.093154187290909
-12.2532544614057,0.0943690022345502
-12.2275594830744,0.0956317641089785
-12.2018645047432,0.0969449681477345
-12.1761695264119,0.098310905483436
-12.1504745480807,0.0997316508079175
-12.1247795697494,0.10120905081846
-12.0990845914182,0.102744713519056
-12.0733896130869,0.104339998441911
-12.0476946347557,0.105996007850211
-12.0219996564245,0.107713578978517
-11.9963046780932,0.109493277362127
-11.970609699762,0.111335391301297
-11.9449147214307,0.113239927500443
-11.9192197430995,0.115206607916327
-11.8935247647682,0.117234867842862
-11.867829786437,0.119323855253575
-11.8421348081058,0.12147243141592
-11.8164398297745,0.12367917278472
-11.7907448514433,0.125942374174921
-11.765049873112,0.128260053206768
-11.7393548947808,0.130629956009344
-11.7136599164495,0.133049564161384
-11.6879649381183,0.135516102841246
-11.662269959787,0.138026550151098
-11.6365749814558,0.140577647573678
-11.6108800031246,0.143165911513576
-11.5851850247933,0.1457876458688
-11.5594900464621,0.148438955572535
-11.5337950681308,0.151115761039499
-11.5081000897996,0.153813813446206
-11.4824051114683,0.156528710769747
-11.4567101331371,0.15925591450546
-11.4310151548059,0.161990766980134
-11.4053201764746,0.164728509174124
-11.3796251981434,0.167464298963057
-11.3539302198121,0.170193229687621
-11.3282352414809,0.172910348958308
-11.3025402631496,0.175610677600945
-11.2768452848184,0.178289228648322
-11.2511503064871,0.180941026283348
-11.2254553281559,0.183561124639775
-11.1997603498247,0.186144626367762
-11.1740653714934,0.188686700873275
-11.1483703931622,0.191182602142629
-11.1226754148309,0.193627686066262
-11.0969804364997,0.196017427179138
-11.0712854581684,0.198347434738932
-11.0455904798372,0.200613468067368
-11.0198955015059,0.202811451084722
-10.9942005231747,0.204937485972485
-10.9685055448435,0.206987865904579
-10.9428105665122,0.20895908679317
-10.917115588181,0.210847858001097
-10.8914206098497,0.21265111197914
-10.8657256315185,0.214366012792718
-10.8400306531872,0.215989963509222
-10.814335674856,0.217520612423818
-10.7886406965248,0.218955858108346
-10.7629457181935,0.220293853274755
-10.7372507398623,0.221533007451259
-10.711555761531,0.222671988476216
-10.6858607831998,0.223709722821368
-10.6601658048685,0.224645394762629
-10.6344708265373,0.225478444423008
-10.608775848206,0.226208564718439
-10.5830808698748,0.226835697243241
-10.5573858915436,0.22736002713761
-10.5316909132123,0.227781976984938
-10.5059959348811,0.228102199791802
-10.4803009565498,0.228321571108124
-10.4546059782186,0.228441180349343
-10.4289109998873,0.228462321386271
-10.4032160215561,0.228386482471771
-10.3775210432248,0.228215335576371
-10.3518260648936,0.227950725207428
-10.3261310865624,0.22759465678846
-10.3004361082311,0.227149284676793
-10.2747411298999,0.226616899898642
-10.2490461515686,0.225999917681238
-10.2233511732374,0.225300864861549
-10.1976561949061,0.22452236725059
-10.1719612165749,0.223667137031222
-10.1462662382437,0.222737960265735
-10.1205712599124,0.221737684587417
-10.0948762815812,0.220669207147709
-10.0691813032499,0.219535462887501
-10.0434863249187,0.218339413197582
-10.0177913465874,0.217084035029347
-9.99209636825619,0.215772310512495
-9.96640138992495,0.214407217131741
-9.9407064115937,0.212991718509523
-9.91501143326246,0.211528755836316
-9.88931645493122,0.21002123998454
-9.86362147659997,0.208472044336203
-9.83792649826873,0.206883998348407
-9.81223151993748,0.205259881874652
-9.78653654160624,0.203602420253629
-9.760841563275,0.201914280170907
-9.73514658494375,0.200198066292598
-9.70945160661251,0.198456318663867
-9.68375662828126,0.196691510858999
-9.65806164995002,0.194906048863774
-9.63236667161877,0.193102270665084
-9.60667169328753,0.191282446517232
-9.58097671495629,0.189448779849058
-9.55528173662504,0.18760340877118
-9.5295867582938,0.185748408138059
-9.50389177996256,0.183885792115522
-9.47819680163131,0.18201751720067
-9.45250182330007,0.180145485637945
-9.42680684496882,0.178271549172416
-9.40111186663758,0.176397513079235
-9.37541688830634,0.174525140406566
-9.34972190997509,0.172656156368304
-9.32402693164385,0.170792252822378
-9.2983319533126,0.168935092770599
-9.27263697498136,0.16708631481664
-9.24694199665012,0.165247537520022
-9.22124701831887,0.163420363585758
-9.19555203998763,0.161606383831658
-9.16985706165639,0.159807180878131
-9.14416208332514,0.158024332508692
-9.1184671049939,0.156259414653133
-9.09277212666265,0.15451400394958
-9.06707714833141,0.152789679846214
-9.04138217000017,0.151088026208393
-9.01568719166892,0.149410632402119
-8.98999221333768,0.147759093830275
-8.96429723500643,0.146135011903699
-8.93860225667519,0.144539993434964
-8.91290727834394,0.142975649448605
-8.8872123000127,0.141443593407447
-8.86151732168146,0.139945438860575
-8.83582234335021,0.138482796524259
-8.81012736501897,0.137057270812877
-8.78443238668773,0.135670455842302
-8.75873740835648,0.134323930933527
-8.73304243002524,0.133019255649258
-8.70734745169399,0.13175796440087
-8.68165247336275,0.130541560667416
-8.65595749503151,0.129371510872283
-8.63026251670026,0.128249237966568
-8.60456753836902,0.127176114771239
-8.57887256003777,0.126153457132737
-8.55317758170653,0.125182516948655
-8.52748260337529,0.124264475121712
-8.50178762504404,0.123400434501257
-8.4760926467128,0.122591412872
-8.45039766838156,0.121838336049709
-8.42470269005031,0.121142031143036
-8.39900771171907,0.120503220039651
-8.37331273338782,0.119922513173322
-8.34761775505658,0.119400403626656
-8.32192277672533,0.118937261621774
-8.29622779839409,0.118533329448403
-8.27053282006285,0.11818871687567
-8.2448378417316,0.117903397090353
-8.21914286340036,0.117677203200486
-8.19344788506911,0.117509825339115
-8.16775290673787,0.117400808398638
-8.14205792840663,0.11734955042164
-8.11636295007538,0.117355301669424
-8.09066797174414,0.117417164384656
-8.0649729934129,0.117534093259672
-8.03927801508165,0.117704896617089
-8.01358303675041,0.117928238304501
-7.98788805841916,0.118202640300171
-7.96219308008792,0.118526486021936
-7.93649810175668,0.118898024326849
-7.91080312342543,0.119315374184667
-7.88510814509419,0.119776530003965
-7.85941316676294,0.120279367585579
-7.8337181884317,0.120821650674237
-7.80802321010046,0.121401038075644
-7.78232823176921,0.122015091302951
-7.75663325343797,0.122661282713523
-7.73093827510673,0.123337004094175
-7.70524329677548,0.12403957565065
-7.67954831844424,0.124766255354971
-7.65385334011299,0.125514248602582
-7.62815836178175,0.126280718129677
-7.6024633834505,0.127062794140033
-7.57676840511926,0.127857584589831
-7.55107342678802,0.12866218557846
-7.52537844845677,0.129473691793111
-7.49968347012553,0.130289206955079
-7.47398849179429,0.131105854216086
-7.44829351346304,0.131920786453609
-7.4225985351318,0.132731196415145
-7.39690355680055,0.133534326662506
-7.37120857846931,0.134327479268667
-7.34551360013807,0.135108025221318
-7.31981862180682,0.135873413489111
-7.29412364347558,0.136621179708589
-7.26842866514433,0.137348954452004
-7.24273368681309,0.138054471038546
-7.21703870848185,0.138735572853989
-7.1913437301506,0.139390220146359
-7.16564875181936,0.140016496267924
-7.13995377348811,0.140612613336619
-7.11425879515687,0.141176917292854
-7.08856381682563,0.141707892330613
-7.06286883849438,0.142204164684719
-7.03717386016314,0.142664505759159
-7.01147888183189,0.143087834584394
-6.98578390350065,0.143473219594642
-6.96008892516941,0.143819879719177
-6.93439394683816,0.144127184784706
-6.90869896850692,0.14439465522895
-6.88300399017568,0.144621961128527
-6.85730901184443,0.1448089205472
-6.83161403351319,0.144955497213473
-6.80591905518194,0.145061797539393
-6.7802240768507,0.145128066995195
-6.75452909851946,0.145154685857179
-6.72883412018821,0.145142164348874
-6.70313914185697,0.145091137198105
-6.67744416352572,0.145002357635085
-6.65174918519448,0.144876690859055
-6.62605420686324,0.144715107003274
-6.60035922853199,0.144518673630367
-6.57466425020075,0.144288547792119
-6.5489692718695,0.144025967689743
-6.52327429353826,0.143732243972509
-6.49757931520702,0.143408750714319
-6.47188433687577,0.143056916109362
-6.44618935854453,0.142678212929454
-6.42049438021328,0.142274148786908
-6.39479940188204,0.141846256247934
-6.3691044235508,0.14139608284253
-6.34340944521955,0.140925181017652
-6.31771446688831,0.140435098081058
-6.29201948855706,0.139927366183741
-6.26632451022582,0.139403492389104
-6.24062953189458,0.138864948877194
-6.21493455356333,0.138313163332199
-6.18923957523209,0.13774950956116
-6.16354459690085,0.137175298391413
-6.1378496185696,0.136591768893586
-6.11215464023836,0.136000079976167
-6.08645966190711,0.135401302396575
-6.06076468357587,0.134796411232427
-6.03506970524463,0.134186278855247
-6.00937472691338,0.133571668447181
-5.98367974858214,0.132953228099442
-5.95798477025089,0.132331485529125
-5.93228979191965,0.131706843448793
-5.9065948135884,0.13107957562074
-5.88089983525716,0.130449823625223
-5.85520485692592,0.129817594369067
-5.82950987859467,0.129182758358071
-5.80381490026343,0.128545048753397
-5.77811992193219,0.127904061228782
-5.75242494360094,0.127259254641872
-5.7267299652697,0.126609952529309
-5.70103498693845,0.125955345431373
-5.67534000860721,0.125294494048066
-5.64964503027597,0.124626333224439
-5.62395005194472,0.123949676758865
-5.59825507361348,0.123263223023689
-5.57256009528223,0.122565561383447
-5.54686511695099,0.121855179391476
-5.52117013861975,0.121130470741428
-5.4954751602885,0.120389743945823
-5.46978018195726,0.119631231709461
-5.44408520362602,0.118853100961229
-5.41839022529477,0.118053463503618
-5.39269524696353,0.117230387235158
-5.36700026863228,0.116381907896958
-5.34130529030104,0.115506041290704
-5.3156103119698,0.114600795911757
-5.28991533363855,0.113664185937542
-5.26422035530731,0.112694244508114
-5.23852537697606,0.111689037232819
-5.21283039864482,0.110646675854204
-5.18713542031358,0.10956533199791
-5.16144044198233,0.108443250935184
-5.13574546365109,0.107278765282884
-5.11005048531984,0.106070308564468
-5.0843555069886,0.104816428554493
-5.05866052865736,0.103515800328539
-5.03296555032611,0.102167238940376
-5.00727057199487,0.100769711648444
-4.98157559366362,0.0993223496145176
-4.95588061533238,0.0978244589986303
-4.93018563700114,0.096275531376032
-4.90449065866989,0.0946752534041498
-4.87879568033865,0.0930235156701668
-4.8531007020074,0.0913204206529776
-4.82740572367616,0.0895662897368886
-4.80171074534492,0.0877616692185005
-4.77601576701367,0.0859073352527402
-4.75032078868243,0.0840042976889576
-4.72462581035118,0.0820538027533833
-4.69893083201994,0.0800573345400001
-4.6732358536887,0.0780166152780127
-4.64754087535745,0.0759336043505529
-4.62184589702621,0.0738104960460303
-4.59615091869497,0.0716497160305482
-4.57045594036372,0.0694539165370608
-4.54476096203248,0.06722597027437
-4.51906598370123,0.0649689630666234
-4.49337100536999,0.0626861852416218
-4.46767602703875,0.0603811217939395
-4.4419810487075,0.0580574413565239
-4.41628607037626,0.0557189840220654
-4.39059109204501,0.0533697480629046
-4.36489611371377,0.0510138756055792
-4.33920113538253,0.0486556373231952
-4.31350615705128,0.046299416215633
-4.28781117872004,0.0439496905540769
-4.26211620038879,0.0416110160724696
-4.23642122205755,0.039288007494155
-4.21072624372631,0.0369853194871792
-4.18503126539506,0.0347076271463812
-4.15933628706382,0.0324596061045224
-4.13364130873257,0.0302459123782
-4.10794633040133,0.0280711620571696
-4.08225135207009,0.0259399109478941
-4.05655637373884,0.0238566342836576
-4.0308613954076,0.0218257066143731
-4.00516641707635,0.01985138198929
-3.97947143874511,0.0179377745451333
-3.95377646041387,0.0160888396107991
-3.92808148208262,0.0143083554375739
-3.90238650375138,0.0125999056609571
-3.87669152542014,0.0109668625965456
-3.85099654708889,0.00941237146812688
-3.82530156875765,0.0079393356611132
-3.7996065904264,0.00655040308879788
-3.77391161209516,0.00524795375263188
-3.74821663376392,0.0040340885708659
-3.72252165543267,0.00291061954250176
-3.69682667710143,0.00187906130562201
-3.67113169877018,0.000940624140846193
-3.64543672043894,9.62084619721311e-05
-3.6197417421077,-0.000653599173152178
-3.59404676377645,-0.00130852850774337
-3.56835178544521,-0.0018686264728563
-3.54265680711396,-0.00233425651106339
-3.51696182878272,-0.00270609634191601
-3.49126685045148,-0.00298513418367506
-3.46557187212023,-0.00317266345532905
-3.43987689378899,-0.00327027599228724
-3.41418191545774,-0.00327985381828969
-3.3884869371265,-0.00320355952493874
-3.36279195879526,-0.0030438253187651
-3.33709698046401,-0.00280334080384122
-3.31140200213277,-0.00248503957557703
-3.28570702380153,-0.00209208470843064
-3.26001204547028,-0.00162785322678919
-3.23431706713904,-0.00109591965416801
-3.20862208880779,-0.000500038741114803
-3.18292711047655,0.000155872523268357
-3.1572321321453,0.000867753507461048
-3.13153715381406,0.00163141902955243
-3.10584217548282,0.00244257883111539
-3.08014719715157,0.00329685731738929
-3.05445221882033,0.0041898134475365
-3.02875724048909,0.00511696065882572
-3.00306226215784,0.00607378670947395
-2.9773672838266,0.00705577332652627
-2.95167230549535,0.00805841554755747
-2.92597732716411,0.00907724064811368
-2.90028234883287,0.0101078265506514
-2.87458737050162,0.0111458196152347
-2.84889239217038,0.0121869517173867
-2.82319741383913,0.013227056524211
-2.79750243550789,0.0142620848861588
-2.77180745717665,0.0152881192685587
-2.7461124788454,0.0163013871542116
-2.72041750051416,0.0172982733559035
-2.69472252218291,0.018275331185566
-2.66902754385167,0.0192292924349472
-2.64333256552043,0.0201570761309828
-2.61763758718918,0.0210557960375217
-2.59194260885794,0.0219227668835984
-2.56624763052669,0.0227555093069919
-2.54055265219545,0.0235517535103099
-2.51485767386421,0.0243094416352293
-2.48916269553296,0.0250267288687506
-2.46346771720172,0.0257019833033273
-2.43777273887048,0.0263337845804671
-2.41207776053923,0.0269209213548099
-2.38638278220799,0.0274623876227314
-2.36068780387674,0.0279573779661526
-2.3349928255455,0.028405281768416
-2.30929784721426,0.0288056764647886
-2.28360286888301,0.029158319895331
-2.25790789055177,0.0294631418325177
-2.23221291222052,0.029720234760065
-2.20651793388928,0.0299298439829272
-2.18082295555804,0.0300923571513175
-2.15512797722679,0.0302082932839161
-2.12943299889555,0.030278291377119
-2.1037380205643,0.0303030986882676
-2.07804304223306,0.0302835587812818
-2.05234806390182,0.0302205994230091
-2.02665308557057,0.0301152204179069
-2.00095810723933,0.0299684814674063
-1.97526312890808,0.0297814901385036
-1.94956815057684,0.0295553900237729
-1.9238731722456,0.0292913491721609
-1.89817819391435,0.0289905488665998
-1.87248321558311,0.0286541728207169
-1.84678823725186,0.028283396862739
-1.82109325892062,0.0278793791701383
-1.79539828058938,0.0274432511136696
-1.76970330225813,0.0269761087642409
-1.74400832392689,0.0264790051105953
-1.71831334559565,0.0259529430300767
-1.6926183672644,0.0253988690488687
-1.66692338893316,0.0248176679220569
-1.64122841060191,0.024210158057725
-1.61553343227067,0.0235770878030796
-1.58983845393943,0.0229191326043645
-1.56414347560818,0.0222368930460978
-1.53844849727694,0.0215308937689897
-1.51275351894569,0.0208015832598177
-1.48705854061445,0.0200493345005743
-1.46136356228321,0.01927444645841
-1.43566858395196,0.0184771463922948
-1.40997360562072,0.0176575929469544
-1.38427862728947,0.0168158799995316
-1.35858364895823,0.0159520412196063
-1.33288867062699,0.0150660552987128
-1.30719369229574,0.0141578518013378
-1.2814987139645,0.0132273175856002
-1.25580373563325,0.0122743037384094
-1.23010875730201,0.0112986329669127
-1.20441377897077,0.0103001073854679
-1.17871880063952,0.00927851663524248
-1.15302382230828,0.00823364627185125
-1.12732884397703,0.00716528635520467
-1.10163386564579,0.00607324017496092
-1.07593888731455,0.00495733304465444
-1.0502439089833,0.00381742109770639
-1.02454893065206,0.00265340001911691
-0.998853952320815,0.00146521364767255
-0.973158973989571,0.000252862384974187
-0.947463995658327,-0.00098358865051049
-0.921769017327083,-0.00224400178386995
-0.896074038995839,-0.00352815931544991
-0.870379060664595,-0.00483575647758687
-0.844684082333352,-0.00616639486672277
-0.818989104002108,-0.00751957639754244
-0.793294125670864,-0.00889469782177179
-0.76759914733962,-0.0102910458500198
-0.741904169008376,-0.0117077929105754
-0.716209190677132,-0.0131439935743999
-0.690514212345888,-0.0145985816707451
-0.664819234014644,-0.0160703681128992
-0.6391242556834,-0.0175580394485563
-0.613429277352156,-0.0190601571442695
-0.587734299020912,-0.0205751576084069
-0.562039320689668,-0.0221013529520412
-0.536344342358424,-0.023636932482283
-0.51064936402718,-0.0251799649177807
-0.484954385695937,-0.0267284013114669
-0.459259407364693,-0.0282800786611862
-0.433564429033449,-0.0298327241846194
-0.407869450702205,-0.0313839602309523
-0.382174472370961,-0.0329313097980656
-0.356479494039717,-0.0344722026206543
-0.330784515708473,-0.0360039817916644
-0.305089537377229,-0.0375239108767642
-0.279394559045985,-0.0390291814792808
-0.253699580714741,-0.0405169212111261
-0.228004602383497,-0.0419842020237423
-0.202309624052253,-0.0434280488519921
-0.176614645721009,-0.0448454485232412
-0.150919667389765,-0.0462333588835923
-0.125224689058521,-0.047588718093353
-0.0995297107272776,-0.0489084540443297
-0.0738347323960336,-0.0501894938524295
-0.0481397540647897,-0.0514287733802988
-0.0224447757335458,-0.0526232467463158
0.00325020259769815,-0.0537698957781579
0.0289451809289421,-0.0548657393713589
0.054640159260186,-0.0559078427157129
0.0803351375914299,-0.0568933263550656
0.106030115922674,-0.0578193750488913
0.131725094253918,-0.0586832464070761
0.157420072585162,-0.059482279272462
0.183115050916406,-0.0602139018289177
0.20881002924765,-0.0608756394159497
0.234505007578894,-0.0614651220341176
0.260199985910137,-0.0619800915287194
0.285894964241381,-0.0624184084423401
0.311589942572625,-0.0627780585298657
0.337284920903869,-0.0630571589324209
0.362979899235113,-0.0632539640093605
0.388674877566357,-0.0633668708298974
0.414369855897601,-0.0633944243281596
0.440064834228845,-0.0633353221274115
0.465759812560089,-0.0631884190408196
0.491454790891333,-0.0629527312574878
0.517149769222577,-0.0626274402235027
0.542844747553821,-0.0622118962284222
0.568539725885065,-0.0617056217079867
0.594234704216309,-0.0611083142738506
0.619929682547552,-0.060419849480812
0.645624660878796,-0.0596402833413758
0.67131963921004,-0.0587698545965276
0.697014617541284,-0.0578089867503458
0.722709595872528,-0.0567582898745535
0.748404574203772,-0.0556185621873333
0.774099552535016,-0.0543907914087299
0.79979453086626,-0.0530761558927784
0.825489509197504,-0.0516760255341484
0.851184487528748,-0.0501919624446325
0.876879465859992,-0.0486257213922611
0.902574444191236,-0.0469792499932453
0.92826942252248,-0.0452546886443661
0.953964400853723,-0.0434543701808955
0.979659379184967,-0.0415808192426877
1.00535435751621,-0.0396367513287614
1.03104933584746,-0.0376250715185538
1.0567443141787,-0.0355488728360965
1.08243929250994,-0.0334114342316842
1.10813427084119,-0.0312162181542235
1.13382924917243,-0.0289668676863754
1.15952422750368,-0.026667203213902
1.18521920583492,-0.024321218600285
1.21091418416616,-0.0219330768377639
1.23660916249741,-0.0195071051464291
1.26230414082865,-0.0170477894939398
1.28799911915989,-0.0145597685098132
1.31369409749114,-0.012047826770062
1.33938907582238,-0.0095168874302393
1.36508405415363,-0.00697200418767648
1.39077903248487,-0.00441835255686911
1.41647401081611,-0.00186122044554522
1.44216898914736,0.000694001977059527
1.4678639674786,0.00324183312383653
1.49355894580985,0.00577671154476029
1.51925392414109,0.00829300818756198
1.54494890247233,0.0107850393532296
1.57064388080358,0.0132470803299282
1.59633885913482,0.0156733796832347
1.62203383746607,0.0180581741747491
1.64772881579731,0.0203957042752284
1.67342379412855,0.022680230232446
1.6991187724598,0.02490604864806
1.72481375079104,0.0270675095119419
1.75050872912229,0.0291590336367181
1.77620370745353,0.0311751304297818
1.80189868578477,0.0331104159347812
1.82759366411602,0.0349596310696583
1.85328864244726,0.036717659983729
1.87898362077851,0.0383795484521333
1.90467859910975,0.0399405222222805
1.93037357744099,0.0413960052237171
1.95606855577224,0.0427416375501934
1.98176353410348,0.0439732931206442
2.00745851243472,0.0450870969243504
2.03315349076597,0.0460794417547538
2.05884846909721,0.0469470043362661
2.08454344742846,0.0476867607489735
2.1102384257597,0.0482960010573985
2.13593340409094,0.0487723430514432
2.16162838242219,0.0491137450103109
2.18732336075343,0.0493185174035745
2.21301833908468,0.0493853334476153
2.23871331741592,0.0493132384403923
2.26440829574716,0.0491016578028746
2.29010327407841,0.0487504037614637
2.31579825240965,0.0482596806123108
2.3414932307409,0.047630088515555
2.36718820907214,0.0468626257751177
2.39288318740338,0.0459586895677584
2.41857816573463,0.0449200750935455
2.44427314406587,0.043748973128691
2.46996812239712,0.042447965970752
2.49566310072836,0.041020021775482
2.5213580790596,0.0394684872940139
2.54705305739085,0.0377970790285499
2.57274803572209,0.0360098728342108
2.59844301405333,0.0341112920041165
2.62413799238458,0.0321060938840408
2.64983297071582,0.0299993550720498
2.67552794904707,0.0277964552673104
2.70122292737831,0.0255030598406911
2.72691790570955,0.0231251012077884
2.7526128840408,0.0206687590925488
2.77830786237204,0.0181404397766506
2.80400284070329,0.015546754436209
2.82969781903453,0.01289449667311
2.85539279736577,0.010190619353339
2.88108777569702,0.00744221086896841
2.90678275402826,0.00465647094401522
2.93247773235951,0.00184068610709208
2.95817271069075,-0.000997795044322427
2.98386768902199,-0.00385158666213626
3.00956266735324,-0.00671329042238114
3.03525764568448,-0.00957552013109268
3.06095262401573,-0.0124309260375513
3.08664760234697,-0.0152722187335238
3.11234258067821,-0.0180921925204068
3.13803755900946,-0.0208837481302615
3.1637325373407,-0.0236399146916009
3.18942751567195,-0.0263538708364286
3.21512249400319,-0.0290189648513691
3.24081747233443,-0.031628733782747
3.26651245066568,-0.0341769214130925
3.29220742899692,-0.0366574950347327
3.31790240732817,-0.039064660954789
3.34359738565941,-0.0413928786749966
3.36929236399065,-0.0436368736991902
3.3949873423219,-0.0457916489310191
3.42068232065314,-0.0478524946343564
3.44637729898438,-0.0498149969388947
3.47207227731563,-0.051675044883476
3.49776725564687,-0.0534288359997233
3.52346223397812,-0.0550728804484214
3.54915721230936,-0.0566040037307782
3.5748521906406,-0.0580193480060878
3.60054716897185,-0.0593163720563454
3.62624214730309,-0.0604928499469567
3.65193712563434,-0.0615468684407681
3.67763210396558,-0.0624768232301545
3.70332708229682,-0.063281414058779
3.72902206062807,-0.0639596388108277
3.75471703895931,-0.0645107866509642
3.78041201729056,-0.0649344303029251
3.8061069956218,-0.0652304175585119
3.83180197395304,-0.0653988621117483
3.85749695228429,-0.0654401338150913
3.88319193061553,-0.0653548484558472
3.90888690894678,-0.0651438571512964
3.93458188727802,-0.0648082354605192
3.96027686560926,-0.0643492723095143
3.98597184394051,-0.0637684588239607
4.01166682227175,-0.0630674771608928
4.037361800603,-0.0622481894266957
4.06305677893424,-0.0613126267642059
4.08875175726548,-0.0602629786863854
4.11444673559673,-0.0591015827280711
4.14014171392797,-0.0578309144807497
4.16583669225921,-0.0564535780682436
4.19153167059046,-0.0549722971136802
4.2172266489217,-0.0533899062402369
4.24292162725295,-0.0517093431399859
4.26861660558419,-0.0499336412367859
4.29431158391543,-0.0480659229606729
4.32000656224668,-0.0461093936426669
4.34570154057792,-0.0440673360304298
4.37139651890917,-0.0419431054168581
4.39709149724041,-0.0397401253655639
4.42278647557165,-0.0374618840093683
4.4484814539029,-0.035111930890475
4.47417643223414,-0.0326938743039936
4.49987141056539,-0.0302113791000024
4.52556638889663,-0.0276681648934498
4.55126136722787,-0.0250680046259481
4.57695634555912,-0.0224147234189611
4.60265132389036,-0.0197121976540867
4.62834630222161,-0.0169643542131011
4.65404128055285,-0.0141751698082207
4.67973625888409,-0.0113486703316422
4.70543123721534,-0.0084889301528829
4.73112621554658,-0.00560007129273952
4.75682119387783,-0.00268626240383061
4.78251617220907,0.000248282510340196
4.80821115054031,0.00319930570308058
4.83390612887156,0.00616250768068877
4.8596011072028,0.0091335496445347
4.88529608553405,0.0121080564314694
4.91099106386529,0.0150816199993477
4.93668604219653,0.0180498034982221
4.96238102052778,0.0210081459610236
4.98807599885902,0.0239521676403428
5.01377097719026,0.0268773760103521
5.03946595552151,0.0297792724450368
5.06516093385275,0.0326533595758037
5.090855912184,0.035495149323312
5.11655089051524,0.0383001715900879
5.14224586884648,0.0410639835922294
5.16794084717773,0.0437821798003822
5.19363582550897,0.0464504024522263
5.21933080384022,0.0490643525910592
5.24502578217146,0.0516198015777617
5.2707207605027,0.0541126030165618
5.29641573883395,0.0565387050286437
5.32211071716519,0.058894162801839
5.34780569549643,0.0611751513394544
5.37350067382768,0.0633779783267769
5.39919565215892,0.065499097030004
5.42489063049017,0.0675351191393116
5.45058560882141,0.0694828274655185
5.47628058715266,0.0713391883983726
5.5019755654839,0.0731013640338599
5.52767054381514,0.0747667238781582
5.55336552214639,0.0763328560368952
5.57906050047763,0.0777975778002375
5.60475547880887,0.0791589455369963
5.63045045714012,0.0804152638143804
5.65614543547136,0.0815650936642095
5.68184041380261,0.082607259921293
5.70753539213385,0.0835408575652291
5.73323037046509,0.0843652570030372
5.75892534879634,0.0850801082367483
5.78462032712758,0.0856853438672769
5.81031530545883,0.0861811808935222
5.83601028379007,0.0865681212736296
5.86170526212131,0.0868469512236069
5.88740024045256,0.0870187392369631
5.9130952187838,0.0870848328176568
5.93879019711505,0.0870468539273108
5.96448517544629,0.0869066931563141
5.99018015377753,0.0866665026370103
6.01587513210878,0.0863286877255924
6.04157011044002,0.0858958974875162
6.06726508877127,0.0853710140291517
6.09296006710251,0.0847571407259403
6.11865504543375,0.0840575894044644
6.144350023765,0.083275866542513
6.17004500209624,0.0824156585573903
6.19573998042749,0.0814808162583232
6.22143495875873,0.0804753385438461
6.24712993708997,0.0794033554294394
6.27282491542122,0.078269110494456
6.29851989375246,0.0770769428404632
6.3242148720837,0.0758312686555497
6.34990985041495,0.0745365624808941
6.37560482874619,0.0731973382769545
6.40129980707744,0.0718181303870453
6.42699478540868,0.070403474495806
6.45268976373992,0.0689578886791772
6.47838474207117,0.0674858546409944
6.50407972040241,0.0659917992292201
6.52977469873366,0.0644800763221926
6.5554696770649,0.0629549491721217
6.58116465539614,0.0614205732894229
6.60685963372739,0.0598809799474306
6.63255461205863,0.0583400603825777
6.65824959038988,0.0568015507603481
6.68394456872112,0.0552690179722238
6.70963954705236,0.0537458463235382
6.73533452538361,0.052235225166621
6.76102950371485,0.0507401375279687
6.7867244820461,0.0492633497724073
6.81241946037734,0.0478074023414017
6.83811443870858,0.0463746015968455
6.86380941703983,0.0449670127958651
6.88950439537107,0.0435864542164543
6.91519937370232,0.0422344924481372
6.94089435203356,0.0409124388563739
6.9665893303648,0.0396213472241157
6.99228430869605,0.0383620125687912
7.01797928702729,0.0371349711281006
7.04367426535853,0.0359405015033158
7.06936924368978,0.0347786269443563
7.09506422202102,0.0336491187567303
7.12075920035227,0.0325515008065204
7.14645417868351,0.0314850550959368
7.17214915701476,0.0304488283785816
7.197844135346,0.0294416397804341
7.22353911367724,0.0284620893897009
7.24923409200849,0.027508567776044
7.27492907033973,0.0265792663973095
7.30062404867097,0.0256721888497061
7.32631902700222,0.0247851629154195
7.35201400533346,0.0239158533598745
7.37770898366471,0.0230617754292577
7.40340396199595,0.0222203089974752
7.42909894032719,0.0213887133104211
7.45479391865844,0.0205641422742592
7.48048889698968,0.0197436602333624
7.50618387532093,0.0189242581825845
7.53187885365217,0.0181028703576597
7.55757383198341,0.0172763911467149
7.58326881031466,0.016441692265129
7.6089637886459,0.0155956401352865
7.63465876697715,0.0147351134121215
7.66035374530839,0.0138570205947635
7.68604872363963,0.0129583176640355
7.71174370197088,0.0120360256850671
7.73743868030212,0.0110872483138302
7.76313365863336,0.0101091891460228
7.78882863696461,0.00909916884641125
7.81452361529585,0.00805464199650139
7.8402185936271,0.0069732135982726
7.86591357195834,0.00585265517167117
7.89160855028958,0.00469092038365615
7.91730352862083,0.0034861601468228
7.94299850695207,0.00223673712602723
7.96869348528332,0.000941239592012193
7.99438846361456,-0.000401505438190793
8.0200834419458,-0.00179241983331429
8.04577842027705,-0.00323216281036054
8.07147339860829,-0.00472112028407876
8.09716837693954,-0.00625939515817244
8.12286335527078,-0.00784679861096012
8.14855833360202,-0.00948284242587583
8.17425331193327,-0.0111667324145497
8.19994829026451,-0.0128973629772524
8.22564326859576,-0.0146733128422083
8.251338246927,-0.0164928420216785
8.27703322525824,-0.0183538900187978
8.30272820358949,-0.0202540753149099
8.32842318192073,-0.0221906961626052
8.35411816025197,-0.0241607327048244
8.37981313858322,-0.0261608504352771
8.40550811691446,-0.028187405010047
8.43120309524571,-0.0302364484146425
8.45689807357695,-0.0323037364849271
8.48259305190819,-0.034384737774362
8.50828803023944,-0.0364746437538395
8.53398300857068,-0.0385683803241195
8.55967798690193,-0.0406606206145452
8.58537296523317,-0.0427457990353341
8.61106794356441,-0.0448181265443816
8.63676292189566,-0.0468716070831857
8.6624579002269,-0.0489000551302918
8.68815287855815,-0.0508971143145677
8.71384785688939,-0.0528562770247231
8.73954283522063,-0.0547709049458222
8.76523781355188,-0.0566342504481455
8.79093279188312,-0.0584394787486753
8.81662777021436,-0.0601796907607681
8.84232274854561,-0.0618479465432448
8.86801772687685,-0.0634372892562483
8.8937127052081,-0.0649407695277859
8.91940768353934,-0.066351470131953
8.94510266187059,-0.0676625308774241
8.97079764020183,-0.0688671736029394
8.99649261853307,-0.0699587271752187
9.02218759686432,-0.0709306523840125
9.04788257519556,-0.0717765666288686
9.07357755352681,-0.0724902682926501
9.09927253185805,-0.0730657606978887
9.12496751018929,-0.0734972755436897
9.15066248852054,-0.073779295723117
9.17635746685178,-0.0739065774237562
9.20205244518302,-0.0738741714174658
9.22774742351427,-0.0736774434491612
9.25344240184551,-0.0733120936387938
9.27913738017676,-0.0727741748154768
9.304832358508,-0.0720601097079085
9.33052733683924,-0.0711667069208443
9.35622231517049,-0.0700911756333008
9.38191729350173,-0.0688311389604203
9.40761227183298,-0.0673846459274166
9.43330725016422,-0.0657501820107323
9.45900222849546,-0.0639266782083996
9.48469720682671,-0.0619135186085806
9.51039218515795,-0.0597105464323021
9.5360871634892,-0.0573180685334585
9.56178214182044,-0.0547368583461826
9.58747712015168,-0.0519681572766283
9.61317209848293,-0.0490136745430343
9.63886707681417,-0.0458755854745913
9.66456205514542,-0.0425565282860885
9.69025703347666,-0.0390595993515186
9.7159520118079,-0.0353883470057531
9.74164699013915,-0.0315467639090157
9.76734196847039,-0.0275392780141716
9.79303694680164,-0.0233707421817734
9.81873192513288,-0.0190464224923543
9.84442690346412,-0.0145719853096145
9.87012188179537,-0.00995348315189908
9.89581686012661,-0.00519733943270235
9.92151183845785,-0.0003103321338641
9.9472068167891,0.00470042352236796
9.97290179512034,0.00982749333412989
9.99859677345159,0.0150631432436009
10.0242917517828,0.0203993592522332
10.0499867301141,0.025827868055305
10.0756817084453,0.0313401583229685
10.1013766867766,0.0369275025547051
10.1270716651078,0.0425809794341647
10.1527666434391,0.0482914966117123
10.1784616217703,0.0540498138426101
10.2041566001015,0.0598465664096171
10.2298515784328,0.065672288759832
10.255546556764,0.0715174382868443
10.2812415350953,0.0773724191906404
10.3069365134265,0.0832276063492259
10.3326314917578,0.0890733691375281
10.358326470089,0.0949000951308375
10.3840214484202,0.100698213631768
10.4097164267515,0.106458218961494
10.4354114050827,0.112170693457778
10.461106383414,0.117826330124088
10.4868013617452,0.12341595487583
10.5124963400765,0.128930548331436
10.5381913184077,0.134361267097714
10.563886296739,0.13969946450049
10.5895812750702,0.144936710713117
10.6152762534014,0.150064812236948
10.6409712317327,0.155075830689339
10.6666662100639,0.159962100856141
10.6923611883952,0.164716247967021
10.7180561667264,0.169331204153317
10.7437511450577,0.173800224049444
10.7694461233889,0.178116899500202
10.7951411017201,0.182275173337695
10.8208360800514,0.186269352192939
10.8465310583826,0.190094118308662
10.8722260367139,0.193744540321306
10.8979210150451,0.197216082981821
10.9236159933764,0.200504615786543
10.9493109717076,0.203606420491255
10.9750059500389,0.206518197483524
11.0007009283701,0.209237070990494
11.0263959067013,0.211760593101675
11.0520908850326,0.214086746588712
11.0777858633638,0.216213946506854
11.1034808416951,0.218141040565741
11.1291758200263,0.219867308260245
11.1548707983576,0.221392458755472
11.1805657766888,0.222716627523578
11.2062607550201,0.223840371733848
11.2319557333513,0.224764664401491
11.2576507116825,0.225490887304775
11.2833456900138,0.226020822684549
11.309040668345,0.226356643744703
11.3347356466763,0.226500903976865
11.3604306250075,0.226456525337419
11.3861256033388,0.226226785309879
11.41182058167,0.225815302890636
11.4375155600012,0.225226023541109
11.4632105383325,0.224463203154371
11.4889055166637,0.2235313910893
11.514600494995,0.222435412330222
11.5402954733262,0.221180348834794
11.5659904516575,0.219771520137527
11.5916854299887,0.218214463280778
11.61738040832,0.216514912149243
11.6430753866512,0.214678776287877
11.6687703649824,0.212712119286803
11.6944653433137,0.210621136819958
11.7201603216449,0.208412134427086
11.7458552999762,0.206091505131093
11.7715502783074,0.203665706984712
11.7972452566387,0.201141240641865
11.8229402349699,0.198524627050068
11.8486352133011,0.195822385360581
11.8743301916324,0.193041011152887
11.9000251699636,0.190186955069293
11.9257201482949,0.187266601954207
11.9514151266261,0.184286250590699
11.9771101049574,0.181252094124525
12.0028050832886,0.178170201262737
12.0285000616199,0.175046498330436
12.0541950399511,0.171886752265038
12.0798900182823,0.168696554622824
12.1055849966136,0.165481306667349
12.1312799749448,0.162246205603688
12.1569749532761,0.158996232016447
12.1826699316073,0.155736138563045
12.2083649099386,0.152470439966976
12.2340598882698,0.149203404348691
12.2597548666011,0.145939045924405
12.2854498449323,0.142681119095608
12.3111448232635,0.139433113944359
12.3368398015948,0.136198253141694
12.362534779926,0.132979490268643
12.3882297582573,0.129779509541584
12.4139247365885,0.126600726925899
12.4396197149198,0.123445292614355
12.465314693251,0.120315094839165
12.4910096715822,0.117211764979554
12.5167046499135,0.114136683919704
12.5423996282447,0.11109098960543
12.568094606576,0.108075585741697
12.5937895849072,0.105091151567331
12.6194845632385,0.10213815263792
12.6451795415697,0.0992168525430485
12.670874519901,0.0963273254796656
12.6965694982322,0.0934694695995504
12.7222644765634,0.090643021045591
12.7479594548947,0.0878475685888712
12.7736544332259,0.0850825687764371
12.7993494115572,0.0823473614980513
12.8250443898884,0.0796411858792691
12.8507393682197,0.0769631964077511
12.8764343465509,0.0743124791998808
12.9021293248822,0.0716880683154448
12.9278243032134,0.0690889620293547
12.9535192815446,0.0665141389711107
12.9792142598759,0.0639625740449133
13.0049092382071,0.0614332540459758
13.0306042165384,0.0589251928916655
13.0562991948696,0.0564374463895557
13.0819941732009,0.0539691264682707
13.1076891515321,0.0515194148011302
13.1333841298633,0.0490875757569828
13.1590791081946,0.0466729686172514
13.1847740865258,0.0442750590030345
13.2104690648571,0.0418934294610935
13.2361640431883,0.0395277891626604
13.2618590215196,0.0371779826741922
13.2875539998508,0.0348439977644433
13.3132489781821,0.0325259722174813
13.3389439565133,0.0302241996265214
13.3646389348445,0.0279391341486577
13.3903339131758,0.0256713942057013
13.416028891507,0.0234217651213777
13.4417238698383,0.0211912006900639
13.4674188481695,0.0189808236770389
13.4931138265008,0.0167919252548707
13.518808804832,0.0146259633850473
13.5445037831632,0.012484560158279
13.5701987614945,0.0103694981110366
13.5958937398257,0.00828271553984733
13.621588718157,0.00622630083864497
13.6472836964882,0.00420248588805356
13.6729786748195,0.00221363852889294
13.6986736531507,0.000262254155412443
13.724368631482,-0.00164905353319002
13.7500636098132,-0.00351756258153413
13.7757585881444,-0.00534045358296436
13.8014535664757,-0.00711482119390342
13.8271485448069,-0.00883768630855515
13.8528435231382,-0.0105060088426021
13.8785385014694,-0.0121167010724291
13.9042334798007,-0.0136666414744157
13.9299284581319,-0.0151526890069945
13.9556234364632,-0.0165716977764358
13.9813184147944,-0.017920532025727
14.0070133931256,-0.0191960813844314
14.0327083714569,-0.0203952763160649
14.0584033497881,-0.0215151036983078
14.0840983281194,-0.0225526224702853
14.1097933064506,-0.0235049792802046
14.1354882847819,-0.0243694240658505
14.1611832631131,-0.025143325499805
14.1868782414443,-0.0258241862308043
14.2125732197756,-0.0264096578523707
14.2382681981068,-0.0268975555297926
14.2639631764381,-0.0272858722166686
14.2896581547693,-0.0275727923926111
14.3153531331006,-0.0277567052543328
14.3410481114318,-0.0278362172932329
14.3667430897631,-0.0278101641937736
14.3924380680943,-0.0276776219884061
14.4181330464255,-0.0274379174065928
14.4438280247568,-0.0270906373575738
14.469523003088,-0.0266356374889738
14.4952179814193,-0.0260730497661278
14.5209129597505,-0.0254032890201521
14.5466079380818,-0.0246270584162754
14.572302916413,-0.0237453537978081
14.5979978947442,-0.022759466865329
14.6236928730755,-0.0216709871552387
14.6493878514067,-0.0204818027867205
14.675082829738,-0.0191940999513873
14.7007778080692,-0.0178103611254263
14.7264727864005,-0.0163333619898889
14.7521677647317,-0.014766167050864
14.777862743063,-0.013112123957612
14.8035577213942,-0.0113748565232657
14.8292526997254,-0.00955825645941981
14.8549476780567,-0.00766647384275634
14.8806426563879,-0.00570390633878556
14.9063376347192,-0.00367518721473833
14.9320326130504,-0.00158517218061225
14.9577275913817,0.000561074895725492
14.9834225697129,0.00275829734667312
15.0091175480442,0.00500106207691927
15.0348125263754,0.00728377688357767
15.0605075047066,0.00960070865248088
15.0862024830379,0.0119460023528215
15.1118974613691,0.0143137007468409
15.1375924397004,0.0166977647261831
15.1632874180316,0.019092094181916
15.1889823963629,0.0214905493111029
15.2146773746941,0.0238869722592471
15.2403723530254,0.0262752089949408
15.2660673313566,0.0286491313106839
15.2917623096878,0.031002658842113
15.3174572880191,0.0333297809968257
15.3431522663503,0.0356245786836153
15.3688472446816,0.0378812457332583
15.3945422230128,0.0400941099030369
15.4202372013441,0.0422576533589159
15.4459321796753,0.0443665325317404
15.4716271580065,0.046415597246956
15.4973221363378,0.0483999090311586
15.523017114669,0.0503147585032447
15.5487120930003,0.0521556817630094
15.5744070713315,0.0539184756957132
15.6001020496628,0.0555992121173501
15.625797027994,0.0571942506920745
15.6514920063253,0.058700250560418
15.6771869846565,0.0601141806245041
15.7028819629877,0.0614333284443906
15.728576941319,0.0626553077078818
15.7542719196502,0.0637780642445769
15.7799668979815,0.0647998805635241
15.8056618763127,0.0657193789025236
15.831356854644,0.0665355227858518
15.8570518329752,0.0672476170958456
15.8827468113064,0.0678553066723723
15.9084417896377,0.0683585734626137
15.9341367679689,0.0687577322517802
15.9598317463002,0.0690534250132596
15.9855267246314,0.0692466139242564
16.0112217029627,0.0693385731001256
16.0369166812939,0.0693308791073041
16.0626116596252,0.0692254003209498
16.0883066379564,0.0690242851990712
16.1140016162876,0.0687299495500281
16.1396965946189,0.0683450628747909
16.1653915729501,0.0678725338692133
16.1910865512814,0.0673154951748136
16.2167815296126,0.0666772874691249
16.2424765079439,0.0659614429885915
16.2681714862751,0.0651716685782224
16.2938664646063,0.0643118283627995
16.3195614429376,0.0633859261343601
16.3452564212688,0.0623980875499645
16.3709513996001,0.0613525422324276
16.3966463779313,0.0602536058647739
16.4223413562626,0.05910566236669
16.4480363345938,0.0579131462382323
16.4737313129251,0.0566805251525434
16.4994262912563,0.0554122828753708
16.5251212695875,0.0541129025848181
16.5508162479188,0.0527868506600299
16.57651122625,0.0514385610024707
16.6022062045813,0.0500724199481543
16.6279011829125,0.0486927518236562
16.6535961612438,0.0473038051930615
16.679291139575,0.0459097398371993
16.7049861179063,0.0445146145006534
16.7306810962375,0.0431223754361648
16.7563760745687,0.0417368457701937
16.7820710529,0.0403617157076445
16.8077660312312,0.0390005335881105
16.8334610095625,0.0376566978005135
16.8591559878937,0.0363334495577277
16.884850966225,0.0350338665277307
16.9105459445562,0.0337608573130391
16.9362409228874,0.0325171567657004
16.9619359012187,0.0313053221209369
16.9876308795499,0.0301277299287106
17.0133258578812,0.0289865737589959
17.0390208362124,0.0278838626534387
17.0647158145437,0.0268214202933471
17.0904107928749,0.0258008848516091
17.1161057712062,0.024823709494159
17.1418007495374,0.023891163495034
17.1674463402745,0.0229541708191864
17.1931193798459,0.021963249936169
17.218792348382,0.0209190993206793
17.2444648517785,0.0198222281349815
17.2701364952869,0.018672959752095
17.2958068832552,0.0174714357092278
17.3214756188659,0.0162176199980092
17.3471423038731,0.0149113036552079
17.3728065383361,0.0135521096188536
17.398467920351,0.0121394978161359
17.4241260457787,0.0106727704510706
17.449780507969,0.00915107746172479
17.4754308974808,0.00757342211869217
17.5010768017975,0.0059386667385302
17.5267178050376,0.00424553848796341
17.5523534876592,0.00249263525678104
17.5779834261589,0.000678431579526212
17.6036071927638,-0.00119871541178054
17.6292243551161,-0.00314056001951686
17.6548344759507,-0.00514896201048202
17.6804371127636,-0.00722588065562901
17.7060318174721,-0.00937336878913986
17.7316181360647,-0.0115935668946863
17.7571956082415,-0.0138886972250364
17.7827637670431,-0.0162610579596337
17.8083221384678,-0.0187130174033894
17.8338702410768,-0.0212470082287089
17.8594075855857,-0.0238655217617264
17.884933674442,-0.0265711023128487
17.9104480013873,-0.0293663415510275
17.9359500510041,-0.0322538729206787
17.9614392982452,-0.0352363660998535
17.9869152079448,-0.0383165214981494
18.0123772343111,-0.0414970647929019
18.0378248203977,-0.0447807415024482
18.0632573975543,-0.0481703115956675
18.0886743848537,-0.051668544137586
18.1140751884944,-0.0552782119715892
18.1394592011783,-0.0590020864396667
18.1648258014592,-0.0628429321431628
18.1901743530639,-0.0668035017476572
18.2155042041812,-0.0708865308368792
18.240814686718,-0.0750947328219285
18.2661051155209,-0.0794307939135381
18.2913747875605,-0.0838973681666378
18.3166229810752,-0.0884970726080553
18.3418489546748,-0.0932324824598088
18.3670519463974,-0.0981061264720684
18.3922311727203,-0.103120482381507
18.4173858275189,-0.108277972512365
18.4425150809731,-0.11358095953914
18.4676180784146,-0.119031742431327
18.4926939391146,-0.124632552602108
18.5177417550051,-0.130385550284229
18.5427605893308,-0.136292821157578
18.5677494752273,-0.142356373254103
18.5927074142192,-0.148578134166715
18.6176333746341,-0.154959948589629
18.6425262899259,-0.161503576218304
18.667385056901,-0.168210690037566
18.6922085338421,-0.175082875026842
18.7169955385199,-0.182121627311432
18.7417448460873,-0.189328353788641
18.766455186846,-0.196704372257164
18.7911252438775,-0.204250912077502
18.8157536505277,-0.211969115390274
18.8403389877349,-0.219860038918168
18.8648797811902,-0.227924656375843
18.8893744983168,-0.236163861510417
18.9138215450549,-0.244578471793235
18.9382192624394,-0.253169232781374
18.9625659229507,-0.261936823164866
18.9868597266265,-0.270881860512849
19.0110987969107,-0.280004907728831
19.0352811762237,-0.289306480221948
19.0594048212293,-0.298787053797568
19.0834675977752,-0.308447073266751
19.107467275482,-0.318286961770045
19.1314015219512,-0.328307130806761
19.1552678965628,-0.338507990956342
19.1790638438285,-0.348889963273611
19.2027866862651,-0.359453491334646
19.2264336167484,-0.370199053904733
19.2500016903049,-0.381127178194275
19.2734878152957,-0.392238453662669
19.2968887439408,-0.403533546324065
19.3202010621315,-0.415013213502378
19.3434211784687,-0.426678318976109
19.3665453124661,-0.438529848446227
19.3895694818454,-0.450568925252564
19.4124894888513,-0.462796826255804
19.4353009055026,-0.475214997793062
19.4579990576938,-0.487825071605133
19.4805790080517,-0.500628880622587
19.5030355374469,-0.513628474485792
19.5253631250525,-0.526826134660432
19.5475559268356,-0.54022438899489
19.5696077523607,-0.55382602554867
19.5915120397781,-0.567634105501445
19.6132618288655,-0.581651974929986
19.6348497319869,-0.595883275214568
19.6562679028323,-0.610331951807078
19.6775080027993,-0.625002261059227
19.6985611648871,-0.639898774770472
19.7194179549778,-0.655026382070818
19.7400683303998,-0.670390288202822
19.7605015956883,-0.685996009709399
19.7807063554975,-0.701849365468682
19.8006704646621,-0.717956462944063
19.8203809754758,-0.734323678936333
19.8398240823385,-0.750957634036068
19.8589850640382,-0.767865159879066
19.8778482240775,-0.785053258207614
19.8963968296396,-0.802529050639099
19.9146130500151,-0.820299717945881
19.9324778955949,-0.838372427563903
19.949971158874,-0.856754247982535
19.9670713593229,-0.875452048638659
19.9837556944583,-0.894472383962481
20,-0.913821360324425
