0.944154143308633
0.94404612148603
0.943934624818071
0.943820930328011
0.943706449668389
0.943592718796754
0.94348138557541
0.943374195400437
0.943272974996694
0.943179614545199
0.94309604833674
0.943024234170398
0.942966131737538
0.942923680250432
0.942898775589835
0.942893247257354
0.942908835426195
0.942947168387832
0.943009740692276
0.943097892275949
0.943212788863829
0.943355403921532
0.943526502418627
0.943726626646717
0.943956084315094
0.944214939123071
0.944503003981808
0.944819837029803
0.945164740555388
0.945536762906984
0.945934703437742
0.94635712049582
0.94680234243537
0.947268481586548
0.947753451086015
0.948254984432719
0.948770657597788
0.949297913482415
0.949834088484192
0.950376440900828
0.950922180871109
0.951468501526615
0.952012611004716
0.952551764953995
0.953083299147975
0.953604661812203
0.954113445263659
0.954607416460426
0.955084546063776
0.955543035624414
0.955981342519659
0.956398202288855
0.956792648040093
0.957164026632293
0.957512011372499
0.957836611008486
0.958138174841083
0.958417393828276
0.958675297603716
0.958913247384858
0.959132924799955
0.959336316717645
0.959525696217117
0.959703599889973
0.959872801715978
0.960036283803273
0.960197204328264
0.9603588630508
0.960524664815523
0.960698081479954
0.960882612733397
0.961081746287664
0.961298917930732
0.96153747193747
0.961800622327522
0.962091415449298
0.962412694351077
0.962767065375661
0.963156867384337
0.963584143979517
0.964050619054029
0.964557675949244
0.965106340454754
0.965697267830069
0.966330733974451
0.96700663081554
0.967724465931575
0.968483366366669
0.969282086544586
0.970119020134493
0.97099221567296
0.971899395700776
0.972837979131372
0.973805106530469
0.974797667954239
0.975812332966293
0.976845582432242
0.977893741674737
0.978953014561735
0.980019518096284
0.981089317077266
0.982158458407148
0.983223004634537
0.984279066336058
0.985322832963289
0.986350601805921
0.98735880475146
0.988344032554239
0.989303056361796
0.990232846284277
0.99113058683199
0.991993689087085
0.992819799516994
0.993606805379418
0.994352836710652
0.995056264930581
0.995715698138296
0.99632997321151
0.996898144860542
0.997419471823058
0.997893400418856
0.998319545714324
0.998697670573535
0.999027662897128
0.999309511370714
0.999543280061628
0.999729082216009
0.999867053617481
0.999957325873931
1
0.999995120659939
0.999942651428351
0.999842451415172
0.9996942535861
0.999497645090668
0.999252049887455
0.998956713929795
0.998610693145911
0.998212844415127
0.997761819706845
0.997256063511848
0.996693813656493
0.996073105549987
0.995391779873649
0.994647493679291
0.993837734822219
0.992959839613246
0.992011013534135
0.990988354822569
0.989888880696527
0.988709555954406
0.987447323656798
0.986099137568916
0.984661996019746
0.983132976815326
0.981509272829492
0.979788227886174
0.977967372542998
0.97604445938675
0.974017497457025
0.971884785425232
0.96964494317173
0.967296941424163
0.964840129144573
0.962274258381373
0.959599506334189
0.956816494414487
0.953926304122189
0.950930489597582
0.947831086748037
0.944630618889788
0.941332098885545
0.937939027798417
0.934455390120795
0.930885645672955
0.927234718299513
0.923507981522107
0.919711241333224
0.91585071633865
0.911933015474289
0.907965113536872
0.903954324777269
0.899908274809758
0.895834871090766
0.891742272216522
0.887638856280997
0.883533188523942
0.879433988484069
0.875350096855201
0.871290442223915
0.867264007846617
0.863279798602684
0.859346808238938
0.855473987000027
0.851670209719769
0.847944244430892
0.844304721535293
0.840760103564458
0.837318655550424
0.833988416021806
0.830777168637242
0.827692414470097
0.824741344963429
0.821930815582804
0.819267320206353
0.816756966306067
0.814405450991182
0.812218038003167
0.810199535771482
0.808354276659344
0.806686097548377
0.805198321929511
0.803893743684003
0.802774612752279
0.801842622898637
0.801098901786147
0.800544003577627
0.800177904274976
0.8
0.800009108404885
0.800203473379586
0.800580773196637
0.801138132201422
0.801872136118071
0.802778850998442
0.803853845794625
0.805092218484909
0.806488625629994
0.808037315181446
0.809732162308998
0.81156670795848
0.813534199799003
0.815627635167817
0.817839805575063
0.820163342289716
0.822590762493287
0.825114515460441
0.827727028206408
0.830420750030571
0.833188195384688
0.836021984503015
0.83891488125055
0.841859827674659
0.844849974784305
0.847878709129629
0.850939674812126
0.854026790621387
0.857134262067347
0.860256588156084
0.863388562841216
0.866525271170426
0.869662080236081
0.87279462512881
0.875918790181589
0.879030685877731
0.882126621877612
0.885203076694413
0.888256664617096
0.891284100537956
0.894282163391128
0.897247658946282
0.900177382727606
0.903068083841247
0.905916430494362
0.908718977975351
0.911472139838028
0.914172162992316
0.916815107351315
0.919396830619846
0.921912978733737
0.924358982373413
0.926730059881057
0.929021226809146
0.931227312221286
0.933342981755551
0.935362767347891
0.937281103400389
0.93909236906813
0.940790936230982
0.942371222614523
0.943827749429348
0.94515520281167
0.946348498271913
0.94740284729321
0.948313825169398
0.949077439133209
0.949690195800507
0.950149166946063
0.95045205263071
0.950597240718721
0.950583861857646
0.950411839040084
0.950081930927261
0.949595768186902
0.948955882181524
0.948165725436786
0.947229683421291
0.946153077277901
0.944942157260319
0.943604086745924
0.942146916814711
0.940579551503044
0.938911703957982
0.93715384383161
0.935317136363397
0.933413373700751
0.931454899102214
0.929454524752945
0.927425443997256
0.925381138857086
0.923335283757813
0.921301646423066
0.919293986928125
0.917325955916781
0.915410992989339
0.913562226260108
0.911792374061472
0.910113649739316
0.908537670441684
0.907075370750074
0.905736921941634
0.904531657601732
0.903468006231109
0.902553431411118
0.901794380005738
0.901196238791136
0.900763299813855
0.900498734688225
0.90040457795351
0.900481719522629
0.900729906167877
0.90114775190596
0.901732757065477
0.902481335745483
0.903388851304551
0.904449659456276
0.905657158489836
0.907003846083318
0.908481382133316
0.910080656986788
0.911791864430518
0.913604578769616
0.915507835309267
0.917490213543202
0.919539922347982
0.921644886483783
0.923792833709802
0.925971381835231
0.9281681250447
0.930370718859792
0.932566963125298
0.93474488243996
0.936892803486106
0.938999428750483
0.941053906169312
0.943045894273721
0.944965622456933
0.94680394603139
0.948552395792165
0.950203221851968
0.95174943156261
0.953184821387427
0.954504002638583
0.955702421042052
0.956776370140901
0.957722998594183
0.958540311473667
0.959227165703714
0.959783259830391
0.960209118344175
0.960506070816074
0.960676226139384
0.960722442198488
0.960648291311753
0.960458021817737
0.960156516192183
0.959749246097879
0.959242224780029
0.958641957226565
0.957955388515667
0.957189850771815
0.956353009147031
0.955452807235742
0.954497412320054
0.953495160827449
0.952454504365149
0.951383956675018
0.950292041830134
0.949187243969387
0.948077958840038
0.946972447390409
0.945878791626227
0.944804852914858
0.943758232892293
0.942746237098491
0.941775841438039
0.940853661535291
0.939985925026654
0.939178446807635
0.938436607229091
0.9377653332159
0.937169082262355
0.936651829241963
0.936217055955288
0.935867743327872
0.935606366161356
0.935434890334431
0.935354772346267
0.935366961093417
0.935471901771665
0.935669541796743
0.935959338641987
0.936340269496595
0.936810842654846
0.93736911055419
0.938012684388118
0.938738750227857
0.939544086594936
0.940425083434051
0.941377762442329
0.942397798716528
0.943480543683869
0.944621049284679
0.945814093375808
0.947054206322567
0.9483356987438
0.949652690369483
0.950999139963012
0.952368876251201
0.953755629794004
0.955153065713337
0.956554817186306
0.957954519592915
0.959345845192202
0.960722538184094
0.962078449997428
0.963407574627915
0.964704083833712
0.965962361981091
0.967177040318848
0.968343030447913
0.969455556742442
0.970510187470875
0.971502864360203
0.97242993034431
0.973288155237973
0.97407475908196
0.974787432911863
0.975424356713862
0.975984214344494
0.976466205208712
0.976870052510912
0.977196007917047
0.977444852492218
0.977617893807057
0.977716959137383
0.977744384714863
0.977703001021282
0.977596114155171
0.977427483336625
0.977201294653655
0.976922131191023
0.97659493971975
0.976224994161875
0.975817856080305
0.975379332477093
0.974915431215033
0.974432314406505
0.973936250139743
0.973433562935814
0.972930583349155
0.972433597140388
0.971948794461923
0.971482219504395
0.971039721055164
0.970626904418664
0.970249085142339
0.969911244981171
0.969617990518393
0.969373514839979
0.969181562635998
0.969045399073071
0.968967782749295
0.9689509430062
0.968996561832102
0.969105760547852
0.969279091419922
0.969516534297527
0.969817498320481
0.970180828693367
0.970604818469827
0.971087225239074
0.971625292555558
0.972215775902847
0.972854972934665
0.973538757690472
0.974262618440316
0.975021698774759
0.975810841520769
0.976624635034226
0.977457461394463
0.978303546006439
0.979157008102027
0.980011911623733
0.980862315972096
0.981702326102122
0.982526141464352
0.983328103302549
0.984102739842165
0.984844808931663
0.985549337731886
0.986211659086698
0.98682744425053
0.987392731694646
0.987903951763391
0.988357947003617
0.988751988044271
0.989083784958005
0.989351494091895
0.989553720409139
0.989689515437249
0.989758370969916
0.989760208718818
0.989695366157346
0.98956457884006
0.989368959518909
0.989109974409545
0.988789416987843
0.988409379717755
0.987972224126599
0.987480549652615
0.986937161692153
0.986345039270047
0.985707302746921
0.985027181961399
0.984307985183928
0.983553069232453
0.982765811069117
0.981949581161954
0.981107718856895
0.980243509964013
0.97936016671842
0.978460810231515
0.977548455502968
0.976625999018849
0.975696208917304
0.974761717661038
0.973825017116113
0.972888455900087
0.971954238829695
0.971024428269805
0.970100947161593
0.969185583489198
0.968279995930771
0.967385720431961
0.96650417743754
0.96563667952002
0.964784439152562
0.963948576386907
0.963130126215227
0.962330045417084
0.961549218718665
0.960788464120461
0.960048537280918
0.959330134876592
0.958633896893245
0.957960407836336
0.957310196882753
0.95668373702768
0.956081443310419
0.955503670230215
0.954950708487022
0.9544227812022
0.953920039789927
0.95344255966131
0.952990335949601
0.952563279446382
0.952161212935212
0.95178386810101
0.951430883180732
0.95110180150394
0.950796071051154
0.950513045133924
0.950251984273951
0.950012059329976
0.949792355891316
0.949591879926491
0.949409564645151
0.949244278502267
0.949094834245832
0.948959998884059
0.94883850442555
0.948729059226992
0.948630359767802
0.94854110266029
0.948459996697513
0.948385774739214
0.948317205239033
0.948253103223522
0.948192340545077
0.948133855246495
0.94807665989397
0.948019848757507
0.947962603742337
0.947904199001374
0.947844004186348
0.947781486323272
0.947716210325716
0.9476478381862
0.947576126911274
0.947500925288921
0.947422169597218
0.947339878380327
0.947254146431413
0.947165138131814
0.947073080301464
0.946978254717267
0.946880990453737
0.946781656194089
0.946680652650236
0.946578405217252
0.946475356972215
0.946371962109501
0.946268679885069
0.946165969121793
0.946064283306915
0.945964066292072
0.945865748586452
0.945769744215347
0.945676448099898
0.945586233899978
0.945499452251026
0.945416429317764
0.945337465583148
0.945262834789829
0.945192782953729
0.945127527375062
0.945067255580955
0.945012124145434
0.944962257346657
0.944917745637219
0.944878643920799
0.944844969646634
0.944816700751764
0.944793773499006
0.944776080275654
0.944763467433298
0.944755733262376
0.944752626205702
0.94475384342269
0.944759029820179
0.944767777666185
0.94477962689969
0.944794066242445
0.944810535207974
0.94482842708863
0.944847092983906
0.944865846912775
0.944883972029867
0.944900727940545
0.944915359083825
0.944927104125319
0.944935206275639
0.94493892442352
0.94493754494813
0.944930394052111
0.9449168504365
0.944896358121305
0.944868439201653
0.944832706319388
0.944788874624165
0.944736772996555
0.944676354308606
0.944607704504678
0.944531050297043
0.944446765286606
0.944355374338778
