-20,-0.977715393234986
-19.9854677106548,-0.963537762122999
-19.9705338356304,-0.949666280004269
-19.9552195557661,-0.936091922468238
-19.939544887136,-0.922805245942297
-19.923528716449,-0.909796491401817
-19.9071888431818,-0.897055675396082
-19.8905420262742,-0.884572669505176
-19.8736040336371,-0.87233726936743
-19.8563896930773,-0.860339254394636
-19.83891294355,-0.848568439238314
-19.8211868859031,-0.837014717996687
-19.8032238324901,-0.825668102067675
-19.7850353551936,-0.814518752464506
-19.7666323315466,-0.803557007322063
-19.7480249887406,-0.792773405236907
-19.7292229454007,-0.782158705003863
-19.7102352510709,-0.771703902238362
-19.6910704234059,-0.761400243306821
-19.6717364831009,-0.751239236927349
-19.6522409866206,-0.741212663749836
-19.6325910568075,-0.731312584177636
-19.6127934114615,-0.721531344652196
-19.5928543899925,-0.711861582586549
-19.5727799782522,-0.702296230103133
-19.5525758316495,-0.692828516705394
-19.5322472966586,-0.683451970990547
-19.5117994308208,-0.674160421492354
-19.4912370213426,-0.664947996727344
-19.470564602384,-0.655809124505163
-19.4497864711303,-0.646738530553413
-19.4289067027327,-0.637731236499117
-19.4079291641988,-0.62878255724242
-19.3868575273107,-0.61988809775331
-19.3656952806402,-0.611043749318515
-19.3444457407284,-0.602245685263333
-19.323112062491,-0.593490356171701
-19.3016972489076,-0.584774484627133
-19.2802041600466,-0.576095059497191
-19.258635521476,-0.567449329784722
-19.2369939321053,-0.55883479807007
-19.2152818715002,-0.550249213569826
-19.19350170671,-0.541690564839215
-19.1716556986414,-0.533157072146943
-19.149746008015,-0.524647179553164
-19.1277747009317,-0.516159546722986
-19.1057437540795,-0.507693040509753
-19.0836550596062,-0.499246726343993
-19.0615104296808,-0.490819859465443
-19.039311600768,-0.48241187603692
-19.0170602376338,-0.474022384179893
-18.9947579371029,-0.465651154972491
-18.9724062315847,-0.457298113451246
-18.9500065923839,-0.448963329658133
-18.9275604328101,-0.440647009774444
-18.905069111102,-0.432349487382622
-18.8825339331765,-0.424071214896484
-18.8599561552161,-0.415812755199205
-18.8373369861052,-0.40757477352699
-18.8146775897249,-0.399358029634696
-18.7919790871162,-0.391163370277532
-18.76924255852,-0.382991722040635
-18.7464690453016,-0.374844084545632
-18.7236595517684,-0.366721524060363
-18.7008150468857,-0.358625167534719
-18.6779364658991,-0.350556197082147
-18.6550247118681,-0.342515844922729
-18.6320806571168,-0.334505388799972
-18.609105144607,-0.326526147879488
-18.5860989892388,-0.318579479133739
-18.563062979082,-0.310666774212912
-18.5399978765443,-0.302789456797874
-18.5169044194779,-0.294948980427018
-18.4937833222306,-0.287146826784778
-18.4706352766427,-0.279384504435543
-18.4474609529937,-0.271663547982875
-18.4242610009026,-0.263985517630193
-18.401036050182,-0.256351999115541
-18.3777867116521,-0.248764603989775
-18.3545135779138,-0.241224970204413
-18.3312172240852,-0.233734762972632
-18.3078982085021,-0.226295675864416
-18.2845570733865,-0.218909432094727
-18.2611943454821,-0.211577785961775
-18.2378105366618,-0.204302524391057
-18.2144061445057,-0.197085468539793
-18.1909816528535,-0.189928475415781
-18.1675375323315,-0.182833439464438
-18.1440742408556,-0.175802294078005
-18.1205922241124,-0.168837012981476
-18.0970919160182,-0.161939611450816
-18.0735737391588,-0.155112147320461
-18.0500381052091,-0.148356721738859
-18.0264854153353,-0.141675479633022
-18.0029160605795,-0.135070609845576
-17.9793304222283,-0.128544344910695
-17.9557288721654,-0.122098960438479
-17.93211177321,-0.115736774080867
-17.9084794794406,-0.109460144055882
-17.8848323365061,-0.103271467211034
-17.8611706819238,-0.0971731766108648
-17.8374948453656,-0.091167738637978
-17.8138051489326,-0.08525764960136
-17.7901019074191,-0.0794454318503771
-17.7663854285656,-0.0737336293974253
-17.7426560133026,-0.068124803056842
-17.718913955985,-0.0626215251122758
-17.6951595446165,-0.0572263735292287
-17.671393061067,-0.0519419257339006
-17.6476147812806,-0.0467707519837254
-17.6238249754765,-0.0417154083590735
-17.6000239083421,-0.0367784294094536
-17.5762118392196,-0.0319623204911536
-17.5523890222849,-0.0272695498365813
-17.5285557067212,-0.0227025403985802
-17.5047121368856,-0.0182636615156516
-17.4808585524701,-0.0139552204463279
-17.456995188657,-0.00977945382285413
-17.4331222762692,-0.00573851907585196
-17.4092400419149,-0.00183448588274222
-17.3853487081275,0.0019306723066258
-17.3614484935012,0.00555508661344235
-17.3375396128219,0.00903700088900529
-17.3136222771935,0.0123747796365082
-17.2896966941607,0.0155669156437324
-17.2657630678276,0.0186120372762901
-17.2418215989723,0.0215089153829566
-17.2178724851584,0.0242564697668971
-17.1939159208427,0.0268537751792438
-17.1699520974801,0.0293000667944716
-17.1459812036246,0.0315947451303445
-17.1220034250279,0.0337373803788193
-17.0980189447351,0.0357277161181779
-17.0740279431774,0.0375656723807727
-17.0500305982622,0.039251348055082
-17.0260270854612,0.0407850226052405
-17.0020175778949,0.0421671570958153
-16.9780022464165,0.0433983945142597
-16.9539812596918,0.0444795593882146
-16.9299547842786,0.0454116566995392
-16.9059229847026,0.0461958701016525
-16.8818860235331,0.046833559451374
-16.8578440614547,0.0473262576709577
-16.8337972573396,0.0476756669603566
-16.8097457683163,0.0478836543839289
-16.7856897498375,0.0479522468597258
-16.7616293557468,0.0478836255832075
-16.7375647383435,0.047680119920624
-16.7134960484456,0.0473442008104221
-16.6894234354527,0.0468784737137868
-16.6653470474063,0.0462856711578624
-16.6412670310498,0.0455686449172356
-16.6171835318869,0.0447303578809376
-16.5930966942395,0.043773875653492
-16.5690066613035,0.0427023579394139
-16.5449135752049,0.0415190497610359
-16.5208175770541,0.0402272725596159
-16.4967188069999,0.0388304152293523
-16.472617404282,0.0373319251332284
-16.4485135072835,0.0357352991485155
-16.424407253582,0.0340440747883253
-16.400298780001,0.0322618214438053
-16.3761882226593,0.0303921317894659
-16.352075717021,0.028438613391717
-16.3279613979447,0.0264048805580176
-16.3038453997314,0.0242945464611169
-16.2797278561734,0.0221112155697354
-16.2556089006014,0.0198584764137242
-16.231488665932,0.0175398947082826
-16.2073672847149,0.0151590068582406
-16.1832448891794,0.012719313859776
-16.159121611281,0.0102242756132336
-16.1349975827474,0.00767730565703385
-16.110872935125,0.00508176632897224
-16.0867477998248,0.00244096435761897
-16.0626270039201,-0.000213709773754497
-16.0385062080154,-0.00285092472031331
-16.0143854121107,-0.00546755324368089
-15.990264616206,-0.00806053242551796
-15.9661438203012,-0.0106268659973554
-15.9420230243965,-0.0131636262908404
-15.9179022284918,-0.0156679558267803
-15.8937814325871,-0.0181370685634931
-15.8696606366824,-0.0205682508268306
-15.8455398407777,-0.0229588619458014
-15.8214190448729,-0.0253063346190063
-15.7972982489682,-0.0276081750380725
-15.7731774530635,-0.0298619627949676
-15.7490566571588,-0.0320653506004632
-15.7249358612541,-0.0342160638411268
-15.7008150653494,-0.0363119000020507
-15.6766942694446,-0.0383507279820853
-15.6525734735399,-0.0403304873276547
-15.6284526776352,-0.0422491874103027
-15.6043318817305,-0.044104906571972
-15.5802110858258,-0.0458957912606738
-15.5560902899211,-0.0476200551776863
-15.5319694940163,-0.0492759784557471
-15.5078486981116,-0.0508619068859081
-15.4837279022069,-0.0523762512088161
-15.4596071063022,-0.0538174864842074
-15.4354863103975,-0.0551841515503741
-15.4113655144928,-0.056474848583304
-15.387244718588,-0.0576882427631484
-15.3631239226833,-0.0588230620536337
-15.3390031267786,-0.0598780970980581
-15.3148823308739,-0.060852201233596
-15.2907615349692,-0.0617442906238156
-15.2666407390645,-0.0625533445075943
-15.2425199431598,-0.0632784055610306
-15.218399147255,-0.0639185803674964
-15.1942783513503,-0.0644730399896758
-15.1701575554456,-0.0649410206362919
-15.1460367595409,-0.0653218244152537
-15.1219159636362,-0.0656148201641498
-15.0977951677315,-0.0658194443483892
-15.0736743718267,-0.0659352020168325
-15.049553575922,-0.0659616678044709
-15.0254327800173,-0.0658984869715899
-15.0013119841126,-0.0657453764688856
-14.9771911882079,-0.0655021260181859
-14.9530703923032,-0.06516859919874
-14.9289495963984,-0.0647447345294806
-14.9048288004937,-0.0642305465381979
-14.880708004589,-0.0636261268092038
-14.8565872086843,-0.0629316450017613
-14.8324664127796,-0.0621473498323129
-14.8083456168749,-0.0612735700143348
-14.7842248209701,-0.0603107151504515
-14.7601040250654,-0.0592592765722496
-14.7359832291607,-0.0581198281240148
-14.711862433256,-0.0568930268873672
-14.6877416373513,-0.0555796138444504
-14.6636208414466,-0.0541804144779653
-14.6395000455418,-0.0526963393068585
-14.6153792496371,-0.0511283843569251
-14.5912584537324,-0.0494776315659088
-14.5671376578277,-0.047745249122894
-14.543016861923,-0.0459324917418748
-14.5188960660183,-0.0440407008693451
-14.4947752701135,-0.0420713048255818
-14.4706544742088,-0.0400258188789948
-14.4465336783041,-0.0379058452524887
-14.4224128823994,-0.0357130730602331
-14.3982920864947,-0.0334492781725719
-14.37417129059,-0.0311163230060353
-14.3500504946852,-0.028716156234554
-14.3259296987805,-0.0262508124170338
-14.3018089028758,-0.0237224115354466
-14.2776881069711,-0.021133158436537
-14.2535673110664,-0.0184853421691699
-14.2294465151617,-0.0157813352082548
-14.2053257192569,-0.0130235925551087
-14.1812049233522,-0.0102146507030831
-14.1570841274475,-0.00735712645629275
-14.1329633315428,-0.00445371558838477
-14.1088425356381,-0.00150719132747588
-14.0847217397334,0.0014795973472945
-14.0606009438286,0.00450372761269557
-14.0364801479239,0.00756220492729988
-14.0123593520192,0.0106519653920317
-13.9882385561145,0.0137698783610684
-13.9641177602098,0.0169127493186002
-13.9399969643051,0.0200773230365398
-13.9158761684003,0.0232602870276283
-13.8917553724956,0.026458275307505
-13.8676345765909,0.0296678724781881
-13.8435137806862,0.0328856181440503
-13.8193929847815,0.0361080116697726
-13.7952721888768,0.0393315172879162
-13.771151392972,0.0425525695616895
-13.7470305970673,0.0457675792061942
-13.7229098011626,0.0489729392689461
-13.6987890052579,0.0521650316677807
-13.6746682093532,0.0553402340814023
-13.6505474134485,0.0584949271848268
-13.6264266175437,0.0616255022188447
-13.602305821639,0.0647283688793957
-13.5781850257343,0.0677999635094434
-13.5540642298296,0.0708367575725933
-13.5299434339249,0.0738352663843377
-13.5058226380202,0.0767920580734691
-13.4817018421155,0.0797037627429181
-13.4575810462107,0.0825670817960691
-13.433460250306,0.0853787973915207
-13.4093394544013,0.0881357819863275
-13.3852186584966,0.0908350079250125
-13.3610978625919,0.0934735570291042
-13.3369770666872,0.0960486301396704
-13.3128562707824,0.0985575565633091
-13.2887354748777,0.100997803370347
-13.264614678973,0.103366984492622
-13.2404938830683,0.10566286956719
-13.2163730871636,0.107883392471633
-13.1922522912589,0.110026659496392
-13.1681314953541,0.11209095709964
-13.1440106994494,0.114074759190788
-13.1198899035447,0.115976733889641
-13.09576910764,0.117795749709621
-13.0716483117353,0.119530881115264
-13.0475275158306,0.121181413406417
-13.0234067199258,0.1227468468842
-12.9992859240211,0.124226900256806
-12.9751651281164,0.12562151324665
-12.9510443322117,0.126930848364154
-12.926923536307,0.128155291817548
-12.9028027404023,0.129295453532576
-12.8786819444975,0.130352166260679
-12.8545611485928,0.131326483759244
-12.8304403526881,0.132219678032773
-12.8063195567834,0.133033235629178
-12.7821987608787,0.133768852991069
-12.758077964974,0.134428430867517
-12.7339571690692,0.135014067797612
-12.7098363731645,0.135528052682884
-12.6857155772598,0.13597285647148
-12.6615947813551,0.136351122982717
-12.6374739854504,0.136665658906272
-12.6133531895457,0.136919423015779
-12.5892323936409,0.137115514641921
-12.5651115977362,0.137257161455207
-12.5409908018315,0.137347706613459
-12.5168700059268,0.137390595333563
-12.4927492100221,0.137389360951256
-12.4686284141174,0.137347610536512
-12.4445076182126,0.137269010135559
-12.4203868223079,0.137157269713506
-12.3962660264032,0.137016127874126
-12.3721452304985,0.136849336435381
-12.3480244345938,0.136660644940838
-12.3239036386891,0.13645378518816
-12.2997828427843,0.136232455856391
-12.2756620468796,0.136000307313723
-12.2515412509749,0.135760926686889
-12.2274204550702,0.135517823272253
-12.2032996591655,0.135274414367018
-12.1791788632608,0.135034011596869
-12.155058067356,0.134799807813696
-12.1309372714513,0.134574864633879
-12.1068164755466,0.134362100684035
-12.0826956796419,0.134164280616998
-12.0585748837372,0.133984004956339
-12.0344540878325,0.133823700822814
-12.0103332919277,0.133685613590863
-11.986212496023,0.133571799517688
-11.9620917001183,0.133484119381568
-11.9379709042136,0.133424233159904
-11.9138501083089,0.133393595771169
-11.8897293124042,0.133393453898404
-11.8656085164994,0.133424843905286
-11.8414877205947,0.13348859084906
-11.81736692469,0.133585308587923
-11.7932461287853,0.133715400973676
-11.7691253328806,0.133879064113858
-11.7450045369759,0.134076289680969
-11.7208837410712,0.134306869240027
-11.6967629451664,0.134570399559496
-11.6726421492617,0.134866288864652
-11.648521353357,0.135193763986783
-11.6244005574523,0.135551878356262
-11.6002797615476,0.135939520782527
-11.5761589656429,0.136355424959382
-11.5520381697381,0.136798179629858
-11.5279173738334,0.137266239341121
-11.5037965779287,0.137757935716652
-11.479675782024,0.138271489170147
-11.4555549861193,0.138805020983349
-11.4314341902146,0.139356565668284
-11.4073133943098,0.139924083533183
-11.3831925984051,0.140505473370749
-11.3590718025004,0.141098585187329
-11.3349510065957,0.141701232892019
-11.310830210691,0.142311206865724
-11.2867094147863,0.142926286331749
-11.2625886188815,0.143544251451564
-11.2384678229768,0.144162895071946
-11.2143470270721,0.144780034052788
-11.1902262311674,0.145393520108384
-11.1661054352627,0.146001250098967
-11.141984639358,0.146601175713686
-11.1178638434532,0.147191312490944
-11.0937430475485,0.147769748127159
-11.0696222516438,0.148334650030417
-11.0455014557391,0.148884272081201
-11.0213806598344,0.149416960568274
-10.9972598639297,0.149931159273949
-10.9731390680249,0.150425413689216
-10.9490182721202,0.150898374345567
-10.9248974762155,0.151348799256788
-10.9007766803108,0.151775555470413
-10.8766558844061,0.152177619734949
-10.8525350885014,0.152554078295277
-10.8284142925966,0.152904125834885
-10.8042934966919,0.153227063589574
-10.7801727007872,0.153522296663139
-10.7560519048825,0.153789330581107
-10.7319311089778,0.154027767123898
-10.7078103130731,0.15423729948575
-10.6836895171683,0.154417706810374
-10.6595687212636,0.154568848158515
-10.6354479253589,0.154690655966398
-10.6113271294542,0.15478312905741
-10.5872063335495,0.154846325272246
-10.5630855376448,0.15488035378514
-10.53896474174,0.154885367175715
-10.5148439458353,0.154861553327342
-10.4907231499306,0.154809127223753
-10.4666023540259,0.154728322715965
-10.4424815581212,0.154619384331349
-10.4183607622165,0.15448255919591
-10.3942399663117,0.15431808913959
-10.370119170407,0.154126203052559
-10.3459983745023,0.153907109558196
-10.3218775785976,0.15366099006563
-10.2977567826929,0.153387992261476
-10.2736359867882,0.153088224096662
-10.2495151908835,0.152761748320169
-10.2253943949787,0.152408577606928
-10.201273599074,0.15202867032233
-10.1771528031693,0.151621926960564
-10.1530320072646,0.151188187288569
-10.1289112113599,0.150727228221699
-10.1047904154552,0.15023876245127
-10.0806696195504,0.149722437838156
-10.0565488236457,0.149177837580417
-10.032428027741,0.148604481156758
-10.0083072318363,0.148001826041352
-9.98418643593157,0.147369270179427
-9.96006564002685,0.14670615520685
-9.93594484412213,0.146011770390987
-9.91182404821742,0.145285357264307
-9.8877032523127,0.144526114916597
-9.86358245640799,0.143733205906331
-9.83946166050327,0.1429057627467
-9.81534086459855,0.142042894917144
-9.79122006869384,0.141143696346903
-9.76709927278912,0.140207253313212
-9.7429784768844,0.139232652693347
-9.71885768097969,0.138218990506707
-9.69473688507497,0.137165380680685
-9.67061608917025,0.136070963972093
-9.64649529326554,0.134934916974492
-9.62237449736082,0.133756461140884
-9.59825370145611,0.132534871750916
-9.57413290555139,0.131269486751953
-9.55001210964667,0.129959715404189
-9.52589131374196,0.128605046661282
-9.50177051783724,0.127205057219884
-9.47764972193252,0.125759419173864
-9.45352892602781,0.124267907211909
-9.42940813012309,0.122730405300612
-9.40528733421838,0.121146912799004
-9.38116653831366,0.119517549954803
-9.35704574240894,0.117842562737292
-9.33292494650422,0.116122326966841
-9.30880415059951,0.11435735170639
-9.28468335469479,0.112548281885868
-9.26056255879008,0.110695900136394
-9.23644176288536,0.108801127817091
-9.21232096698064,0.106865025223575
-9.18820017107593,0.10488879097336
-9.16407937517121,0.102873760569733
-9.13995857926649,0.100821404151875
-9.11583778336178,0.0987333234451647
-9.09171698745706,0.0966112479316618
-9.06759619155234,0.0944570302665877
-9.04347539564763,0.0922726409722854
-9.01935459974291,0.0900601624464657
-8.99523380383819,0.0878217823265965
-8.97111300793348,0.0855597862569542
-8.94699221202876,0.0832765501091282
-8.92287141612405,0.0809745317106056
-8.89875062021933,0.0786562621394224
-8.87462982431461,0.0763243366457424
-8.8505090284099,0.0739814052635726
-8.82638823250518,0.0716301631776361
-8.80226743660046,0.0692733409116861
-8.77814664069575,0.0669136944052433
-8.75402584479103,0.0645539950458761
-8.72990504888631,0.0621970197237124
-8.7057842529816,0.0598455409738881
-8.68166345707688,0.0575023172711022
-8.65754266117216,0.0551700835383878
-8.63342186526745,0.0528515419296306
-8.60930106936273,0.0505493529423103
-8.58518027345801,0.0482661269134262
-8.5610594775533,0.0460044159476302
-8.53693868164858,0.043766706322275
-8.51281788574387,0.0415554114094173
-8.48869708983915,0.0393728651498575
-8.46457629393443,0.0372213161090822
-8.44045549802972,0.0351029221395562
-8.416334702125,0.0330197456682394
-8.39221390622028,0.030973749622535
-8.36809311031557,0.0289667940021499
-8.34397231441085,0.0270006330986332
-8.31985151850614,0.025076913358703
-8.29573072260142,0.0231971718819165
-8.2716099266967,0.0213628355378532
-8.24748913079199,0.0195752206827998
-8.22336833488727,0.0178355334510023
-8.19924753898255,0.0161448705909291
-8.17512674307784,0.0145042208127098
-8.15100594717312,0.0129144666090156
-8.1268851512684,0.0113763865081668
-8.10276435536369,0.00989065771521234
-8.07864355945897,0.00845785909416304
-8.05452276355425,0.0070784744424886
-8.03040196764954,0.00575289600742526
-8.00628117174482,0.0044814281925989
-7.9821603758401,0.00326429140296046
-7.95803957993539,0.00210162597604389
-7.93391878403067,0.000993496148104234
-7.90979798812595,-6.01059952444472e-05
-7.88567719222124,-0.0010592566327034
-7.86155639631652,-0.00200409643203264
-7.83743560041181,-0.00289482693010171
-7.81331480450709,-0.00373170710952772
-7.78919400860237,-0.00451505020982024
-7.76507321269766,-0.00524522080721412
-7.74095241679294,-0.00592263219330869
-7.71683162088822,-0.00654774407826635
-7.69271082498351,-0.0071210606397203
-7.66859002907879,-0.00764312893372848
-7.64446923317407,-0.00811453767914637
-7.62034843726936,-0.0085359164217224
-7.59622764136464,-0.00890793507909379
-7.57210684545993,-0.00923130386272944
-7.54798604955521,-0.009506773567782
-7.52386525365049,-0.00973513621681656
-7.49974445774578,-0.0099172260385374
-7.47562366184106,-0.0100539207579696
-7.45150286593634,-0.0101461431701296
-7.42738207003163,-0.0101948629650641
-7.40326127412691,-0.0102010987683061
-7.37914047822219,-0.0101659203573131
-7.35501968231748,-0.0100904510113535
-7.33089888641276,-0.00997586994963104
-7.30677809050804,-0.00982341481019058
-7.28265729460333,-0.00963438412037335
-7.25853649869861,-0.00941013970828568
-7.23441570279389,-0.0091521090039388
-7.21029490688918,-0.00886178717840577
-7.18617411098446,-0.00854073906953579
-7.16205331507975,-0.00819060084345942
-7.13793251917503,-0.00781308134231216
-7.11381172327031,-0.00740996307027948
-7.0896909273656,-0.00698310277221854
-7.06557013146088,-0.00653443156171626
-7.04144933555616,-0.00606595455848205
-7.01732853965145,-0.00557974999841306
-6.99320774374673,-0.00507796778349932
-6.96908694784202,-0.00456282744289531
-6.9449661519373,-0.00403661548096906
-6.92084535603258,-0.00350168209288707
-6.89672456012787,-0.00296043723328526
-6.87260376422315,-0.00241534602874868
-6.84848296831843,-0.00186892353016192
-6.82436217241371,-0.0013237288064251
-6.800241376509,-0.00078235838653877
-6.77612058060428,-0.000247439062581678
-6.75199978469957,0.000278379928389208
-6.72787898879485,0.000792435320056004
-6.70375819289013,0.00129205880138272
-6.67963739698542,0.0017745865360186
-6.6555166010807,0.00223736917760504
-6.63139580517598,0.00267778233726794
-6.60727500927127,0.0030932374550761
-6.58315421336655,0.00348119302304242
-6.55903341746183,0.00383916610336139
-6.53491262155712,0.0041647440820526
-6.5107918256524,0.00445559659503073
-6.48667102974769,0.00470948756087369
-6.46255023384297,0.004924287252232
-6.43842943793825,0.00509798433592973
-6.41430864203354,0.00522869781035691
-6.39018784612882,0.00531468876776489
-6.3660670502241,0.00535437190854492
-6.34194625431939,0.00534632673450644
-6.31782545841467,0.00528930834856928
-6.29370466250995,0.00518225778914738
-6.26958386660524,0.00502431182880805
-6.24546307070052,0.00481481216855895
-6.22134227479581,0.00455331396129631
-6.19722147889109,0.00423959360056431
-6.17310068298637,0.00387365571378016
-6.14897988708166,0.00345573930247794
-6.12485909117694,0.00298632297586972
-6.10073829527222,0.00246612922812331
-6.07661749936751,0.001896127714153
-6.05249670346279,0.00127753748341894
-6.02837590755807,0.000611828136180048
-6.00425511165336,-9.92801281630429e-05
-5.98013431574864,-0.000853817595613454
-5.95601351984392,-0.00164956727442328
-5.93189272393921,-0.00248406829794062
-5.90777192803449,-0.00335462050134129
-5.88365113212978,-0.00425829017422071
-5.85953033622506,-0.00519191698506337
-5.83540954032034,-0.00615212206762709
-5.81128874441563,-0.00713531725330659
-5.78716794851091,-0.0081377154276025
-5.76304715260619,-0.00915534198295406
-5.73892635670148,-0.0101840473344155
-5.71480556079676,-0.0112195204590025
-5.69068476489204,-0.0122573034140316
-5.66656396898733,-0.0132928067844392
-5.64244317308261,-0.0143213260039433
-5.61832237717789,-0.0153380584899943
-5.59420158127318,-0.0163381215278071
-5.57008078536846,-0.0173165708343688
-5.54595998946374,-0.0182684197292115
-5.52183919355903,-0.0191886588349445
-5.49771839765431,-0.0200722762270669
-5.47359760174959,-0.0209142779494548
-5.44947680584488,-0.0217097088091467
-5.42535600994016,-0.0224536733616521
-5.40123521403545,-0.0231413569960001
-5.37711441813073,-0.0237680470271267
-5.35299362222601,-0.0243291537019901
-5.3288728263213,-0.0248202310250178
-5.30475203041658,-0.0252369973081105
-5.28063123451186,-0.025575355350492
-5.25651043860715,-0.0258314121541823
-5.23238964270243,-0.0260014980817967
-5.20826884679771,-0.0260821853647323
-5.184148050893,-0.0260703058715991
-5.16002725498828,-0.0259629680489771
-5.13590645908357,-0.0257575729492355
-5.11178566317885,-0.0254518292632216
-5.08766486727413,-0.0250437672791168
-5.06354407136942,-0.0245317516926435
-5.0394232754647,-0.0239144931980921
-5.01530247955998,-0.0231910587942921
-4.99118168365527,-0.0223608807446748
-4.96706088775055,-0.0214237641359399
-4.94294009184583,-0.0203798929855306
-4.91881929594112,-0.019229834854115
-4.8946985000364,-0.0179745439255486
-4.87057770413168,-0.0166153625233267
-4.84645690822697,-0.0151540210392947
-4.82233611232225,-0.0135926362573481
-4.79821531641753,-0.0119337080619914
-4.77409452051282,-0.01018011452889
-4.7499737246081,-0.00833510540194286
-4.72585292870339,-0.00640229396884322
-4.70173213279867,-0.00438564735459367
-4.67761133689395,-0.00228947525992967
-4.65349054098924,-0.000118417179059874
-4.62936974508452,0.00212257186148773
-4.6052489491798,0.00442823699385658
-4.58112815327509,0.00679304057351611
-4.55700735737037,0.00921118055448004
-4.53288656146565,0.0116766101052882
-4.50876576556094,0.0141830583895204
-4.48464496965622,0.0167240524284805
-4.46052417375151,0.0192929399578976
-4.43640337784679,0.0218829131850784
-4.41228258194207,0.0244870333479364
-4.38816178603736,0.0270982559727586
-4.36404099013264,0.0297094567234749
-4.33992019422792,0.0323134577316016
-4.31579939832321,0.0349030542929557
-4.29167860241849,0.0374710418147193
-4.26755780651377,0.0400102428944725
-4.24343701060906,0.0425135344114497
-4.21931621470434,0.0449738745095017
-4.19519541879962,0.0473843293510876
-4.17107462289491,0.0497380995220811
-4.14695382699019,0.052028545968258
-4.12283303108547,0.0542492153460316
-4.09871223518076,0.0563938646723275
-4.07459143927604,0.058456485161422
-4.05047064337133,0.0604313251401003
-4.02634984746661,0.0623129119366078
-4.00222905156189,0.0640960726435556
-3.97810825565718,0.0657759536601648
-3.95398745975246,0.0673480389249856
-3.92986666384774,0.0688081667564601
-3.90574586794303,0.0701525452253909
-3.88162507203831,0.0713777659904895
-3.85750427613359,0.0724808165356762
-3.83338348022888,0.0734590907556351
-3.80926268432416,0.0743103978442639
-3.78514188841944,0.0750329694490453
-3.76102109251473,0.0756254650629496
-3.73690029661001,0.0760869756342282
-3.7127795007053,0.0764170253833037
-3.68865870480058,0.0766155718248634
-3.66453790889586,0.0766830040021688
-3.64041711299115,0.0766201389494459
-3.61629631708643,0.0764282164069722
-3.59217552118171,0.0761088918220768
-3.568054725277,0.0756642276776639
-3.54393392937228,0.0750966831980122
-3.51981313346756,0.0744091024894488
-3.49569233756285,0.0736047011809921
-3.47157154165813,0.0726870516371669
-3.44745074575341,0.0716600668218796
-3.4233299498487,0.0705279828984487
-3.39920915394398,0.069295340656602
-3.37508835803927,0.067966965862427
-3.35096756213455,0.0665479486318784
-3.32684676622983,0.0650436219324753
-3.30272597032512,0.0634595393212493
-3.2786051744204,0.061801452029801
-3.25448437851568,0.0600752855094963
-3.23036358261097,0.0582871155513501
-3.20624278670625,0.0564431440960352
-3.18212199080153,0.054549674849671
-3.15800119489682,0.0526130888206529
-3.1338803989921,0.0506398198917266
-3.10975960308738,0.0486363305398596
-3.08563880718267,0.0466090878141903
-3.06151801127795,0.0445645396794896
-3.03739721537324,0.0425090918291593
-3.01327641946852,0.0404490850678581
-2.9891556235638,0.0383907733594003
-2.96503482765909,0.0363403026306728
-2.94091403175437,0.0343036904169744
-2.91679323584965,0.0322868064284549
-2.89267243994494,0.0302953541112519
-2.86855164404022,0.0283348532705344
-2.8444308481355,0.0264106238160065
-2.82031005223079,0.0245277706835548
-2.79618925632607,0.0226911699796743
-2.77206846042135,0.0209054563881296
-2.74794766451664,0.0191750118710578
-2.72382686861192,0.0175039556894199
-2.6997060727072,0.0158961357604324
-2.67558527680249,0.0143551213623774
-2.65146448089777,0.0128841971900647
-2.62734368499306,0.0114863587572265
-2.60322288908834,0.0101643091353186
-2.57910209318362,0.00892045701160944
-2.55498129727891,0.00775691604310065
-2.53086050137419,0.00667550547677562
-2.50673970546947,0.00567775200093829
-2.48261890956476,0.00476489278702168
-2.45849811366004,0.00393787967622786
-2.43437731775532,0.00319738446074359
-2.41025652185061,0.00254380520506003
-2.38613572594589,0.00197727354914445
-2.36201493004118,0.00149766293186281
-2.33789413413646,0.00110459767015614
-2.31377333823174,0.000797462827021561
-2.28965254232703,0.000575414799364432
-2.26553174642231,0.000437392555237059
-2.24141095051759,0.00038212944890062
-2.21729015461288,0.000408165541489702
-2.19316935870816,0.000513860354843673
-2.16904856280344,0.000697405986270203
-2.14492776689873,0.000956840512610677
-2.12080697099401,0.00129006161296261
-2.09668617508929,0.00169484034077343
-2.07256537918458,0.00216883497771396
-2.04844458327986,0.00270960490375839
-2.02432378737514,0.00331462442021098
-2.00020299147043,0.00398129646499747
-1.97608219556571,0.00470696616236219
-1.951961399661,0.0054889341521451
-1.92784060375628,0.00632446964703126
-1.90371980785156,0.00721082316953807
-1.87959901194685,0.008145238924004
-1.85547821604213,0.00912496676244193
-1.83135742013741,0.0101472737067816
-1.8072366242327,0.0112094549937369
-1.78311582832798,0.0123088446122519
-1.75899503242326,0.0134428253071905
-1.73487423651855,0.0146088380266074
-1.71075344061383,0.0158043907935539
-1.68663264470911,0.0170270669869009
-1.6625118488044,0.0182745330190968
-1.63839105289968,0.0195445454020856
-1.61427025699497,0.0208349571957862
-1.59014946109025,0.0221437238365562
-1.56602866518553,0.0234689083459226
-1.54190786928082,0.0248086859225446
-1.5177870733761,0.026161347922874
-1.49366627747138,0.0275253052382873
-1.46954548156667,0.0288990910785759
-1.44542468566195,0.0302813631736017
-1.42130388975723,0.0316709054066315
-1.39718309385252,0.0330666288943913
-1.3730622979478,0.0344675725301964
-1.34894150204308,0.0358729030076466
-1.32482070613837,0.0372819143433174
-1.30069991023365,0.0386940269176458
-1.27657911432894,0.0401087860538042
-1.25245831842422,0.041525860154787
-1.2283375225195,0.0429450384192246
-1.20421672661479,0.0443662281565821
-1.18009593071007,0.0457894517224183
-1.15597513480535,0.0472148430942936
-1.13185433890064,0.0486426441087127
-1.10773354299592,0.050073200379217
-1.0836127470912,0.0515069569153778
-1.05949195118649,0.0529444534620369
-1.03537115528177,0.0543863195776752
-1.01125035937705,0.0558332694702986
-0.987129563472338,0.057286096608716
-0.963008767567622,0.058745668126561
-0.938887971662905,0.0602129190358884
-0.914767175758189,0.0616888462666665
-0.890646379853472,0.0631745025480049
-0.866525583948756,0.0646709901465001
-0.842404788044039,0.0661794544766652
-0.818283992139323,0.0677010775980448
-0.794163196234607,0.0692370716132925
-0.77004240032989,0.070788671981227
-0.745921604425174,0.0723571307586787
-0.721800808520457,0.0739437097847903
-0.697680012615741,0.075549673821357
-0.673559216711024,0.0771762836627621
-0.649438420806308,0.0788247892291085
-0.625317624901591,0.0804964226562324
-0.601196828996875,0.0821923913964389
-0.577076033092159,0.083913871343992
-0.552955237187442,0.0856619999996308
-0.528834441282726,0.0874378696886631
-0.504713645378009,0.0892425208474924
-0.480592849473293,0.0910769353937673
-0.456472053568576,0.0929420301956845
-0.43235125766386,0.0948386506563338
-0.408230461759144,0.0967675644293177
-0.384109665854427,0.0987294552822215
-0.359988869949711,0.100724917124826
-0.335868074044994,0.102754448219249
-0.311747278140278,0.104818445589438
-0.287626482235561,0.106917199647671
-0.263505686330845,0.109050889055838
-0.239384890426129,0.111219575839378
-0.215264094521412,0.113423200771773
-0.191143298616696,0.115661579047415
-0.167022502711979,0.117934396260531
-0.142901706807263,0.120241204707619
-0.118780910902546,0.122581420030508
-0.0946601149978299,0.124954318216738
-0.0705393190931134,0.127359032973435
-0.046418523188397,0.129794553490202
-0.0222977272836806,0.132259722605864
0.00182306862103587,0.134753235393007
0.0259438645257523,0.13727363817337
0.0500646604304687,0.139819327976077
0.0741854563351852,0.142388552449583
0.0983062522399016,0.144979410236945
0.122427048144618,0.147589851822761
0.146547844049334,0.150217680858668
0.170668639954051,0.152860555972843
0.194789435858767,0.155515993067381
0.218910231763484,0.158181368105832
0.2430310276682,0.160853920391493
0.267151823572917,0.163530756335334
0.291272619477633,0.166208853710719
0.31539341538235,0.168885066390265
0.339514211287066,0.171556129558415
0.363635007191782,0.174218665391489
0.387755803096499,0.176869189195172
0.411876599001215,0.179504115987629
0.435997394905932,0.182119767514645
0.460118190810648,0.184712379681479
0.484238986715365,0.187278110384403
0.508359782620081,0.189813047723293
0.532480578524797,0.192313218574994
0.556601374429514,0.194774597505734
0.58072217033423,0.197193115999358
0.604842966238947,0.199564671976823
0.628963762143663,0.201885139581114
0.65308455804838,0.204150379200542
0.677205353953096,0.206356247702325
0.701326149857812,0.208498608847335
0.725446945762529,0.210573343856052
0.749567741667245,0.212576362094956
0.773688537571962,0.214503611851956
0.797809333476678,0.216351091168877
0.821930129381395,0.218114858698606
0.846050925286111,0.21979104455415
0.870171721190828,0.221375861116652
0.894292517095544,0.22286561376928
0.918413313000261,0.224256711523929
0.942534108904977,0.225545677507747
0.966654904809693,0.226729159276718
0.99077570071441,0.227803938923818
1.01489649661913,0.228766942949694
1.03901729252384,0.229615251864251
1.06313808842856,0.230346109488186
1.08725888433328,0.23095693192409
1.11137968023799,0.23144531616758
1.13550047614271,0.231809048329668
1.15962127204742,0.232046111442546
1.18374206795214,0.232154692821905
1.20786286385686,0.232133190959967
1.23198365976157,0.231980221924535
1.25610445566629,0.231694625240542
1.28022525157101,0.231275469231812
1.30434604747572,0.230722055802095
1.32846684338044,0.230033924635758
1.35258763928516,0.229210856799992
1.37670843518987,0.22825287773184
1.40082923109459,0.227160259594938
1.42495002699931,0.225933522992436
1.44907082290402,0.224573438024256
1.47319161880874,0.223081024678535
1.49731241471345,0.221457552548923
1.52143321061817,0.219704539871201
1.54555400652289,0.21782375187461
1.5696748024276,0.21581719844522
1.59379559833232,0.213687131100685
1.61791639423704,0.21143603927779
1.64203719014175,0.209066645936315
1.66615798604647,0.206581902484908
1.69027878195119,0.20398498303688
1.7143995778559,0.201279278006107
1.73852037376062,0.198468387055497
1.76264116966534,0.195556111412851
1.78676196557005,0.192546445571306
1.81088276147477,0.189443568393906
1.83500355737949,0.186251833644306
1.8591243532842,0.182975759967966
1.88324514918892,0.179620020350612
1.90736594509363,0.176189431083156
1.93148674099835,0.172688940264543
1.95560753690307,0.169123615876405
1.97972833280778,0.165498633465554
2.0038491287125,0.161819263472617
2.02796992461722,0.158090858247147
2.05209072052193,0.15431883879157
2.07621151642665,0.150508681278194
2.10033231233137,0.146665903385236
2.12445310823608,0.142796050499404
2.1485739041408,0.138904681833995
2.17269470004552,0.134997356512665
2.19681549595023,0.131079619670081
2.22093629185495,0.127156988621428
2.24505708775966,0.123234939153327
2.26917788366438,0.119318891989023
2.2932986795691,0.115414199480747
2.31741947547381,0.111526132581941
2.34154027137853,0.107659868151508
2.36566106728325,0.103820476641459
2.38978186318796,0.100012910218209
2.41390265909268,0.0962419913663741
2.4380234549974,0.0925124020222103
2.46214425090211,0.0888286732817939
2.48626504680683,0.0851951757267408
2.51038584271155,0.0816161104076232
2.53450663861626,0.0780955005223332
2.55862743452098,0.07463718382345
2.58274823042569,0.0712448057852047
2.60686902633041,0.0679218135569296
2.63098982223513,0.0646714507259322
2.65511061813984,0.0614967529085847
2.67923141404456,0.0584005441840758
2.70335220994928,0.0553854343807696
2.72747300585399,0.052453817220482
2.75159380175871,0.0496078693212423
2.77571459766343,0.0468495500542984
2.79983539356814,0.0441806022462696
2.82395618947286,0.0416025537125001
2.84807698537758,0.0391167196028366
2.87219778128229,0.0367242055362997
2.89631857718701,0.0344259114964603
2.92043937309172,0.0322225364548205
2.94456016899644,0.0301145836851561
2.96868096490116,0.0281023667276504
2.99280176080587,0.0261860159577646
3.01692255671059,0.024365485711187
3.04104335261531,0.0226405619129043
3.06516414852002,0.0210108701554875
3.08928494442474,0.0194758841690894
3.11340574032946,0.0180349346234564
3.13752653623417,0.016687218200468
3.16164733213889,0.0154318068743628
3.18576812804361,0.0142676573359
3.20988892394832,0.0131936204962546
3.23400971985304,0.0122084510064566
3.25813051575775,0.0113108167286719
3.28225131166247,0.0104993080965724
3.30637210756719,0.00977244730346717
3.3304929034719,0.00912869725874368
3.35461369937662,0.00856647025549413
3.37873449528134,0.00808413629496078
3.40285529118605,0.00768003101660214
3.42697608709077,0.00735246318614033
3.45109688299549,0.00709972169787149
3.4752176789002,0.0069200820517734
3.49933847480492,0.00681181227049529
3.52345927070964,0.00677317822613599
3.54758006661435,0.00680244835175169
3.57170086251907,0.00689789771776962
3.59582165842379,0.00705781145884984
3.6199424543285,0.0072804875422106
3.64406325023322,0.00756423887395982
3.66818404613793,0.00790739474551339
3.69230484204265,0.00830830162768169
3.71642563794737,0.00876532332543198
3.74054643385208,0.00927684051163259
3.7646672297568,0.00984124966321522
3.78878802566152,0.0104569614281169
3.81290882156623,0.0111223984560356
3.83702961747095,0.011835992730416
3.86115041337567,0.0125961824431495
3.88527120928038,0.0134014084571744
3.9093920051851,0.0142501104054887
3.93351280108982,0.015140722477992
3.95763359699453,0.0160716689500588
3.98175439289925,0.0170413595087587
4.00587518880396,0.0180481844342061
4.02999598470868,0.0190905096945941
4.0541167806134,0.020166672014066
4.07823757651811,0.0212749739726848
4.10235837242283,0.022413679197386
4.12647916832755,0.023581007701941
4.15059996423226,0.0247751314326418
4.17472076013698,0.0259941700746317
4.1988415560417,0.027236187171602
4.22296235194641,0.0284991866089377
4.24708314785113,0.0297811095073825
4.27120394375584,0.031079831570909
4.29532473966056,0.0323931609287676
4.31944553556528,0.0337188365076787
4.34356633146999,0.035054526965855
4.36768712737471,0.0363978302160463
4.39180792327943,0.0377462735601072
4.41592871918414,0.0390973144527569
4.44004951508886,0.04044834190726
4.46417031099358,0.0417966785507476
4.48829110689829,0.0431395833318664
4.51241190280301,0.0444742548784277
4.53653269870773,0.0457978354977615
4.56065349461244,0.0471074158076137
4.58477429051716,0.0484000399806808
4.60889508642187,0.0496727115813031
4.63301588232659,0.0509223999684566
4.65713667823131,0.0521460472350395
4.68125747413602,0.0533405756495506
4.70537827004074,0.0545028955626546
4.72949906594546,0.0556299137378199
4.75361986185017,0.0567185420622391
4.77774065775489,0.0577657065916025
4.80186145365961,0.0587683568800124
4.82598224956432,0.0597234755444067
4.85010304546904,0.0606280880113146
4.87422384137376,0.0614792723925901
4.89834463727847,0.0622741694359754
4.92246543318319,0.0630099924959173
4.94658622908791,0.0636840374700018
4.97070702499262,0.0642936926466687
4.99482782089734,0.0648364484105154
5.01894861680205,0.0653099067524766
5.04306941270677,0.0657117905334606
5.06719020861149,0.066039952451621
5.0913110045162,0.0662923836653173
5.11543180042092,0.0664672220259503
5.13955259632564,0.0665627598772328
5.16367339223035,0.0665774513800373
5.18779418813507,0.0665099193247393
5.21191498403979,0.0663589613959123
5.2360357799445,0.0661235558573116
5.26015657584922,0.0658028666282758
5.28427737175394,0.0653962477259677
5.30839816765865,0.0649032470512238
5.33251896356337,0.0643236094991848
5.35663975946809,0.0636572793792983
5.3807605553728,0.0629044021327062
5.40488135127752,0.0620653253384324
5.42900214718223,0.0611405990031487
5.45312294308695,0.0601309751326081
5.47724373899167,0.0590374065860706
5.50136453489638,0.0578610452181964
5.5254853308011,0.0566032393159416
5.54960612670582,0.0552655303409274
5.57372692261053,0.0538496489905867
5.59784771851525,0.0523575105940847
5.62196851441997,0.0507912098615777
5.64608931032468,0.0491530150078019
5.6702101062294,0.0474453612732631
5.69433090213411,0.0456708438684421
5.71845169803883,0.043832210368422
5.74257249394355,0.0419323525871876
5.76669328984826,0.0399742979625507
5.79081408575298,0.0379612004842088
5.8149348816577,0.0358963311988564
5.83905567756241,0.0337830683275449
5.86317647346713,0.031624887031615
5.88729726937185,0.0294253488645322
5.91141806527656,0.0271880909478206
5.93553886118128,0.0249168149100329
5.959659657086,0.0226152756283084
5.98378045299071,0.0202872698125637
6.00790124889543,0.017936624472735
6.03202204480015,0.0155671853097426
6.05614284070486,0.0131828050709931
6.08026363660958,0.0107873319112529
6.10438443251429,0.00838459779964279
6.12850522841901,0.00597840701330191
6.15262602432373,0.00357252475794788
6.17674682022844,0.00117066595514301
6.20086761613316,-0.0012235157644761
6.22498841203788,-0.00360643882339887
6.24910920794259,-0.00597460417704003
6.27323000384731,-0.00832460547419799
6.29735079975203,-0.0106531388622411
6.32147159565674,-0.0129570124022281
6.34559239156146,-0.015233155060412
6.36971318746618,-0.0174786252439654
6.39383398337089,-0.0196906188502579
6.41795477927561,-0.0218664768006488
6.44207557518033,-0.024003692031502
6.46619637108504,-0.0260999159170119
6.49031716698976,-0.0281529641004204
6.51443796289447,-0.0301608217123236
6.53855875879919,-0.0321216479569987
6.56267955470391,-0.0340337800500289
6.58680035060862,-0.0358957364929528
6.61092114651334,-0.0377062196732185
6.63504194241806,-0.0394641177803692
6.65916273832277,-0.0411685060321106
6.68328353422749,-0.0428186472067194
6.70740433013221,-0.0444139914811132
6.73152512603692,-0.0459541755768182
6.75564592194164,-0.0474390212190288
6.77976671784635,-0.0488685329169266
6.80388751375107,-0.05024289507641
6.82800830965579,-0.0515624684593701
6.8521291055605,-0.0528277860065926
6.87624990146522,-0.0540395480442841
6.90037069736994,-0.0551986168970701
6.92449149327465,-0.0563060109330896
6.94861228917937,-0.0573628980694895
6.97273308508409,-0.0583705887691923
6.9968538809888,-0.0593305285622483
7.02097467689352,-0.0602442901273671
7.04509547279824,-0.0611135649713562
7.06921626870295,-0.061940154746132
7.09333706460767,-0.0627259622447162
7.11745786051238,-0.0634729821191718
7.1415786564171,-0.0641832913647431
7.16569945232182,-0.0648590396155447
7.18982024822653,-0.0655024392979803
7.21394104413125,-0.0661157556886505
7.23806184003597,-0.0667012969238313
7.26218263594068,-0.067261404007663
7.2863034318454,-0.0677984408659687
7.31042422775012,-0.0683147844921522
7.33454502365483,-0.068812815230861
7.35866581955955,-0.0692949072440924
7.38278661546426,-0.069763419203142
7.40690741136898,-0.0702206852482574
7.4310282072737,-0.0706690062560881
7.45514900317841,-0.0711106414530059
7.47926979908313,-0.0715478004101382
7.50339059498785,-0.0719826354535099
7.52751139089256,-0.0724172345200574
7.55163218679728,-0.0728536144874607
7.575752982702,-0.0732937150027781
7.59987377860671,-0.0737393928317536
7.62399457451143,-0.0741924167474531
7.64811537041615,-0.0746544629735608
7.67223616632086,-0.0751271111942821
7.69635696222558,-0.075611841139359
7.7204777581303,-0.0761100297492355
7.74459855403501,-0.076622948921946
7.76871934993973,-0.0771517638398454
7.79284014584444,-0.0776975318708978
7.81696094174916,-0.078261202035898
7.84108173765388,-0.0788436150297459
7.86520253355859,-0.079445503781753
7.88932332946331,-0.0800674945369381
7.91344412536803,-0.0807101084374088
7.93756492127274,-0.0813737635802161
7.96168571717746,-0.0820587775255557
7.98580651308218,-0.0827653702268617
8.00992730898689,-0.0834936673522305
8.03404810489161,-0.0842437039647216
8.05816890079632,-0.085015428527426
8.08228969670104,-0.0858087071977793
8.10641049260576,-0.0866233283744248
8.13053128851048,-0.0874590074590217
8.15465208441519,-0.08831539179473
8.17877288031991,-0.0891920657427001
8.20289367622462,-0.0900885558577466
8.22701447212934,-0.0910043361244908
8.25113526803406,-0.0919388332156095
8.27525606393877,-0.0928914317344194
8.29937685984349,-0.0938614794048642
8.32349765574821,-0.0948482921730225
8.34761845165292,-0.0958511591855325
8.37173924755764,-0.096869347611804
8.39586004346236,-0.0979021072785638
8.41998083936707,-0.09894867508712
8.44410163527179,-0.100008279185755
8.46822243117651,-0.101080142871802
8.49234322708122,-0.102163488200266
8.51646402298594,-0.10325753927825
8.54058481889065,-0.104361525226945
8.56470561479537,-0.105474682795557
8.58882641070009,-0.106596258614151
8.6129472066048,-0.107725511075136
8.63706800250952,-0.108861711835798
8.66118879841424,-0.110004146937054
8.68530959431895,-0.11115211753632
8.70943039022367,-0.11230494025509
8.73355118612839,-0.1134619471445
8.7576719820331,-0.114622485274784
8.78179277793782,-0.115785915957036
8.80591357384253,-0.116951613608225
8.83003436974725,-0.118118964272707
8.85415516565197,-0.119287363815814
8.87827596155669,-0.120456215807199
8.9023967574614,-0.121624929113646
8.92651755336612,-0.122792915222937
8.95063834927083,-0.123959585322091
8.97475914517555,-0.125124347154859
8.99887994108027,-0.126286601684783
9.02300073698498,-0.127445739591343
9.0471215328897,-0.128601137627828
9.07124232879442,-0.129752154870419
9.09536312469913,-0.130898128888717
9.11948392060385,-0.132038371868465
9.14360471650857,-0.133172166717586
9.16772551241328,-0.13429876318681
9.191846308318,-0.135417374036188
9.21596710422271,-0.13652717127857
9.24008790012743,-0.137627282530805
9.26420869603215,-0.13871678750286
9.28832949193686,-0.139794714654387
9.31245028784158,-0.140860038047384
9.3365710837463,-0.141911674422619
9.36069187965101,-0.142948480526293
9.38481267555573,-0.143969250712134
9.40893347146045,-0.144972714842691
9.43305426736516,-0.145957536512006
9.45717506326988,-0.146922311610197
9.4812958591746,-0.147865567248684
9.50541665507931,-0.148785761062914
9.52953745098403,-0.149681280907481
9.55365824688874,-0.15055044495647
9.57777904279346,-0.151391502219759
9.60189983869818,-0.152202633483851
9.62602063460289,-0.152981952683565
9.65014143050761,-0.153727508708698
9.67426222641233,-0.154437287647484
9.69838302231704,-0.155109215466389
9.72250381822176,-0.155741161123521
9.74662461412648,-0.15633094011063
9.77074541003119,-0.156876318416439
9.79486620593591,-0.157375016901834
9.81898700184063,-0.157824716075249
9.84310779774534,-0.158223061254457
9.86722859365006,-0.158567668098929
9.89134938955477,-0.15885612849493
9.91547018545949,-0.159086016773588
9.93959098136421,-0.159254896240397
9.96371177726892,-0.159360325992847
9.98783257317364,-0.159399868001297
10.0119533690784,-0.159371094426669
10.0360741649831,-0.15927159514719
10.0601949608878,-0.159098985465129
10.0843157567925,-0.158850913963346
10.1084365526972,-0.158525070480488
10.1325573486019,-0.158119194172811
10.1566781445067,-0.15763108162987
10.1807989404114,-0.157058595010787
10.2049197363161,-0.156399670167345
10.2290405322208,-0.155652324719903
10.2531613281255,-0.154814666051999
10.2772821240302,-0.153884899189498
10.301402919935,-0.15286133453035
10.3255237158397,-0.151742395391275
10.3496445117444,-0.150526625338212
10.3737653076491,-0.149212695267886
10.3978861035538,-0.147799410208633
10.4220068994585,-0.146285715809445
10.4461276953633,-0.144670704487215
10.470248491268,-0.14295362120323
10.4943692871727,-0.141133868841252
10.5184900830774,-0.139211013160798
10.5426108789821,-0.137184787300756
10.5667316748868,-0.135055095809949
10.5908524707915,-0.132822018182987
10.6149732666963,-0.1304858118814
10.639094062601,-0.128046914821948
10.6632148585057,-0.125505947315821
10.6873356544104,-0.122863713444479
10.7114564503151,-0.120121201859838
10.7355772462198,-0.11727958599866
10.7596980421246,-0.114340223703085
10.7838188380293,-0.111304656241441
10.807939633934,-0.108174606725683
10.8320604298387,-0.104951977924042
10.8561812257434,-0.101638849469724
10.8803020216481,-0.0982374744687971
10.9044228175529,-0.0947502755126773
10.9285436134576,-0.0911798401029149
10.9526644093623,-0.0875289154982806
10.976785205267,-0.0838004029964224
11.0009060011717,-0.079997351664624
11.0250267970764,-0.0761229515364353
11.0491475929812,-0.0721805262931487
11.0732683888859,-0.0681735254512677
11.0973891847906,-0.0641055160792351
11.1215099806953,-0.0599801740687628
11.1456307766,-0.0558012749881178
11.1697515725047,-0.0515726845466664
11.1938723684095,-0.0472983487018501
11.2179931643142,-0.042982283441556
11.2421139602189,-0.038628564276547
11.2662347561236,-0.0342413154792112
11.2903555520283,-0.0298246991063895
11.314476347933,-0.0253829038454129
11.3385971438378,-0.0209201337237359
11.3627179397425,-0.0164405967236703
11.3868387356472,-0.011948493344702
11.4109595315519,-0.00744800515669936
11.4350803274566,-0.00294328338799035
11.4592011233613,0.00156156240721443
11.4833219192661,0.00606247555725091
11.5074427151708,0.0105554633123375
11.5315635110755,0.015036607669921
11.5556843069802,0.0195020759413778
11.5798051028849,0.0239481310158662
11.6039258987896,0.0283711412777709
11.6280466946944,0.0327675901350557
11.6521674905991,0.0371340851169109
11.6762882865038,0.041467366500383
11.7004090824085,0.0457643154271852
11.7245298783132,0.0500219614736176
11.7486506742179,0.0542374896384726
11.7727714701227,0.058408246715956
11.7968922660274,0.0625317470230203
11.8210130619321,0.0666056774530698
11.8451338578368,0.0706279018307583
11.8692546537415,0.0745964645455356
11.8933754496462,0.078509593444718
11.917496245551,0.0823657019701266
11.9416170414557,0.0861633905257559
11.9657378373604,0.0899014470674804
11.9898586332651,0.0935788469094653
12.0139794291698,0.0971947517456982
12.0381002250745,0.100748507888877
12.0622210209793,0.104239643732773
12.086341816884,0.10766786644807
12.1104626127887,0.111033057925622
12.1345834086934,0.114335269984917
12.1587042045981,0.117574718869419
12.1828250005028,0.120751779054214
12.2069457964076,0.12386697639507
12.2310665923123,0.126920980651607
12.255187388217,0.129914597420654
12.2793081841217,0.132848759519163
12.3034289800264,0.135724517859079
12.3275497759311,0.138543031859433
12.3516705718359,0.141305559443512
12.3757913677406,0.144013446671335
12.3999121636453,0.146668117059714
12.42403295955,0.149271060643994
12.4481537554547,0.151823822837001
12.4722745513594,0.154327993141934
12.4963953472641,0.156785193776696
12.5205161431689,0.159197068267717
12.5446369390736,0.161565270071381
12.5687577349783,0.163891451281028
12.592878530883,0.16617725147689
12.6169993267877,0.168424286775444
12.6411201226924,0.17063413913339
12.6652409185972,0.172808345959897
12.6893617145019,0.174948390088819
12.7134825104066,0.177055690160399
12.7376033063113,0.179131591459412
12.761724102216,0.181177357253926
12.7858448981207,0.183194160675786
12.8099656940255,0.185183077180619
12.8340864899302,0.187145077621663
12.8582072858349,0.189081021967984
12.8823280817396,0.19099165369381
12.9064488776443,0.192877594861691
12.930569673549,0.194739341918086
12.9546904694538,0.196577262215801
12.9788112653585,0.198391591273477
13.0029320612632,0.200182430778067
13.0270528571679,0.201949747332039
13.0511736530726,0.203693371942839
13.0752944489773,0.205413000248051
13.0994152448821,0.207108193465692
13.1235360407868,0.208778380055202
13.1476568366915,0.210422858070974
13.1717776325962,0.212040798186758
13.1958984285009,0.213631247365909
13.2200192244056,0.215193133149383
13.2441400203104,0.216725268530505
13.2682608162151,0.218226357382955
13.2923816121198,0.21969500040607
13.3165024080245,0.221129701549547
13.3406232039292,0.222528874877879
13.3647439998339,0.223890851833417
13.3888647957387,0.225213888855812
13.4129855916434,0.226496175314762
13.4371063875481,0.227735841712467
13.4612271834528,0.228930968111955
13.4853479793575,0.230079592747531
13.5094687752622,0.231179720773911
13.533589571167,0.232229333111287
13.5577103670717,0.233226395344384
13.5818311629764,0.234168866634762
13.6059519588811,0.235054708606919
13.6300727547858,0.235881894170361
13.6541935506905,0.236648416241521
13.6783143465953,0.237352296331367
13.7024351425,0.237991592966591
13.7265559384047,0.238564409914468
13.7506767343094,0.239068904183774
13.7747975302141,0.239503293776539
13.7989183261188,0.239865865167819
13.8230391220236,0.240154980493157
13.8471599179283,0.24036908442587
13.871280713833,0.240506710728749
13.8954015097377,0.240566488467222
13.9195223056424,0.24054714787337
13.9436431015471,0.240447525852518
13.9677638974519,0.240266571126336
13.9918846933566,0.2400033490085
14.0160054892613,0.23965704581095
14.040126285166,0.239226972880669
14.0642470810707,0.238712570268599
14.0883678769754,0.238113410033914
14.1124886728802,0.237429199188263
14.1366094687849,0.236659782285846
14.1607302646896,0.235805143666286
14.1848510605943,0.23486540935816
14.208971856499,0.233840848651794
14.2330926524037,0.232731875350531
14.2572134483085,0.23153904871007
14.2813342442132,0.230263074075744
14.3054550401179,0.228904803227728
14.3295758360226,0.227465234444111
14.3536966319273,0.22594551229161
14.377817427832,0.224346927153418
14.4019382237367,0.222670914503267
14.4260590196415,0.220919053934291
14.4501798155462,0.219093067950696
14.4743006114509,0.217194820529564
14.4984214073556,0.215226315459427
14.5225422032603,0.213189694461456
14.546662999165,0.211087235098359
14.5707837950698,0.208921348475223
14.5949045909745,0.206694576735772
14.6190253868792,0.204409590356697
14.6431461827839,0.202069185241924
14.6672669786886,0.199676279617992
14.6913877745933,0.197233910730989
14.7155085704981,0.194745231344896
14.7396293664028,0.192213506040612
14.7637501623075,0.189642107314492
14.7878709582122,0.187034511474801
14.8119917541169,0.184394294334248
14.8361125500216,0.181725126696518
14.8602333459264,0.1790307696347
14.8843541418311,0.176315069559478
14.9084749377358,0.173581953075129
14.9325957336405,0.170835421621616
14.9567165295452,0.168079545901416
14.9808373254499,0.165318460090218
15.0049581213547,0.162556355831206
15.0290789172594,0.15979747601334
15.0531997131641,0.157046108334835
15.0773205090688,0.154306578653943
15.1014413049735,0.151583244130122
15.1255621008782,0.14888048615974
15.149682896783,0.1462027031116
15.1738036926877,0.143554302868806
15.1979244885924,0.14093969518471
15.2220452844971,0.138363283862042
15.2461660804018,0.135829458765652
15.2702868763065,0.133342587680658
15.2944076722113,0.130907008029225
15.318528468116,0.128527018460567
15.3426492640207,0.126206870330173
15.3667700599254,0.123950759085614
15.3908908558301,0.121762815577677
15.4150116517348,0.119647097316822
15.4391324476396,0.117607579696261
15.4632532435443,0.115648147204137
15.487374039449,0.113772584648395
15.5114948353537,0.111984568419006
15.5356156312584,0.110287657813144
15.5597364271631,0.108685286449755
15.5838572230679,0.107180753800758
15.6079780189726,0.105777216866678
15.6320988148773,0.104477682025097
15.656219610782,0.103284997080634
15.6803404066867,0.102201843545452
15.7044612025914,0.101230729179388
15.7285819984962,0.100373980818778
15.7527027944009,0.0996337375228642
15.7768235903056,0.0990119440663693
15.8009443862103,0.0985103448063232
15.825065182115,0.0981304779506326
15.8491859780197,0.0978736702550922
15.8733067739245,0.0977410321746258
15.8974275698292,0.0977334534934732
15.9215483657339,0.0978515994578251
15.9456691616386,0.0980959074330565
15.9697899575433,0.098466584106216
15.993910753448,0.0989636032528028
16.0180315493527,0.0995867040851161
16.0421523452575,0.10033539019759
16.0662731411622,0.101208929122547
16.0903939370669,0.10220635250771
16.1144894749834,0.103298383423069
16.1386151915213,0.104455367673282
16.1627410020217,0.105675627100572
16.1868667751573,0.106957250093473
16.2109923795071,0.108298094914788
16.2351176835099,0.109695793712397
16.259242555419,0.111147757164152
16.2833668632552,0.112651179748873
16.3074904747605,0.114203045632944
16.3316132573509,0.115800135159393
16.3557350780701,0.117439031923818
16.379855803541,0.119116130419001
16.4039752999186,0.120827644227591
16.4280934328414,0.122569614739802
16.4522100673828,0.124337920370767
16.4763250680016,0.126128286249906
16.5004382984925,0.127936294352517
16.5245496219355,0.129757394041767
16.5486589006447,0.131586912987306
16.5727659961171,0.133420068424954
16.5968707689794,0.135251978720274
16.6209730789353,0.137077675197304
16.6450727847109,0.138892114192456
16.6691697440003,0.140690189292382
16.6932638134089,0.142466743713658
16.7173548483971,0.144216582781348
16.7414427032219,0.145934486462919
16.765527230878,0.14761522191357
16.7896082830371,0.14925355598889
16.8136857099869,0.150844267680725
16.837759360568,0.152382160432413
16.8618290821095,0.153862074289947
16.8858947203637,0.15527889784628
16.9099561194385,0.156627579936847
16.9340131217293,0.157903141045409
16.9580655678477,0.159100684380598
16.9821132965504,0.160215406584971
17.0061561446643,0.161242608040014
17.0301939470111,0.162177702732331
17.0542265363293,0.163016227648264
17.0782537431943,0.163753851666257
17.102275395936,0.164386383918629
17.1262913205546,0.164909781596757
17.1503013406337,0.165320157176266
17.1743052772507,0.165613785041412
17.1983029488849,0.165787107490584
17.2222941713229,0.16583674010767
17.246278757561,0.165759476486876
17.2702565177042,0.165552292301477
17.2942272588628,0.165212348709957
17.3181907850453,0.164736995095878
17.3421468970476,0.164123771140789
17.3660953923393,0.163370408232376
17.3900360649456,0.162474830212921
17.4139687053257,0.161435153475953
17.4378931002468,0.160249686421686
17.4618090326535,0.158916928284529
17.4857162815339,0.15743556734843
17.5096146217793,0.155804478568301
17.5335038240403,0.154022720618019
17.5573836545772,0.152089532387673
17.5812538751046,0.150004328954708
17.6051142426311,0.147766697055463
17.6289645092926,0.145376390085232
17.6528044221794,0.142833322656501
17.6766337231565,0.140137564746245
17.7004521486779,0.137289335464342
17.7242594295925,0.134288996476
17.7480552909435,0.131137045111856
17.7718394517594,0.12783410719988
17.7956116248366,0.124380929653575
17.8193715165137,0.120778372851037
17.8431188264358,0.117027402839411
17.8668532473107,0.113129083399008
17.8905744646531,0.109084568000895
17.9142821565196,0.104895091691186
17.9379759932318,0.100561962934463
17.9616556370881,0.0960865554478294
17.9853207420624,0.0914703000560085
18.008970953491,0.0867146765966874
18.0326059077444,0.0818212059039541
18.0562252318852,0.0767914418962171
18.0798285433117,0.0716269637934348
18.1034154493838,0.0663293684868338
18.126985547033,0.0609002630825676
18.1505384223546,0.0553412576389803
18.1740736501807,0.0496539581152993
18.1975907936332,0.0438399595477163
18.2210894036564,0.0379008394669094
18.2445690185268,0.0318381515691662
18.2680291633396,0.0256534196513502
18.2914693494709,0.0193481318180792
18.3148890740127,0.0129237349676165
18.3382878191811,0.00638162956114828
18.3616650516944,-0.000276835321647753
18.3850202221204,-0.00705036663956667
18.4083527641904,-0.0139377317598417
18.4316620940789,-0.020937762543165
18.4549476096451,-0.0280493591473095
18.4782086896356,-0.0352714935543183
18.5014446928455,-0.0426032128275331
18.5246549572345,-0.0500436421059645
18.5478387989961,-0.0575919873446154
18.5709955115761,-0.0652475378103997
18.5941243646386,-0.0730096683441952
18.6172246029738,-0.0808778414003791
18.6402954453463,-0.088851608875896
18.6633360832782,-0.0969306137415028
18.6863456797638,-0.105114591488312
18.70932336791,-0.11340337140316
18.7322682494997,-0.121796877686613
18.7551793934701,-0.130295130427597
18.7780558343026,-0.138898246448784
18.8008965703162,-0.147606440036844
18.8237005618597,-0.156420023571622
18.8464667293934,-0.165339408068184
18.8691939514542,-0.174365103645426
18.8918810624953,-0.183497719934682
18.9145268505904,-0.192737966441457
18.9371300549945,-0.202086652872976
18.9596893635494,-0.211544689443831
18.9822034099223,-0.221113087171526
19.0046707706661,-0.230792958173181
19.0270899620873,-0.240585515974119
19.0494594369073,-0.250492075838435
19.0717775807003,-0.260514055131052
19.0940427080925,-0.270652973720094
19.1162530587023,-0.280910454427709
19.1384067928025,-0.291288223536758
19.1605019866816,-0.30178811136001
19.1825366276812,-0.312412052877647
19.2045086088838,-0.323162088448027
19.2264157234216,-0.334040364595661
19.2482556583777,-0.345049134879336
19.2700259882446,-0.356190760842134
19.2917241679054,-0.367467713043775
19.313347525098,-0.378882572174236
19.334893252319,-0.390438030245872
19.356358398123,-0.402136891859284
19.3777398577646,-0.413982075535879
19.3990343631307,-0.425976615107321
19.4202384719033,-0.438123661148925
19.4413485558884,-0.450426482440229
19.4623607884435,-0.462888467431541
19.4832711309271,-0.475513125689938
19.5040753180917,-0.488304089291941
19.5247688423329,-0.50126511412263
19.545346936703,-0.514400081032145
19.5658045565901,-0.527712996790107
19.5861363599576,-0.541207994766154
19.6063366860352,-0.554889335250256
19.6263995323437,-0.568761405309383
19.6463185299345,-0.582828718057012
19.6660869167194,-0.597095911188444
19.6856975087675,-0.611567744607484
19.7051426694427,-0.626249096938094
19.724414276265,-0.641144960677635
19.7435036853845,-0.656260435705684
19.7624016935735,-0.671600720813455
19.7810984976638,-0.687171102863042
19.7995836513924,-0.702976943122631
19.8178460196596,-0.719023660252995
19.8358737302705,-0.735316709342189
19.8536541233066,-0.751861556299585
19.8711736983853,-0.768663646828383
19.8884180601961,-0.785728369099325
19.9053718628756,-0.803061009150698
19.9220187539947,-0.820666697945619
19.9383413191945,-0.838550348933892
19.9543210288218,-0.856716584902249
19.9699381882948,-0.875169652866373
19.9851718943717,-0.893913325778116
20,-0.912950789913091
