0.806813719497912
0.806274510058091
0.805754849744245
0.80525373655391
0.804770568738671
0.804305145867653
0.803857663644708
0.803428702685825
0.803019211542732
0.802630484331708
0.802264133392364
0.801922057458692
0.801606405873484
0.801319539416767
0.801063988348905
0.80084240828944
0.800657534563606
0.80051213565002
0.800408966355735
0.800350721329109
0.800339989497512
0.800379209986467
0.800470630040201
0.800616265421719
0.80081786372423
0.801076870976053
0.80139440186887
0.801771213885353
0.802207685547492
0.802703798952387
0.803259126708355
0.803872823331806
0.80454362111487
0.80526983042583
0.80604934435933
0.806879647611494
0.807757829416667
0.808680600347669
0.809644312750321
0.810644984555556
0.811678326188686
0.812739770275182
0.8138245038257
0.814927502569696
0.816043567096897
0.817167360458773
0.818293446877991
0.819416331212381
0.82053049882107
0.821630455484102
0.8227107670328
0.823766098356423
0.824791251461068
0.825781202269324
0.826731135863797
0.827636479894203
0.828492935886253
0.829296508210978
0.830043530495342
0.830730689278889
0.831355044746749
0.831914048396267
0.832405557522885
0.832827846440325
0.83317961438048
0.833459990049431
0.833668532847444
0.833805230792243
0.833870495216159
0.833865152338405
0.833790431843471
0.833647952625106
0.833439705882128
0.833168035777129
0.832835617891576
0.832445435730658
0.832000755548067
0.831505099774636
0.830962219345043
0.83037606522358
0.829750759433102
0.829090565890685
0.828399861349267
0.827683106736603
0.826944819171486
0.826189544922356
0.825421833555587
0.824646213499955
0.823867169230549
0.823089120249926
0.822316402017057
0.821553248945999
0.820803779566591
0.820071983909372
0.819361713146655
0.818676671491792
0.818020410329469
0.817396324521854
0.8168076508088
0.816257468195636
0.815748700199381
0.815284118804015
0.814866349957704
0.814497880429943
0.814181065834462
0.813918139614534
0.813711222781024
0.813562334190156
0.813473401147395
0.813446270125958
0.813482717393225
0.813584459345328
0.813753162359516
0.81399045198502
0.814297921306059
0.814677138324959
0.815129652228794
0.815656998419431
0.816260702203866
0.816942281059228
0.817703245404451
0.818545097828219
0.819469330740131
0.820477422428989
0.821570831528527
0.822750989906588
0.824019294008788
0.825377094701814
0.826825685674841
0.828366290469978
0.830000048224256
0.83172799821644
0.833551063321963
0.835470032488573
0.837485542353966
0.839598058134783
0.841807853923966
0.844114992540718
0.846519305084152
0.849020370348321
0.851617494262607
0.854309689527581
0.857095655622202
0.859973759363857
0.862942016207894
0.865998072478183
0.869139188724475
0.872362224406052
0.875663624103953
0.879039405466008
0.882485149089633
0.885995990546708
0.889566614752713
0.893191252878328
0.896863681995796
0.900577227644249
0.90432476948776
0.908098750226941
0.911891187909316
0.915693691765395
0.919497481676285
0.923293411354774
0.927071995295184
0.930823439517993
0.934537676103371
0.93820440147364
0.941813118348434
0.945353181258365
0.948813845463606
0.952184319083464
0.955453818202095
0.958611624674591
0.961647146317232
0.964549979126278
0.96730997113189
0.969917287458144
0.972362476127269
0.974636534116652
0.976730973151524
0.978637884694886
0.980350003579769
0.981860769717695
0.983164387311581
0.98425588100165
0.985131148379328
0.985787008316802
0.986221244579007
0.986432644210136
0.986421030218365
0.986187288120105
0.985733385948387
0.98506238737872
0.984178457679407
0.983086862251335
0.981793957584175
0.980307174520998
0.978634993790929
0.976786913838795
0.974773411051147
0.972605892548601
0.970296641784509
0.967858757258635
0.965306084721053
0.962653143305116
0.959915046088339
0.957107415635698
0.954246295130596
0.951348055743841
0.948429300930126
0.945506768374036
0.942597230333274
0.939717393145288
0.936883796674511
0.934112714480977
0.931420055486933
0.928821267906486
0.926331246184161
0.923964241661971
0.921733777661235
0.919652569625498
0.917732450924758
0.915984304869405
0.914418003425291
0.913042353059862
0.911865048083833
0.910892631784368
0.910130465574614
0.909582706311746
0.909252291862013
0.909140934917517
0.909249124996345
0.909576138486067
0.910120056521208
0.910877790418922
0.911845114334376
0.91301670473909
0.914386186272149
0.915946183466515
0.917688377811025
0.919603569573541
0.921681743782427
0.923912139742389
0.92628332344682
0.928783262242226
0.931399401101147
0.934118739867916
0.936927910856587
0.939813256201951
0.942760904392407
0.945756845447038
0.948787004237971
0.951837311502317
0.954893772135028
0.957942530403986
0.960969931780884
0.963962581135018
0.966907397091211
0.969791662406843
0.972603070275552
0.975329766515819
0.977960387650552
0.980484094928327
0.982890604377404
0.985170213019586
0.987313821401892
0.989312952629571
0.991159768103967
0.992847080182993
0.994368361990496
0.995717754603685
0.996890071845297
0.997880802899507
0.998686112958314
0.999302842088592
0.999728502489901
0.99996127429004
1
0.999844177723046
0.999493953185006
0.998950110625109
0.998214062559763
0.997287838406075
0.996174071928525
0.994875987451501
0.993397384763027
0.991742622621387
0.989916600766897
0.987924740336071
0.985772962575025
0.983467665753321
0.98101570018844
0.978424341304695
0.975701260668253
0.972854494961892
0.96989241288857
0.966823680021514
0.963657221649613
0.9604021837
0.957067891853933
0.953663809007019
0.95019949125953
0.946684542656457
0.943128568929372
0.939541130522336
0.93593169521153
0.932309590652301
0.928683957207517
0.925063701426975
0.921457450558815
0.917873508480176
0.914319813435504
0.910803897966862
0.90733285141135
0.903913285326368
0.90055130218409
0.897252467652491
0.89402178675178
0.890863684142671
0.887781988766853
0.884779923020928
0.881860096603408
0.879024505130669
0.876274533572667
0.873610964513233
0.871033991193474
0.868543235250872
0.866137769021404
0.863816142228246
0.861576412838479
0.859416181829489
0.857332631569512
0.855322567482681
0.853382462637975
0.851508504874218
0.849696646049636
0.847942652984888
0.846242159652781
0.84459072015642
0.842983862030063
0.841417139393703
0.839886185493173
0.838386764162368
0.836914819752893
0.835466525088994
0.834038327021778
0.832626989176475
0.831229631509529
0.829843766318561
0.82846733037745
0.827098712900788
0.825736779076571
0.82438088894288
0.823030911423395
0.821687233377503
0.820350763563291
0.819022931455599
0.817705680906211
0.816401458678938
0.815113197938347
0.813844296817042
0.812598592232136
0.811380329166683
0.810194125675764
0.80904493391942
0.807937997565074
0.806878805940237
0.805873045351534
0.804926548018092
0.804045239095648
0.803235082291881
0.802502024593163
0.801851940637654
0.801290577279282
0.800823498891137
0.800456033955188
0.800193223477596
0.800039771755317
0.8
0.800077803299503
0.800276611365787
0.800599353480666
0.801048428008245
0.801625676795211
0.802332364727908
0.803169164658935
0.8041361478564
0.805232780066676
0.806457923217334
0.807809842721598
0.809286220280101
0.810884172010786
0.812600271674355
0.814430578701683
0.816370670671915
0.818415679836464
0.820560333235571
0.822798995911338
0.825125716684771
0.82753427593507
0.83001823479761
0.832570985183177
0.835185800015401
0.837855883085939
0.840574417938048
0.843334615208415
0.846129757884398
0.848953243968662
0.851798626085199
0.854659647609098
0.857530274956631
0.860404725731258
0.863277492484222
0.866143361914403
0.868997429400136
0.871835108824569
0.874652137724833
0.877444577862741
0.880208811379825
0.882941532761325
0.885639736891228
0.88830070353283
0.890921978615715
0.893501352749901
0.896036837420584
0.898526639342021
0.900969133466358
0.903362835152411
0.905706372000556
0.907998455853137
0.910237855445292
0.912423370169326
0.914553805387074
0.916627949689842
0.918644554464981
0.920602316082881
0.922499860968872
0.92433573377205
0.926108388788413
0.92781618473965
0.929457382952532
0.931030148927856
0.932532557233277
0.933962599601861
0.935318196068533
0.936597208930585
0.937797459276514
0.938916745790292
0.939952865506152
0.940903636162457
0.941766919782392
0.942540647094396
0.943222842396325
0.943811648464431
0.944305351111208
0.944702403004842
0.945001446377128
0.94520133426605
0.945301149963353
0.945300224365954
0.945198150962542
0.944994798222676
0.944690319194592
0.944285158159304
0.943780054231779
0.943176041844514
0.942474448094122
0.941676886976991
0.940785250585161
0.939801697377686
0.938728637685375
0.937568716647408
0.936324794816357
0.934999926703132
0.933597337564826
0.932120398765937
0.930572602066498
0.928957533209041
0.9272788451895
0.925540231605056
0.923745400474188
0.921898048920658
0.920001839103802
0.918060375762188
0.916077185716606
0.914055699651469
0.911999236461371
0.909910990412006
0.907794021322285
0.905651247927867
0.903485444535877
0.901299241027155
0.899095126206514
0.896875454444181
0.89464245549353
0.892398247312487
0.890144851659443
0.887884212180144
0.885618214650875
0.883348708996246
0.881077532657948
0.878806534854949
0.87653760124644
0.874272678487318
0.872013798152547
0.869763099502068
0.867522850562237
0.865295467013424
0.86308352839633
0.860889791181779
0.858717198289885
0.856568884694108
0.854448178803259
0.85235859937911
0.85030384781803
0.848287795700954
0.846314467595687
0.844388019177895
0.842512710820608
0.840692876885325
0.838932891029347
0.837237127922261
0.835609921838221
0.83405552265825
0.832578049877116
0.831181445260995
0.829869424844251
0.828645430985139
0.827512585220499
0.826473642667869
0.825530948719658
0.824686398757896
0.823941401589731
0.823296847263606
0.822753079874375
0.822309875903305
0.821966428566881
0.821721338567618
0.821572611552051
0.821517662487044
0.821553327067074
0.821675880163799
0.821881061226664
0.822164106441168
0.822519787351435
0.822942455557511
0.823426093006842
0.823964367315284
0.824550691476994
0.82517828725585
0.825840251494834
0.826529624534765
0.827239459900681
0.827962894393476
0.828693217716361
0.829423940770317
0.830148861769907
0.830862129360105
0.831558301955691
0.832232402576504
0.832879968513469
0.833497095230809
0.834080473988001
0.834627422749548
0.835135910040095
0.83560457149548
0.8360327189554
0.836420342039117
0.836768102240522
0.837077319671571
0.837349952672206
0.837588570589235
0.837796320105012
0.837976885568271
0.838134443843114
0.838273614247359
0.838399404197528
0.838517151214448
0.838632461970386
0.838751149075908
0.838879166312238
0.839022543013148
0.83918731828962
0.839379475771373
0.839604879512317
0.839869211672965
0.840177912552622
0.840536123498587
0.840948633169746
0.841419827578657
0.841953644280608
0.842553531021049
0.843222409095347
0.843962641617709
0.844776006840366
0.845663676610402
0.846626200000563
0.847663492102734
0.848774827928808
0.849958841323901
0.851213528761477
0.852536257859078
0.853923780427054
0.855372249840879
0.856877242510151
0.858433783203915
0.860036373982252
0.861679026477659
0.863355297266201
0.865058326067261
0.866780876511368
0.868515379217618
0.870253976925033
0.871988571425347
0.873710872047747
0.875412445448577
0.877084766460608
0.878719269756894
0.880307402083304
0.881840674811348
0.88331071655895
0.884709325621377
0.886028521947688
0.887260598390204
0.888398170945714
0.889434227697981
0.890362176161883
0.891175888720826
0.891869745841334
0.892438676742527
0.892878197194186
0.893184444115664
0.893354206649797
0.893384953391476
0.893274855460336
0.893022805121303
0.892628429676019
0.892092100372475
0.891414936109867
0.890598801750555
0.889646300891192
0.888560762990127
0.88734622479803
0.886007406092654
0.884549679776261
0.882979036454918
0.881302043681602
0.879525800109228
0.8776578848642
0.875706302514918
0.873679424071861
0.87158592451522
0.869434717401542
0.86723488715141
0.864995619664711
0.862726131947641
0.860435601465297
0.858133095954738
0.855827504445108
0.853527470233187
0.851241326554298
0.848977035669501
0.846742132060537
0.844543670384063
0.842388178786771
0.840281618123462
0.838229347551763
0.836236096900802
0.834305946127826
0.83244231208762
0.830647942745963
0.828924918871702
0.827274663143715
0.825697956510738
0.824194961545225
0.822765252438691
0.821407851196911
0.820121269510313
0.818903555699364
0.817752346067911
0.816664919940395
0.815638257612654
0.814669100411252
0.813754012033671
0.812889440331469
0.812071778700841
0.811297426259805
0.810562846018153
0.809864620284836
0.809199502606852
0.808564465593035
0.807956744044405
