0.878856891645758
0.880383141950483
0.881946726567582
0.883542218519733
0.885163666088083
0.886804638393423
0.888458276993925
0.890117353038567
0.891774329446555
0.893421427520766
0.895050697348275
0.896654091294097
0.898223539855777
0.89975102911694
0.90122867901746
0.90264882164672
0.904004078764478
0.905287437760858
0.906492325282885
0.907612677779091
0.908643008245887
0.909578468498697
0.910414906337
0.911148917024359
0.911777888561843
0.91230004029491
0.912714454459206
0.913021100339018
0.91322085078245
0.91331549088915
0.913307718758734
0.913201138260304
0.913000243855027
0.912710397573918
0.912337798321269
0.911889443740098
0.911373084939006
0.910797174439593
0.910170807759729
0.909503659100128
0.908805911649625
0.908088183068
0.907361446744019
0.906636949460282
0.905926126125432
0.905240512258148
0.904591654925964
0.903991022855374
0.903449916437686
0.902979378357806
0.902590105570411
0.902292363339913
0.902095902047158
0.902009877447094
0.902042775037624
0.902202339170745
0.902495507502911
0.902928351342502
0.903506022408583
0.904232706466922
0.905111584256838
0.906144800066137
0.90733343825149
0.908677507938533
0.910175936070072
0.911826568902615
0.913626181981423
0.915570498552961
0.917654216301648
0.919871042225611
0.922213735394566
0.92467415726242
0.92724332913855
0.929911496355525
0.932668198607974
0.935502345878164
0.938402299309083
0.941355956336261
0.944350839345686
0.947374187087598
0.950413048045229
0.953454374934083
0.956485119491642
0.959492326709677
0.962463227661996
0.965385330089539
0.968246505922495
0.971035074945351
0.97373988384558
0.976350379929716
0.978856678841578
0.981249625675967
0.983520848946793
0.985662806940625
0.987668826064411
0.98953313087882
0.991250865595342
0.99281810690509
0.99423186809908
0.995490094532596
0.996591650578928
0.997536298309219
0.998324668224201
0.998958222449072
0.99943921088369
0.999770620875406
0.999956121050367
1
0.999907100571822
0.999682750556996
0.999332690600575
0.998863000183633
0.998280022539232
0.997590289366133
0.996800446195408
0.995917179245692
0.994947144573074
0.993896900282015
0.992772842514668
0.991581145878477
0.99032770890661
0.989018105073677
0.987657539811396
0.986250813886427
0.984802293416765
0.983315886715088
0.981795028058543
0.980242668395847
0.978661272915572
0.977052825315196
0.97541883853012
0.973760371606387
0.972078052331241
0.970372105172876
0.968642384025297
0.966888409206959
0.965109408123072
0.963304358971554
0.96147203685179
0.959611061623585
0.957719946860995
0.955797149251743
0.953841117807447
0.951850342272368
0.949823400148293
0.947759001789848
0.945656033067253
0.943513595141502
0.94133104094929
0.939108008050883
0.936844447552627
0.934540648875956
0.932197260205738
0.929815304511722
0.92739619109677
0.924941722683791
0.922454098109002
0.919935910741605
0.917390142798674
0.914820155768318
0.912229677193593
0.909622784103859
0.907003883408886
0.904377689593928
0.901749200070987
0.899123668552603
0.896506576819783
0.893903605255217
0.891320602507013
0.888763554637073
0.886238554092277
0.883751768816339
0.881309411796002
0.878917711307629
0.876582882099967
0.874311097716324
0.872108464125375
0.869980994794927
0.867934587307763
0.865975001583984
0.864107839740446
0.862338527585767
0.860672297719302
0.859114174175084
0.85766895852737
0.856341217353494
0.855135270932541
0.854055183045082
0.853104751730087
0.852287500850076
0.851606672314725
0.851065218816262
0.850665796936962
0.850410760499622
0.850302154045675
0.850341706342305
0.850530823839001
0.850870584015015
0.851361728581686
0.852004656526909
0.852799417012765
0.853745702160829
0.854842839782474
0.85608978613309
0.857485118789055
0.859027029764112
0.860713318997222
0.862541388356582
0.864508236314207
0.866610453452001
0.868844218963603
0.871205298316393
0.873689042235019
0.876290387161705
0.879003857339675
0.881823568654491
0.884743234354261
0.887756172753816
0.89085531701052
0.894033227040631
0.897282103625559
0.900593804737252
0.903959864091726
0.90737151191971
0.910819697923854
0.914295116373184
0.917788233267707
0.921289315489481
0.924788461841075
0.928275635858403
0.931740700272209
0.935173452981185
0.938563664389584
0.941901115953212
0.945175639769662
0.948377159041444
0.951495729234057
0.954521579744857
0.957445155892682
0.960257161032335
0.962948598592172
0.96551081382702
0.967935535072469
0.970214914280163
0.972341566607214
0.974308608826251
0.976109696316209
0.977739058387826
0.979191531692367
0.980462591457491
0.981548380290962
0.982445734291254
0.983152206204574
0.983666085370781
0.983986414206426
0.984113000982206
0.984046428664709
0.983788059608768
0.983340035907307
0.982705275230259
0.981887462013206
0.980891033889601
0.979721163297815
0.978383734235408
0.976885314177704
0.975233121225436
0.973434986596352
0.971499312627572
0.969435026508463
0.967251530016896
0.964958645584249
0.962566559065386
0.960085759638115
0.957526977301493
0.954901118482695
0.952219200297243
0.949492284036322
0.946731408476932
0.943947523625148
0.941151425509213
0.938353692637212
0.935564624723422
0.93279418426804
0.930051941546894
0.927347023531277
0.924688067213527
0.922083177762051
0.919539891870909
0.917065146604598
0.914665253969457
0.91234588137012
0.910112038033949
0.907968067409626
0.905917645469319
0.903963784768453
0.902108844044302
0.900354543065729
0.898701982382535
0.897151667565185
0.895703537475114
0.894356996063248
0.893110947160445
0.891963831698909
0.890913666788437
0.889958086066009
0.889094380741479
0.888319540775979
0.887630295652531
0.887023154229904
0.886494443210045
0.88604034379578
0.885656926167781
0.88534018146705
0.885086051030131
0.884890452687742
0.884749304002273
0.884658542384279
0.884614142091588
0.884612128175634
0.88464858749707
0.884719676985509
0.88482162936555
0.884950756612173
0.885103451432568
0.885276187097941
0.88546551596754
0.88566806705778
0.885880543012107
0.886099716822015
0.886322428637016
0.886545582981569
0.886766146670769
0.88698114768457
0.88718767522335
0.8873828811266
0.887563982792326
0.887728267688517
0.887873099500606
0.88799592591141
0.888094287963449
0.888165830908831
0.888208316409918
0.888219635915571
0.888197825003626
0.888141078451032
0.888047765769205
0.887916446924118
0.887745887948597
0.887535076148433
0.887283234604236
0.886989835677266
0.88665461323967
0.886277573367091
0.885859003254296
0.88539947814146
0.884899866069749
0.884361330318906
0.883785329416178
0.883173614644214
0.882528225014879
0.881851479715428
0.881145968072459
0.88041453711686
0.879660276868761
0.878886503494904
0.8780967405211
0.877294698309214
0.87648425203094
0.875669418389235
0.874854331352358
0.874043217175016
0.873240368985909
0.872450121221198
0.87167682417907
0.870924818961878
0.870198413059569
0.869501856811509
0.868839320963797
0.868214875516151
0.867632470026803
0.867095915516149
0.866608868080548
0.866174814297255
0.865797058470402
0.865478711736846
0.865222683019955
0.865031671789573
0.864908162557907
0.864854421014369
0.864872491677871
0.864964196923099
0.865131137218234
0.865374692395674
0.865696023764898
0.866096076867812
0.866575584671958
0.867135070995931
0.867774853964332
0.868495049296527
0.869295573244474
0.870176145009641
0.871136288487608
0.872175333210922
0.873292414386064
0.874486471948484
0.875756248590322
0.877100286748109
0.878516924572018
0.880004290933451
0.881560299563459
0.883182642449928
0.884868782656028
0.886615946755492
0.888421117111004
0.890281024249871
0.892192139615358
0.894150668992031
0.896152546918595
0.89819343241141
0.900268706325678
0.902373470678898
0.904502550252107
0.906650496768741
0.908811595928297
0.910979877542736
0.913149128987639
0.915312912138085
0.917464583911405
0.919597320486028
0.921704145208325
0.923777960138529
0.925811581123424
0.927797776218631
0.929729307218125
0.93159897398425
0.933399661209226
0.935124387180203
0.936766354065472
0.938318999190758
0.939776046732624
0.941131559221964
0.942379988225252
0.943516223555356
0.944535640358
0.945434143424673
0.946208208098273
0.946854917163979
0.947371993154673
0.947757825547217
0.948011492382522
0.948132775907786
0.94812217191263
0.947980892510923
0.947710862205659
0.947314707163896
0.946795737721008
0.946157924226804
0.94540586643879
0.944544756758448
0.943580337693294
0.942518854009098
0.941367000111663
0.940131863264556
0.938820863307108
0.937441689584716
0.936002235840325
0.93451053384117
0.932974686528125
0.931402801476102
0.929802925442916
0.928182980761076
0.92655070429271
0.924913589622693
0.923278833110157
0.921653284354709
0.920043401562236
0.918455212217259
0.916894279385956
0.9153656738876
0.913873952483742
0.912423142145612
0.911016730372359
0.909657661447355
0.908348338438346
0.907090630670888
0.905885886334589
0.904734949819156
0.903638183323003
0.902595492232027
0.901606353730533
0.900669848080671
0.899784691991251
0.898949273491434
0.898161687729429
0.897419773130519
0.896721147372073
0.896063242664906
0.895443339869745
0.894858601023594
0.894306099902577
0.893782850304204
0.893285831791818
0.892812012706089
0.892358370311607
0.891921908009691
0.891499669610398
0.89108875071615
0.89068630732555
0.890289561817667
0.889895806523731
0.889502405133814
0.889106792220328
0.888706471187334
0.888299010974614
0.887882041857853
0.887453250691175
0.887010375935704
0.886551202808071
0.886073558866163
0.885575310326432
0.885054359378358
0.884508642727825
0.883936131563084
0.883334833095364
0.88270279378212
0.882038104295064
0.881338906248736
0.880603400659069
0.87982985805641
0.879016630134381
0.878162162775835
0.877265010260645
0.876323850427807
0.875337500537033
0.874304933553028
0.873225294559398
0.872097916998888
0.870922338432513
0.869698315512092
0.86842583786873
0.867105140633503
0.865736715325873
0.864321318869549
0.862859980524218
0.861354006554162
0.859804982490525
0.858214772882251
0.856585518470658
0.854919630763487
0.853219784025271
0.851488904741244
0.849730158651005
0.847946935484999
0.846142831571065
0.844321630509023
0.842487282138292
0.840643880046129
0.838795637882193
0.836946864758324
0.83510194002071
0.833265287684824
0.831441350821818
0.829634566178606
0.827849339302794
0.826090020428446
0.824360881359625
0.822666093566321
0.821009707682216
0.819395634566336
0.817827628061558
0.816309269552853
0.814843954397481
0.813434880268964
0.812085037426825
0.810797200895578
0.809573924509574
0.808417536755642
0.807330138323252
0.806313601252604
0.805369569554699
0.804499461164396
0.803704471077671
0.802985575517837
0.802343536972313
0.801778909941491
0.801292047244201
0.800883106729956
0.800552058256321
0.800298690800038
0.800122619582676
0.800023293105138
0.8
0.800051875626091
0.800177908345412
0.800376945438344
0.80064769862856
0.800988749204054
0.801398552734824
0.801875443400959
0.802417637956854
0.803023239368042
0.803690240166541
0.804416525578628
0.805199876485644
0.806037972283743
0.806928393712611
0.807868625726044
0.808856060479131
0.809888000507631
0.810961662175125
0.812074179462774
0.813222608175056
0.814403930632849
0.815615060922579
0.81685285076708
0.818114096080089
0.81939554426208
0.820693902290259
0.822005845649937
0.823328028148067
0.824657092642431
0.825989682711483
0.827322455280325
0.828652094207395
0.82997532482419
0.83128892940664
0.832589763541585
0.833874773335137
0.835141013391698
0.836385665473058
0.837606057726641
0.838799684350658
0.839964225542195
0.841097567552276
0.842197822650285
0.843263348779161
0.844292768663115
0.845284988111732
0.846239213248834
0.847154966381949
0.84803210021919
0.848870810135401
0.849671644188971
0.850435510595297
0.851163682372726
0.851857798892315
0.852519864083973
0.853152241078628
0.853757643098868
0.854339120448877
0.854900043498056
0.855444081601095
0.855975177949786
0.856497520407884
0.857015508439023
0.85753371629814
0.858056852718119
0.858589717384303
0.859137154549192
0.859704004196787
0.860295051219666
0.860914973120879
0.861568286796092
0.862259294988196
0.862992033035897
0.863770216558993
0.864597190735405
0.865475881828196
0.866408751614455
0.867397755351864
0.868444303893176
0.869549230523732
0.870712763053115
0.871934501639445
0.8732134027645
0.874547769710506
0.875935249816137
