0.922383376097366
0.923619707785119
0.924813411298148
0.925958265545155
0.927048297772067
0.9280778097825
0.929041401831966
0.929933994166953
0.93075084620976
0.931487573417418
0.932140161867756
0.932704980647249
0.933178792133439
0.933558760279106
0.933842457015937
0.934027866902079
0.934113390140646
0.934097844095216
0.933980463423669
0.933760898943712
0.933439215332544
0.933015887749532
0.932491797455276
0.931868226483227
0.931146851401896
0.930329736187075
0.929419324204984
0.928418429289479
0.927330225879891
0.926158238171307
0.924906328216529
0.923578682909173
0.922179799770518
0.920714471459349
0.919187768924202
0.917605023121346
0.915971805229611
0.91429390530472
0.912577309331071
0.910828174647689
0.909052803747164
0.907257616471321
0.90544912065489
0.90363388129792
0.901818488378696
0.900009523450797
0.898213525200128
0.896436954169576
0.894686156889694
0.892967329682925
0.891286482435547
0.889649402655255
0.888061620152325
0.886528372698203
0.885054573026544
0.883644777547723
0.882303157148344
0.881033470441978
0.879839039826006
0.878722730682073
0.877686934034128
0.876733552948599
0.875863992926023
0.875079156492927
0.874379442157197
0.873764747840309
0.873234478846173
0.872787560369746
0.87242245448984
0.872137181530543
0.871929345615401
0.871796164178886
0.8717345011418
0.871740903402099
0.871811640241188
0.871942745199023
0.87213005993028
0.872369279519219
0.872655998703549
0.872985758438073
0.873354092217898
0.873756571578708
0.874188850198437
0.874646706040601
0.875126081004554
0.875623117581714
0.876134192058938
0.876655943860233
0.877185300674908
0.877719499083513
0.878256100461132
0.878793002009973
0.879328442848216
0.879861005158703
0.880389610477711
0.880913511279526
0.881432278085416
0.881945782394535
0.88245417579808
0.882957865695426
0.883457488080971
0.883953877912075
0.884448037601031
0.884941104196846
0.885434315835346
0.88592897803853
0.886426430436184
0.886928014464715
0.887435042570367
0.887948769407044
0.888470365473623
0.889000893582831
0.88954128849459
0.890092339982311
0.890654679532346
0.891228770805898
0.891814903920698
0.892413193537912
0.89302358066958
0.893645838054614
0.894279578888345
0.894924268632885
0.895579239584242
0.896243707828009
0.89691679217935
0.897597534675371
0.898284922169203
0.898977908565432
0.899675437235833
0.900376463162485
0.901079974372014
0.901785012249198
0.902490690350042
0.903196211372624
0.903900881987845
0.904604125280523
0.905305490603079
0.906004660698251
0.906701456002691
0.907395836098949
0.90808789833803
0.908777873707517
0.90946612007021
0.910153112944466
0.910839434039244
0.911525757793593
0.912212836201496
0.912901482228207
0.91359255214323
0.914286927107846
0.914985494361471
0.915689128351445
0.916398672145096
0.917114919451709
0.917838597565535
0.918570351519854
0.919310729716809
0.920060171268984
0.920818995256908
0.921587392072774
0.922365416984996
0.923152986021671
0.923949874234018
0.924755716364069
0.925570009904841
0.926392120506332
0.927221289647487
0.92805664446311
0.928897209585807
0.929741920836861
0.930589640576463
0.9314391745033
0.932289289676074
0.933138733515242
0.933986253532097
0.934830617524275
0.935670633971678
0.936505172364794
0.937333183198103
0.938153717364794
0.938965944695038
0.93976917138864
0.940562856103655
0.941346624475568
0.942120281856557
0.94288382408124
0.94363744608379
0.944381548211449
0.945116740101013
0.945843842007678
0.946563883499682
0.947278099457155
0.947987923339532
0.948694977712492
0.949401062052607
0.950108137875503
0.950818311261204
0.951533812878209
0.952256975635646
0.952990210120209
0.953735978001394
0.954496763614519
0.955275043955877
0.956073257347914
0.956893771054217
0.957738848144095
0.958610613924362
0.959511022271279
0.960441822208206
0.961404525084147
0.962400372714702
0.963430306849775
0.964494940331587
0.965594530301784
0.966728953807716
0.967897686145097
0.969099782257241
0.970333861489835
0.9715980959749
0.972890202888179
0.974207440790992
0.975546610230671
0.976904058733504
0.978275690280822
0.97965697931305
0.981042989258559
0.982428395534531
0.983807512916425
0.985174327121504
0.986522530401001
0.987845560885457
0.989136645379244
0.990388845254099
0.991595105048108
0.992748303336906
0.993841305408372
0.994867017241453
0.995818440264594
0.99668872634986
0.99747123248593
0.998159574566751
0.998747679733301
0.999229836713526
0.999600743620376
0.999855552689696
0.99998991146855
1
0.999882563592069
0.999634940806141
0.999255086352777
0.998741588640249
0.998093681782167
0.997311251934739
0.996394837900426
0.995345626002251
0.994165439300775
0.99285672129286
0.99142251429679
0.989866432791251
0.98819263203511
0.986405772350052
0.984510979498179
0.982513801630824
0.980420163322579
0.978236317235212
0.975968793979427
0.973624350757921
0.9712099193807
0.968732554243105
0.966199380848397
0.963617545440362
0.960994166287305
0.958336287127553
0.955650833248571
0.952944570627624
0.950224068512258
0.947495665764507
0.944765441234401
0.942039188367035
0.93932239418397
0.936620222715054
0.93393750289187
0.931278720849821
0.928648016523326
0.926049184358652
0.923485677912392
0.92096061805135
0.918476804422364
0.916036729819087
0.913642597037509
0.911296337783598
0.908999633175205
0.906753935366683
0.904560489818631
0.902420357736887
0.900334438214353
0.898303489626187
0.896328149853137
0.894408954938926
0.89254635582507
0.890740732849825
0.888992407746293
0.887301652927476
0.885668697902216
0.884093732724763
0.882576908441135
0.88111833455649
0.879718073608526
0.878376132991305
0.877092454231039
0.875866899969246
0.874699238958364
0.873589129419618
0.872536101151886
0.871539536812745
0.870598652818397
0.869712480327066
0.868879846780651
0.868099358481412
0.867369384674436
0.86668804359237
0.866053190896814
0.865462410920968
0.86491301108119
0.86440201978148
0.863926188085366
0.863481995374808
0.863065659156614
0.86267314911422
0.862300205437612
0.861942361397673
0.861594970064314
0.861253235001521
0.860912244707897
0.86056701050947
0.860212507553401
0.859843718497677
0.859455679443764
0.859043527617226
0.858602550266192
0.858128234219687
0.857616315527816
0.857062828593695
0.856464154203191
0.855817065862832
0.85511877386875
0.854366966549814
0.853559848156022
0.852696172898162
0.851775274686247
0.850797092161587
0.849762188669866
0.848671766879439
0.847527677809391
0.846332424094884
0.845089157381946
0.843801669809325
0.842474379600364
0.841112310852183
0.839721067671988
0.838306802870198
0.836876181476596
0.835436339398235
0.833994837585755
0.832559612117561
0.831138920648718
0.829741285702923
0.828375435311531
0.827050241523047
0.825774657319837
0.824557652486113
0.8234081489726
0.822334956299031
0.821346707525942
0.820451796312554
0.819658315558253
0.818973998101724
0.818406159924628
0.8179616462764
0.817646781103675
0.817467320132606
0.817428407915397
0.817534539114149
0.817789524256157
0.818196460155363
0.818757705155364
0.81947485931026
0.820348749581291
0.821379420089689
0.822566127429792
0.823907341011449
0.825400748367085
0.827043265326798
0.828831050934468
0.830759526949187
0.832823401749462
0.835016698432497
0.837332786877629
0.83976441952152
0.842303770573125
0.844942478378718
0.847671690631436
0.850482112105853
0.853364054586158
0.856307488646521
0.859302096934297
0.862337328600941
0.865402454521767
0.868486622944339
0.871578915206017
0.874668401164403
0.877744193989894
0.880795503977471
0.883811691045098
0.886782315598754
0.889697187459084
0.892546412561834
0.895320437163624
0.89801008930596
0.900606617313629
0.903101725128521
0.90548760430626
0.907756962530594
0.909903048528981
0.911919673301962
0.913801227608432
0.915542695678485
0.917139665154831
0.918588333292556
0.919885509474903
0.921028614129536
0.922015674155162
0.922845314992123
0.923516749492527
0.92402976376538
0.924384700189987
0.924582437806366
0.924624370304658
0.924512381846337
0.924248820958599
0.923836472749492
0.923278529695425
0.922578561254617
0.921740482559974
0.92076852244308
0.919667191037416
0.918441247203953
0.91709566601596
0.915635606532391
0.914066380080851
0.912393419261855
0.910622247876206
0.908758451966798
0.906807652155187
0.904775477441826
0.902667540627093
0.900489415498036
0.898246615913171
0.895944576904639
0.893588637903512
0.891184028179891
0.888735854574676
0.886249091584345
0.883728573843631
0.881178991033703
0.878604885225023
0.876010650644695
0.873400535837562
0.870778648168763
0.868148960592841
0.865515320590995
0.862881461153737
0.860251013661345
0.857627522489265
0.855014461140324
0.852415249680609
0.849833273231594
0.847271901247822
0.844734507287852
0.842224488966548
0.839745287759717
0.837300408318082
0.834893436937109
0.832528058822661
0.830208073790503
0.827937410040403
0.825720135653626
0.823560467476019
0.821462777067949
0.819431593427165
0.817471602221142
0.815587641301581
0.813784692315243
0.812067868271811
0.810442396980609
0.808913600323155
0.807486869387017
0.806167635547553
0.804961337646914
0.803873385483323
0.802909119887066
0.802073769721812
0.801372406209799
0.800809895035927
0.800390846737951
0.800119565936632
0.8
0.800035687768926
0.800229708996107
0.800584635166848
0.801102482376945
0.801784666940264
0.802631964386036
0.803644472483263
0.804821578897228
0.806161934041018
0.80766342963381
0.809323183417881
0.81113753041883
0.813102021059074
0.815211426354483
0.817459750339135
0.819840249774861
0.822345461111843
0.824967234575362
0.827696775163284
0.830524690250391
0.833441043410534
0.83643541398716
0.839496961868218
0.842614496853938
0.845776551946458
0.848971459839695
0.852187431846827
0.855412638471934
0.858635290812012
0.861843721966047
0.865026467629047
0.868172345060767
0.871270529641068
0.87431062825584
0.877282748798708
0.880177565123424
0.882986376839224
0.885701163405359
0.888314632050615
0.89082025911765
0.893212324509414
0.895485938994499
0.897637064208945
0.899662525272572
0.9015600160174
0.90332809690293
0.904966185767279
0.90647454163334
0.907854241854653
0.90910715294582
0.910235895496558
0.91124380361642
0.912134879398548
0.912913742925361
0.913585578366671
0.914156076741515
0.914631375928944
0.915017998520458
0.915322788107889
0.915552844595738
0.915715459116577
0.915818049112629
0.915868094126497
0.915873072819677
0.915840401709488
0.915777376083923
0.915691113520038
0.915588500395511
0.915476141745199
0.915360314775499
0.91524692630933
0.915141474394147
0.915049014264782
0.914974128812479
0.914920903671525
0.914892906995661
0.914893173958145
0.914924195972264
0.914987914593351
0.91508572002915
0.915218454152905
0.915386417882823
0.915589382762916
0.915826606553548
0.916096852615594
0.916398412849938
0.916729133934237
0.917086446581509
0.917467397530226
0.917868683963283
0.918286690043445
0.918717525245734
0.919157064162655
0.919600987456154
0.920044823630728
0.920483991305074
0.920913841665015
0.92132970078798
0.921726911539041
0.922100874750068
0.922447089406974
0.922761191584932
0.923038991887696
0.923276511164536
0.923470014296547
0.92361604186294
0.923711439517222
0.923753384922612
0.923739412115417
0.923667433184271
0.923535757171835
0.92334310612372
0.923088628226825
0.922771907995924
0.922392973483128
0.921952300499739
0.921450813854024
0.920889885621644
0.920271330477814
0.919597398132064
0.918870762917538
0.918094510597542
0.917272122462439
0.916407456800242
0.915504727834554
0.914568482233843
0.913603573306729
0.912615133008884
0.911608541898609
0.910589397189943
0.909563479064496
0.908536715415895
0.907515145213781
0.906504880687523
0.905512068543103
0.904542850439716
0.903603322965329
0.902699497362419
0.901837259266121
0.901022328726709
0.900260220796382
0.899556206966413
0.89891527774454
0.898342106663685
0.897841016011459
0.89741594456518
0.897070417609141
0.896807519499428
0.896629869026706
0.896539597808957
0.89653833192438
0.896627176969483
0.896806706699235
0.897076955375102
0.897437413913371
0.897887029890603
0.898424211426046
0.899046834922674
0.899752256609922
0.900537327792664
0.901398413673151
0.902331415576105
0.90333179637253
0.904394608865648
0.905514526873188
0.9066858787146
0.907902682790044
0.909158684920492
0.910447397105438
0.91176213734657
0.913096070182482
0.914442247581196
0.915793649843667
0.917143226182597
0.918483934656343
0.919808781157258
