0.154661638354933
0.15440848650685
0.154165264700734
0.153933229899599
0.153713624221208
0.153507665971778
0.153316540986406
0.153141394352104
0.152983322583981
0.152843366319042
0.152722503585362
0.152621643697181
0.152541621818801
0.152483194232141
0.152447034334572
0.152433729385271
0.152443778009866
0.152477588464842
0.152535477654928
0.152617670888781
0.152724302350682
0.15285541625882
0.153010968674083
0.153190829917263
0.153394787547149
0.153622549847281
0.153873749765211
0.154147949244901
0.154444643890515
0.154763267898317
0.15510319919258
0.155463764701519
0.155844245710032
0.15624388322768
0.156661883312604
0.157097422295104
0.157549651848186
0.158017703856561
0.15850069504027
0.158997731294172
0.159507911710002
0.160030332253417
0.160564089074341
0.161108281434998
0.16166201424601
0.162224400207009
0.162794561554083
0.163371631422057
0.163954754835078
0.164543089344046
0.16513580533417
0.165732086030216
0.166331127230778
0.166932136806228
0.167534333997689
0.168136948556548
0.168739219765581
0.169340395383743
0.169939730557047
0.170536486737756
0.171129930653353
0.171719333365416
0.172303969456716
0.172883116382558
0.173456054019621
0.174022064442414
0.174580431954009
0.175130443393906
0.17567138874185
0.176202562032247
0.176723262589437
0.177232796589653
0.177730478951037
0.178215635548623
0.17868760574679
0.179145745237439
0.179589429167958
0.180018055539121
0.180431048849292
0.180827863957798
0.181207990137107
0.181570955280434
0.18191633022878
0.182243733178973
0.182552834132274
0.182843359341321
0.183115095711769
0.183367895113857
0.183601678558317
0.183816440190551
0.184012251056755
0.184189262595827
0.184347709811214
0.184487914077576
0.184610285538092
0.184715325049479
0.184803625633362
0.184875873394433
0.184932847867996
0.18497542176193
0.185004560060819
0.185021318463099
0.185026841125435
0.18502235769227
0.185009179592552
0.184988695590046
0.184962366578402
0.184931719617211
0.184898341210777
0.184863869837012
0.184829987740007
0.184798412006155
0.184770884950312
0.184749163845353
0.18473501003547
0.184730177480712
0.184736400787472
0.184755382786836
0.184788781729826
0.184838198175563
0.184905161655101
0.184991117200086
0.185097411831372
0.185225281108211
0.185375835843443
0.185550049094286
0.18574874354163
0.185972579373223
0.186222042787563
0.186497435235772
0.186798863518033
0.187126230849304
0.187479229005973
0.187857331660815
0.188259789008036
0.188685623773416
0.189133628696476
0.189602365562374
0.190090165850832
0.190595133057905
0.191115146733914
0.191647868267513
0.192190748431631
0.192741036692262
0.193295792265667
0.1938518968939
0.194406069292589
0.194954881208982
0.195494775012437
0.196022082724021
0.196533046376834
0.197023839584363
0.197490590180559
0.197929403782865
0.19833638811798
0.198707677940066
0.199039460362442
0.199328000416662
0.199569666647402
0.199760956547831
0.199898521638143
0.199979191989831
0.2
0.199958203223588
0.199851306076839
0.199677080232574
0.199433583536838
0.199119177287132
0.198732541724676
0.198272689606864
0.197738977741048
0.197131116377007
0.196449176372669
0.195693594065688
0.194865173802248
0.193965088093635
0.192994875390647
0.191956435485505
0.190852022570406
0.189684236001075
0.188456008832407
0.187170594211298
0.185831549729039
0.184442719851774
0.183008216562624
0.181532398362775
0.180019847791136
0.178475347632936
0.176903855996744
0.175310480446806
0.173700451383236
0.172079094866411
0.170451805083948
0.168824016658786
0.167201176995286
0.165588718856841
0.163992033363374
0.162416443590358
0.160867178942673
0.159349350466856
0.15786792725427
0.156427714075404
0.155033330372252
0.153689190721498
0.152399486866316
0.151168171399081
0.149998943161434
0.148895234411997
0.147860199795905
0.146896707134281
0.146007330036047
0.14519434231915
0.144459714213625
0.143805110304977
0.143231889163275
0.142741104591358
0.142333508414567
0.142009554724698
0.141769405482417
0.14161293737524
0.141539749822472
0.141549174014129
0.14164028286798
0.141811901787303
0.142062620101815
0.142390803075419
0.14279460436686
0.143271978833029
0.143820695569385
0.144438351087737
0.145122382538229
0.145870080889776
0.146678603991226
0.147544989444029
0.148466167226081
0.14943897201548
0.15046015517211
0.151526396344029
0.152634314674552
0.153780479594435
0.154961421191717
0.156173640159247
0.157413617326851
0.158677822791178
0.159962724661564
0.161264797444684
0.162580530094216
0.163906433754291
0.165239049227083
0.166574954195468
0.167910770231397
0.169243169619365
0.170568882022314
0.17188470101443
0.173187490501753
0.174474191047315
0.175741826112869
0.176987508224118
0.178208445060988
0.17940194546888
0.180565425381198
0.18169641363783
0.182792557678854
0.183851629087581
0.184871528952277
0.185850293011664
0.18678609654556
0.187677258969036
0.188522248086093
0.189319683957382
0.190068342335732
0.190767157623414
0.191415225306035
0.192011803819824
0.192556315811729
0.193048348755284
0.193487654889403
0.193874150452269
0.194207914188065
0.194489185110447
0.194718359513304
0.194895987226337
0.195022767120261
0.195099541873903
0.195127292022939
0.195107129317495
0.195040289423131
0.194928124006763
0.194772092255799
0.194573751884954
0.194334749690958
0.194056811720436
0.193741733120653
0.193391367746484
0.193007617599867
0.192592422180043
0.192147747824147
0.191675577118033
0.191177898456813
0.190656695833179
0.190113938929538
0.189551573586989
0.188971512720558
0.188375627745741
0.187765740576418
0.187143616248647
0.186510956218804
0.185869392378038
0.185220481818205
0.184565702377332
0.183906448985358
0.183244030823517
0.182579669303248
0.181914496863122
0.181249556574939
0.180585802543037
0.179924101073909
0.179265232586627
0.178609894228282
0.177958703152769
0.177312200415759
0.176670855433761
0.176035070950611
0.175405188450832
0.174781493955812
0.174164224135946
0.173553572669566
0.172949696777777
0.172352723863249
0.171762758180424
0.171179887464736
0.170604189449053
0.170035738196816
0.169474610183148
0.168920890057596
0.1683746760251
0.167836084785232
0.167305255973761
0.166782356055058
0.166267581618842
0.165761162040168
0.165263361467395
0.164774480109113
0.16429485479759
0.163824858813173
0.16336490096129
0.162915423901059
0.162476901732078
0.162049836853653
0.161634756118432
0.161232206310138
0.1608427489827
0.160466954705562
0.160105396767189
0.159758644395702
0.159427255562139
0.159111769437879
0.158812698583345
0.158530520949955
0.158265671781569
0.15801853550508
0.157789437702473
0.15757863725838
0.157386318778006
0.157212585370108
0.157057451888559
0.156920838723817
0.156802566232394
0.156702349888145
0.156619796233915
0.156554399705811
0.156505540395132
0.156472482804893
0.156454375648926
0.156450252731865
0.156459034937995
0.156479533346048
0.15651045347572
0.156550400660037
0.156597886525889
0.156651336553135
0.156709098670917
0.156769452838221
0.156830621544475
0.156890781155274
0.156948074018189
0.157000621234241
0.157046535992165
0.157083937355036
0.157110964382418
0.157125790465893
0.157126637751808
0.157111791522316
0.157079614404357
0.157028560276176
0.156957187742287
0.156864173050415
0.156748322327998
0.156608583021069
0.156444054424878
0.156253997203297
0.156037841802784
0.15579519567644
0.155525849244254
0.155229780526986
0.154907158403096
0.154558344450534
0.154183893348008
0.153784551823291
0.153361256149202
0.152915128200775
0.152447470099939
0.151959757486316
0.151453631464706
0.150930889291055
0.150393473869321
0.149843462141407
0.149283052461187
0.148714551051586
0.148140357650511
0.147562950457253
0.146984870495613
0.146408705513597
0.145837073541868
0.14527260623444
0.144717932115227
0.144175659853101
0.143648361686147
0.143138557112792
0.142648696963576
0.142181147962538
0.141738177881635
0.141321941385302
0.140934466655387
0.140577642879217
0.140253208675709
0.13996274152616
0.139707648267866
0.139489156700031
0.139308308342634
0.139165952380158
0.13906274081332
0.138999124833377
0.138975352425158
0.138991467196866
0.13904730842682
0.139142512309879
0.139276514379162
0.139448553072067
0.13965767440333
0.139902737702173
0.140182422365277
0.140495235572589
0.140839520908621
0.141213467828128
0.1416151219017
0.142042395773903
0.142493080764203
0.142964859038885
0.143455316280582
0.143961954780836
0.14448220688029
0.145013448680595
0.145553013952015
0.146098208160831
0.146646322541133
0.147194648136313
0.147740489736588
0.148281179640131
0.148814091166906
0.149336651856054
0.149846356279634
0.150340778407772
0.150817583462683
0.151274539201729
0.151709526572549
0.152120549686485
0.152505745059841
0.152863390076177
0.153191910626652
0.153489887889548
0.153756064214394
0.153989348080722
0.154188818106212
0.154353726084044
0.154483499034449
0.154577740260877
0.154636229406756
0.154658921514558
0.154645945094714
0.154597599217883
0.154514349650021
0.154396824055769
0.154245806301599
0.15406222989612
0.153847170610707
0.15360183832927
0.15332756818138
0.153025811018121
0.152698123294856
0.152346156429547
0.151971645709293
0.151576398821322
0.151162284087687
0.150731218485425
0.150285155535803
0.149826073147528
0.149355961499417
0.148876811047898
0.148390600743982
0.147899286542819
0.147404790286787
0.146908989040171
0.146413704949913
0.145920695702677
0.145431645643603
0.144948157616641
0.14447174558035
0.144003828046473
0.143545722381644
0.143098640005189
0.14266368250826
0.142241838711625
0.141833982671249
0.141440872632588
0.141063150926247
0.140701344789419
0.140355868089458
0.140027023918068
0.139715008016998
0.139419912988931
0.139141733240463
0.138880370597802
0.138635640530097
0.138407278910223
0.138194949238432
0.13799825025059
0.137816723829777
0.137649863137882
0.137497120882483
0.137357917633786
0.137231650106722
0.13711769932443
0.137015438581346
0.136924241126867
0.136843487494116
0.136772572402621
0.136710911168725
0.136657945563173
0.136613149061582
0.1365760314403
0.136546142677393
0.136523076126183
0.136506470936745
0.136496013708995
0.136491439369416
0.136492531271919
0.136499120531834
0.136511084610367
0.136528345175074
0.136550865269807
0.136578645835171
0.136611721627645
0.136650156592178
0.136694038749081
0.136743474661452
0.136798583554041
0.136859491158377
0.136926323362089
0.136999199742585
0.13707822706666
0.137163492838049
0.137255058974507
0.137352955694674
0.137457175692733
0.13756766867573
0.137684336334489
0.137807027814276
0.137935535745827
0.138069592891171
0.138208869451802
0.138352971079397
0.138501437621403
0.138653742625613
0.138809293619329
0.138967433170032
0.139127440725732
0.139288535224413
0.139449878453408
0.139610579131117
0.139769697675477
0.139926251615931
0.140079221598512
0.140227557927167
0.140370187578556
0.140506021622419
0.140633962975315
0.140752914411975
0.140861786755913
0.140959507169179
0.141045027460322
0.141117332329654
0.141175447471927
0.141218447458312
0.141245463322262
0.141255689777296
0.141248391998935
0.141222911907876
0.141178673897015
0.141115189950883
0.141032064112556
0.140928996259912
0.140805785160221
0.14066233077931
0.140498635828996
0.140314806543827
0.140111052685553
0.139887686780913
0.139645122605306
0.139383872931559
0.139104546569354
0.138807844726746
0.138494556730665
0.138165555148237
0.137821790355163
0.13746428460127
0.13709412562663
0.136712459884359
0.13632048542836
0.135919444525846
0.135510616055494
0.135095307752592
0.134674848362478
0.134250579763135
0.133823849116771
0.133396001108916
0.132968370331772
0.132542273866464
0.132119004116441
0.131699821941562
0.131285950139496
0.130878567317891
0.130478802197463
0.130087728382618
0.129706359632649
0.129335645662735
0.128976468500179
0.12862963941735
0.128295896458804
0.12797590257598
0.127670244378752
0.127379431508944
0.127103896636685
0.126843996076279
0.126600011013951
0.126372149335577
0.126160548038217
0.125965276204973
0.12578633851848
0.125623679284079
0.125477186929641
0.125346698944922
0.125232007219429
0.125132863734012
0.125048986557817
0.124980066098919
0.124925771553858
0.124885757498596
0.124859670561003
0.124847156113012
0.12484786491909
0.124861459676591
0.124887621383149
0.124926055466268
0.12497649761103
0.125038719223135
0.125112532466453
0.12519779481696
0.125294413078202
0.125402346807451
0.125521611106351
0.12565227873513
0.125794481515351
0.125948410992583
0.126114318337352
0.126292513470121
0.126483363403777
0.126687289805226
0.126904765785911
0.127136311939485
0.127382491653277
0.127643905728477
0.127921186352142
0.128214990471922
0.128525992631868
0.128854877334603
0.129202331001497
0.129569033608111
0.129955650077051
0.130362821514408
0.130791156379019
0.131241221675942
0.131713534266601
0.132208552388151
0.132726667473555
0.133268196361826
0.133833373984727
0.134422346612081
0.135035165732697
0.135671782641841
0.136332043799268
0.137015687014118
0.137722338504576
0.13845151087125
0.139202602013729
0.139974895010027
0.140767558968527
0.14157965085192
0.142410118262489
0.143257803168061
0.144121446538263
0.144999693851317
0.145891101422754
0.14679414349919
0.147707220052686
0.148628665204445
0.149556756200648
0.150489722858184
0.151425757393962
0.152363024548395
0.15329967191159
0.154233840359709
0.155163674508941
0.156087333095452
0.157002999191613
0.157908890171604
0.15880326734319
0.159684445166912
0.160550799989133
0.161400778221214
0.162232903903443
0.1630457855992
0.163838122572035
0.164608710205811
0.165356444635738
0.166080326565852
0.166779464256277
0.167453075671249
0.168100489786405
0.168721147061118
0.169314599088642
0.169880507443425
0.170418641751211
0.170928877013265
0.171411190221397
0.171865656305171
0.172292443457012
0.172691807884571
0.173064088042944
0.173409698401935
0.173729122805722
0.174022907483848
0.1742916537736
0.174536010614481
0.174756666875676
0.174954343577184
0.175129786064705
0.175283756197359
0.175417024606035
0.175530363078544
0.175624537125827
0.175700298781359
0.175758379683434
0.175799484487483
0.175824284652698
0.175833412644325
0.175827456589786
0.175806955423531
0.175772394552071
0.175724202067076
0.175662745530757
0.17558832935394
0.175501192783378
0.175401508510845
0.175289381912542
0.175164850923203
0.175027886545141
0.174878393988305
0.17471621443317
0.174541127404153
0.174352853737018
0.174151059119677
0.173935358181754
0.173705319104344
0.173460468717679
0.17320029805076
0.172924268293655
0.172631817130004
0.172322365394352
0.171995324006385
0.171650101131837
0.171286109517953
0.170902773949833
0.170499538772883
0.170075875425839
0.169631289928571
0.169165330269009
0.168677593634128
0.168167733430948
0.167635466044995
0.167080577285535
0.166502928469207
0.165902462096354
0.16527920707741
0.16463328347007
0.163964906691648
0.163274391174964
0.162562153440262
0.161828714560003
0.161074701997828
0.160300850807586
0.159508004182899
0.158697113352371
0.157869236820109
0.157025538955714
0.15616728794228
0.155295853095114
0.154412701567944
0.153519394467153
0.152617582398103
0.151709000470932
0.150795462796143
0.149878856503012
0.1489611353162
0.148044312728029
0.147130454805583
0.14622167267326
0.145320114712493
0.144427958521181
0.143547402675921
0.142680658340381
0.14182994076318
0.140997460708411
0.140185415861524
0.139395982252636
0.138631305738539
0.137893493583729
0.137184606179654
0.136506648940198
0.135861564410053
0.135251224621286
0.134677423731865
0.134141870978392
0.133646183973695
0.133191882378252
0.132780381972741
0.132412989157253
0.132090895900944
0.131815175164026
0.13158677681217
0.131406524041428
0.131275110329793
0.131193096929495
0.131160910911969
0.13117884377527
0.131247050621403
0.131365549908712
0.131534223781975
0.13175281898036
0.132020948320715
0.132338092750998
0.132703603965798
0.133116707573049
0.133576506798076
0.134081986708106
0.134632018937331
0.135225366889554
0.135860691392361
0.136536556773736
0.13725143732904
0.13800372414334
0.138791732231302
0.139613707954175
0.140467836670899
0.141352250578136
0.142265036691934
0.143204244922033
0.144167896188369
0.145153990528238
0.146160515141888
0.147185452324006
0.148226787228676
0.149282515416003
0.150350650129631
0.151429229255926
0.152516321917629
0.153610034657305
0.154708517168927
0.155809967539406
0.156912636965845
0.158014833918654
0.15911492772545
0.160211351555825
0.161302604792531
0.162387254780354
0.163463937949938
0.16453136031992
0.16558829738693
0.166633593419246
0.167666160176073
0.168684975080434
0.169689078879539
0.170677572832037
0.171649615466793
0.172604418962609
0.173541245202618
0.174459401560828
0.175358236481397
0.176237134913706
0.177095513668026
0.177932816757563
0.178748510792896
0.17954208049421
0.180313024385388
0.181060850731776
0.181785073780511
0.182485210358533
0.183160776878965
0.183811286801363
0.184436248585623
0.185035164172969
0.185607528020668
0.186152826709911
0.186670539138795
0.187160137304619
0.187621087671875
0.188052853114483
0.188454895413038
0.188826678280336
0.189167670881129
0.189477351805253
0.18975521344687
0.190000766736801
0.190213546169757
0.190393115063934
0.190539070986749
0.190651051277794
0.190728738598137
0.190771866434174
0.190780224484105
0.190753663856035
0.190692102008428
0.190595527366314
0.19046400355015
0.190297673158566
0.190096761051226
0.18986157708382
0.189592518253449
0.18929007021953
0.188954808172562
0.18858739703062
0.188188590951242
0.187759232154194
0.187300249058491
0.186812653744821
0.186297538762069
0.185756073303914
0.185189498788366
0.184599123879467
0.183986318996286
0.1833525103595
0.182699173630455
0.182027827201362
0.181340025198358
0.180637350261378
0.179921406166255
0.179193810355021
0.178456186440248
0.177710156748233
0.176957334964099
0.1761993189394
0.175437683719663
0.174673974845515
0.173909701976695
0.173146332883448
0.172385287844495
0.171627934485256
0.170875583084085
0.170129482368323
0.169390815815816
0.168660698471471
0.167940174282353
0.167230213948941
0.166531713284524
0.165845492069309
0.165172293380865
0.164512783377869
0.163867551510089
0.163237111123855
0.16262190042928
0.162022283792976
0.161438553318144
0.160870930672642
0.16031956912497
0.159784555748037
0.159265913751103
0.158763604901402
0.158277531998538
0.157807541366919
0.157353425334066
0.156914924665642
0.156491730931421
0.156083488780073
0.155689798104581
0.155310216084199
0.154944259093072
0.154591404469942
0.154251092147615
0.15392272614508
0.153605675929231
0.153299277657017
0.153002835312472
0.152715621756415
0.152436879709548
0.152165822692308
0.151901635946936
0.151643477368933
0.15139047847627
0.151141745445385
0.150896360243199
0.150653381883984
0.150411847839058
0.150170775625865
0.149929164601088
0.149685997980061
0.149440245101908
0.149190863956565
0.148936803986222
0.148677009169741
0.148410421394349
0.148135984114442
0.147852646292664
0.147559366613673
0.147255117956195
0.146938892104172
0.146609704673104
0.146266600223121
0.145908657525959
0.145534994948962
0.145144775915457
0.144737214397523
0.144311580394253
0.143867205346194
0.14340348743479
0.142919896714297
0.142415980023014
0.141891365620511
0.141345767498183
0.140778989311621
0.1401909278852
0.139581576241794
0.138951026113673
0.138299469894391
0.137627201995828
0.136934619579359
0.13622222263554
0.135490613392406
0.134740495038696
0.133972669754718
0.133188036050269
0.13238758541589
0.131572398300579
0.130743639436075
0.129902552534545
0.129050454393223
0.128188728445855
0.127318817806882
0.126442217859864
0.125560468446806
0.124675145719546
0.123787853718328
0.122900215745902
0.122013865607989
0.121130438792709
0.120251563662487
0.119378852732064
0.118513894105557
0.117658243143941
0.116813414432015
0.115980874110746
0.115162032637059
0.11435823802848
0.113570769644889
0.112800832553748
0.112049552518912
0.111317971646335
0.110607044712911
0.109917636197371
0.10925051802464
0.108606368027567
0.107985769122429
0.107389209187304
0.106817081625314
0.106269686588012
0.105747232827887
0.105249840143166
0.104777542372899
0.10433029089578
0.103907958582323
0.10351034414694
0.103137176844208
0.102788121452113
0.102462783484444
0.102160714574652
0.101881417974469
0.101624354112283
0.101388946158753
0.101174585550231
0.100980637424299
0.100806445925975
0.100651339347827
0.100514635072309
0.100395644289907
0.100293676472193
0.100208043584388
0.100138064027526
0.100083066305672
0.100042392418735
0.10001540098619
0.100001470111392
0.1
0.100010415349343
0.10003216752823
0.1000647365687
0.100107632992531
0.100160399495911
0.100222612515543
0.1002938836986
0.100373861297415
0.100462231507599
0.100558719765457
0.100663092017258
0.100775155969069
0.100894762321688
0.101021805990672
0.10115622730681
0.101298013187551
0.101447198265153
0.10160386595266
0.101768149424381
0.101940232483484
0.102120350285641
0.102308789884602
0.102505890563022
0.102712043910137
0.102927693606807
0.103153334878277
0.103389513575614
0.103636824848314
0.103895911373008
0.104167461106438
0.104452204535062
0.104750911398594
0.105064386870505
0.105393467184951
0.105739014706589
0.106101912447329
0.106483058041968
0.106883357202927
0.107303716682708
0.107745036781114
0.10820820344263
0.108694079997468
0.109203498607523
0.109737251485711
0.110296081963804
0.110880675489713
0.111491650640207
0.1121295502391
0.112794832673945
0.113487863506193
0.114208907470461
0.114958120958113
0.115735545078578
0.116541099388888
0.117374576377723
0.118235636784816
0.119123805830044
0.120038470418868
0.120978877382152
0.12194413279881
0.122933202439379
0.123944913357587
0.124977956645373
0.12603089135485
0.127102149578468
0.128190042666247
0.129292768546708
0.130408420106004
0.131534994568059
0.132670403807286
0.13381248551491
0.134959015130157
0.136107718438681
0.137256284732818
0.13840238042151
0.139543662972265
0.140677795063333
0.14180245882135
0.142915370018256
0.144014292101153
0.145097049930038
0.146161543101026
0.147205758736655
0.148227783630153
0.149225815637053
0.150198174215189
0.151143310022814
0.152059813494197
0.152946422322515
0.153802027791019
0.154625679905117
0.155416591290187
0.15617413983227
0.156897870051342
0.157587493209331
0.158242886167385
0.158864089018891
0.159451301536328
0.160004878481027
0.160525323835206
0.161013284025175
0.16146954021317
0.161894999742939
0.162290686830725
0.162657732598772
0.162997364552749
0.163310895607631
0.163599712768455
0.163865265573137
0.16410905440406
0.164332618773581
0.164537525685898
0.164725358174055
0.164897704106131
0.165056145349148
0.165202247372872
0.165337549368647
0.165463554950782
0.165581723499927
0.165693462199405
0.165800118806787
0.165902975194142
0.166003241681565
0.16610205217982
0.16620046014936
0.166299435374754
0.16639986154562
0.166502534627782
0.166608162001481
0.166717362337198
0.166830666174017
0.166948517160526
0.167071273914064
0.16719921245061
0.167332529134903
0.167471344098369
0.167615705071136
0.167765591573831
0.167920919414893
0.168081545439788
0.168247272479746
0.168417854449304
0.168593001544133
0.168772385493078
0.168955644821203
0.169142390083626
0.169332209033191
0.169524671688267
0.169719335270378
0.169915748984641
0.170113458619268
0.17031201094352
0.170510957886452
0.170709860481596
0.170908292565253
0.171105844218397
0.171302124944259
0.171496766575452
0.171689425906066
0.171879787045473
0.172067563491646
0.1722524999227
0.172434373706015
0.172612996124877
0.172788213322941
0.172959906967175
0.173127994630167
0.173292429892942
0.173453202169639
0.173610336255702
0.173763891601541
0.173913961314072
0.174060670889046
0.174204176677723
0.17434466409226
0.174482345555045
0.17461745819832
0.174750261321587
0.174881033615634
0.175010070163433
0.175137679229711
0.175264178852586
0.175389893252323
0.175515149073964
0.175640271482261
0.17576558012902
0.175891385014557
0.176017982266497
0.176145649860572
0.176274643309328
0.176405191345787
0.176537491630062
0.176671706507624
0.176807958848504
0.176946327996972
0.177086845861364
0.177229493173532
0.177374195947035
0.177520822162565
0.177669178708281
0.177819008601646
0.177969988518161
0.178121726650912
0.178273760923285
0.178425557575421
0.178576510143123
0.178725938845919
0.178873090398867
0.179017138260564
0.179157183327538
0.179292255082947
0.179421313205196
0.179543249639762
0.179656891135151
0.179761002241642
0.179854288769075
0.179935401697707
0.180002941533822
0.180055463099561
0.180091480744167
0.180109473961657
0.180107893397734
0.180085167226611
0.18003970787626
0.179969919078535
0.179874203218521
0.17975096895542
0.179598639085306
0.179415658614096
0.179200503007192
0.178951686580392
0.178667770994909
0.17834737381763
0.177989177106161
0.177591935976769
0.177154487111945
0.176675757163216
0.176154771003762
0.175590659784688
0.174982668748173
0.174330164750436
0.173632643447397
0.172889736096142
0.172101215925857
0.17126700403273
0.170387174754559
0.169461960482283
0.168491755867616
0.167477121388137
0.166418786233855
0.165317650482169
0.164174786531447
0.162991439767076
0.161769028437723
0.160509142723781
0.159213542984427
0.157884157174392
0.156523077426462
0.155132555800717
0.153714999206724
0.152272963510065
0.15080914683988
0.149326382119311
0.147827628845901
0.146315964154074
0.144794573196688
0.143266738887387
0.14173583104987
0.140205295024404
0.1386786397857
0.137159425629753
0.135651251490309
0.134157741948286
0.132682533999655
0.131229263649042
0.129801552397557
0.128402993694136
0.127037139419936
0.125707486475128
0.124417463536698
0.123170418054715
0.121969603552829
0.120818167296721
0.119719138391667
0.118675416367485
0.117689760305858
0.116764778561392
0.115902919123889
0.115106460665092
0.114377504308812
0.11371796615871
0.113129570613313
0.112613844492981
0.112172111998662
0.111805490517315
0.111514887283992
0.111300996905684
0.111164299747261
0.111105061175152
0.111123331649925
0.111218947654548
0.111391533441
0.111640503573974
0.111965066246754
0.112364227340959
0.11283679519869
0.113381386072847
0.113996430218789
0.114680178588348
0.115430710085263
0.11624593933951
0.117123624956749
0.118061378198075
0.119056672044651
0.120106850601355
0.121209138793541
0.122360652311113
0.123558407754628
0.124799332938757
0.126080277309367
0.12739802243163
0.128749292507834
0.130130764885108
0.131539080514904
0.132970854327865
0.134422685489623
0.135891167505076
0.137372898140775
0.138864489137192
0.140362575684812
0.141863825640222
0.143364948460519
0.144862703836581
0.146353910007868
0.147835451743499
0.149304287976392
0.150757459079168
0.152192093772349
0.153605415657124
0.154994749366523
0.156357526330325
0.15769129015035
0.158993701583936
0.160262543134454
0.161495723248578
0.162691280120719
0.163847385105637
0.164962345740625
0.16603460837894
0.167062760436315
0.168045532252371
0.168981798568675
0.169870579624998
0.170711041875042
0.171502498322595
0.172244408478689
0.172936377939954
0.17357815758796
0.174169642409005
0.174710869933472
0.175202018293655
0.175643403898809
0.176035478726186
0.176378827226902
0.176674162845831
0.176922324155129
0.177124270601738
0.17728107787004
0.177393932861997
0.177464128298422
0.177493056946632
0.177482205481532
0.177433147989244
0.177347539124647
0.177227106936708
0.177073645378104
0.176889006518539
0.176675092484097
0.176433847148079
0.176167247601963
0.175877295438303
0.175566007880614
0.175235408798414
0.17488751964868
0.174524350387855
0.174147890401267
0.173760099499285
0.173362899031698
0.172958163173627
0.172547710437694
0.172133295468197
0.171716601173505
0.171299231252926
0.170882703173742
0.170468441652996
0.170057772696906
0.169651918248507
0.169251991491176
0.168858992852245
0.168473806746758
0.168097199096816
0.167729815656703
0.167372181168321
0.167024699365256
0.166687653837238
0.166361209759811
0.16604541648684
0.165740210996002
0.165445422169915
0.165160775887846
0.164885900895444
0.164620335412369
0.164363534430488
0.164114877648278
0.163873677980487
0.163639190575944
0.163410622270825
0.163187141399674
0.162967887882187
0.162751983500237
0.162538542276844
0.162326680866959
0.162115528868887
0.161904238965139
0.161691996802343
0.161478030521643
0.161261619853759
0.161042104696515
0.160818893097179
0.160591468567333
0.160359396664162
0.160122330778959
0.159880017081179
0.159632298574534
0.15937911823026
0.159120521171664
0.158856655893452
0.158587774508774
0.158314232026579
0.158036484671402
0.157755087267148
0.15747068971563
0.157184032609449
0.156895942027183
0.156607323566717
0.15631915567971
0.156032482376708
0.1557484053781
0.155468075790935
0.155192685395588
