0.151341060800058
0.151013395409088
0.150683614495557
0.150352678955972
0.150021585924628
0.149691363335523
0.149363064045888
0.149037759570188
0.148716533478602
0.148400474518556
0.148090669521742
0.147788196162171
0.147494115633102
0.147209465312228
0.146935251485071
0.146672442196382
0.146421960298203
0.14618467676135
0.145961404314295
0.145752891469888
0.145559816996102
0.14538278488198
0.145222319844443
0.145078863415493
0.144952770642837
0.14484430743004
0.144753648535217
0.144680876239972
0.144625979692971
0.144588854925287
0.144569305527534
0.144567043971983
0.144581693556386
0.144612790940155
0.144659789238092
0.144722061631887
0.14479890545538
0.144889546706008
0.144993144932001
0.145108798442876
0.14523554978942
0.145372391458852
0.145518271731032
0.145672100642543
0.145832756007005
0.145999089442278
0.1461699323579
0.146344101859431
0.146520406530008
0.146697652053426
0.14687464664729
0.147050206279175
0.147223159643168
0.147392352878621
0.147556654017225
0.147714957148686
0.147866186299162
0.148009299020175
0.148143289688929
0.148267192523764
0.148380084320786
0.148481086919651
0.148569369407851
0.14864415007383
0.148704698119725
0.148750335144599
0.148780436408714
0.148794431888701
0.148791807132476
0.148772103921592
0.14873492074723
0.148679913104585
0.148606793608778
0.148515331933915
0.148405354575408
0.148276744434378
0.148129440221806
0.147963435679234
0.14777877861222
0.147575569732498
0.147353961304858
0.147114155595226
0.146856403117235
0.146581000675729
0.146288289207198
0.145978651418936
0.145652509230852
0.145310321026229
0.144952578720224
0.144579804657626
0.14419254835408
0.14379138309777
0.143376902431192
0.142949716535245
0.142510448540181
0.1420597307901
0.141598201089445
0.141126498961403
0.140645261949143
0.140155121991417
0.139656701904193
0.139150611999634
0.138637446872931
0.138117782386177
0.137592172876735
0.137061148615351
0.136525213536684
0.135984843261996
0.135440483430492
0.134892548352369
0.13434141999294
0.133787447293483
0.133230945830662
0.132672197812606
0.132111452406089
0.13154892638576
0.130984805093129
0.130419243690025
0.129852368688639
0.129284279737975
0.128715051644713
0.128144736605038
0.127573366623021
0.127000956090609
0.126427504504137
0.125852999292604
0.125277418733615
0.124700734933938
0.124122916852893
0.123543933348413
0.122963756227293
0.122382363283071
0.121799741306845
0.121215889058296
0.120630820185993
0.120044566087789
0.119457178703645
0.118868733234468
0.118279330781622
0.117689100902394
0.117098204077096
0.116506834083472
0.115915220273702
0.115323629748623
0.114732369422705
0.114141787972016
0.113552277655775
0.112964276000286
0.112378267332073
0.111794784144934
0.111214408283589
0.110637771924493
0.110065558332522
0.109498502370484
0.108937390737011
0.108383061907274
0.107836405750346
0.107298362796831
0.106769923130767
0.106252124880749
0.10574605228678
0.105252833321579
0.104773636847901
0.104309669296937
0.103862170856973
0.103432411166206
0.103021684508872
0.102631304519613
0.102262598407164
0.101916900714999
0.101595546643308
0.101299864963635
0.101031170564452
0.100790756672854
0.100579886804291
0.100399786498648
0.100251634907024
0.100136556298998
0.100055611565065
0.100009789792973
0.1
0.100027063105563
0.100091704229884
0.100194545404812
0.100336098782081
0.100516760422432
0.100736804745988
0.10099637972013
0.101295502855877
0.101634058077446
0.102011793522338
0.102428320321028
0.102883112396206
0.103375507311639
0.103904708190183
0.104469786709469
0.105069687172333
0.105703231637424
0.106369126083675
0.107065967570624
0.107792252345138
0.108546384833963
0.109326687450984
0.110131411138151
0.110958746549958
0.111806835783178
0.11267378454647
0.113557674658519
0.114456576758684
0.11536856311074
0.116291720378341
0.117224162250201
0.118164041793924
0.119109563419648
0.120058994338435
0.121010675405397
0.121963031243997
0.122914579555588
0.123863939527079
0.124809839259455
0.125751122150646
0.126686752177749
0.127615818035814
0.128537536103007
0.129451252214937
0.130356442244009
0.131252711492752
0.132139792922919
0.133017544254702
0.133885943982369
0.134745086363997
0.135595175453443
0.136436518252344
0.137269517068376
0.138094661173446
0.13891251786157
0.139723723011034
0.140528971258906
0.141329005898062
0.14212460860758
0.142916589126732
0.143705774980737
0.144493001363173
0.145279101275407
0.146064896017691
0.146851186119896
0.147638742792144
0.148428299967162
0.149220546996994
0.150016122057039
0.150815606300252
0.151619518794053
0.152428312261991
0.15324236964185
0.154062001461677
0.154887444025295
0.155718858389492
0.156556330106186
0.157399869694711
0.158249413801994
0.159104827001848
0.159965904178999
0.160832373438874
0.161703899480503
0.162580087367359
0.163460486629359
0.16434459562873
0.165231866122866
0.166121707958721
0.16701349383549
0.16790656407548
0.168800231346807
0.169693785286079
0.170586496974147
0.171477623223499
0.172366410641593
0.173252099440435
0.174133926968788
0.175011130949532
0.175882952410658
0.176748638304219
0.177607443813072
0.178458634350378
0.179301487261531
0.18013529324239
0.180959357491283
0.181773000615316
0.18257555931388
0.183366386864043
0.184144853433603
0.184910346248067
0.185662269637706
0.186400044990134
0.187123110632616
0.187830921666639
0.188522949775133
0.1891986830203
0.189857625647241
0.190499297905698
0.19112323589913
0.191728991467319
0.192316132105632
0.192884240921156
0.19343291662322
0.193961773543292
0.194470441677114
0.1949585667401
0.195425810225633
0.195871849454884
0.196296377606294
0.196699103712733
0.197079752614767
0.197438064859303
0.197773796534092
0.198086719030269
0.198376618727051
0.198643296595038
0.198886567717081
0.19910626072839
0.199302217180392
0.199474290835686
0.199622346904314
0.19974626123425
0.199845919471604
0.199921216208321
0.199972054137165
0.199998343235426
0.2
0.199976946757253
0.199929111071363
0.199856425274572
0.199758826142001
0.199636254732381
0.199488656414196
0.199315981094387
0.199118183663965
0.198895224671569
0.198647071232412
0.198373698176034
0.198075089432049
0.19775123964866
0.197402156034145
0.197027860406966
0.196628391435629
0.196203807045049
0.195754186962047
0.19527963536876
0.194780283629316
0.194256293052146
0.193707857647891
0.193135206840993
0.192538608091879
0.191918369386157
0.191274841547411
0.190608420331173
0.189919548259309
0.189208716156487
0.188476464353526
0.187723383526268
0.186950115143036
0.186157351498819
0.185345835319869
0.184516358928396
0.183669762963383
0.182806934660181
0.181928805698273
0.181036349633424
0.180130578937199
0.179212541673391
0.178283317847214
0.177344015469025
0.176395766379735
0.175439721889889
0.174477048288496
0.173508922281028
0.172536526418483
0.171561044580943
0.170583657579682
0.169605538941399
0.168627850936734
0.167651740912712
0.166678337985243
0.165708750143265
0.164744061810652
0.163785331905602
0.162833592430025
0.161889847613478
0.160955073627632
0.160030218878157
0.159116204871409
0.158213927643586
0.157324259730187
0.156448052643796
0.155586139818672
0.154739339971366
0.153908460817907
0.153094303080059
0.152297664705939
0.151519345224005
0.150760150144264
0.150020895316514
0.149302411152776
0.148605546619686
0.147931172906744
0.147280186677838
0.146653512816545
0.146052106580186
0.145476955083621
0.144929078041124
0.144409527703379
0.143919387936546
0.143459772401387
0.143031821802428
0.142636700189911
0.142275590310755
0.141949688018586
0.14166019576703
0.141408315224622
0.14119523906365
0.141022141988864
0.140890171084944
0.140800435573841
0.140753996084243
0.140751853545438
0.140794937826458
0.140884096248505
0.141020082104144
0.141203543320466
0.141435011405316
0.141714890815712
0.142043448885671
0.142420806446859
0.142846929269833
0.143321620446137
0.143844513822353
0.144415068586391
0.145032565094073
0.145696102010539
0.146404594826358
0.147156775792709
0.147951195303817
0.148786224738156
0.149660060753109
0.15057073101095
0.151516101297482
0.152493883978626
0.153501647724968
0.154536828419939
0.155596741154082
0.156678593196022
0.15777949782036
0.158896488863958
0.160026535875045
0.161166559714357
0.162313448464139
0.163464073499378
0.164615305575989
0.165764030792902
0.166907166289011
0.16804167554156
0.169164583139838
0.17027298891665
0.171364081330006
0.172435149998459
0.173483597305489
0.174506949000945
0.175502863740741
0.176469141519465
0.177403730964098
0.178304735470567
0.179170418177965
0.179999205788041
0.180789691249571
0.181540635338541
0.182250967175361
0.182919783729679
0.18354634837147
0.184130088534057
0.18467059256038
0.185167605808256
0.185621026093434
0.18603089855112
0.1863974099972
0.186720882869802
0.187001768830116
0.18724064209867
0.187438192599551
0.187595218980632
0.187712621572627
0.187791395344095
0.187832622903267
0.187837467591099
0.187807166703212
0.187743024871626
0.187646407630476
0.187518735183325
0.187361476383408
0.187176142932206
0.186964283796216
0.186727479836827
0.186467338643748
0.186185489558617
0.185883578872221
0.185563265176238
0.18522621484855
0.184874097649946
0.184508582409544
0.184131332776287
0.183744003014599
0.183348233823516
0.182945648160385
0.182537847052483
0.182126405382555
0.181712867637349
0.181298743611543
0.180885504063092
0.180474576319831
0.180067339841113
0.17966512174231
0.179269192294059
0.178880760412192
0.178500969158263
0.178130891274407
0.177771524779967
0.177423788660756
0.177088518685033
0.176766463383131
0.176458280230235
0.176164532073954
0.175885683850061
0.175622099631053
0.175374040052972
0.175141660166204
0.174925007755676
0.17472402217505
0.174538533738059
0.174368263708102
0.174212824924533
0.174071723100819
0.173944358825812
0.173830030294874
0.17372793679244
0.17363718294191
0.173556783732493
0.173485670325834
0.173422696638029
0.173366646684969
0.173316242670959
0.173270153792286
0.173227005718986
0.173185390709477
0.173143878304222
0.173101026536134
0.173055393587247
0.173005549813275
0.172950090050265
0.172887646110703
0.172816899370204
0.172736593340566
0.172645546120435
0.172542662611345
0.172426946384466
0.172297511082151
0.172153591238346
0.171994552403209
0.171819900459845
0.171629290025029
0.17142253183106
0.171199598992478
0.170960632069318
0.170705942847691
0.170436016768814
0.170151513949
0.16985326874548
0.169542287836117
0.169219746795011
0.168886985160397
0.168545500006109
0.168196938042923
0.167843086291126
0.167485861380617
0.167127297549379
0.166769533425215
0.166414797688966
0.166065393729863
0.165723683415079
0.165392070105731
0.165072981060413
0.164768849374791
0.164482095611555
0.16421510927925
0.163970230320965
0.16374973077459
0.163555796765314
0.16339051098825
0.163255835834558
0.163153597308257
0.163085469873137
0.16305296235992
0.163057405053151
0.163099938065432
0.163181501093608
0.163302824637594
0.163464422747879
0.163666587352495
0.163909384198613
0.164192650428141
0.16451599379088
0.164878793483198
0.165280202584979
0.165719152052924
0.166194356214361
0.16670431969269
0.167247345683555
0.167821545489986
0.168424849215134
0.169055017502988
0.169709654210599
0.17038621988998
0.171082045953976
0.17179434939801
0.172520247948742
0.173256775511235
0.174000897788218
0.174749527948347
0.175499542224935
0.176247795332372
0.176991135594195
0.177726419684502
0.178450526892859
0.179160372832007
0.179852922517309
0.180525202756906
0.181174313801758
0.1817974402151
0.18239186093102
0.182954958481991
0.18348422738485
0.183977281684029
0.184431861659582
0.184845839715599
0.185217225472016
0.185544170089326
0.185824969861448
0.186058069116779
0.186242062471372
0.186375696481081
0.186457870741543
0.186487638485948
0.186464206730692
0.186386936018367
0.186255339806026
0.186069083544426
0.185827983491031
0.18553200529604
0.185181262396648
0.184776014250284
0.184316664432733
0.183803758622012
0.183237982483627
0.182620159467596
0.181951248522348
0.181232341725546
0.180464661826954
0.179649559693878
0.178788511645486
0.177883116658513
0.176935093423557
0.175946277228462
0.174918616643084
0.17385416997828
0.172755101491068
0.171623677307709
0.170462261037007
0.169273309047225
0.1680593653819
0.16682305629229
0.165567084367279
0.164294222245225
0.163007305896423
0.161709227469524
0.160402927700314
0.1590913878867
0.15777762143943
0.156464665024007
0.155155569315266
0.153853389392175
0.152561174806449
0.151281959364496
0.150018750667924
0.148774519463279
0.147552188856747
0.146354623454208
0.145184618491135
0.144044889020407
0.142938059229008
0.141866651956826
0.140833078492255
0.139839628720024
0.138888461696614
0.137981596727682
0.137120905020234
0.136308101979649
0.135544740218313
0.134832203338402
0.134171700546364
0.133564262150953
0.133010735990287
0.132511784826335
0.132067884737723
0.131679324533644
0.131346206203225
0.13106844640597
0.130845778999891
0.130677758594918
0.130563765110076
0.130503009303945
0.130494539239189
0.130537247633439
0.130629880040817
0.130771043800843
0.130959217684553
0.131192762161412
0.131469930205161
0.131788878552092
0.132147679321526
0.132544331905457
0.132976775032533
0.133442898910698
0.133940557353033
0.134467579792479
0.135021783093347
0.13560098307059
0.136203005631871
0.136825697462317
0.137466936177536
0.138124639876806
0.138796776035358
0.139481369682161
0.140176510817553
0.140880361033314
0.141591159306212
0.142307226944605
0.143026971676248
0.143748890873811
0.144471573922877
0.145193703745015
0.145914057496006
0.146631506466262
0.147345015216909
0.148053639990736
0.148756526442363
0.14945290673634
0.150142096065545
0.150823488645146
0.151496553239524
0.152160828280984
0.152815916639737
0.153461480104664
0.154097233633741
0.154722939431799
0.155338400911546
0.155943456591617
0.156537973982844
0.157121843511058
0.157694972521648
0.158257279407824
0.158808687901201
0.159349121559967
0.159878498486557
0.160396726303617
0.160903697413928
0.161399284567181
0.161883336753869
0.16235567544418
0.162816091187763
0.163264340588373
0.163700143665895
0.16412318161696
0.164533094984297
0.164929482244096
0.165311898819966
0.16567985653144
0.166032823484442
0.166370224410609
0.166691441461734
0.166995815464925
0.167282647643222
0.167551201805329
0.167800707006839
0.168030360683687
0.168239332256651
0.168426767203446
0.168591791592273
0.168733517067695
0.168851046276321
0.168943478716004
0.169009916988248
0.169049473429109
0.169061277089314
0.169044481029511
0.168998269891668
0.168921867702648
0.168814545861091
0.168675631253861
0.1685045144437
0.168300657865384
0.168063603963685
0.167792983202916
0.167488521874882
0.167150049629674
0.166777506652107
0.166370950405696
0.165930561866002
0.165456651165942
0.164949662577403
0.164410178756059
0.163838924179913
0.163236767716534
0.162604724259408
0.16194395538013
0.161255768950302
0.160541617695008
0.159803096648375
0.159041939491117
0.158260013759812
0.157459314928071
0.156641959370444
0.155810176230884
0.154966298228669
0.154112751445749
0.153252044150449
0.152386754723133
0.151519518759748
0.150653015438953
0.149789953247714
0.148933055168649
0.148085043439962
0.147248624005442
0.1464264707775
0.145621209840692
0.14483540372637
0.144071535891075
0.143331995531957
0.142619062871846
0.141934895044576
0.141281512707838
0.140660787506122
0.140074430500369
0.139523981673675
0.139010800613985
0.138536058465151
0.138100731227144
0.137705594474655
0.137351219551019
0.137037971281276
0.136766007234599
0.136535278552221
0.136345532342637
0.136196315631364
0.136086980838031
0.136016692739244
0.135984436861662
0.135989029236165
0.136029127431057
0.136103242770075
0.136209753629683
0.136346919699841
0.136512897083305
0.13670575410057
0.136923487660969
0.137164040055217
0.137425316020908
0.13770519993018
0.138001572947981
0.138312330010101
0.138635396472366
0.138968744286099
0.139310407560097
0.13965849737587
0.140011215730689
0.140366868491978
0.140723877256661
0.141080790020152
0.141436290571552
0.141789206544245
0.142138516064279
0.142483352952491
0.142823010450229
0.143156943452523
0.143484769246503
0.143806266766664
0.144121374392056
0.14443018632348
0.14473294759125
0.145030047755805
0.145322013374427
0.145609499317393
0.145893279025968
0.146174233812728
0.146453341311638
0.146731663191194
0.147010332248582
0.147290539006351
0.147573517935453
0.147860533429695
0.148152865656755
0.148451796409879
0.148758595082358
0.14907450488382
0.149400729413424
0.149738419700199
0.150088661815172
0.150452465153558
0.15083075147835
0.151224344809063
0.151633962231382
0.152060205695025
0.152503554858337
0.152964361029124
0.153442842241982
0.153939079503022
0.154453014223494
0.154984446854367
0.155533036724567
0.156098303076312
0.156679627281899
0.157276256217382
0.157887306759959
0.15851177136755
0.159148524691029
0.159796331161968
0.160453853491561
0.161119662009633
0.161792244766427
0.162470018314157
0.163151339080192
0.163834515239212
0.16451781898786
0.16519949912218
0.165877793815736
0.166550943494554
0.167217203704121
0.167874857863545
0.168522229802665
0.169157695979448
0.169779697277354
0.170386750285626
0.170977457969471
0.171550519642052
0.172104740155881
0.172639038237708
0.173152453898228
0.173644154855829
0.174113441922175
0.17455975330649
0.174982667805028
0.1753819068522
0.175757335420109
0.176108961763757
0.176436936019782
0.176741547677165
0.177023221948806
0.177282515083082
0.177520108664369
0.177736802960872
0.177933509386928
0.178111242155062
0.178271109200372
0.1784143024663
0.17854208764629
0.178655793480318
0.178756800708604
0.178846530787061
0.178926434470093
0.178997980366225
0.179062643570752
0.179121894477139
0.179177187865288
0.179229952360149
0.179281580348422
0.179333418434466
0.179386758509065
0.179442829496398
0.179502789835747
0.179567720745007
0.179638620303311
0.179716398380013
0.179801872427096
0.179895764141924
0.179998696997232
0.180111194625562
0.180233680036005
0.180366475632365
0.180509803993738
0.180663789371115
0.180828459847092
0.18100375010016
0.181189504710408
0.181385481939871
0.181591357918197
0.181806731162848
0.182031127362635
0.182264004354058
0.182504757221571
0.182752723455592
0.183007188105582
0.183267388869983
0.183532521069905
0.183801742459295
0.184074177830647
0.184348923382127
0.184625050819066
0.184901611170088
0.185177638305525
0.18545215215306
0.185724161612748
0.18599266718041
0.186256663294883
0.18651514043063
0.186767086962611
0.187011490835065
0.187247341069885
0.18747362915348
0.18768935034341
0.187893504937618
0.188085099549685
0.188263148433322
0.188426674898176
0.18857471285701
0.188706308541585
0.188820522420936
0.18891643135151
0.188993130983684
0.189049738443727
0.189085395304301
0.18909927085029
0.189090565640095
0.189058515355786
0.189002394928579
0.188921522919296
0.188815266126723
0.188683044390306
0.188524335547472
0.188338680500091
0.188125688339413
0.187885041474119
0.187616500702191
0.18731991016401
0.186995202111634
0.18664240142753
0.186261629825266
0.185853109664696
0.185417167315195
0.184954236002324
0.184464858076082
0.18394968664249
0.183409486504745
0.182845134365371
0.182257618246849
0.181648036094853
0.181017593535553
0.180367600766289
0.179699468567286
0.179014703430775
0.17831490181293
0.177601743523239
0.176876984275295
0.176142447432297
0.175400014989844
0.174651617847636
0.173899225430502
0.173144834727528
0.172390458825988
0.171638115024082
0.170889812613174
0.170147540426127
0.169413254253433
0.168688864233044
0.167976222323075
0.167277109968777
0.166593226076404
0.165926175406661
0.165277457499475
0.164648456239626
0.164040430169558
0.16345450365126
0.162891658973588
0.162352729494823
0.161838393902588
0.161349171664624
0.160885419734353
0.160447330564705
0.16003493147251
0.159648085383839
0.159286492978208
0.158949696236645
0.158637083385294
0.158347895212756
0.158081232725722
0.157836066093939
0.157611244822142
0.157405509073561
0.157217502057036
0.157045783377798
0.156888843240784
0.156745117385008
0.156613002618218
0.156490872812883
0.156377095217642
0.156270046932758
0.156168131394008
0.156069794706803
0.155973541671316
0.155877951339946
0.155781691950725
0.155683535084111
0.155582368896204
0.155477210288541
0.155367215883385
0.155251691683655
0.155130101308296
0.155002072706882
0.154867403271383
0.154726063278286
0.154578197610324
0.154424125723994
0.154264339846372
0.154099501402575
0.153930435693102
0.153758124858235
0.153583699184339
0.15340842682411
0.153233702019471
0.153061031931514
0.152892022196664
0.15272836134179
0.152571804203147
0.152424154504743
0.152287246760779
0.152162927674086
0.152053037208008
0.15195938951274
0.151883753888785
0.151827835969912
0.151793259305721
0.151781547519813
0.1517941072135
0.151832211777258
0.151896986262637
0.151989393456345
0.15211022128581
0.152260071671876
0.152439350929505
0.152648261801781
0.152886797196125
0.153154735674835
0.153451638734893
0.153776849894806
0.154129495589053
0.154508487853954
0.154912528772374
0.155340116629045
0.155789553713372
0.156258955692746
0.156746262466544
0.157249250399442
0.157765545822357
0.158292639680419
0.158827903199893
0.15936860443991
0.159911925590314
0.160454980873788
0.160994834908736
0.161528521389093
0.162053061938221
0.162565484996312
0.163062844604147
0.163542238950488
0.164000828555851
0.164435853971662
0.164844652880795
0.165224676493129
0.165573505137865
0.165888862962864
0.166168631660031
0.166410863144769
0.16661379112653
0.166775841516548
0.166895641627788
0.166972028130935
0.167004053738813
0.166990992599993
0.166932344390286
0.166827837098591
0.166677428510818
0.166481306402629
0.166239887458311
0.165953814939312
0.165623955131854
0.165251392608518
0.164837424343878
0.164383552729079
0.163891477534797
0.163363086876228
0.162800447237712
0.162205792618263
0.161581512862687
0.160930141246125
0.160254341382755
0.159556893532039
0.15884068037827
0.158108672361288
0.157363912638088
0.156609501756518
0.155848582123541
0.155084322351357
0.154319901565226
0.153558493756956
0.152803252267747
0.152057294483385
0.151323686823637
0.150605430106109
0.149905445362717
0.149226560184381
0.148571495666494
0.147942854024144
0.147343106942063
0.146774584719743
0.146239466267192
0.145739770001406
0.145277345687799
0.144853867264669
0.144470826682222
0.144129528780914
0.143831087226773
0.143576421514183
0.143366255039236
0.143201114239348
0.143081328787445
0.14300703282167
0.142978167184366
0.142994482637103
0.143055544011789
0.143160735251497
0.143309265288689
0.143500174702953
0.143732343095381
0.144004497112259
0.14431521904691
0.144662955945373
0.145046029139099
0.145462644126099
0.145910900720936
0.146388803393714
0.146894271718663
0.147425150854193
0.147979221978263
0.148554212605609
0.149147806716794
0.149757654633104
0.150381382575969
0.151016601854871
0.151660917633418
0.152311937229459
0.152967277911697
0.1536245741621
0.154281484380476
0.154935697014831
0.155584936108327
0.156226966260951
0.156859597011051
0.157480686648831
0.158088145480485
0.158679938567892
0.1592540879746
0.159808674554088
0.16034183932103
0.160851784450325
0.161336773952093
0.161795134073464
0.162225253479979
0.162625583270528
0.162994636880179
0.163330989924863
0.163633280040725
0.163900206769093
0.164130531535401
0.164323077767193
0.164476731192419
0.16459044035487
0.164663217378639
0.164694139008195
0.164682347944974
0.16462705449545
0.164527538539532
0.164383151821911
0.164193320562751
0.163957548377936
0.163675419493065
0.163346602229565
0.162970852735788
0.16254801893077
0.162078044623565
0.161560973766785
0.160996954799162
0.160386245028674
0.159729215005107
0.159026352828769
0.158278268340561
0.157485697137657
0.156649504358713
0.155770688182689
0.15485038298621
0.153889862105618
0.152890540151706
0.15185397482738
0.150781868201155
0.149676067392512
0.148538564628535
0.147371496635009
0.146177143329146
0.144957925785372
0.143716403450016
0.142455270585352
0.141177351928149
0.139885597552716
0.138583076933305
0.137272972205666
0.13595857063252
0.134643256282677
0.133330500938482
0.132023854251226
0.130726933169058
0.129443410666793
0.128177003811848
0.126931461205253
0.125710549841384
0.124518041434631
0.123357698265724
0.122233258604789
0.12114842177245
0.120106832904381
0.119112067488613
0.118167615748582
0.117276866948396
0.116443093699953
0.115669436354478
0.114958887563541
0.114314277096835
0.113738257005692
0.113233287222625
0.112801621687954
0.112445295094774
0.112166110343215
0.111965626793927
0.11184514940911
0.111805718867097
0.11184810273348
0.111972787768024
0.112179973442158
0.112469566736599
0.11284117828275
0.113294119904852
0.113827403612495
0.114439742085104
0.115129550681352
0.115894950997255
0.116733775986916
0.117643576649774
0.118621630277558
0.119664950243352
0.120770297304064
0.121934192376417
0.123152930735398
0.124422597572952
0.125739084843841
0.127098109314929
0.128495231723987
0.129925876944387
0.13138535504303
0.132868883110463
0.134371607734627
0.135888627983059
0.137415018752708
0.138945854341959
0.140476232096004
0.142001295974395
0.143516259888577
0.145016430657373
0.146497230429827
0.147954218427555
0.149383111862712
0.150779805892908
0.152140392480825
0.153461178033853
0.154738699707733
0.155969740267893
0.157151341412758
0.15828081547482
0.159355755427425
0.160374043138098
0.16133385582255
0.162233670667262
0.163072267602504
0.163848730221797
0.164562444857913
0.165213097839494
0.165800670966082
0.166325435252671
0.166787943007691
0.16718901832052
0.167529746046031
0.167811459384315
0.16803572616333
0.168204333940938
0.168319274050322
0.168382724719218
0.168397033398658
0.168364698440929
0.168288350269255
0.168170732183256
0.168014680944513
0.167823107285675
0.16759897648438
0.167345289140012
0.16706506228688
0.166761310971986
0.166437030419104
0.16609517889355
0.165738661373867
0.165370314127741
0.164992890279924
0.164609046449864
0.164221330526192
0.163832170634355
0.163443865342574
0.163058575140043
0.162678315210015
0.162304949509189
0.161940186153751
0.161585574101628
0.161242501110039
0.160912192937398
0.160595713749094
0.160293967677727
0.160007701480081
0.159737508225515
0.159483831943619
0.159246973152975
0.159027095187661
0.158824231233836
0.158638291985362
0.158469073824893
0.158316267435334
0.158179466745901
0.15805817811729
0.157951829671634
0.157859780674956
0.157781330882709
0.157715729762672
0.157662185513903
0.157619873805593
0.157587946165433
0.15756553795347
0.15755177586428
0.157545784907587
0.157546694825089
0.157553645909161
0.157565794197212
0.157582316023618
0.157602411919389
0.157625309857797
0.157650267852133
0.157676575919461
0.157703557431523
0.15773056988093
0.157757005097126
0.157782288952547
0.157805880604563
0.157827271323398
0.157845982960017
0.157861566111073
0.15787359804022
0.157881680416621
0.157885436932049
0.157884510857831
0.157878562601858
0.157867267324087
0.157850312666398
0.15782739664937
0.157798225784583
0.157762513446453
0.157719978542438
0.157670344514857
0.157613338701451
0.157548692075476
0.157476139379448
0.157395419659876
0.157306277203459
0.157208462868334
0.157101735797258
0.156985865493025
0.156860634230147
0.156725839770926
0.156581298348552
0.156426847874895
0.156262351326253
0.156087700256561
0.155902818384454
0.155707665198228
0.155502239521098
0.155286582978337
0.1550607833078
0.154824977456094
0.154579354404179
0.15432415766847
0.154059687426576
0.15378630222055
0.153504420194956
0.153214519832096
0.152917140152326
0.152612880353492
0.152302398869972
0.151986411838675
