0.520173902355097
0.517756872179188
0.515333914936775
0.512908802363642
0.510485193136631
0.508066620654288
0.505656481660093
0.503258025761908
0.500874345895455
0.498508369773505
0.4961628523562
0.493840369371437
0.491543311907642
0.489273882094609
0.487034089881353
0.484825750913234
0.482650485503943
0.480509718691423
0.478404681360332
0.476336412407455
0.474305761920414
0.472313395334253
0.470359798524982
0.468445283793981
0.466569996692313
0.464733923629537
0.462936900207547
0.461178620216267
0.459458645224838
0.457776414699139
0.456131256574135
0.454522398207735
0.452948977641414
0.451410055091972
0.449904624598355
0.448431625747519
0.446989955403807
0.445578479367283
0.444196043887881
0.442841486964057
0.441513649356914
0.440211385253404
0.438933572515266
0.43767912245373
0.436446989073759
0.435236177735598
0.434045753185709
0.432874846913718
0.431722663796749
0.43058848799746
0.429471688087214
0.428371721370984
0.427288137395951
0.426220580631043
0.425168792310081
0.424132611436525
0.423111974953126
0.422106917085024
0.421117567869953
0.420144150894167
0.419186980257544
0.418246456795899
0.417323063592955
0.416417360818521
0.415529979933334
0.414661617304571
0.413813027279311
0.412985014766175
0.412178427377974
0.411394147190441
0.410633082174029
0.409896157357287
0.409184305781473
0.408498459306853
0.407839539331585
0.407208447484081
0.406606056349483
0.406033200290187
0.405490666419353
0.404979185784991
0.404499424820534
0.404051977115856
0.403637355560404
0.403255984907591
0.4029081948068
0.402594213346317
0.402314161147269
0.402068046045203
0.401855758392338
0.401677067009744
0.401531615814831
0.401418921145511
0.40133836979832
0.401289217793645
0.401270589876996
0.401281479761063
0.401320751109089
0.401387139255886
0.401479253658704
0.401595581066036
0.401734489388491
0.401894232251904
0.402072954209131
0.402268696583274
0.402479403911623
0.402702930956273
0.40293705024424
0.403179460096966
0.403427793106413
0.403679625012463
0.403932483934115
0.404183859905016
0.404431214662195
0.404671991635431
0.404903626083641
0.405123555323852
0.405329228997856
0.405518119321511
0.405687731261824
0.405835612587466
0.405959363739245
0.40605664746822
0.406125198190686
0.40616283101111
0.406167450366273
0.406137058246358
0.406069761951533
0.405963781345654
0.405817455572057
0.405629249200036
0.405397757774411
0.405121712744652
0.404799985754214
0.404431592275132
0.404015694577354
0.403551604026883
0.403038782711374
0.402476844396432
0.401865554820439
0.40120483134023
0.400494741944306
0.399735503654542
0.398927480341345
0.398071179981068
0.397167251388006
0.396216480456556
0.395219785952032
0.394178214891155
0.393092937555427
0.391965242182282
0.390796529380256
0.389588306315246
0.388342180715324
0.387059854741489
0.385743118771218
0.38439384514063
0.383013981889669
0.381605546552746
0.380170620035027
0.378711340611775
0.377229898085112
0.37572852812914
0.374209506850641
0.372675145588629
0.371127785971852
0.369569795249007
0.36800356190202
0.366431491548215
0.364856003132729
0.363279525408066
0.361704493693346
0.360133346901613
0.358568524819582
0.357012465620478
0.355467603587192
0.353936367019874
0.352421176299419
0.350924442075942
0.349448563549563
0.347995926809377
0.346568903195619
0.345169847649617
0.343801097016236
0.342464968264083
0.341163756589898
0.339899733375061
0.338675143964247
0.337492205238707
0.336353102959554
0.335259988859719
0.334214977466807
0.333220142643024
0.332277513832472
0.331389072010439
0.330556745333834
0.329782404496472
0.329067857797545
0.328414845936227
0.327825036549877
0.32730001851776
0.3268412960564
0.326450282636735
0.326128294757003
0.325876545608706
0.325696138676147
0.325588061312731
0.325553178339566
0.32559222571377
0.325705804315363
0.325894373902591
0.326158247286066
0.326497584772138
0.326912388925537
0.327402499700419
0.327967589987682
0.32860716162465
0.329320541911117
0.330106880673219
0.330965147913752
0.331894132084389
0.332892439011792
0.333958491505916
0.335090529674922
0.336286611967027
0.33754461695541
0.338862245878025
0.340237025939782
0.341666314380207
0.343147303305306
0.34467702527804
0.346252359657568
0.347870039673233
0.349526660215277
0.351218686320303
0.352942462325841
0.354694221664747
0.356470097266834
0.358266132531904
0.360078292835409
0.361902477525157
0.363734532364929
0.36557026237849
0.367405445045336
0.369235843797545
0.371057221765359
0.37286535571756
0.374656050141327
0.376425151405102
0.378168561946975
0.379882254430325
0.381562285807775
0.383204811234135
0.384806097768691
0.386362537807155
0.387870662183692
0.389327152883739
0.390728855308878
0.392072790035687
0.393356164011508
0.394576381131177
0.395731052140226
0.396818003811697
0.397835287345682
0.398781185942852
0.399654221505797
0.400453160424717
0.401177018407144
0.401825064314727
0.402396822973827
0.402892076930678
0.403310867126158
0.403653492469844
0.403920508297896
0.404112723704502
0.404231197741989
0.404277234490414
0.404252377003223
0.404158400141655
0.403997302316678
0.403771296163523
0.40348279818018
0.40313441736757
0.402728942915363
0.402269330983633
0.401758690636604
0.401200268990627
0.400597435644128
0.399953666462644
0.399272526797036
0.398557654217556
0.397812740850614
0.397041515408716
0.396247725007215
0.395435116864021
0.394607419980409
0.393768326902361
0.392921475662559
0.392070432003119
0.391218671978512
0.390369565036701
0.389526357674509
0.388692157760494
0.387869919615212
0.387062429934756
0.386272294638818
0.385501926719321
0.384753535159935
0.384029114990585
0.383330438534359
0.382659047897214
0.38201624874347
0.381403105392418
0.380820437263543
0.380268816689786
0.379748568110227
0.379259768645388
0.378802250050318
0.378375602032571
0.377979176914422
0.377612095610962
0.377273254888431
0.37696133586003
0.37667481366981
0.376411968308914
0.376170896502575
0.375949524600908
0.375745622401555
0.375556817827886
0.37538061238253
0.375214397292658
0.375055470260626
0.374901052731271
0.374748307585408
0.374594357167848
0.374436301557508
0.374271236986987
0.374096274319203
0.373908557489433
0.37370528182222
0.37348371213419
0.373241200535775
0.372975203847152
0.372683300546385
0.372363207170707
0.372012794095166
0.371630100616376
0.371213349272905
0.370760959337791
0.37027155942293
0.369743999139392
0.369177359762293
0.368570963853544
0.367924383800554
0.367237449233959
0.366510253292397
0.365743157707527
0.364936796687601
0.364092079583196
0.363210192323965
0.362292597620595
0.361341033931494
0.360357513199099
0.359344317365997
0.358303993686392
0.357239348853711
0.356153441970357
0.355049576390722
0.353931290473635
0.352802347285304
0.351666723298551
0.350528596138748
0.349392331431219
0.348262468809056
0.347143707144167
0.346040889068033
0.34495898485194
0.343903075719465
0.342878336666603
0.341890018867169
0.340943431742959
0.340043924779567
0.339196869169713
0.338407639366481
0.337681594628884
0.337024060641756
0.336440311291057
0.335935550674284
0.335514895423805
0.335183357418591
0.334945826957025
0.334807056460238
0.334771644771743
0.334844022115118
0.335028435767053
0.335328936498357
0.335749365830471
0.336293344149761
0.33696425971635
0.337765258598633
0.338699235558768
0.339768825908669
0.340976398350089
0.34232404880658
0.343813595249316
0.345446573513147
0.347224234093747
0.349147539911451
0.351217165022371
0.353433494252638
0.355796623727211
0.358306362260651
0.360962233573583
0.363763479295286
0.366709062710038
0.369797673202397
0.373027731354637
0.376397394648047
0.379904563718696
0.383546889117633
0.38732177852528
0.391226404369969
0.395257711801154
0.399412426968829
0.403687065561951
0.408077941560355
0.412581176156526
0.417192706805827
0.421908296366148
0.426723542290584
0.431633885839483
0.436634621281106
0.441720905053086
0.446887764859916
0.452130108684735
0.457442733696675
0.462820335038068
0.468257514478699
0.473748788927101
0.479288598791633
0.4848713161866
0.490491252981106
0.496142668690558
0.501819778212792
0.507516759412633
0.51322776056036
0.518946907630989
0.524668311472508
0.530386074852234
0.536094299391253
0.541787092397523
0.547458573608604
0.553102881855217
0.558714181656816
0.56428666976022
0.569814581632023
0.575292197915009
0.58071385085815
0.586073930729008
0.591366892216451
0.596587260830556
0.601729639305484
0.606788714009827
0.611759261367689
0.616636154292304
0.621414368632598
0.626088989631546
0.630655218393628
0.635108378357095
0.63944392176509
0.643657436128018
0.647744650667883
0.651701442733611
0.655523844174682
0.659208047658698
0.662750412916882
0.666147472899797
0.669395939824008
0.672492711088812
0.675434875040664
0.678219716561459
0.680844722455461
0.683307586608409
0.685606214891109
0.687738729778811
0.689703474656682
0.691499017780965
0.693124155864746
0.694577917256833
0.69585956468201
0.696968597510864
0.697904753527612
0.698668010164755
0.699258585174084
0.69967693670451
0.699923762758453
0.7
0.699906821889938
0.69964563612485
0.699218081359944
0.698626023198052
0.697871549430308
0.696956964517423
0.695884783304172
0.694657723963729
0.693278700172732
0.691750812522557
0.690077339177068
0.6882617257921
0.686307574717218
0.684218633505599
0.681998782763458
0.679652023376009
0.677182463152591
0.674594302939248
0.67189182225267
0.669079364494863
0.666161321813313
0.663142119676532
0.660026201239784
0.656818011580345
0.653521981885871
0.650142513683222
0.64668396319836
0.643150625940742
0.63954672160775
0.635876379406276
0.63214362388943
0.628352361406469
0.624506367263465
0.620609273690815
0.616664558711535
0.612675536001236
0.608645345826869
0.604576947146648
0.600473110948064
0.596336414894601
0.592169239344684
0.587973764798525
0.583751970819998
0.579505636471406
0.575236342289194
0.570945473818239
0.566634226711489
0.56230361339043
0.557954471250296
0.553587472382079
0.549203134771472
0.544801834922875
0.540383821844684
0.535949232320333
0.531498107378089
0.527030409861531
0.522546042992027
0.518044869804552
0.513526733328851
0.508991477379458
0.50443896781041
0.499869114083853
0.495281890996069
0.490677360399924
0.486055692759419
0.481417188369819
0.476762298076026
0.47209164332223
0.467406035367606
0.462706493505859
0.457994262130768
0.4532708264955
0.448537927020384
0.443797572011931
0.439052048665196
0.434303932231956
0.429556093248628
0.424811702730197
0.420074235249698
0.415347469836769
0.410635488643429
0.405942673340446
0.401273699223237
0.396633527022155
0.392027392428072
0.387460793360315
0.382939475020011
0.37846941278776
0.374056793040026
0.369707991973705
0.365429552542792
0.361228159624891
0.357110613548303
0.35308380212259
0.349154671326654
0.345330194818502
0.341617342439836
0.338023047896429
0.334554175801783
0.331217488276864
0.328019611302661
0.324967001024966
0.322065910212031
0.31932235506574
0.316742082585514
0.314330538681483
0.312092837229479
0.310033730255174
0.308157579428249
0.306468329039963
0.304969480628787
0.303664069409191
0.302554642648023
0.301643240121548
0.300931376773952
0.300420027685294
0.300109615443368
0.3
0.300090471077939
0.300379743179817
0.300865953235779
0.301546660911408
0.302418851582535
0.303478941968593
0.304722788401418
0.30614569769184
0.307742440542253
0.309507267439559
0.311433926949606
0.313515686321528
0.31574535429832
0.318115306018579
0.320617509883748
0.323243556255348
0.32598468783774
0.328831831593914
0.331775632034643
0.334806485715202
0.337914576768713
0.341089913300963
0.344322364468487
0.347601698059568
0.350917618396757
0.354259804379512
0.35761794748652
0.360981789559281
0.364341160191505
0.367686013552826
0.371006464480176
0.374292823675923
0.377535631858444
0.380725692718212
0.383854104540555
0.386912290365079
0.389892026561143
0.392785469708768
0.395585181684801
0.398284152865055
0.400875823364357
0.403354102247892
0.405713384658936
0.407948566819828
0.410055058874833
0.4120287955553
0.413866244659174
0.415564413348303
0.417120852278162
0.418533657585386
0.419801470768889
0.420923476510238
0.421899398488299
0.422729493251899
0.423414542222372
0.423955841905248
0.424355192396995
0.424614884278651
0.424737683993297
0.42472681780861
0.424585954469247
0.424319186646482
0.423931011294351
0.423426309022648
0.422810322597347
0.422088634678554
0.42126714490487
0.420352046431111
0.419349802023828
0.418267119815861
0.417110928817519
0.415888354277778
0.414606692984319
0.413273388586262
0.411896007018252
0.410482212099058
0.409039741372311
0.407576382251258
0.406099948523789
0.404618257268305
0.403139106225526
0.40167025166596
0.400219386787712
0.398794120674443
0.397401957838885
0.396050278373179
0.394746318723652
0.393497153104432
0.392309675561506
0.391190582696588
0.390146357058341
0.38918325120723
0.388307272459458
0.387524168315101
0.386839412575682
0.38625819215695
0.385785394603562
0.385425596313635
0.385183051482737
0.385061681778687
0.385065066760591
0.385196435057699
0.385458656325925
0.385854234002122
0.386385298878429
0.387053603521093
0.387860517560089
0.388807023877516
0.389893715724121
0.391120794794287
0.392488070290391
0.393994959007547
0.395640486469323
0.397423289144043
0.399341617769744
0.401393341813663
0.403575955089336
0.405886582550943
0.408321988280471
0.410878584678531
0.413552442864364
0.416339304284667
0.419234593524399
0.422233432305791
0.425330654654357
0.428520823202923
0.431798246596553
0.435156997952891
0.43859093432394
0.442093717096629
0.445658833261017
0.449279617466426
0.452949274777598
0.456660904034961
0.460407521715586
0.464182086184357
0.467977522218456
0.471786745682531
0.475602688226996
0.479418321877823
0.483226683383106
0.48702089817957
0.490794203841207
0.49453997287237
0.498251734708925
0.501923196793638
0.505548264595667
0.509121060449037
0.512635941091136
0.516087513789713
0.519470650955366
0.522780503146245
0.526012510382391
0.529162411698893
0.532226252879658
0.535200392327023
0.538081505036573
0.540866584661226
0.5435529436638
0.546138211572765
0.548620331371513
0.550997554067156
0.553268431500411
0.555431807473427
0.557486807287222
0.559432825794697
0.561269514088718
0.562996764957413
0.564614697250491
0.566123639310884
0.567524111635227
0.568816808934556
0.570002581772948
0.571082417966611
0.572057423929075
0.572928806149558
0.573697852991259
0.57436591699423
0.574934397863608
0.575404726318313
0.575778348967908
0.576056714376214
0.576241260459497
0.576333403354729
0.576334527879623
0.576245979691004
0.576069059231689
0.575805017538575
0.575455053966262
0.575020315861322
0.574501900202619
0.573900857202838
0.573218195846065
0.572454891315774
0.571611894247353
0.57069014171943
0.569690569878906
0.568614128076081
0.567461794368612
0.566234592236575
0.564933608335704
0.563560011102161
0.56211507001004
0.560600175272484
0.55901685776871
0.557366808972745
0.55565190065511
0.553874204126338
0.552036008790951
0.550139839782445
0.548188474453988
0.546184957505788
0.544132614538531
0.542035063832754
0.539896226166504
0.537720332497971
0.535511929355954
0.533275881798738
0.531017373821259
0.528741906110967
0.526455291074516
0.524163645080069
0.521873377883377
0.519591179229728
0.517324002648121
0.51507904647832
0.512863732195714
0.510685680122748
0.50855268263903
0.506472675024753
0.504453704093658
0.502503894792147
0.500631414960196
0.49884443846723
0.497151106951948
0.495559490409051
0.494077546877879
0.492713081497927
0.491473705204009
0.490366793339477
0.489399444469207
0.488578439675141
0.487910202615925
0.487400760628683
0.487055707145212
0.486880165686978
0.486878755693275
0.487055560424889
0.487414097171737
0.487957289977271
0.488687445075209
0.48960622921546
0.490714651036092
0.492013045617192
0.493501062330419
0.495177656075408
0.497041081970975
0.499088893545533
0.501317944447526
0.503724393673133
0.506303714285215
0.509050705574688
0.51195950859334
0.515023624965771
0.518235938867761
0.521588742039137
0.525073761681228
0.528682191072367
0.532404722719813
0.536231583852868
0.540152574050084
0.544157104783229
0.548234240652198
0.552372742078328
0.556561109218641
0.560787626860278
0.56504041005295
0.569307450237382
0.573576661629561
0.577835927623949
0.582073146983707
0.586276279592151
0.590433391547213
0.594532699389371
0.598562613263232
0.602511778823694
0.606369117709102
0.610123866416041
0.61376561342321
0.617284334425057
0.620670425549431
0.623914734447304
0.627008589156487
0.629943824655168
0.632712807034851
0.635308455235873
0.637724260301936
0.639954302123043
0.641993263648724
0.643836442565413
0.645479760443374
0.646919769369411
0.648153656091933
0.6491792437146
0.649994990983789
0.650599989223532
0.650993956979287
0.651177232439028
0.651150763706626
0.650916097008387
0.650475362918916
0.64983126069728
0.648987040828662
0.647946485870523
0.646713889705562
0.645294035306738
0.643692171122091
0.641913986189315
0.639965584091872
0.637853455869998
0.635584452001226
0.633165753566076
0.630604842715358
0.627909472556065
0.625087636573175
0.622147537704791
0.619097557187909
0.615946223291798
0.61270218005534
0.609374156143888
0.605970933940063
0.602501318981533
0.598974109857128
0.595398068670594
0.591781892178957
0.588134183709709
0.584463425957873
0.580777954760544
0.577085933942444
0.573395331321739
0.569713895960438
0.566049136738472
0.562408302324774
0.558798362612523
0.555225991679086
0.551697552324165
0.548219082232241
0.544796281797603
0.541434503642133
0.538138743847622
0.534913634915733
0.531763440459876
0.528692051624302
0.525702985216674
0.522799383531308
0.519984015831285
0.5172592814488
0.514627214454405
0.512089489837476
0.509647431132138
0.50730201941533
0.505053903596491
0.502903411911823
0.500850564530097
0.498895087171658
0.497036425637754
0.495273761143452
0.493606026344439
0.492031921945815
0.490549933779661
0.489158350237739
0.487855279946066
0.486638669569429
0.485506321636019
0.484455912275355
0.483485008766419
0.482591086797479
0.481771547344275
0.481023733079185
0.480344944230436
0.479732453817442
0.479183522195835
0.478695410853534
0.478265395407373
0.477890777758088
0.477568897369907
0.477297141649496
0.477072955407374
0.476893849393229
0.476757407904613
0.476661295476233
0.476603262664461
0.476581150948617
0.476592896777009
0.476636534791592
0.476710200270401
0.476812130831471
0.476940667445968
0.477094254811427
0.477271441138539
0.477470877406692
0.477691316144567
0.477931609792391
0.478190708702151
0.478467658831043
0.478761599181782
0.47907175904118
0.479397455065633
0.479738088258856
0.480093140883563
0.480462173344673
0.480844821077286
0.481240791468034
0.481649860833653
0.482071871475731
0.482506728825648
0.482954398688874
0.483414904592984
0.483888325239108
0.484374792052173
0.484874486821095
0.48538763941634
0.485914525568763
0.486455464690657
0.487010817717318
0.487580984945313
0.488166403842017
0.488767546799836
0.489384918807919
0.490019055014066
0.490670518149919
0.491339895793434
0.492027797444022
0.492734851387564
0.493461701330783
0.49420900278716
0.494977419199556
0.495767617788136
0.496580265115784
0.497416022367118
0.49827554034127
0.499159454162837
0.500068377719707
0.501002897840829
0.501963568231347
0.502950903186827
0.503965371112473
0.505007387877297
0.506077310037061
0.507175427963386
0.508301958919822
0.509457040128633
0.51064072187478
0.511852960695876
0.513093612708771
0.514362427124937
0.515659040007846
0.516982968326099
0.518333604356226
0.519710210488666
0.521111914489659
0.522537705270434
0.52398642921335
0.525456787102394
0.526947331702793
0.528456466031392
0.529982442355976
0.5315233619578
0.533077175687411
0.534641685339231
0.536214545865578
0.53779326844565
0.539375224419675
0.540957650092947
0.542537652408743
0.544112215483415
0.545678207991076
0.547232391379463
0.548771428892734
0.550291895371192
0.551790287792248
0.553263036511454
0.554706517157097
0.556117063126758
0.557490978629407
0.558824552212102
0.560114070706165
0.56135583352391
0.562546167233593
0.563681440337276
0.564758078173811
0.565772577867067
0.566721523238051
0.567601599598492
0.568409608343005
0.569142481256993
0.569797294457985
0.570371281889306
0.570861848286568
0.571266581539718
0.571583264376087
0.571809885293104
0.571944648673095
0.571985984016738
0.571932554236429
0.571783262955857
0.571537260767516
0.571193950405718
0.570752990798753
0.570214299970258
0.569578056766463
0.568844701392829
0.568014934750508
0.56708971657018
0.566070262347877
0.564958039094556
0.563754759918241
0.562462377464534
0.56108307624813
0.559619263914613
0.55807356147824
0.556448792587522
0.554747971876256
0.552974292463098
0.551131112667814
0.549221942016982
0.547250426616053
0.545220333968361
0.5431355373248
0.540999999650506
0.538817757296914
0.53659290346907
0.534329571578955
0.532031918575941
0.529704108345205
0.527350295264119
0.524974608005241
