0.598930641607056
0.597859444392543
0.596748513450147
0.595602930163147
0.594427883650029
0.593228647937619
0.592010558619309
0.590778989158593
0.589539327000832
0.588296949657496
0.587057200927145
0.585825367416019
0.584606655518407
0.583406169012891
0.582228887425246
0.581079645302184
0.57996311253235
0.578883775842132
0.577845921583906
0.576853619923505
0.575910710521988
0.575020789794394
0.574187199815066
0.573413018925615
0.572701054087651
0.572053835008213
0.571473610051524
0.570962343936388
0.570521717204367
0.570153127429926
0.569857692130239
0.569636253319231
0.569489383638043
0.569417393982349
0.569420342536025
0.569498045110705
0.569650086681652
0.569875834002468
0.570174449174249
0.570544904039109
0.570985995263509
0.571496359973523
0.57207449180218
0.5727187572082
0.573427411925919
0.574198617407855
0.575030457124218
0.575920952587668
0.576868078976717
0.577869780237278
0.578923983548962
0.580028613050675
0.581181602728842
0.582380908381045
0.583624518577962
0.58491046455707
0.586236828992601
0.587601753597539
0.58900344552494
0.590440182547479
0.591910317005679
0.593412278526757
0.594944575527261
0.59650579552357
0.598094604284887
0.599709743873314
0.601350029625086
0.603014346135787
0.604701642320441
0.606410925626665
0.608141255485507
0.609891736090169
0.61166150859748
0.613449742850725
0.615255628725202
0.617078367199716
0.61891716125807
0.620771206724545
0.622639683136341
0.624521744754023
0.626416511808275
0.628323062077578
0.630240422887108
0.632167563613967
0.634103388778086
0.636046731791748
0.637996349433696
0.639950917106439
0.641909024927503
0.643869174697291
0.645829777777843
0.647789153908228
0.649745530973721
0.651697045737269
0.653641745533165
0.655577590914469
0.657502459237439
0.65941414915833
0.661310386010267
0.66318882802072
0.665047073323314
0.666882667711432
0.668693113075367
0.670475876459581
0.672228399672142
0.673948109374442
0.67563242757609
0.677278782457274
0.678884619438962
0.680447412420099
0.681964675100379
0.683433972307257
0.684852931246638
0.686219252597989
0.687530721376624
0.688785217488388
0.68998072590505
0.691115346392206
0.692187302725513
0.69319495133543
0.694136789325382
0.695011461813301
0.695817768551789
0.696554669787626
0.697221291326995
0.697816928778527
0.698341050952046
0.698793302396684
0.699173505067737
0.699481659117301
0.699717942809179
0.699882711563875
0.699976496144596
0.7
0.699954095784014
0.699839821077281
0.699658373338762
0.699411104119558
0.699099512574311
0.698725238308364
0.698290053601397
0.697795855050383
0.697244654676489
0.696638570541981
0.695979816924258
0.695270694094937
0.694513577752317
0.693710908155785
0.692865179010578
0.691978926151023
0.691054716069853
0.690095134340454
0.68910277397806
0.68808022378492
0.687030056723374
0.685954818359627
0.684857015419827
0.683739104498845
0.682603480960923
0.681452468070248
0.680288306388275
0.679113143473649
0.677929023919479
0.676737879761823
0.67554152129238
0.67434162830759
0.673139741825648
0.671937256302295
0.67073541237569
0.669535290170098
0.668337803187649
0.667143692816934
0.665953523486654
0.664767678492052
0.663586356521175
0.662409568907393
0.661237137633721
0.660068694113573
0.65890367877143
0.657741341445579
0.65658074263353
0.655420755598907
0.654260069356573
0.653097192550358
0.651930458235142
0.650758029572046
0.649577906442233
0.648387932981196
0.647185806031478
0.64596908450755
0.644735199662019
0.64348146623751
0.642205094483494
0.640903203011985
0.639572832460543
0.638210959925271
0.636814514120736
0.63538039121779
0.633905471304372
0.632386635408449
0.630820783016411
0.629204850014537
0.627535826975649
0.625810777707777
0.624026857976748
0.622181334309977
0.620271602784652
0.618295207699754
0.616249860028294
0.61413345554356
0.611944092511293
0.609680088838459
0.607339998568797
0.604922627615575
0.602427048622978
0.599852614849395
0.597198972968505
0.594466074687503
0.591654187086065
0.588763901584753
0.585796141457412
0.582752167808767
0.579633583945805
0.576442338079632
0.573180724303231
0.569851381799931
0.566457292247308
0.563001775391632
0.55948848277884
0.555921389639177
0.55230478493411
0.548643259585766
0.544941692920928
0.541205237373374
0.537439301500092
0.533649531378456
0.529841790462788
0.52602213798971
0.52219680603231
0.518372175313185
0.514554749895969
0.510751130883775
0.506967989261099
0.503212038023054
0.499490003742215
0.495808597728909
0.492174486945307
0.488594264837182
0.485074422249692
0.481621318594865
0.478241153438771
0.474939938675453
0.471723471452701
0.468597308011625
0.465566738597692
0.462636763595579
0.459812071033701
0.457097015596861
0.454495599276941
0.452011453782171
0.449647824815208
0.447407558319125
0.445293088778547
0.443306429650639
0.441449165987526
0.439722449298103
0.438126994683193
0.436663080263687
0.435330548906768
0.434128812240736
0.433056856934311
0.43211325320182
0.431296165481391
0.430603365219324
0.430032245680303
0.429579838690103
0.429242833205111
0.429017595591313
0.428900191484582
0.428886409094177
0.428971783802375
0.429151623905254
0.429421037332814
0.429774959180956
0.430208179883375
0.430715373848191
0.431291128382177
0.431929972724736
0.432626407014386
0.433374931012349
0.434170072410994
0.435006414559206
0.435878623442332
0.436781473761046
0.437709873961257
0.438658890076036
0.43962376825028
0.440599955829501
0.441583120905528
0.442569170224043
0.443554265371535
0.444534837172438
0.445507598240716
0.446469553643954
0.447418009651895
0.448350580555284
0.4492651935547
0.450160091732649
0.451033835135452
0.451885300004321
0.452713676207281
0.453518462935255
0.45429946273657
0.455056773974231
0.455790781799538
0.456502147743889
0.457191798037855
0.457860910772818
0.458510902025538
0.459143411070009
0.4597602848038
0.460363561517766
0.460955454138598
0.461538333073122
0.46211470878166
0.462687214205054
0.463258587166331
0.463831652863357
0.464409306563368
0.464994496603994
0.465590207798401
0.466199445334558
0.466825219250491
0.467470529558756
0.468138352084425
0.468831625071679
0.469553236604725
0.470306012879362
0.471092707352123
0.471915990784733
0.472778442192557
0.473682540697054
0.474630658273936
0.475625053380875
0.476667865441311
0.477761110154168
0.478906675593211
0.480106319054394
0.481361664604834
0.482674201283133
0.48404528189757
0.485476122366273
0.486967801541821
0.488521261461817
0.490137307966807
0.491816611627445
0.493559708924007
0.495367003623218
0.497238768299729
0.499175145952598
0.501176151670505
0.503241674303311
0.505371478101772
0.507565204291696
0.50982237255356
0.512142382383468
0.514524514316293
0.516967930996843
0.519471678089835
0.522034685024321
0.52465576557293
0.527333618270764
0.530066826683097
0.53285385953491
0.535693070719027
0.538582699202796
0.541520868856229
0.544505588226972
0.547534750289537
0.550606132197928
0.553717395071969
0.556866083848498
0.560049627228979
0.563265337755083
0.566510412043474
0.569781931210255
0.573076861514584
0.576392055249568
0.579724251907019
0.58307007964081
0.586426057051611
0.589788595313596
0.593154000661481
0.59651847725388
0.599878130426594
0.603228970347011
0.606566916078414
0.609887800060646
0.613187373011259
0.616461309249123
0.619705212440314
0.622914621764172
0.626085018495542
0.629211832997488
0.632290452117215
0.635316226976456
0.638284481146284
0.641190519195102
0.644029635597481
0.646797123990511
0.649488286763428
0.652098444965421
0.654622948515702
0.657057186699127
0.65939659892988
0.66163668576487
0.663773020147688
0.665801258862995
0.667717154180258
0.669516565664625
0.671195472131547
0.672749983720445
0.674176354061279
0.675470992506306
0.676630476397651
0.677651563339492
0.678531203441765
0.679266551500257
0.679854979075906
0.680294086433936
0.68058171430129
0.680715955398635
0.680695165701025
0.680517975379218
0.680183299371613
0.679690347534877
0.679038634319629
0.678227987916044
0.677258558812944
0.67613082771303
0.674845612746217
0.67340407592278
0.671807728768133
0.67005843708161
0.668158424762636
0.666110276649124
0.663916940314992
0.661581726776114
0.659108310057122
0.656500725574975
0.653763367299331
0.650900983654324
0.647918672131473
0.644821872589018
0.641616359219004
0.638308231169917
0.634903901819485
0.631410086699442
0.627833790081537
0.624182290241727
0.620463123427422
0.616684066560577
0.612853118717531
0.608978481434448
0.605068537895205
0.601131831066313
0.597177040851032
0.593212960342088
0.589248471259298
0.585292518664899
0.581354085055326
0.577442163933648
0.5735657329717
0.569733726875117
0.565955010067994
0.562238349316627
0.558592386413831
0.555025611046492
0.551546333969485
0.548162660608647
0.544882465214313
0.541713365684898
0.538662699177226
0.535737498616692
0.53294447021608
0.530289972106784
0.52777999418053
0.525420139233361
0.523215605496776
0.521171170633556
0.519291177267922
0.517579520111533
0.516039634738215
0.514674488051632
0.513486570481064
0.512477889931493
0.511649967505048
0.511003835001848
0.510540034199303
0.510258617900201
0.510159152731303
0.51024072366595
0.510501940236252
0.51094094439287
0.51155541996335
0.512342603653266
0.513299297528363
0.51442188291021
0.515706335612856
0.517148242443444
0.518742818885774
0.520484927882455
0.5223690996284
0.524389552286204
0.526540213532118
0.528814742840163
0.531206554411142
0.533708840653019
0.53631459611932
0.539016641812712
0.54180764976186
0.544680167780887
0.547626644322323
0.550639453336206
0.553710919050031
0.556833340586469
0.559999016338137
0.563200268021225
0.56642946433238
0.569679044135966
0.572941539111536
0.576209595794179
0.57947599694322
0.582733682177591
0.585975767819048
0.589195565887307
0.59238660219402
0.595542633485427
0.598657663586473
0.601725958502066
0.604742060434241
0.607700800676997
0.610597311353716
0.61342703596533
0.616185738720693
0.618869512624081
0.621474786298326
0.623998329525819
0.626437257493494
0.628789033731992
0.631051471743395
0.63322273531636
0.635301337532049
0.637286138469008
0.639176341620062
0.640971489039365
0.642671455242932
0.644276439891288
0.645786959288279
0.647203836735492
0.648528191787251
0.649761428456554
0.650905222427743
0.65196150733695
0.652932460186521
0.653820485964561
0.654628201545404
0.655358418951248
0.656014128059206
0.656598478841702
0.657114763231333
0.657566396704037
0.657956899676589
0.658289878816069
0.658569008359928
0.658798011545654
0.658980642248729
0.659120666926581
0.659221846964544
0.659287921517444
0.659322590937317
0.659329500873984
0.65931222713067
0.659274261351751
0.659218997613868
0.659149719985272
0.659069591111293
0.658981641876359
0.658888762185041
0.658793692896293
0.658699018936376
0.658607163607045
0.658520384096458
0.658440768191051
0.658370232177372
0.658310519913672
0.658263203041981
0.658229682302547
0.658211189903967
0.658208792894177
0.658223397469702
0.65825575415344
0.658306463764588
0.658375984098416
0.658464637228387
0.658572617338621
0.658699998991132
0.65884674572945
0.659012718918348
0.65919768671844
0.659401333094308
0.659623266755712
0.659863029933183
0.66012010689202
0.660393932092262
0.660683897906642
0.660989361813782
0.661309652989926
0.661644078229213
0.66199192712993
0.662352476492162
0.662724993880779
0.663108740316655
0.663502972068325
0.663906941525921
0.664319897148976
0.664741082489591
0.665169734302388
0.665605079762439
0.666046332822074
0.666492689746824
0.666943323879835
0.667397379692718
0.667853966188912
0.668312149733227
0.668770946388117
0.669229313843449
0.669686143031992
0.670140249527484
0.670590364825907
0.671035127613554
0.671473075127402
0.67190263471445
0.672322115696768
0.672729701648224
0.673123443187141
0.67350125138648
0.673860891899628
0.674199979895485
0.674515975891327
0.674806182565948
0.67506774262887
0.675297637814018
0.675492689058296
0.675649557916934
0.675764749258507
0.675834615273108
0.675855360817434
0.6758230501106
0.675733614784322
0.675582863280946
0.675366491582531
0.675080095244062
0.674719182693889
0.674279189754665
0.673755495328629
0.673143438181943
0.672438334754115
0.671635497910372
0.670730256547211
0.669717975954307
0.668594078829637
0.667354066838918
0.665993542605564
0.664508232013138
0.662894006698855
0.661146906614075
0.659263162525928
0.657239218333197
0.655071753069418
0.6527577024668
0.65029427995599
0.647678996978912
0.644909682494921
0.641984501564187
0.63890197289667
0.635660985260101
0.632260812646139
0.62870112810013
0.624982016126785
0.621103983591379
0.617067969043924
0.612875350401865
0.608527950935432
0.604028043508522
0.599378353037038
0.59458205713579
0.589642784934391
0.584564614051914
0.579352065729487
0.574010098129308
0.568544097817773
0.562959869459505
0.557263623757903
0.551461963686463
0.545561869063446
0.539570679530414
0.533496076002791
0.527346060667775
0.521128935611636
0.514853280164735
0.508527927058291
0.502161937492162
0.495764575217533
0.489345279742512
0.482913638772072
0.476479359996731
0.470052242346579
0.463642146828974
0.457258967069274
0.450912599674413
0.444612914538981
0.438369725212728
0.432192759447069
0.42609163003628
0.420075806066632
0.414154584683743
0.408337063484968
0.402632113639688
0.397048353835988
0.391594125147404
0.38627746690824
0.381106093680426
0.376087373389045
0.371228306697562
0.366535507687432
0.362015185900233
0.357673129793785
0.353514691656913
0.349544774020641
0.3457678175967
0.342187790767345
0.338808180643608
0.335631985702385
0.332661710006083
0.329899359002095
0.327346436893054
0.325003945562779
0.322872385036984
0.320951755452284
0.319241560501805
0.317740812320782
0.316448037770964
0.315361286078436
0.314478137775608
0.313795714894701
0.313310692356944
0.313019310499051
0.312917388676238
0.313000339879161
0.313263186300613
0.313700575786718
0.314306799106541
0.315075807973649
0.316001233753048
0.317076406787145
0.318294376274929
0.319647930639345
0.321129618318899
0.322731768920804
0.324446514674444
0.326265812125632
0.328181464013876
0.330185141276841
0.332268405128208
0.334422729157184
0.336639521400092
0.338910146336589
0.341225946765208
0.343578265515032
0.345958466952378
0.348357958243347
0.350768210335011
0.353180778619817
0.355587323249471
0.35797962906612
0.360349625120089
0.36268940374472
0.364991239159967
0.367247605577434
0.369451194780357
0.37159493315274
0.373671998132425
0.375675834063277
0.377600167422011
0.379439021395345
0.381186729783293
0.382837950204393
0.384387676578656
0.385831250863869
0.387164374020815
0.388383116182763
0.389483926004523
0.390463639166202
0.391319486006781
0.392049098262662
0.392650514886441
0.393122186921425
0.393462981407774
0.393672184296691
0.393749502349815
0.393695064001839
0.393509419165552
0.393193537959801
0.392748808342487
0.39217703263254
0.391480422906915
0.390661595261022
0.389723562923645
0.388669728220333
0.38750387338241
0.386230150202253
0.384853068539205
0.383377483684461
0.381808582597551
0.380151869031473
0.378413147568233
0.376598506591441
0.374714300227656
0.372767129293375
0.370763821289883
0.368711409493598
0.366617111194972
0.364488305144518
0.362332508269963
0.360157351733913
0.357970556406712
0.355779907834313
0.353593230785893
0.351418363470691
0.349263131517935
0.347135321817827
0.345042656325279
0.342992765931379
0.340993164510402
0.339051223252537
0.337174145394241
0.335368941459393
0.333642405124986
0.332001089825039
0.330451286205705
0.328999000543136
0.327649934233515
0.326409464461831
0.325282626152391
0.324274095299712
0.323388173773425
0.322628775685003
0.321999415397688
0.321503197253795
0.321142807085767
0.320920505568902
0.320838123464668
0.32089705879394
0.32109827596947
0.321442306906428
0.321929254119035
0.322558795800156
0.323330192869428
0.324242297963943
0.325293566333991
0.326482068594802
0.327805505273751
0.329261223081245
0.330846232822471
0.332557228856543
0.334390609999317
0.336342501756472
0.338408779764282
0.340585094307068
0.342866895772612
0.345249460899874
0.347727919667348
0.350297282665264
0.352952468790708
0.355688333101626
0.358499694663608
0.361381364222374
0.364328171535
0.367334992194163
0.37039677378203
0.373508561193851
0.376665520975906
0.379862964528011
0.383096370027491
0.386361402939135
0.389653934984263
0.39297006145149
0.3963061167421
0.399658688054001
0.403024627119968
0.406401059928223
0.40978539436629
0.413175325742298
0.416568840151553
0.419964215670046
0.423360021370538
0.4267551141709
0.430148633538375
0.433539994087209
0.436928876120721
0.440315214182063
0.443699183690739
0.447081185754228
0.450461830255731
0.453841917330051
0.457222417349876
0.460604449554173
0.463989259458938
0.467378195198223
0.470772682949993
0.47417420160704
0.477584256857803
0.481004354845503
0.484435975576477
0.487880546250023
0.491339414682362
0.494813822996596
0.498304881748717
0.501813544656878
0.505340584097289
0.508886567525261
0.512451834974164
0.516036477778424
0.519640318659172
0.523262893302932
0.526903433554706
0.530560852337192
0.53423373039762
0.537920304972933
0.541618460452813
0.545325721108454
0.549039245943069
0.55275582570797
0.55647188211574
0.560183469269604
0.563886277315694
0.567575638312496
0.571246534299533
0.574893607535228
0.578511172862099
0.58209323214587
0.585633490723976
0.589125375788164
0.592562056615696
0.595936466553854
0.599241326653377
0.60246917083782
0.60561237248801
0.60866317231349
0.611613707376377
0.614456041127277
0.617182194307893
0.619784176570739
0.622254018662931
0.624583805018386
0.626765706600943
0.628792013839885
0.630655169499157
0.63234780132214
0.633862754295253
0.635193122375825
0.636332279532593
0.637273909950911
0.638012037259134
0.638541052637748
0.638855741678642
0.638951309868284
0.638823406575618
0.638468147433107
0.637882135007416
0.637062477664886
0.636006806545963
0.634713290572192
0.633180649419167
0.631408164398899
0.62939568720538
0.627143646487637
0.624653052225171
0.621925497891426
0.618963160401641
0.615768797852137
0.612345745068693
0.608697906992112
0.604829749939331
0.600746290788388
0.596453084145247
0.591956207559749
0.587262244866854
0.582378267737725
0.577311815533086
0.572070873558628
0.56666384982895
0.561099550452599
0.55538715375622
0.549536183270493
0.543556479704584
0.537458172039026
0.531251647869468
0.524947523135439
0.518556611369193
0.51208989259989
0.505558482047739
0.498973598741387
0.492346534189688
0.485688621236202
0.479011203221205
0.472325603571825
0.465643095936084
0.458974874971229
0.452332027890791
0.445725506868365
0.439166102389226
0.432664417633642
0.426230843968168
0.419875537613319
0.413608397548018
0.407439044702992
0.401376802487023
0.395430678681711
0.389609348732155
0.383921140452857
0.378374020160222
0.372975580235318
0.367733028113137
0.36265317668752
0.357742436114205
0.353006806988199
0.348451874865852
0.344082806096721
0.339904344925509
0.335920811820157
0.332136102978472
0.328553690962588
0.325176626408045
0.322007540752303
0.319048649926158
0.316301758950683
0.313768267382041
0.311449175546732
0.309345091510534
0.307456238725553
0.305782464301335
0.304323247847946
0.30307771084112
0.302044626462148
0.301222429867861
0.300609228849033
0.300202814838518
0.300000674233582
0.3
0.300197703528592
0.300590426717909
0.301174554259675
0.301946226106332
0.302901350102574
0.304035614765059
0.30534450219652
0.30682330112221
0.30846712003807
0.310270900461062
0.312229430272857
0.31433735714847
0.316589202061439
0.318979372856873
0.321502177883014
0.324151839670986
0.326922508651166
0.329808276893
0.33280319185333
0.335901270116233
0.339096511105182
0.34238291074597
0.345754475056366
0.349205233635932
0.352729253026892
0.356320649914374
0.359973604131909
0.363682371435662
0.367441296008712
0.371244822654617
0.375087508637767
0.37896403512647
0.382869218193516
0.38679801932811
0.390745555412494
0.394707108116533
0.398678132663749
0.402654265923061
0.406631333781603
0.410605357755599
0.414572560798327
0.418529372266682
0.422472432010803
0.426398593554575
0.430304926338613
0.434188717001517
0.438047469679727
0.441878905311242
0.445680959933654
0.449451781972488
0.453189728521563
0.456893360623088
0.460561437561293
0.464192910189698
0.467786913318403
0.47134275719417
0.474859918112408
0.478338028206413
0.481776864465409
0.485176337038876
0.488536476890464
0.491857422870236
0.495139408279235
0.498382747005119
0.501587819312097
0.504755057372308
0.507884930629293
0.510977931087142
0.514034558621287
0.517055306408674
0.52004064657623
0.522991016167005
0.525906803523235
0.52878833518467
0.531635863398964
0.534449554338633
0.537229477116092
0.539975593684563
0.542687749708244
0.545365666479992
0.548008933959031
0.5506170049947
0.553189190795255
0.555724657693062
0.558222425249333
0.560681365732878
0.563100204998195
0.565477524778706
0.56781176640109
0.570101235916513
0.572344110634296
0.574538447033071
0.576682190014032
0.578773183450454
0.580809181977303
0.582787863954672
0.584706845528948
0.586563695706142
0.588355952342833
0.5900811389517
0.591736782210791
0.593320430058509
0.594829670249946
0.596262149244613
0.597615591291043
0.598887817569982
0.600076765255292
0.601180506350019
0.602197266154577
0.60312544122456
0.603963616677434
0.60471058271018
0.605365350193959
0.605927165216975
0.606395522452891
0.606770177239458
0.607051156260251
0.607238766731706
0.607333604007771
0.60733655752548
0.607248815026503
0.607071865002079
0.606807497321745
0.606457802019615
0.606025166225777
0.605512269244329
0.60492207579369
0.604257827438917
0.603523032259727
0.602721452811654
0.601857092451098
0.600934180107909
