0.863968138509253
0.86444722156733
0.86497612454013
0.865549336539714
0.8661609698318
0.866804802402765
0.867474323428826
0.868162781246242
0.868863233407712
0.869568598400667
0.870271708597606
0.870965364006757
0.871642386392901
0.872295673342982
0.872918251858676
0.873503331068373
0.874044353663526
0.874535045679008
0.874969464253618
0.875342043025021
0.875647634833101
0.875881551426658
0.876039599890598
0.876118115534072
0.876113991004347
0.876024701416521
0.875848325315436
0.875583561313233
0.875229740274006
0.87478683294577
0.874255452969499
0.873636855225273
0.87293292950646
0.872146189544314
0.871279757437276
0.87033734357146
0.869323222151169
0.868242202490636
0.867099596250242
0.865901180832142
0.864653159181117
0.863362116266448
0.862034972549293
0.860678934767208
0.859301444392784
0.857910124146562
0.856512722965188
0.855117059843851
0.85373096698719
0.852362232714795
0.851018544575918
0.849707433132942
0.848436216874238
0.847211948714255
0.846041364531937
0.844930834187678
0.843886315444169
0.842913311197589
0.842016830402709
0.841201353048807
0.840470799512942
0.839828504583308
0.839277196408318
0.838818980587101
0.838455329574405
0.838187077527964
0.838014420679523
0.837936923262265
0.83795352897787
0.838062577936222
0.838261828950306
0.838548487018638
0.838919235778002
0.839370274660924
0.839897360445533
0.840495852840799
0.841160763708014
0.841886809480223
0.842668466305535
0.843500027408332
0.844375662134542
0.845289476123956
0.846235572034092
0.847208110226862
0.848201368821374
0.849209802513863
0.850228099569166
0.851251236397431
0.852274529144914
0.853293681748893
0.8543048299337
0.855304580657723
0.856290046559672
0.857258874996264
0.858209271312504
0.859140016039523
0.860050475773142
0.860940607548427
0.86181095659101
0.862662647394278
0.86349736814201
0.864317348568006
0.865125331416976
0.865924537743611
0.86671862635861
0.867511647800564
0.868307993280238
0.869112339108008
0.869929587175215
0.870764802115097
0.871623145818008
0.872509810017972
0.873429947702664
0.874388604125866
0.87539064821982
0.876440705214245
0.877543091268598
0.878701750914297
0.879920198083835
0.881201461474057
0.882548034951365
0.883961833657608
0.885444156417172
0.886995654978955
0.888616310552037
0.890305418011807
0.892061578064991
0.893882697568376
0.895765998098326
0.89770803276753
0.899704711183118
0.901751332337768
0.903842625123924
0.905972796062301
0.908135583740755
0.910324319369744
0.912531992777313
0.914751323091021
0.916974833287651
0.91919492773499
0.921403971804207
0.923594372597368
0.925758659812795
0.927889565761917
0.929980103555079
0.932023642490677
0.934013979711754
0.935945407236515
0.937812773523714
0.939611538799675
0.941337823450136
0.942988448866081
0.944560970227029
0.946053700806767
0.947465727493595
0.948796917328598
0.950047914979463
0.951220131182485
0.952315722299997
0.953337561252836
0.954289200196175
0.955174825410458
0.955999204975864
0.956767629887427
0.957485849347249
0.958160001039301
0.958796537249932
0.95940214774289
0.959983680330581
0.960548060103259
0.961102208284516
0.961652961674924
0.962206993626118
0.962770737455403
0.963350313166738
0.963951458288437
0.964579463572021
0.965239114221513
0.965934637239252
0.966669655384356
0.967447148144674
0.968269420024006
0.969138076345
0.970054006666001
0.971017375808903
0.972027622396104
0.973083464699572
0.974182913515186
0.975323291692149
0.976501259871595
0.977712847921638
0.978953491498772
0.980218073118553
0.981500967082419
0.982796087582572
0.984096939293329
0.98539666975515
0.986688122866425
0.987963892817684
0.989216377832556
0.990437833118767
0.991620422479903
0.992756268093395
0.993837498021239
0.994856291085877
0.995804918813319
0.996675784217501
0.997461457272691
0.99815470699313
0.998748530109666
0.999236176400602
0.999611170797163
0.999867332441754
0.999998790928538
1
0.999865749009312
0.999591172485987
0.999171758161143
0.998603353818406
0.997882173337219
0.997004802287025
0.995968203414008
0.994769722337119
0.993407093737725
0.991878448288143
0.990182320519418
0.988317657779049
0.986283830375935
0.984080642953845
0.981708347077282
0.979167654956005
0.976459754177748
0.973586323264151
0.970549547813486
0.967352136946661
0.963997339730982
0.96048896122021
0.956831377720173
0.953029550867303
0.949089040093216
0.945016013042397
0.940817253512049
0.936500166493512
0.932072779912956
0.927543742695211
0.92292231880807
0.918218376984704
0.913442375868301
0.908605344374899
0.903718857126813
0.89879500486915
0.89384635984465
0.888885936166614
0.883927145294784
0.878983746783928
0.874069794538375
0.869199578867021
0.864387564691389
0.859648326313373
0.854996479198579
0.850446609274915
0.846013200283835
0.841710559752774
0.837552744181575
0.833553484052714
0.829726109284844
0.826083475751439
0.8226378934813
0.81940105714544
0.816383979415785
0.813596927755464
0.811049365168711
0.808749895401071
0.806706213038297
0.80492505890558
0.80341218111838
0.802172302082735
0.801209091687223
0.800525146871577
0.800121977698861
0.8
0.800158534601834
0.800595813093505
0.801308990031436
0.802294161430975
0.803546389343535
0.805059732272064
0.80682728113549
0.808841200454547
0.811092774397486
0.813572457294675
0.816269928206213
0.819174149106414
0.822273426233331
0.825555474140403
0.829007481980607
0.832616181551074
0.836367916627753
0.840248713125134
0.844244349625008
0.848340427830447
0.852522442516291
0.856775850565194
0.861086138698243
0.865438889531155
0.869819845610622
0.874214971110306
0.878610510891936
0.882993046663662
0.887349549995088
0.891667431975869
0.895934589332379
0.900139446844436
0.904270995931273
0.908318829302774
0.912273171598297
0.916124905961077
0.919865596521201
0.923487506784366
0.926983613947028
0.93034761918107
0.933573953952716
0.93665778246107
0.939595000301243
0.942382229475641
0.945016809894417
0.947496787522379
0.949820899344743
0.951988555337866
0.953999817643552
0.955855377156479
0.95755652774383
0.959105138324107
0.960503623038374
0.96175490975181
0.962862407126221
0.963829970505257
0.964661866853284
0.965362738986312
0.965937569328994
0.966391643425589
0.96673051342498
0.966959961750419
0.96708596515376
0.967114659341707
0.967052304348149
0.966905250812204
0.966679907306354
0.966382708843166
0.966020086672889
0.965598439467832
0.965124105973132
0.964603339187568
0.964042282122608
0.963446945173174
0.962823185119848
0.962176685769492
0.961512940229845
0.960837234803465
0.960154634477685
0.959469969979986
0.958787826362363
0.958112533073927
0.957448155478001
0.956798487768317
0.95616704723843
0.955557069859046
0.954971507119435
0.954413024091275
0.953883998675959
0.953386521999484
0.95292239992218
0.952493155633683
0.952100033306461
0.95174400278368
0.951425765279158
0.951145760068402
0.950904172150216
0.950700940857971
0.950535769398337
0.95040813529303
0.950317301695992
0.950262329554333
0.950242090576511
0.95025528096559
0.950300435869173
0.95037594449082
0.950480065800688
0.950610944775762
0.950766629092714
0.950945086189195
0.951144220602396
0.95136189148731
0.951595930211189
0.951844157915693
0.952104402933992
0.95237451794697
0.952652396760629
0.952935990585998
0.953223323703312
0.95351250839398
0.953801759027008
0.954089405190955
0.954373903768262
0.954653849855834
0.954927986443956
0.95519521277498
0.955454591313591
0.95570535327175
0.955946902643454
0.95617881871719
0.956400857047132
0.956612948877717
0.956815199029904
0.957007882271208
0.957191438205147
0.957366464729045
0.957533710121876
0.95769406383607
0.957848546078503
0.957998296276445
0.958144560533621
0.958288678189866
0.958432067604881
0.958576211292367
0.958722640535164
0.958872919614986
0.959028629791921
0.959191353168962
0.959362656575622
0.959544075602107
0.959737098911665
0.959943152953761
0.96016358719463
0.960399659974787
0.960652525095241
0.960923219225734
0.961212650219339
0.961521586408463
0.961850646947798
0.962200293260238
0.96257082163234
0.962962356996728
0.96337484793002
0.963808062886437
0.964261587679473
0.964734824216711
0.965226990486276
0.965737121787443
0.966264073192532
0.966806523222499
0.96736297871436
0.967931780854799
0.968511112350882
0.969099005705585
0.969693352562778
0.97029191408324
0.970892332310071
0.971492142478434
0.972088786220793
0.972679625614567
0.973261958014397
0.973833031605919
0.974390061612052
0.974930247076323
0.975450788140785
0.975948903728552
0.976421849533181
0.976866936209013
0.977281547648489
0.977663159224392
0.978009355867338
0.978317849841718
0.978586498076986
0.97881331890602
0.978996508058324
0.979134453753516
0.979225750739973
0.97926921312492
0.979263885845797
0.979209054638648
0.979104254367485
0.978949275589331
0.97874416924278
0.978489249363452
0.978185093747597
0.977832542505036
0.977432694464566
0.97698690141847
0.976496760217687
0.97596410275508
0.975390983900687
0.974779667479537
0.974132610408948
0.973452445137878
0.972741960555375
0.972004081557935
0.9712418474863
0.970458389660387
0.969656908256331
0.968840648781619
0.968012878412746
0.967176862464507
0.966335841260693
0.965493007672571
0.964651485583972
0.963814309530186
0.962984405742202
0.962164574808406
0.961357476142808
0.960565614422614
0.959791328128833
0.959036780292053
0.958303951512052
0.957594635285018
0.956910435636468
0.956252767022016
0.955622856422574
0.95502174752601
0.954450306854269
0.953909231664196
0.953399059422156
0.952920178627768
0.95247284074091
0.952057172949183
0.951673191500529
0.951320815317898
0.950999879610122
0.950710149195347
0.950451331260772
0.950223087294794
0.950025043944938
0.949856802576838
0.94971794733575
0.949608051542217
0.94952668228707
0.949473403127385
0.949447774823739
0.949449354099441
0.949477690443664
0.949532321021787
0.949612763797167
0.949718509008017
0.9498490091806
0.950003667894592
0.950181827547689
0.950382756393685
0.950605635150664
0.95084954349325
0.951113446754592
0.951396183169522
0.951696451990097
0.952012802798159
0.952343626326864
0.952687147084308
0.953041418047712
0.953404317666462
0.953773549377106
0.954146643793729
0.95452096369362
0.954893711871572
0.955261941887318
0.955622571680349
0.955972399975614
0.956308125353301
0.956626367806948
0.956923692567482
0.957196635927286
0.957441732758944
0.95765554538859
0.95783469345459
0.957975884359059
0.958075943903074
0.958131846686642
0.95814074585173
0.958100001751141
0.958007209137523
0.957860222485268
0.957657179083028
0.95739651956569
0.957077005591256
0.956697734409477
0.956258150114567
0.955758051422905
0.955197595867504
0.954577300353137
0.953898038068463
0.953161031803246
0.952367843768895
0.951520362068212
0.950620784004469
0.94967159646013
0.94867555361094
0.947635652271225
0.946555105190657
0.945437312641177
0.944285832645044
0.943104350201134
0.941896645866765
0.940666564046657
0.939417981329681
0.938154775198083
0.936880793413715
0.935599824361857
0.934315568606445
0.933031611881483
0.931751399713015
0.93047821383501
0.929215150531553
0.927965101007713
0.926730733862792
0.925514479713186
0.924318517988062
0.923144765899999
0.921994869574892
0.920870197310887
0.919771834925021
0.918700583138423
0.917656956946255
0.916641186916739
0.91565322236418
0.914692736343516
0.913759132417905
0.912851553155818
0.911968890319265
0.911109796709699
0.910272699642092
0.909455816020203
0.908657168986658
0.907874606119595
0.907105819143144
0.906348365111467
0.905599689015522
0.904857147747975
0.904118035344977
0.903379609404031
0.902639118555194
0.901893830838931
0.901141062818549
0.9003782092289
0.899602772936729
0.898812394962347
0.898004884288023
0.897178247156415
0.896330715543292
0.895460774473396
0.894567187837385
0.893649022361789
0.892705669383563
0.891736864086248
0.89074270186649
0.889723651517654
0.888680564941629
0.887614683130388
0.886527638195272
0.885421451263723
0.884298526109871
0.883161638436154
0.882013920777326
0.880858843054825
0.879700188867593
0.87854202766407
0.877388682998147
0.876244697128375
0.875114792273602
0.874003828888572
0.872916761368844
0.871858591634965
0.870834321080345
0.869848901395198
0.868907184799725
0.868013874233069
0.867173474050334
0.866390241777999
0.865668141468552
0.865010799178262
0.864421461068141
0.863902954597744
0.863457653245125
0.863087445144655
0.862793705988326
0.862577276486325
0.862438444629945
0.862376932945224
0.862391890869743
0.862481892328839
0.862644938531668
0.862878465953037
0.86317935941423
