0.135236779471622
0.13450898506351
0.133782017880283
0.133057139881068
0.132335637580957
0.131618819923258
0.13090801592559
0.130204572075852
0.1295098494571
0.128825220584052
0.128152065938095
0.12749177019239
0.126845718123735
0.126215290213327
0.125601857944218
0.12500677880915
0.124431391048345
0.123877008142736
0.123344913093854
0.122836352527127
0.122352530660515
0.121894603185196
0.121463671109261
0.121060774619059
0.120686887015844
0.120342908787655
0.120029661877913
0.11974788421289
0.119498224550095
0.11928123770865
0.119097380240876
0.118947006601639
0.118830365868519
0.118747599061592
0.118698737106607
0.118683699479677
0.11870229356534
0.118754214753031
0.118839047289842
0.118956265899828
0.119105238172384
0.119285227714248
0.119495398051754
0.119734817262059
0.120002463304368
0.120297230014735
0.120617933720973
0.120963320427582
0.121332073514575
0.1217228218886
0.12213414852004
0.122564599295719
0.123012692113614
0.123476926143547
0.123955791176237
0.124447776982352
0.124951382603297
0.125465125496407
0.125987550458967
0.126517238257981
0.127052813895892
0.127592954446358
0.128136396398777
0.12868194245536
0.129228467730169
0.129774925305555
0.130320351107801
0.130863868070398
0.131404689560191
0.131942122048535
0.132475567016534
0.13300452209032
0.133528581409103
0.134047435235274
0.134560868822207
0.1350687605614
0.135571079436289
0.136067881815339
0.136559307621848
0.137045575922304
0.137526979979008
0.138003881816076
0.138476706350805
0.138945935144764
0.13941209983078
0.13987577527336
0.140337572520884
0.140798131608283
0.141258114268758
0.141718196612562
0.142179061829856
0.142641392973258
0.143105865873981
0.1435731422433
0.144043863008733
0.144518641931587
0.144998059549574
0.14548265748502
0.145972933155803
0.146469334922602
0.146972257702319
0.147482039073712
0.147998955897346
0.148523221467966
0.149054983213322
0.149594320949418
0.15014124569803
0.150695699068297
0.15125755320011
0.151826611263076
0.15240260850092
0.152985213807391
0.153574031816081
0.154168605483033
0.154768419137685
0.155372901974512
0.15598143195482
0.156593340085429
0.157207915038526
0.157824408074821
0.158442038230264
0.159059997724994
0.159677457551998
0.160293573202035
0.160907490480833
0.161518351374405
0.162125299918455
0.162727488028404
0.16332408124743
0.163914264371137
0.164497246909035
0.165072268344877
0.165638603160089
0.166195565586954
0.166742514060922
0.16727885534432
0.167804048296825
0.168317607271317
0.168819105117059
0.169308175775581
0.169784516458093
0.170247889396692
0.170698123165003
0.171135113567231
0.17155882409774
0.171969285976318
0.172366597767129
0.172750924591942
0.173122496950632
0.173481609164061
0.173828617456304
0.174163937694737
0.174488042807853
0.174801459901601
0.17510476709588
0.175398590103213
0.175683598571942
0.175960502216246
0.176230046755145
0.176493009682291
0.176750195887876
0.177002433153389
0.177250567539329
0.177495458685256
0.1777379750409
0.177978989046368
0.178219372278901
0.178459990583113
0.178701699201222
0.178945337919551
0.179191726247392
0.17944165864438
0.179695899812702
0.179955180070761
0.180220190825435
0.180491580160644
0.180769948560666
0.181055844787452
0.181349761932044
0.181652133661097
0.181963330680352
0.182283657437762
0.182613349089646
0.18295256875387
0.183301405074412
0.183659870121866
0.184027897654316
0.184405341762646
0.184791975923562
0.185187492482558
0.185591502587508
0.186003536591713
0.186423044942879
0.1868493995718
0.187281895791365
0.187719754712963
0.188162126183471
0.188608092241728
0.189056671088862
0.189506821562015
0.189957448095983
0.190407406152153
0.190855508088852
0.191300529441999
0.191741215579765
0.192176288689918
0.192604455053703
0.193024412555607
0.193434858374223
0.193834496795704
0.194222047088171
0.194596251372803
0.194955882425415
0.19529975134106
0.195626714993654
0.195935683222881
0.196225625681657
0.196495578279242
0.196744649157748
0.19697202414321
0.197176971616551
0.197358846754758
0.19751709509815
0.197651255405937
0.197760961769069
0.197845944956733
0.197906032980601
0.197941150869026
0.197951319651693
0.197936654563673
0.197897362486336
0.197833738650934
0.197746162638921
0.197635093720971
0.197501065584208
0.197344680504186
0.197166603024609
0.196967553213564
0.196748299570041
0.196509651658733
0.196252452554385
0.195977571179336
0.195685894619313
0.195378320502872
0.195055749529304
0.194719078228126
0.194369192030675
0.194006958730636
0.193633222405787
0.193248797867781
0.192854465700439
0.192450967940008
0.192039004443066
0.191619229979431
0.191192252078619
0.19075862964917
0.190318872380713
0.189873440928948
0.189422747874114
0.188967159433818
0.188506997901746
0.188042544774611
0.187574044521026
0.187101708937778
0.186625722031444
0.186146245356422
0.185663423734421
0.185177391275251
0.184688277614555
0.184196214280832
0.183701341101894
0.183203812559776
0.182703804002959
0.18220151762584
0.181697188127389
0.181191087964082
0.180683532116291
0.180174882292447
0.179665550501258
0.179156001929127
0.178646757067534
0.178138393043415
0.177631544114464
0.177126901300634
0.176625211132855
0.176127273509987
0.175633938665194
0.175146103253128
0.174664705579445
0.174190720004116
0.173725150559656
0.173269023834645
0.172823381181639
0.17238927031675
0.171967736385601
0.171559812577059
0.171166510372006
0.170788809519344
0.170427647835411
0.17008391092602
0.169758421932244
0.169451931402063
0.16916510738982
0.168898525884288
0.168652661663959
0.168427879674956
0.16822442702282
0.168042425664346
0.167881865879692
0.167742600598283
0.16762434064457
0.167526650961602
0.167448947861774
0.167390497344981
0.167350414514968
0.167327664114938
0.1673210621936
0.167329278902869
0.167350842418549
0.167384143965512
0.167427443919369
0.167478878947394
0.167536470142634
0.167598132096841
0.16766168285007
0.167724854647702
0.167785305429189
0.167840630967148
0.167888377570541
0.167926055261589
0.167951151332864
0.167961144188602
0.167953517372834
0.167925773686232
0.167875449293862
0.167800127727
0.167697453684102
0.167565146538554
0.167401013464235
0.167202962093886
0.166969012629923
0.166697309332522
0.166386131315469
0.16603390258637
0.165639201274292
0.165200767994644
0.164717513308083
0.164188524237336
0.163613069813042
0.162990605626925
0.162320777377754
0.16160342340262
0.160838576192935
0.160026462901221
0.159167504851163
0.158262316069501
0.157311700864074
0.156316650477708
0.155278338852643
0.154198117544691
0.153077509830521
0.151918204055064
0.150722046269316
0.149491032211587
0.148227298687557
0.14693311440645
0.145610870332073
0.144263069608565
0.142892317121385
0.141501308754349
0.14009282040352
0.138669696808358
0.137234840259857
0.135791199244442
0.134341757081168
0.132889520608266
0.13143750897343
0.129988742580299
0.128546232241541
0.127112968586676
0.125691911770385
0.124285981524515
0.122898047594313
0.121530920596659
0.120187343335163
0.118869982604028
0.11758142150949
0.116324152334504
0.115100569969123
0.113912965925694
0.112763522954668
0.111654310273386
0.110587279416761
0.109564260715263
0.108586960402115
0.107656958348051
0.106775706418457
0.105944527444187
0.10516461479385
0.104437032531902
0.103762716143491
0.103142473803708
0.102576988165693
0.102066818638969
0.101612404126507
0.101214066186247
0.100872012580308
0.100586341172828
0.100357044135316
0.100184012416678
0.100067040433584
0.100005830935765
0.1
0.100049082106187
0.100152535248802
0.10030974603744
0.100520034740865
0.100782660230152
0.101096824778058
0.101461678673725
0.101876324614172
0.102339821836756
0.102851189959892
0.103409412502772
0.104013440058574
0.104662193099719
0.105354564398036
0.106089421047239
0.10686560607982
0.107681939675304
0.108537219961758
0.109430223417398
0.110359704884124
0.111324397209675
0.112323010539916
0.113354231287343
0.114416720806308
0.115509113809579
0.116630016564646
0.117778004911615
0.118951622147567
0.120149376824803
0.121369740512524
0.122611145573011
0.123871983004437
0.125150600402891
0.126445300096054
0.127754337500313
0.12907591975174
0.130408204659561
0.131749300028212
0.133097263391148
0.134450102195967
0.135805774476433
0.137162190042426
0.138517212213967
0.13986866012014
0.141214311578118
0.142551906561614
0.143879151261988
0.145193722738997
0.146493274151867
0.147775440555047
0.149037845236728
0.150278106572086
0.151493845357246
0.152682692584296
0.15384229761228
0.154970336684153
0.156064521735084
0.157122609433482
0.158142410392549
0.15912179848722
0.160058720209038
0.160951203989753
0.161797369423418
0.162595436316363
0.163343733494717
0.164040707300126
0.164684929705938
0.165275105988413
0.165810081890416
0.166288850218557
0.166710556818785
0.167074505880036
0.167380164520532
0.167627166616809
0.16781531584134
0.167944587880698
0.168015131812551
0.168027270626248
0.167981500878353
0.167878491481081
0.167719081628183
0.167504277869286
0.167235250350024
0.16691332824134
0.16653999438719
0.166116879205295
0.16564575388069
0.165128522896466
0.164567215950289
0.163963979308943
0.163321066656358
0.162640829493144
0.161925707147794
0.161178216461161
0.160400941206824
0.159596521310317
0.158767641930089
0.157917022462386
0.157047405531103
0.156161546022048
0.155262200218985
0.15435211509642
0.153434017821274
0.152510605512494
0.151584535304303
0.150658414755199
0.149734792641084
0.148816150167045
0.147904892628378
0.147003341547493
0.146113727309437
0.145238182314876
0.144378734665644
0.143537302394351
0.142715688246093
0.141915575017076
0.141138521451949
0.140385958698889
0.139659187318954
0.138959374844004
0.138287553875534
0.137644620715068
0.137031334515358
0.136448316940493
0.135896052322122
0.135374888298329
0.134885036921254
0.134426576219298
0.133999452199653
0.133603481276956
0.133238353113987
0.132903633860623
0.132598769777465
0.132323091230929
0.13207581704682
0.131856059209682
0.1316628278954
0.131495036824595
0.131351508924342
0.131230982285585
0.131132116403294
0.131053498685951
0.130993651220327
0.13095103777666
0.130924071038402
0.130911120039507
0.130910517790942
0.130920569076609
0.130939558397287
0.130965758039462
0.130997436244114
0.131032865448661
0.131070330573325
0.131108137321295
0.131144620460137
0.131178152050095
0.131207149583176
0.131230083995293
0.131245487512334
0.13125196128973
0.131248182804121
0.131232912954957
0.131205002833406
0.131163400115795
0.131107155039032
0.131035425915969
0.130947484149645
0.130842718706608
0.130720640011269
0.130580883225296
0.130423210878575
0.130247514821111
0.130053817468503
0.129842272317208
0.129613163709747
0.129366905834243
0.129104040947194
0.128825236813145
0.128531283359916
0.128223088553159
0.127901673499325
0.127568166791462
0.127223798117689
0.126869891157592
0.126507855797145
0.126139179698028
0.125765419262331
0.125388190038599
0.125009156619855
0.124630022088727
0.124252517068928
0.123878388446156
0.123509387824914
0.123147259790768
0.122793730050183
0.122450493522216
0.122119202457996
0.121801454665167
0.121498781915093
0.121212638610846
0.120944390793652
0.120695305564624
0.120466540997227
0.12025913661409
0.120074004499368
0.11991192111502
0.11977351988601
0.119659284615668
0.119569543788159
0.119504465810399
0.119464055240621
0.11944815004542
0.119456419921248
0.119488365710251
0.11954331993391
0.119620448461255
0.119718753321543
0.119837076664145
0.119974105861144
0.120128379740732
0.120298295932018
0.120482119294333
0.120677991396582
0.120883941004699
0.121097895527864
0.121317693366867
0.121541097100902
0.121765807442242
0.121989477881629
0.122209729941021
0.122424168944439
0.122630400212261
0.122826045579383
0.123008760133272
0.123176249064162
0.123326284516453
0.123456722327964
0.123565518541885
0.123650745575349
0.123710607928351
0.123743457317408
0.123747807119852
0.123722346017062
0.123665950728176
0.123577697730007
0.123456873863913
0.123302985736263
0.123115767825934
0.122895189219803
0.122641458905605
0.12235502956057
0.122036599784057
0.121687114732793
0.121307765128226
0.120899984616935
0.1204654454768
0.120006052673708
0.119523936285844
0.119021442324941
0.118501121996235
0.117965719451071
0.117418158098102
0.116861525550665
0.116299057299156
0.115734119207858
0.115170188945699
0.114610836469673
0.11405970368809
0.113520483438309
0.112996897920097
0.112492676731208
0.112011534656031
0.111557149361317
0.111133139154853
0.110743040963619
0.110390288687362
0.110078192081624
0.109809916321135
0.109588462390108
0.109416648440375
0.109297092251571
0.109232194919666
0.109224125891286
0.109274809451301
0.109385912760416
0.109558835527896
0.109794701392216
0.110094351069596
0.110458337316901
0.110886921741694
0.111380073478123
0.111937469733221
0.112558498193959
0.113242261271321
0.113987582143827
0.114793012549376
0.115656842261238
0.116577110171517
0.117551616893581
0.118577938783894
0.119653443273488
0.120775305390062
0.121940525343467
0.123145947040193
0.124388277386455
0.125664106234696
0.126969926824698
0.128302156568177
0.12965715802465
0.131031259916531
0.132420778032871
0.133822035873794
0.135231384891572
0.136645224189292
0.138060019544179
0.139472321629848
0.14087878331984
0.142276175963868
0.143661404537995
0.145031521580494
0.146383739836291
0.147715443544485
0.149024198315473
0.150307759556459
0.151564079416595
0.152791312235414
0.153987818490654
0.155152167253731
0.156283137173004
0.157379716016461
0.158441098816367
0.159466684668783
0.160456072250452
0.161409054124386
0.162325609913482
0.16320589842848
0.16405024884269
0.164859151010907
0.165633245033946
0.166373310173117
0.167080253220807
0.167755096434066
0.168398965137841
0.169013075103109
0.169598719802906
0.170157257645952
0.170690099283457
0.171198695079774
0.171684522831874
0.172149075816356
0.17259385123582
0.173020339129184
0.173430011802832
0.173824313831655
0.174204652670971
0.174572389912317
0.174928833208062
0.175275228882036
0.175612755235806
0.175942516553031
0.176265537797612
0.176582759995098
0.176895036281189
0.177203128596128
0.177507704999489
0.177809337576218
0.17810850090194
0.17840557103342
0.178700824988674
0.178994440680618
0.179286497268205
0.179576975889769
0.179865760744648
0.180152640491172
0.180437309931518
0.180719371956904
0.180998339729822
0.181273639083601
0.181544611123335
0.181810515016054
0.182070530961898
0.182323763341865
0.1825692440413
0.182805935951746
0.1830327366568
0.183248482310329
0.183451951717628
0.183641870631789
0.183816916278759
0.18397572212506
0.184116882902168
0.184238959900804
0.184340486547101
0.184419974270685
0.184475918672136
0.184506805994232
0.184511119897723
0.184487348538287
0.184433991936841
0.184349569630505
0.184232628586449
0.184081751355565
0.183895564437565
0.183672746823748
0.18341203867842
0.183112250114917
0.182772270017382
0.182391074855038
0.181967737431776
0.181501435510417
0.180991460248216
0.180437224378005
0.179838270067939
0.179194276392129
0.178505066344541
0.17777061332948
0.176991047063697
0.17616665882771
0.175297906007289
0.174385415870139
0.173429988527716
0.172432599037566
0.171394398607807
0.17031671487198
0.169201051209761
0.168049085096505
0.166862665472506
0.16564380913091
0.164394696131378
0.163117664254814
0.161815202522543
0.160489943811252
0.159144656602649
0.157782235914063
0.156405693463002
0.155018147125018
0.153622809749874
0.152222977406058
0.150822017127998
0.149423354243882
0.148030459364771
0.146646835117638
0.145276002706125
0.143921488383113
0.14258680991874
0.141275463146194
0.139990908665604
0.138736558783603
0.137515764762679
0.136331804450446
0.135187870354336
0.134087058222148
0.133032356183394
0.132026634500547
0.131072635973172
0.130172967031655
0.129330089550817
0.128546313407265
0.127823789797942
0.127164505331016
0.12657027689417
0.126042747299453
0.125583381698266
0.125193464754866
0.124874098561872
0.124626201276894
0.12445050645545
0.124347563051843
0.124317736056756
0.12436120773784
0.124477979447656
0.124667873961896
0.124930538309898
0.125265447059027
0.125671906014524
0.12614905629687
0.126695878759597
0.127311198711709
0.127993690910421
0.128741884791807
0.129554169909035
0.130428801550174
0.131363906510024
0.132357488992985
0.133407436626646
0.134511526568411
0.135667431690139
0.136872726828368
0.138124895090176
0.139421334207061
0.140759362931463
0.142136227472481
0.143549107969157
0.144995125001201
0.146471346138294
0.147974792530124
0.149502445539976
0.151051253425145
0.152618138067552
0.154200001757766
0.155793734035199
0.157396218586495
0.159004340203165
0.160614991798277
0.162225081480536
0.163831539682449
0.165431326337426
0.16702143809864
0.168598915590397
0.170160850680522
0.171704393759999
0.173226761013804
0.174725241664548
0.176197205168285
0.177640108339629
0.179051502381196
0.180429039790419
0.181770481114925
0.183073701526029
0.184336697178426
0.185557591322983
0.186734640138511
0.187866238247742
0.188950923882304
0.189987383661359
0.19097445694878
0.191911139754243
0.192796588144436
0.193630121131745
0.194411223009261
0.195139545102727
0.195814906912186
0.196437296618473
0.19700687093244
0.197523954267762
0.197989037221452
0.198402774349721
0.19876598123053
0.199079630808155
0.199344849019193
0.199562909703718
0.199735228809745
0.19986335790364
0.199948977003747
0.199993886759131
0.2
0.199969332690996
0.19990399432314
0.199806177784699
0.199678148755641
0.199522234674513
0.199340813330636
0.19913630113827
0.19891114115293
0.198667790893215
0.198408710034429
0.198136348042695
0.197853131820404
0.197561453435416
0.197263658007645
0.19696203182725
0.196658790778838
0.196356069145628
0.196055908866509
0.195760249317407
0.195470917686115
0.195189620007038
0.194917932918879
0.194657296204352
0.194409006166439
0.194174209890617
0.19395390043681
0.193748912998703
0.193559922061404
0.193387439581437
0.193231814205631
0.193093231537754
0.192971715453814
0.192867130458783
0.192779185069291
0.192707436198565
0.19265129451171
0.192610030711338
0.192582782705743
0.192568563604284
0.192566270477505
0.192574693812867
0.192592527590875
0.192618379900895
0.192650784011191
0.192688209803718
0.192729075480986
0.192771759450001
0.192814612286868
0.192855968685145
0.192894159291479
0.192927522333504
0.192954414947325
0.192973224115205
0.192982377128309
0.192980351494426
0.19296568421649
0.192936980374374
0.192892920949815
0.19283226984224
0.192753880031796
0.192656698854769
0.192539772365844
0.192402248771114
0.192243380925344
0.192062527896599
0.19185915561082
0.191632836598255
0.191383248872576
0.191110173982114
0.190813494280644
0.190493189472595
0.19014933249431
0.189782084798937
0.189391691117697
0.188978473774531
0.188542826634465
0.188085208768404
0.18760613791849
0.187106183848526
0.186585961663441
0.186046125180194
0.185487360430064
0.18491037936885
0.184315913867304
0.183704710049056
0.183077523037523
0.182435112166898
0.18177823670528
0.181107652130558
0.180424106991765
0.179728340380459
0.179021080028304
0.178303041038549
0.17757492525064
0.176837421228794
0.176091204857188
0.175336940516517
0.174575282809097
0.173806878792659
0.173032370676367
0.172252398926671
0.171467605725295
0.170678638717069
0.169886154981495
0.169090825158909
0.168293337659885
0.167494402885183
0.166694757383004
0.165895167870689
0.165096435049146
0.164299397140339
0.163504933080937
0.162713965308841
0.161927462083561
0.161146439286437
0.16037196165223
0.15960514338982
0.15884714815635
0.158099188356236
0.157362523743856
0.156638459316432
0.155928342491453
0.155233559570975
0.154555531503114
0.153895708958988
0.153255566751143
0.152636597627076
0.152040305478722
0.151468198015685
0.150921778956423
0.150402539797553
0.149911951226793
0.149451454249802
0.149022451105248
0.148626296045763
0.148264286065044
0.147937651653157
0.147647547663101
0.147395044371893
0.147181118818788
0.147006646501821
0.1468723935116
0.146779009178266
0.14672701930376
0.146716820047038
0.146748672524723
0.146822698183893
0.146938874997352
0.147097034524886
0.147296859876723
0.147537884607743
0.14781949256308
0.148140918687587
0.148501250803367
0.148899432351248
0.149334266083798
0.149804418689292
0.150308426318071
0.150844700975028
0.151411537734593
0.152007122727637
0.152629541843274
0.153276790082603
0.153946781496101
0.154637359631707
0.155346308416642
0.156071363392694
0.156810223222177
0.157560561379979
0.158320037946069
0.1590863114126
0.159857050420219
0.160629945339462
0.161402719615049
0.162173140793583
0.16293903115843
0.16369827789952
0.164448842750277
0.165188771028902
0.165916200026683
0.166629366691887
0.167326614563966
0.168006399919278
0.168667297096192
0.169308002974278
0.169927340589118
0.170524261871226
0.171097849504375
0.17164731790536
0.172172013333817
0.172671413147037
0.173145124220824
0.173592880563179
0.174014540153054
0.1744100810414
0.174779596756415
0.175123291059018
0.175441472098357
0.175734546020381
0.176003010085306
0.176247445352101
0.176468508989933
0.176666926277879
0.17684348235506
0.176999013783818
0.177134399988501
0.177250554632038
0.17734841699161
0.177428943393542
0.177493098765962
0.177541848365871
0.177576149735085
0.177596944936983
0.177605153123295
0.177601663477137
0.177587328575347
0.177562958209772
0.177529313703618
0.177487102755279
0.177436974838247
0.177379517181781
0.177315251352992
0.177244630456915
0.177168036967015
0.177085781194366
0.17699810039957
0.176905158547243
0.17680704669872
0.176703784034436
0.176595319493315
0.176481534012413
0.176362243346076
0.176237201439958
0.176106104331455
0.175968594544477
0.17582426594297
0.1756726690043
0.175513316470508
0.175345689332567
0.175169243100169
0.174983414307203
0.1747876272011
0.174581300562474
0.174363854600181
0.174134717865921
0.173893334131961
0.17363916917539
0.173371717412609
0.173090508328464
0.172795112645661
0.172485148181699
0.172160285342701
0.171820252206104
0.171464839147171
0.171093902967799
0.170707370489968
0.170305241580493
0.169887591578407
0.169454573101327
0.169006417212458
0.168543433935477
0.168066012110308
0.167574618588742
0.167069796774904
0.166552164521634
0.166022411399917
0.165481295364486
0.164929638844515
0.164368324293995
0.163798289241652
0.163220520885344
0.162636050280416
0.162045946175687
0.161451308554339
0.160853261940105
0.160252948531619
0.159651521229624
0.159050136622975
0.158449947999816
0.157852098450168
0.157257714125245
0.156667897717208
0.156083722220815
0.155506225035439
0.154936402462346
0.154375204647947
0.153823531018959
0.153282226250178
0.152752076799856
0.152233808041597
0.151728082015294
0.151235495812994
0.150756580608806
0.150291801335087
0.149841557000273
0.149406181636973
0.148985945862265
0.148581059025824
0.148191671915381
0.147817879983397
0.147459727053538
0.147117209460885
0.146790280575592
0.146478855656194
0.146182816975819
0.145902019162335
0.145636294691887
0.145385459474413
0.145149318469569
0.144927671272011
0.14472031760614
0.144527062672289
0.144347722288738
0.14418212777694
0.144030130540898
0.14389160629559
0.143766458903724
0.143654623784887
0.143556070866096
0.143470807048038
0.143398878166617
0.143340370434864
0.143295411355705
0.143264170101468
0.143246857361265
0.143243724662452
0.143255063177233
0.14328120203004
0.14332250612554
0.143379373521052
0.143452232370615
0.143541537471067
0.143647766443154
0.143771415582929
0.143912995420507
0.14407302602461
0.144252032092298
0.14445053786384
0.14466906190284
0.144908111781562
0.14516817871088
0.145449732153466
0.14575321445778
0.146079035549101
0.146427567712365
0.146799140499926
0.147194035795585
0.14761248306437
0.14805465481564
0.148520662305126
0.149010551499579
0.149524299325742
0.150061810223485
0.15062291302105
0.151207358148595
0.151814815204475
0.152444870887039
0.153097027303146
0.153770700663058
0.154465220369917
0.155179828510594
0.155913679753308
0.156665841656087
0.157435295388786
0.158220936870054
0.159021578319281
0.1598359502222
0.160662703707386
0.161500413329436
0.162347580253114
0.163202635831138
0.164063945566649
0.164929813449709
0.165798486655354
0.16666816058895
0.167536984262659
0.168403065984948
0.1692644793431
0.170119269456756
0.170965459478563
0.171801057316118
0.17262406254757
0.173432473501441
0.174224294469644
0.174997543021107
0.175750257382106
0.176480503848209
0.177186384191797
0.1778660430284
0.178517675104585
0.179139532469959
0.17972993149587
0.180287259703795
0.180809982367015
0.181296648850174
0.181745898652541
0.18215646712236
0.182527190811517
0.182857012441846
0.183144985456769
0.183390278134584
0.183592177242504
0.183750091213577
0.183863552831748
0.183932221413647
0.183955884479011
0.183934458905111
0.183867991563992
0.183756659444749
0.183600769266455
0.18340075659063
0.183157184445273
0.18287074147553
0.182542239638797
0.182172611464709
0.181762906902758
0.181314289782358
0.180828033911952
0.180305518845212
0.179748225343559
0.179157730565008
0.178535703009893
0.177883897254138
0.177204148500645
0.176498366978844
0.175768532221725
0.175016687248604
0.174244932680574
0.173455420814038
0.172650349675983
0.171831957082713
0.171002514721688
0.170164322273931
0.169319701592208
0.168470990947877
0.167620539357019
0.166770700994176
0.165923829699849
0.165082273585796
0.164248369740238
0.163424439033275
0.162612781021229
0.161815668947274
0.161035344834554
0.16027401466713
0.159533843653493
0.158816951567041
0.158125408157882
0.157461228630552
0.156826369182751
0.156222722600978
0.155652113909967
0.155116296074107
0.154616945750464
0.154155659094739
0.153733947623245
0.153353234135977
0.153014848707842
0.152720024757217
0.152469895203094
0.152265488724133
0.152107726134986
0.151997416897144
0.151935255783367
0.151921819716354
0.151957564803735
0.152042823592655
0.152177802568126
0.152362579920005
0.152597103603772
0.152881189720332
0.153214521239787
0.153596647093485
0.154026981657728
0.154504804651238
0.155029261466887
0.155599363956324
0.156213991683915
0.156871893663999
0.157571690592748
0.158311877583021
0.159090827407512
0.159906794252238
0.160757917979058
0.161642228892475
0.162557653002442
0.163502017771436
0.164473058330526
0.165468424145786
0.166485686113007
0.167522344055504
0.16857583459671
0.169643539376376
0.170722793576516
0.17181089472077
0.172905111708639
0.174002694044088
0.175100881216331
0.176196912189189
0.177288034954297
0.178371516102599
0.179444650368035
0.180504770097066
0.181549254597717
0.182575539322138
0.183581124837293
0.184563585539199
0.185520578067319
0.186449849377024
0.187349244429664
0.188216713461621
0.189050318795748
0.189848241160838
0.190608785487232
0.191330386149241
0.192011611627896
0.19265116857043
0.193247905226009
0.193800814240439
0.194309034795884
0.194771854085132
0.195188708113401
0.19555918182438
0.195883008550811
0.196160068793691
0.196390388337937
0.196574135716111
0.196711619035622
0.196803282188524
0.196849700466781
0.196851575609464
0.196809730311917
0.196725102230316
0.196598737518332
0.196431783935691
0.19622548357131
0.195981165226346
0.195700236504874
0.195384175662012
0.195034523261113
0.19465287369304
0.194240866611657
0.193800178340333
0.193332513304517
0.192839595545331
0.192323160368504
0.19178494618198
0.191226686574026
0.190650102681767
0.190056895897694
0.189448740958896
0.188827279460551
0.188194113831612
0.187550801806604
0.186898851423173
0.186239716570344
0.185574793107592
0.184905415569689
0.184232854466988
0.183558314185419
0.18288293148494
0.182207774589739
0.18153384285796
0.180862067013447
0.180193309916722
0.179528367847506
0.178867972266345
0.178212792018534
0.177563435939561
0.176920455817689
0.176284349666228
0.175655565255458
0.175034503852103
0.174421524112833
0.173816946077348
0.173221055206366
0.172634106410178
0.172056328014391
0.171487925611073
0.17092908574566
0.17037997939276
0.169840765177236
0.169311592300786
0.168792603138465
0.168283935474298
0.167785724350154
0.167298103507419
0.166821206406573
0.166355166815559
0.165900118963691
0.165456197263753
0.165023535610806
0.164602266271991
0.164192518387166
0.163794416105567
0.163408076388662
0.163033606514026
0.162671101319214
0.162320640228325
0.161982284107089
0.16165607199488
0.161342017763998
0.161040106757868
0.160750292460466
0.160472493249216
0.160206589282936
0.159952419575024
0.159709779300069
0.159478417379414
0.159258034388005
0.159048280821038
0.158848755754667
0.158659005930291
0.158478525286855
0.158306754960129
0.158143083762313
0.15798684914943
0.157837338678053
0.157693791946967
0.157555403013467
0.157421323268272
0.157290664747495
0.157162503854915
0.15703588546289
0.15690982735587
0.156783324976487
0.156655356430822
0.156524887706614
0.156390878055995
0.156252285492777
0.156108072353445
0.155957210870805
0.155798688709691
0.155631514415298
0.155454722726444
0.155267379708487
0.155068587663537
0.154857489779139
0.154633274480496
0.154395179455691
0.15414249532805
0.153874568954726
0.153590806335742
0.153290675122961
0.152973706723695
0.152639497998915
0.152287712561016
0.151918081680986
0.151530404819345
0.151124549799384
0.15070045264501
0.150258117108729
0.149797613918047
0.149319079770686
0.148822716110594
0.148308787717581
0.147777621143757
0.147229603029535
0.146665178331033
0.146084848489088
0.145489169567993
0.144878750389393
0.144254250683643
0.143616379277405
0.142965892332398
0.14230359164606
0.141630323020583
0.140946974702383
0.140254475889596
0.139553795300907
0.138845939794785
0.13813195302428
0.137412914108932
0.136689936302117
