0.156666477064551
0.156585748600028
0.156507660192812
0.15643237344946
0.156360054324957
0.156290871143219
0.156224992562197
0.156162585509196
0.156103813112593
0.156048832656353
0.155997793583731
0.155950835576145
0.155908086732614
0.15586966187419
0.155835660996599
0.155806167892833
0.155781248965677
0.155760952248191
0.155745306647961
0.155734321428541
0.15572798593895
0.155726269599375
0.155729122148427
0.155736474154358
0.155748237789719
0.155764307865928
0.155784563121245
0.15580886775272
0.155837073179796
0.155869020024495
0.15590454029047
0.155943459720748
0.155985600311661
0.156030782958449
0.156078830206109
0.156129569077537
0.156182833949658
0.156238469447244
0.156296333323391
0.156356299295214
0.156418259803237
0.156482128663177
0.156547843579377
0.156615368490013
0.15668469571536
0.156755847881899
0.156828879596805
0.156903878849381
0.156980968118309
0.157060305166095
0.15714208350482
0.157226532520219
0.157313917244165
0.157404537768858
0.157498728299255
0.157596855843678
0.157699318545883
0.157806543665285
0.157918985215351
0.158037121273497
0.158161450978966
0.158292491238277
0.158430773160691
0.158576838248902
0.158731234372632
0.158894511555117
0.159067217604472
0.159249893623659
0.159443069434264
0.159647258950376
0.159862955539749
0.160090627409881
0.160330713056826
0.160583616814397
0.160849704540912
0.161129299479805
0.161422678329295
0.16173006755483
0.162051639976292
0.162387511659883
0.16273773914235
0.163102317012641
0.163481175873321
0.163874180701149
0.164281129623044
0.16470175312046
0.165135713671741
0.165582605838638
0.16604195679959
0.166513227328882
0.166995813217243
0.167489047125964
0.167992200863211
0.168504488067877
0.169025067283143
0.169553045398876
0.170087481439147
0.170627390668506
0.171171748988233
0.171719497591604
0.172269547845328
0.172820786362656
0.17337208023236
0.173922282366731
0.174470236931039
0.175014784816504
0.175554769118717
0.176089040583738
0.176616462984579
0.177135918391701
0.177646312302283
0.178146578594444
0.178635684274373
0.179112633986244
0.179576474257029
0.180026297450769
0.180461245409464
0.180880512760566
0.181283349873995
0.181669065454668
0.182037028759694
0.182386671432595
0.182717488950185
0.183029041680987
0.183320955557304
0.183592922366238
0.183844699668056
0.184076110353263
0.184287041852616
0.184477445016976
0.184647332686386
0.184796777970052
0.18492591226096
0.185034923010623
0.185124051291042
0.185193589172157
0.18524387694406
0.185275300213886
0.185288286907652
0.185283304207361
0.185260855453418
0.185221477041845
0.185165735344915
0.18509422368266
0.185007559371298
0.184906380872903
0.184791345068748
0.184663124676552
0.184522405829534
0.184369885832636
0.184206271108609
0.184032275343827
0.183848617840861
0.183656022081845
0.183455214503738
0.18324692348361
0.183031878529142
0.182810809666713
0.182584447016665
0.182353520542756
0.182118759960338
0.181880894785563
0.181640654505877
0.181398768850262
0.181155968136188
0.180912983668944
0.180670548168133
0.180429396195428
0.180190264557422
0.17995389265738
0.179721022770077
0.179492400214566
0.179268773400704
0.179050893726595
0.178839515305693
0.178635394504224
0.178439289271716
0.178251958249868
0.178074159647563
0.177906649872684
0.177750181914331
0.177605503472155
0.17747335483271
0.177354466495976
0.1772495565585
0.177159327862835
0.17708446492621
0.177025630664468
0.176983462930343
0.176958570887986
0.176951531248354
0.176962884392503
0.176993130412077
0.177042725098212
0.17711207591173
0.177201537968872
0.177311410077821
0.177441930861949
0.177593275006087
0.177765549662071
0.177958791049484
0.178172961286778
0.178407945486917
0.178663549150277
0.178939495885839
0.179235425489701
0.179550892407606
0.179885364605663
0.180238222870609
0.180608760557964
0.180996183803244
0.181399612208055
0.18181808000943
0.182250537737228
0.182695854360837
0.183152819922747
0.183620148653033
0.184096482555144
0.184580395449961
0.185070397461685
0.185564939925834
0.186062420696593
0.186561189827791
0.187059555599104
0.187555790856593
0.18804813963444
0.188534824022769
0.189014051244702
0.18948402090439
0.189942932366557
0.190388992227272
0.190820421835039
0.19123546482102
0.191632394597191
0.192009521781477
0.192365201509475
0.192697840593123
0.193005904487758
0.193287924030236
0.193542501912315
0.193768318855182
0.193964139452892
0.194128817654562
0.19426130185736
0.194360639584683
0.194425981726393
0.194456586320553
0.194451821858735
0.194411170099731
0.194334228379219
0.194220711405782
0.194070452536462
0.193883404527869
0.193659639761655
0.193399349945955
0.193102845297129
0.192770553208808
0.192403016417903
0.192000890679726
0.191564941966879
0.191096043208888
0.19059517059183
0.190063399439331
0.189501899698322
0.188911931054829
0.1882948377068
0.187652042822589
0.186985042715111
0.186295400763024
0.185584741111349
0.184854742184908
0.184107130048727
0.183343671650113
0.182566167977524
0.181776447171543
0.1809763576233
0.180167761095473
0.179352525900639
0.178532520171165
0.177709605254045
0.176885629263136
0.176062420820049
0.175241783013653
0.174425487606547
0.173615269515204
0.172812821588549
0.172019789707751
0.171237768227742
0.170468295778717
0.169712851443352
0.168972851322951
0.168249645503055
0.167544515426317
0.166858671677657
0.166193252183884
0.16554932082711
0.16492786646848
0.164329802375879
0.16375596604655
0.163207119412838
0.162683949416693
0.162187068936063
0.161717018043962
0.161274265578812
0.160859211002629
0.16047218652182
0.160113459443725
0.159783234740679
0.159481657792217
0.15920881727516
0.158964748170688
0.158749434857175
0.15856281425743
0.158404779009236
0.158275180628508
0.158173832635147
0.158100513612675
0.158054970173995
0.158036919807149
0.158046053576659
0.158082038658064
0.158144520685366
0.158233125893494
0.158347463040401
0.158487125096028
0.158651690688158
0.158840725298015
0.159053782201377
0.159290403153894
0.159550118822262
0.159832448965817
0.160136902375979
0.160462976583778
0.160810157348363
0.16117791794197
0.161565718249219
0.161973003700827
0.162399204063874
0.162843732112528
0.163305982204756
0.163785328791815
0.164281124888427
0.164792700532271
0.16531936126197
0.165860386642928
0.166415028870314
0.16698251147809
0.167562028182356
0.168152741886289
0.168753783872785
0.16936425320937
0.169983216388231
0.170609707222229
0.171242727015537
0.171881245025138
0.172524199226819
0.173170497396541
0.173819018515163
0.17446861450149
0.175118112275508
0.175766316150535
0.176412010549801
0.17705396303979
0.177690927669503
0.178321648601693
0.178944864019056
0.179559310285477
0.180163726339579
0.18075685829524
0.181337464221238
0.181904319069981
0.182456219723228
0.182991990120959
0.183510486438036
0.184010602272072
0.184491273805013
0.184951484900295
0.18539027209714
0.185806729463567
0.186200013270019
0.186569346446167
0.186914022784433
0.187233410855055
0.187526957599118
0.187794191567866
0.1880347257788
0.188248260161475
0.18843458356864
0.18859357533124
0.188725206338959
0.188829539631243
0.188906730487223
0.18895702600652
0.188980764176589
0.188978372425983
0.188950365666713
0.188897343832618
0.188819988924417
0.188719061575806
0.188595397158513
0.18844990144773
0.18828354587262
0.188097362379746
0.187892437940184
0.187669908733774
0.187430954046403
0.187176789918388
0.186908662583852
0.186627841742621
0.186335613707324
0.186033274469371
0.185722122727978
0.185403452926707
0.185078548341827
0.184748674266382
0.184415071333054
0.184078949017799
0.183741479364815
0.183403790971676
0.183066963271446
0.18273202114632
0.182399929904825
0.182071590651863
0.18174783607794
0.18142942669083
0.181117047509674
0.180811305238121
0.180512725929712
0.180221753155178
0.179938746677786
0.179663981639374
0.179397648256176
0.179139852020158
0.178890614398183
0.178649874018154
0.17841748832813
0.178193235711546
0.177976818038853
0.177767863633412
0.177565930627098
0.177370510679014
0.177181033028843
0.176996868854786
0.176817335904688
0.176641703367909
0.176469196954673
0.176299004149115
0.176130279601986
0.175962150628929
0.175793722780538
0.17562408545084
0.175452317491594
0.1752774928007
0.175098685854141
0.17491497715221
0.174725458552198
0.174529238461393
0.174325446865925
0.174113240172869
0.173891805844929
0.173660366809012
0.173418185622039
0.173164568379361
0.172898868353228
0.172620489350761
0.172328888782866
0.172023580437489
0.171704136952454
0.171370191984905
0.171021442076096
0.170657648211813
0.170278637080208
0.169884302030154
0.169474603734481
0.169049570563503
0.168609298675265
0.168153951829724
0.167683760934846
0.16719902333315
0.166700101837745
0.166187423527272
0.165661478309433
0.165122817263016
0.1645720507684
0.16400984643663
0.163436926847113
0.162854067103996
0.16226209222118
0.161661874345904
0.161054329830701
0.160440416163516
0.159821128765672
0.159197497667403
0.158570584070633
0.157941476808785
0.157311288713468
0.156681152898073
0.156052218968494
0.155425649171462
0.154802614491277
0.154184290706091
0.153571854415282
0.152966479049896
0.152369330878598
0.151781565022048
0.15120432148909
0.150638721248662
0.150085862351734
0.149546816118085
0.149022623403059
0.148514290959797
0.148022787912714
0.147549042358127
0.147093938108052
0.14665831159313
0.146242948940517
0.14584858324226
0.145475892029285
0.145125494965556
0.144797951776249
0.144493760422928
0.144213355537696
0.143957107127149
0.143725319555624
0.143518230815831
0.143336012093352
0.143178767629808
0.143046534887709
0.142939285018083
0.142856923630035
0.142799291859349
0.142766167731173
0.142757267809768
0.142772249126182
0.142810711372678
0.142872199350733
0.142956205657459
0.14306217359347
0.143189500273461
0.143337539919172
0.143505607312932
0.143692981388727
0.143898908936597
0.144122608395312
0.144363273707574
0.14462007821152
0.144892178542129
0.145178718516085
0.14547883297395
0.145791651553982
0.146116302372649
0.14645191558789
0.146797626822322
0.147152580425032
0.147515932552168
0.147886854048334
0.148264533112773
0.148648177736371
0.149037017897792
0.149430307509346
0.149827326105615
0.150227380270299
0.150629804799268
0.15103396360025
0.151439250332062
0.151845088788729
0.152250933036123
0.152656267311037
0.15306060569469
0.153463491574653
0.153864496910977
0.154263221323939
0.154659291022239
0.155052357591715
0.155442096665616
0.155828206498268
0.156210406464462
0.156588435507222
0.156962050556624
0.157331024942192
0.157695146820943
0.15805421764254
0.158408050672125
0.158756469590382
0.159099307189086
0.159436404179019
0.159767608125506
0.160092772525159
0.160411756035544
0.160724421867592
0.161030637348555
0.161330273661263
0.161623205763359
0.161909312488096
0.162188476826214
0.162460586386358
0.162725534029526
0.162983218671125
0.163233546242371
0.163476430801083
0.16371179578029
0.16393957536164
0.164159715959267
0.164372177798585
0.16457693657352
0.164773985164786
0.164963335401177
0.165145019845312
0.165319093584931
0.165485636010659
0.165644752561115
0.165796576416392
0.165941270121186
0.166079027119287
0.166210073181642
0.166334667710907
0.166453104906123
0.166565714772034
0.166672863958501
0.166774956416484
0.166872433858145
0.166965776009753
0.167055500647263
0.167142163405619
0.167226357354106
0.167308712331278
0.167389894034296
0.167470602858738
0.167551572486227
0.167633568218477
0.167717385057619
0.167803845533898
0.167893797283095
0.167988110377228
0.168087674413333
0.168193395366314
0.168306192213081
0.168426993336381
0.168556732717927
0.168696345931649
0.168846765949076
0.169008918770049
0.1691837188932
0.169372064641823
0.169574833361939
0.169792876510621
0.170027014653784
0.170278032393863
0.170546673248957
0.170833634506163
0.171139562072944
0.171465045351424
0.171810612161519
0.172176723739788
0.172563769841691
0.172972063975783
0.173401838798979
0.173853241702578
0.174326330619147
0.174821070080578
0.175337327557715
0.175874870111817
0.176433361387834
0.177012358978884
0.177611312190633
0.178229560233216
0.178866330867162
0.179520739528257
0.180191788954553
0.180878369336754
0.181579259010944
0.182293125710124
0.183018528388312
0.183753919627974
0.184497648638374
0.185247964849054
0.186003022099074
0.186760883418937
0.187519526398237
0.188276849128134
0.189030676703694
0.18977876826704
0.190518824568202
0.191248496016421
0.191965391190702
0.192667085774474
0.193351131875421
0.194015067687983
0.194656427452577
0.195272751662486
0.195861597466444
0.196420549212431
0.196947229075929
0.197439307714086
0.197894514885742
0.198310649976282
0.198685592365631
0.199017311577614
0.199303877149173
0.199543468158728
0.19973438235423
0.199875044823138
0.199964016148761
0.2
0.199981850104579
0.199908576559349
0.199779351435053
0.199593513637201
0.199350572989205
0.199050213508792
0.198692295853774
0.198276858918575
0.197804120568395
0.197274477503491
0.196688504251728
0.196046951293315
0.19535074232731
0.194600970695161
0.193798894982075
0.192945933822434
0.192043659940632
0.191093793463723
0.190098194546903
0.189058855357271
0.187977891465274
0.186857532696935
0.185700113503153
0.18450806290517
0.18328389407764
0.182030193632616
0.18074961066914
0.179444845654057
0.178118639200043
0.176773760806815
0.175412997630886
0.174039143348221
0.172654987172659
0.171263303091025
0.169866839373521
0.16846830841523
0.167070376961466
0.165675656766255
0.164286695729489
0.162905969554275
0.161535873961773
0.160178717496372
0.158836714949473
0.157511981425452
0.156206527068605
0.154922252465077
0.153660944728992
0.152424274277235
0.151213792292689
0.150030928871184
0.148876991842996
0.14775316625556
0.146660514500029
0.145599977060567
0.144572373861769
0.143578406186371
0.142618659132532
0.141693604577335
0.140803604610913
0.139948915403678
0.139129691467507
0.138345990270535
0.137597777164257
0.136884930581106
0.136207247460421
0.1355644488608
0.13495618571724
0.134382044702142
0.133841554150234
0.133334190008683
0.132859381775148
0.132416518388193
0.132004954036365
0.131624013854297
0.131272999476401
0.130951194421
0.13065786928023
0.130392286693461
0.130153706084587
0.129941388146067
0.129754599055156
0.129592614410338
0.129454722878443
0.129340229545387
0.12924845896582
0.129178757909225
0.129130497802166
0.129103076868395
0.129095921970404
0.129108490157746
0.12914026992903
0.129190782215895
0.129259581098536
0.129346254263414
0.129450423214712
0.129571743251841
0.129709903225861
0.129864625088141
0.130035663244819
0.130222803730751
0.130425863216641
0.130644687862886
0.130879152033411
0.131129156882422
0.131394628826531
0.131675517914176
0.131971796103669
0.132283455460527
0.132610506284044
0.132952975172366
0.133310903034539
0.133684343057306
0.134073358633653
0.134478021259428
0.134898408403636
0.135334601357415
0.135786683066062
0.136254735947986
0.136738839703982
0.137239069119808
0.137755491864766
0.138288166288714
0.1388371392198
0.139402443765126
0.139984097116566
0.140582098364063
0.141196426318888
0.141827037349625
0.14247386323395
0.143136809029689
0.143815750969102
0.144510534380843
0.14522097164464
0.145946840184327
0.146687880505523
0.147443794284903
0.148214242518699
0.148998843738736
0.149797172305002
0.150608756784395
0.151433078425916
0.152269569743177
0.153117613215614
0.153976540120296
0.154845629506586
0.155724107326282
0.156611145732052
0.157505862557144
0.158407320989361
0.159314529452195
0.160226441705826
0.16114195718031
0.162059921552859
0.162979127580456
0.163898316198344
0.164816177893993
0.165731354365185
0.166642440469611
0.167547986472147
0.168446500594489
0.169336451870283
0.17021627330721
0.171084365355673
0.171939099681858
0.172778823240931
0.17360186264408
0.174406528810961
0.175191121896937
0.175953936482256
0.176693267008095
0.177407413442119
0.178094687154002
0.178753416979155
0.179381955446744
0.179978685146048
0.180542025203185
0.18107043783842
0.181562434972487
0.182016584848808
0.182431518637073
0.182805936982398
0.183138616463271
0.183428415920693
0.183674282620333
0.183875258209193
0.184030484428218
0.184139208542463
0.184200788450908
0.184214697438769
0.184180528536152
0.184097998448247
0.183966951023822
0.183787360230687
0.183559332608908
0.183283109174989
0.182959066752911
0.182587718710812
0.182169715085231
0.181705842078205
0.181197020916008
0.180644306062066
0.180048882780401
0.179412064049935
0.178735286834053
0.178020107713934
0.17726819789835
0.176481337626754
0.175661409986663
0.174810394170402
0.173930358200254
0.173023451154962
0.17209189493422
0.171137975601326
0.17016403434749
0.169172458124349
0.168165669994058
0.167146119248791
0.166116271353691
0.165078597769109
0.164035565709444
0.16298962789697
0.161943212369699
0.160898712402613
0.159858476601419
0.158824799227428
0.157799910811125
0.156785969110598
0.155785050469108
0.154799141623864
0.153830132015367
0.152879806643702
0.151949839514703
0.151041787715231
0.150157086152727
0.149297042989894
0.148462835800782
0.147655508469757
0.146875968849886
0.146124987192152
0.145403195351744
0.14471108677239
0.144049017244477
0.143417206427466
0.14281574012195
0.142244573271726
0.141703533671354
0.14119232635004
0.140710538598268
0.140257645599499
0.139833016625395
0.139435921749623
0.139065539032143
0.138720962123252
0.138401208234327
0.138105226420419
0.137831906118434
0.137580085883721
0.137348562267389
0.137136098776677
0.136941434861105
0.136763294868011
0.136600396912363
0.136451461607407
0.136315220604799
0.136190424895268
0.136075852823588
0.135970317774686
0.135872675490946
0.13578183098429
0.135696745010252
0.135616440075073
0.135540005950698
0.135466604676548
0.135395475030815
0.135325936458023
0.1352573924434
0.13518933332839
0.135121338565262
0.135053078412215
0.134984315073673
0.134914903293519
0.134844790411837
0.134774015898334
0.13470271037793
0.13463109416605
0.134559475332981
0.134488247318127
0.134417886116314
0.13434894705925
0.134282061216042
0.134217931437192
0.134157328066818
0.134101084347975
0.13405009154593
0.134005293814053
0.133967682826679
0.133938292202919
0.133918191744914
0.133908481513529
0.133910285763942
0.133924746763055
0.133953018510153
0.133996260381755
0.134055630721226
0.134132280393323
0.134227346323671
0.134341945042937
0.134477166255432
0.134634066451901
0.134813662586365
0.13501692583711
0.135244775472192
0.135498072840184
0.135777615507333
0.136084131562695
0.136418274113336
0.136780615992111
0.137171644701009
0.137591757613422
0.138041257459024
0.138520348115191
0.139029130728978
0.139567600193655
0.140135642003613
0.140733029511055
0.141359421607332
0.142014360850997
0.142697272063602
0.143407461413047
0.144144116002747
0.144906303983191
0.14569297520041
0.146502962393689
0.147334982952362
0.148187641238837
0.149059431482118
0.149948741242961
0.150853855448598
0.151772960991502
0.152704151883204
0.153645434950517
0.154594736057913
0.155549906836059
0.156508731892924
0.157468936480153
0.158428194583969
0.159384137406347
0.160334362199012
0.161276441409698
0.162207932097248
0.163126385569547
0.164029357195942
0.164914416343783
0.16577915638704
0.166621204733616
0.167438232816998
0.168227965997315
0.168988193316683
0.169716777053917
0.170411662024317
0.171070884571236
0.17169258119757
0.172274996787085
0.17281649236771
0.173315552371442
0.173770791348396
0.174180960095752
0.174544951165848
0.174861803721431
0.175130707710106
0.175351007334241
0.175522203796961
0.175643957309449
0.175716088349349
0.175738578164846
0.175711568523685
0.175635360711163
0.175510413785816
0.175337342106146
0.175116912146243
0.174850038622512
0.174537779957932
0.174181333114216
0.173782027826014
0.173341320274765
0.172860786243003
0.172342113792814
0.171787095514672
0.171197620395132
0.170575665353685
0.169923286500568
0.169242610168452
0.168535823771636
0.167805166546749
0.167052920228893
0.166281399716789
0.165492943779672
0.164689905857558
0.163874645004997
0.163049517026616
0.162216865850607
0.161379015183855
0.160538260489714
0.15969686132643
0.158857034081051
0.158020945130217
0.157190704455679
0.156368359738656
0.15555589095332
0.15475520547574
0.15396813372069
0.153196425314686
0.152441745809641
0.151705673937591
0.15098969940303
0.150295221205643
0.149623546482566
0.148975889855779
0.148353373266974
0.147757026279072
0.147187786820741
0.146646502347608
0.146133931391503
0.145650745467016
0.145197531302868
0.144774793364134
0.144382956630224
0.144022369592718
0.143693307436641
0.143395975368657
0.143130512055779
0.142896993138731
0.14269543478487
0.142525797246709
0.142387988393465
0.142281867184722
0.142207247057221
0.142163899197948
0.142151555679036
0.142169912432542
0.142218632045862
0.142297346361375
0.14240565886681
0.142543146865856
0.142709363421526
0.142903839067863
0.143126083288549
0.143375585763972
0.143651817391152
0.143954231083712
0.144282262361699
0.144635329743489
0.145012834954332
0.145414162968096
0.14583868190064
0.146285742774796
0.146754679178277
0.147244806836882
0.147755423126117
0.148285806544864
0.148835216174899
0.149402891150017
0.149988050158092
0.150589890998847
0.151207590219119
0.15184030284633
0.152487162239445
0.153147280075137
0.153819746485053
0.154503630358162
0.155197979820015
0.155901822898559
0.156614168383804
0.157334006886261
0.158060312096653
0.158792042246965
0.159528141770473
0.160267543156036
0.161009168989623
0.16175193417386
0.162494748314276
0.163236518259008
0.163976150776939
0.164712555357642
0.165444647115093
0.166171349775947
0.166891598732148
0.167604344136942
0.168308554022787
0.169003217419421
0.169687347450226
0.170359984385244
0.171020198629566
0.171667093626407
0.172299808655015
0.172917521504506
0.173519451005927
0.174104859406127
0.174673054568516
0.175223391987327
0.175755276603712
0.176268164413726
0.176761563860081
0.177235037001401
0.177688200454545
0.178120726107459
0.178532341601789
0.178922830586335
0.179292032744064
0.17963984359711
0.179966214095668
0.180271149998143
0.180554711051227
0.180817009979715
0.181058211296954
0.181278529947649
0.181478229795522
0.181657621968884
0.181817063077602
0.181956953315231
0.182077734460173
0.182179887789742
0.182263931920816
0.182330420590487
0.182379940389701
0.182413108462349
0.182430570181657
0.182432996814991
0.18242108318742
0.182395545353529
0.182357118286046
0.182306553588959
0.182244617241777
0.182172087380681
0.182089752121306
0.181998407426949
0.181898855025111
0.181791900374333
0.181678350682533
0.181559012977189
0.181434692227075
0.18130618951458
0.181174300257084
0.181039812475413
0.180903505106999
0.180766146361062
0.180628492112975
0.180491284334809
0.180355249559095
0.180221097372883
0.180089518939354
0.179961185544491
0.179836747166655
0.179716831067284
0.179602040401454
0.179492952847525
0.179390119255717
0.17929406231607
0.179205275246924
0.179124220505737
0.179051328524778
0.178986996474949
0.178931587061695
0.178885427357687
0.178848807677613
0.178821980501086
0.178805159450255
0.178798518329282
0.178802190233322
0.178816266735053
0.178840797157164
0.178875787939454
0.178921202109329
0.178976958864589
0.179042933277308
0.179118956127483
0.179204813874836
0.179300248776791
0.179404959160127
0.179518599853204
0.179640782784927
0.179771077755746
0.179909013385069
0.180054078238382
0.180205722136229
0.180363357645936
0.180526361755691
0.18069407772913
0.180865817137175
0.181040862062363
0.181218467469349
0.181397863733753
0.18157825931995
0.181758843596863
0.181938789779338
0.182117257981194
0.182293398364667
0.182466354369659
0.182635266004975
0.182799273182659
0.182957519075562
0.183109153477464
0.183253336144424
0.18338924009554
0.183516054851022
0.183632989585371
0.183739276173573
0.183834172108531
0.183916963268479
0.183986966513889
0.184043532094335
0.184086045846935
0.184113931169431
0.184126650752471
0.184123708057513
0.184104648528653
0.18406906052883
0.184016575993109
0.183946870794105
0.183859664817119
0.183754721745102
0.183631848556187
0.183490894739177
0.183331751235021
0.18315434911493
0.18295865800836
0.182744684296567
0.182512469089805
0.182262086008491
0.181993638790711
0.181707258750325
0.181403102111598
0.1810813472477
0.180742191851599
0.180385850068764
0.180012549621706
0.17962252895669
0.179216034442966
0.178793317654557
0.178354632764004
0.177900234076552
0.177430373732018
0.176945299600029
0.176445253392513
0.175930469015225
0.175401171177738
0.174857574278783
0.174299881581014
0.173728284686345
0.173142963319901
0.172544085427408
0.171931807587546
0.171306275737452
0.17066762620619
0.170015987047665
0.169351479661196
0.168674220684725
0.167984324142627
0.167281903827132
0.166567075889674
0.165839961615963
0.165100690356337
0.16434940258093
0.163586253027519
0.162811413908514
0.162025078142459
0.16122746257473
0.160418811151655
0.159599398012304
0.15876953046243
0.157929551795741
0.157079843928636
0.15622082981585
0.155352975616072
0.154476792578551
0.153592838623851
0.152701719594426
0.151804090153325
0.150900654312277
0.149992165573432
0.149079426672275
0.148163288912573
0.147244651087608
0.146324457985448
0.145403698479486
0.144483403208985
0.14356464185778
0.142648520042701
0.141736175826518
0.140828775873388
0.139927511267761
0.13903359302052
0.138148247288756
0.137272710337973
0.136408223277694
0.13555602660332
0.134717354578797
0.133893429495972
0.133085455847646
0.132294614452139
0.131522056567691
0.130768898035288
0.130036213488417
0.129325030667958
0.128636324879794
0.127971013631847
0.127329951486149
0.12671392516015
0.126123648909883
0.12555976022579
0.125022815869994
0.124513288281577
0.12403156237411
0.123577932747104
0.123152601330463
0.122755675478238
0.122387166525156
0.122046988816479
0.121734959218816
0.121450797116482
0.121194124895061
0.120964468910793
0.120761260941481
0.1205838401117
0.120431455282259
0.120303267891089
0.120198355230108
0.120115714140057
0.120054265102905
0.120012856709157
0.119990270475328
0.119985225984892
0.119996386324296
0.120022363784091
0.12006172579388
0.120113001058649
0.120174685863164
0.120245250510382
0.120323145859405
0.12040680992822
0.120494674526483
0.120585171883809
0.120676741239444
0.120767835359861
0.120856926951656
0.120942514938202
0.121023130569729
0.121097343337963
0.121163766668028
0.121221063362063
0.121267950770908
0.121303205672203
0.121325668835369
0.121334249256147
0.121327928045608
0.121305761960916
0.121266886567433
0.121210519024133
0.12113596048665
0.121042598124593
0.120929906752069
0.12079745007255
0.120644881541363
0.120471944851157
0.12027847404759
0.120064393284346
0.11982971622824
0.119574545126734
0.119299069551572
0.119003564833481
0.118688390203972
0.118353986661183
0.118000874577475
0.117629651067066
0.117240987132468
0.116835624608722
0.116414372924627
0.115978105700113
0.115527757198808
0.115064318654609
0.114588834490686
0.114102398448926
0.113606149647294
0.11310126858195
0.112588973090343
0.112070514290771
0.11154717251315
0.111020253234987
0.110491083035766
0.109961005582197
0.109431377655972
0.108903565234979
0.108378939638148
0.107858873743433
0.107344738287762
0.106837898257164
0.106339709374685
0.105851514693176
0.105374641299494
0.104910397136217
0.104460067946503
0.104024914347324
0.103606169035928
0.103205034133976
0.102822678673491
0.102460236228364
0.102118802694833
0.101799434223982
0.101503145308937
0.101230907029045
0.100983645452904
0.10076224020166
0.100567523173514
0.100400277429855
0.100261236242889
0.100151082304024
0.100070447091639
0.100019910396207
0.1
0.10001119150789
0.100053908324986
0.100128521776066
0.100235351360947
0.100374665139178
0.100546680236601
0.100751563465589
0.100989432050009
0.101260354445249
0.101564351243
0.101901396149895
0.102271417028583
0.102674296989393
0.103109875520411
0.103577949643561
0.104078275084177
0.104610567441578
0.105174503348274
0.105769721605763
0.106395824285253
0.107052377782252
0.107738913814651
0.108454930354795
0.109199892487024
0.109973233183284
0.110774353990669
0.111602625626116
0.112457388474954
0.113337952991561
0.114243600002051
0.115173580910586
0.116127117812692
0.117103403520709
0.118101601508298
0.119120845782681
0.12016024069503
0.121218860701082
0.12229575008563
0.123389922666043
0.124500361491316
0.125626018554338
0.126765814536145
0.127918638601754
0.129083348267834
0.130258769362913
0.13144369610101
0.132636891289549
0.13383708669211
0.135042983566034
0.136253253394062
0.13746653882813
0.138681454862086
0.139896590248524
0.141110509173053
0.142321753197286
0.143528843479501
0.144730283279456
0.145924560751148
0.147110152024467
0.148285524573739
0.149449140868073
0.150599462295284
0.151734953347982
0.152854086057215
0.153955344655908
0.155037230451213
0.1560982668819
0.157137004734051
0.158152027485586
0.159141956747698
0.160105457768968
0.16104124496595
0.161948087442322
0.162824814457277
0.163670320802832
0.164483572049017
0.165263609615609
0.166009555629184
0.166720617524705
0.167396092351801
0.16803537074712
0.16863794053586
0.169203389927645
0.169731410274318
0.170221798360047
0.170674458197237
0.171089402305172
0.171466752451982
0.171806739844491
0.172109704754604
0.172376095575191
0.172606467302849
0.172801479449385
0.172961893388401
0.173088569147853
0.173182461663907
0.173244616515729
0.173276165165084
0.173278319728538
0.173252367313903
0.173199663955988
0.173121628189939
0.173019734303287
0.172895505310311
0.172750505694386
0.1725863339657
0.172404615082957
0.172206992788499
0.17199512190667
0.171770660655175
0.171535263018705
0.171290571233137
0.171038208427329
0.170779771467767
0.170516824049221
0.170250890072142
0.16998344734475
0.169715921644732
0.16944968117217
0.169186031421847
0.168926210499391
0.168671384901943
0.168422645780146
0.168181005694336
0.167947395873889
0.167722663984784
0.167507572406609
0.16730279701655
0.167108926474311
0.166926461998533
0.166755817622072
0.166597320910552
0.166451214125859
0.166317655813814
0.166196722793062
0.166088412520347
0.165992645805728
0.165909269849985
0.165838061575483
0.165778731221005
0.16573092617063
0.165694234986576
0.165668191615964
0.165652279741806
0.165645937248996
0.165648560776858
0.165659510330646
0.165678113925444
0.165703672237105
0.165735463236094
0.16577274678147
0.165814769153653
0.165860767506036
0.165909974216983
0.16596162112517
0.166014943632708
0.166069184661822
0.166123598452259
0.166177454187866
0.166230039442016
0.166280663432703
0.166328660079242
0.166373390853489
0.166414247419465
0.166450654056113
0.166482069858751
0.166507990715524
0.16652795105585
0.166541525368558
0.166548329487998
0.166548021647074
0.166540303296719
0.166524919691961
0.166501660245355
0.16647035864917
0.166430892768439
0.166383184307631
0.166327198254513
0.166262942105501
0.166190464877688
0.166109855913611
0.166021243485724
0.165924793208566
0.165820706267589
0.165709217474652
0.165590593161267
0.165465128921721
0.165333147219284
0.165194994869738
0.165051040417483
0.164901671420438
0.164747291660847
0.164588318299926
0.164425178994995
0.164258308998362
0.164088148257694
0.163915138537942
0.163739720585094
0.163562331352014
0.163383401306494
0.163203351841275
0.163022592805294
0.162841520174658
0.162660513880955
0.162479935813392
0.162300128009978
0.162121411051483
0.161944082670281
0.161768416584413
0.161594661565234
0.161423040745014
0.161253751168682
0.16108696359165
0.160922822523427
0.160761446514331
0.160602928680337
0.16044733745875
0.16029471758513
0.160145091279697
0.159998459629336
0.159854804149332
0.159714088507143
0.159576260388838
0.159441253487336
0.159308989590349
0.159179380744838
0.159052331474039
0.158927741022523
0.158805505604489
0.158685520630472
0.158567682887877
0.158451892651299
0.158338055699355
0.158226085215812
0.158115903554105
0.15800744384586
0.15790065143582
0.157795485127512
0.157691918226173
0.157589939367749
0.157489553125218
0.157390780386067
0.157293658497383
0.157198241177687
0.157104598197375
0.157012814832335
0.156922991097933
0.156835240773202
