0.177902343564972
0.176601255976101
0.175298677743513
0.173997877515179
0.172702028320136
0.171414198729293
0.170137344857326
0.16887430321571
0.167627784420021
0.166400367747913
0.165194496537769
0.164012474412005
0.162856462303378
0.161728476257467
0.160630385979892
0.159563914092691
0.158530636060743
0.157531980746187
0.156569231546405
0.155643528069409
0.154755868299312
0.153907111204008
0.153097979737174
0.152329064187294
0.151600825827437
0.150913600821086
0.150267604341278
0.149662934862683
0.149099578588922
0.148577413980418
0.148096216351257
0.147655662506862
0.147255335397805
0.146894728768506
0.146573251783136
0.14629023361441
0.146044927984304
0.145836517648851
0.145664118822098
0.145526785537008
0.145423513943446
0.145353246545518
0.145314876382213
0.145307251156752
0.145329177321028
0.145379424122212
0.145456727618883
0.145559794674018
0.145687306931739
0.145837924784069
0.146010291332901
0.146203036351153
0.146414780245586
0.146644138022101
0.146889723252488
0.14715015203968
0.147424046976584
0.147710041091504
0.148006781771236
0.148312934650919
0.148627187457963
0.148948253795642
0.149274876850464
0.149605833006123
0.149939935345759
0.150276037023479
0.150613034485532
0.1509498705213
0.151285537124341
0.151619078144046
0.15194959170916
0.152276232405329
0.152598213190099
0.15291480703024
0.15322534824803
0.153529233565054
0.153825922834231
0.154114939453069
0.154395870453551
0.154668366266619
0.15493214016173
0.155186967364611
0.155432683858878
0.15566918487974
0.155896423110434
0.156114406594391
0.156323196378303
0.156522903903303
0.156713688163247
0.156895752650761
0.15706934211303
0.157234739140464
0.157392260612279
0.157542254023588
0.157685093719035
0.157821177058044
0.157950920536672
0.158074755890618
0.158193126203391
0.158306482042794
0.158415277647898
0.158519967187512
0.158621001109856
0.158718822601718
0.158813864173857
0.158906544387849
0.158997264737935
0.159086406699817
0.159174328956705
0.159261364811354
0.159347819791268
0.159433969452815
0.159520057388603
0.159606293441231
0.159692852125344
0.159779871258946
0.159867450803971
0.159955651915414
0.160044496197628
0.160133965165944
0.160223999911341
0.160314500965645
0.16040532836454
0.160496301905588
0.160587201598436
0.160677768304401
0.160767704562689
0.16085667560058
0.160944310524992
0.161030203692843
0.161113916257701
0.161194977890084
0.16127288866872
0.161347121139794
0.16141712254095
0.161482317186358
0.161542109008634
0.161595884252726
0.161643014316132
0.161682858728867
0.161714768265626
0.161738088181465
0.161752161561075
0.161756332770478
0.161749950998577
0.161732373874623
0.16170297114619
0.16166112840088
0.161606250813513
0.161537766899258
0.16145513225184
0.1613578332448
0.161245390672736
0.161117363308531
0.160973351351893
0.160812999743968
0.160636001322525
0.160442099792112
0.160231092483812
0.160002832879649
0.159757232877466
0.159494264773061
0.159213962937724
0.158916425170837
0.158601813709072
0.158270355875858
0.157922344357095
0.157558137091731
0.157178156768603
0.156782889923923
0.15637288563694
0.155948753824564
0.155511163139121
0.155060838476778
0.15459855810766
0.154125150442046
0.153641490450432
0.153148495758472
0.152647122440952
0.1521383605419
0.151623229350677
0.151102772466408
0.150578052685321
0.150050146747506
0.149520139981211
0.14898912088402
0.148458175681168
0.147928382901727
0.147400808013542
0.146876498157475
0.146356477020873
0.145841739889092
0.145333248912461
0.14483192862426
0.144338661743109
0.143854285290692
0.143379587052902
0.142915302409485
0.142462111553875
0.142020637121469
0.141591442240868
0.141175029018797
0.140771837465551
0.140382244863845
0.140006565580017
0.139645051312609
0.139297891769562
0.13896521576151
0.138647092695155
0.138343534447322
0.138054497597196
0.137779885991356
0.137519553613672
0.137273307729836
0.137040912274387
0.136822091446488
0.136616533479486
0.136423894548407
0.136243802779054
0.136075862322243
0.135919657456905
0.135774756686405
0.135640716793302
0.135517086819025
0.13540341193645
0.135299237185186
0.135204111041386
0.1351175887962
0.135039235719407
0.134968629987364
0.134905365357146
0.134849053571521
0.134799326482288
0.134755837882355
0.134718265039789
0.13468630992988
0.134659700163975
0.134638189616473
0.134621558753852
0.134609614671929
0.134602190849731
0.13459914663032
0.134600366440689
0.134605758764414
0.134615254882076
0.134628807395624
0.134646388553728
0.134667988395896
0.134693612733606
0.134723280987017
0.134757023895943
0.134794881123726
0.134836898772457
0.134883126827696
0.134933616550391
0.134988417833221
0.135047576537991
0.135111131830118
0.135179113525591
0.135251539465165
0.135328412929918
0.13540972011171
0.135495427651531
0.135585480258241
0.13567979841977
0.135778276218486
0.135880779262159
0.135987142741731
0.136097169626951
0.136210629010861
0.136327254614057
0.136446743459686
0.136568754730139
0.136692908816439
0.136818786571369
0.136945928777321
0.137073835839838
0.137201967717644
0.137329744099726
0.137456544839691
0.13758171065712
0.137704544114987
0.137824310881409
0.137940241282994
0.13805153215583
0.138157348998819
0.138256828432381
0.138349080963842
0.138433194058735
0.138508235515109
0.138573257135555
0.138627298689126
0.138669392152693
0.138698566218481
0.138713851051691
0.13871428327923
0.138698911187616
0.138666800105274
0.138617037941592
0.138548740852384
0.138461058998823
0.138353182364526
0.138224346593266
0.138073838807921
0.137901003369619
0.137705247534765
0.137486046966736
0.13724295105847
0.136975588022051
0.136683669701726
0.136366996067463
0.136025459347398
0.135659047759087
0.13526784880157
0.1348520520727
0.134411951579095
0.13394794750932
0.133460547444559
0.132950366984926
0.132418129773862
0.131864666907468
0.131290915720337
0.130697917944242
0.130086817240957
0.129458856115448
0.128815372220605
0.128157794069625
0.127487636176878
0.126806493652759
0.126116036282401
0.125418002122294
0.124714190652699
0.124006455527242
0.123296696964247
0.12258685382704
0.121878895442812
0.121174813211456
0.12047661205717
0.119786301776563
0.119105888337431
0.118437365182313
0.117782704590493
0.117143849151111
0.116522703398706
0.115921125660687
0.115340920164073
0.114783829446294
0.11425152711199
0.113745610974595
0.113267596618128
0.112818911410965
0.112400888999644
0.112014764306833
0.1116616690536
0.11134262782213
0.111058554670958
0.110810250310803
0.110598399845149
0.110423571075876
0.110286213370533
0.110186657084305
0.110125113526361
0.110101675457113
0.110116318099977
0.110168900648566
0.110259168247767
0.110386754425029
0.110551183946242
0.110751876069002
0.110988148164643
0.11125921967939
0.11156421640411
0.111902175021603
0.112272047900056
0.11267270810119
0.113102954571792
0.113561517487687
0.114047063719757
0.114558202392351
0.115093490505379
0.115651438592386
0.116230516388163
0.116829158480734
0.117445769923982
0.118078731788711
0.118726406631497
0.119387143862324
0.1200592849937
0.12074116875563
0.121431136062553
0.122127534820078
0.12282872456106
0.123533080902227
0.124238999814231
0.124944901699601
0.125649235274593
0.126350481252432
0.12704715582683
0.127737813955958
0.128421052448295
0.129095512852861
0.129759884157373
0.130412905298725
0.131053367490991
0.131680116376768
0.132292054008212
0.132888140664489
0.133467396512628
0.134028903118868
0.134571804817591
0.135095309944776
0.135598691942648
0.136081290341793
0.136542511626508
0.136981829988532
0.13739878797359
0.137792997024357
0.138164137922592
0.138511961132215
0.138836287044106
0.139137006122366
0.139414078950721
0.139667536176689
0.139897478350076
0.140104075651361
0.140287567504547
0.140448262068189
0.140586535597456
0.140702831669426
0.140797660263182
0.140871596685869
0.140925280335534
0.140959413291482
0.140974758722892
0.140972139106674
0.140952434245988
0.140916579081454
0.140865561287905
0.140800418650587
0.140722236215896
0.140632143213229
0.140531309746066
0.140420943252244
0.140302284735325
0.14017660477103
0.140045199294983
0.139909385180328
0.139770495616192
0.13962987530046
0.139488875462859
0.139348848736807
0.139211143901036
0.139077100514369
0.138948043469399
0.138825277493013
0.138710081623765
0.138603703697968
0.138507354878024
0.138422204257912
0.138349373581877
0.1382899321132
0.138244891690413
0.138215202008493
0.138201746162362
0.138205336489432
0.138226710746985
0.138266528658812
0.138325368863791
0.138403726296966
0.138502010031136
0.138620541604124
0.138759553853634
0.138919190278024
0.139099504937495
0.139300462905995
0.139521941279796
0.139763730744078
0.140025537694123
0.140306986902862
0.140607624721553
0.140926922795457
0.141264282271435
0.14161903846956
0.141990465986172
0.142377784191268
0.142780163078904
0.143196729425329
0.143626573205952
0.144068754219052
0.144522308861389
0.144986256998553
0.145459608871167
0.145941371976788
0.146430557866771
0.14692618879724
0.147427304173924
0.147932966731762
0.148442268391966
0.148954335741664
0.149468335084195
0.14998347701174
0.150499020456079
0.151014276177903
0.151528609660245
0.152041443377092
0.152552258414235
0.153060595425578
0.153566054914703
0.154068296838121
0.154567039533515
0.155062057983121
0.155553181429263
0.156040290365827
0.156523312936054
0.157002220773403
0.157477024328275
0.157947767729089
0.158414523231418
0.158877385313653
0.159336464481818
0.159791880849771
0.16024375756392
0.160692214143845
0.161137359811747
0.161579286884434
0.162018064301599
0.162453731363436
0.16288629174919
0.163315707886018
0.163741895734631
0.164164720054558
0.164583990207619
0.164999456553248
0.165410807483913
0.165817667142819
0.166219593859694
0.166616079333605
0.167006548584576
0.167390360688397
0.167766810301404
0.168135129974304
0.168494493246433
0.168844018504105
0.16918277357922
0.169509781056888
0.169824024253795
0.170124453822247
0.170409994928509
0.170679554948157
0.170932031615808
0.171166321561781
0.171381329164046
0.171575975640286
0.171749208302038
0.171900009890672
0.172027407913603
0.172130483898328
0.172208382481993
0.172260320254885
0.172285594277773
0.172283590195179
0.172253789869571
0.172195778464974
0.172109250912682
0.171994017696503
0.171850009900244
0.171677283465991
0.171476022617916
0.171246542413059
0.170989290387435
0.170704847273152
0.170393926769627
0.170057374359675
0.169696165168948
0.169311400874943
0.168904305679544
0.16847622136667
0.168028601474063
0.167563004615507
0.167081086996728
0.166584594174858
0.166075352117604
0.165555257624045
0.165026268174341
0.164490391280382
0.163949673413672
0.163406188590332
0.162862026696105
0.16231928163655
0.161780039399271
0.16124636611595
0.160720296212193
0.160203820732707
0.159698875928139
0.159207332188
0.158730983401499
0.158271536824845
0.157830603529651
0.157409689502505
0.157010187460674
0.156633369443186
0.156280380230371
0.155952231638283
0.155649797727405
0.155373810957641
0.155124859313936
0.15490338441903
0.154709680641761
0.154543895201317
0.154406029259669
0.154295939986413
0.154213343572349
0.15415781916041
0.154128813655187
0.154125647365179
0.154147520425281
0.154193519940839
0.154262627788934
0.154353729007526
0.154465620698634
0.154597021368001
0.154746580620624
0.154912889129272
0.155094488791536
0.155289882990222
0.15549754687194
0.155715937559517
0.15594350421548
0.156178697876205
0.156419980979392
0.156665836511327
0.156914776704848
0.157165351223997
0.157416154776967
0.15766583410514
0.157913094302546
0.158156704427102
0.158395502372228
0.158628398974954
0.158854381344305
0.15907251540147
0.15928194763101
0.159481906049994
0.159671700409446
0.159850721649759
0.160018440638638
0.160174406226727
0.160318242662195
0.160449646411162
0.160568382435927
0.160674279987394
0.160767227971936
0.160847169956049
0.160914098874584
0.160968051510064
0.161009102811553
0.161037360121804
0.16105295738091
0.161056049373495
0.161046806084578
0.161025407226704
0.160992036997719
0.160946879124846
0.160890112246358
0.160821905677399
0.160742415601264
0.160651781721887
0.160550124407408
0.160437542348596
0.160314110749641
0.160179880062481
0.160034875269492
0.159879095713028
0.159712515464131
0.159535084216746
0.159346728687997
0.159147354499688
0.158936848511085
0.158715081568419
0.158481911632328
0.158237187240794
0.15798075126196
0.157712444888607
0.157432111824066
0.157139602607908
0.156834779028906
0.156517518572553
0.156187718850744
0.155845301962151
0.155490218733331
0.155122452792536
0.154742024430752
0.154348994207368
0.15394346626129
0.153525591291979
0.153095569178949
0.152653651212552
0.152200141913362
0.151735400422132
0.151259841447037
0.150773935759691
0.150278210236194
0.149773247444142
0.149259684781091
0.148738213174358
0.148209575356165
0.147674563732065
0.147134017864112
0.146588821593515
0.146039899830363
0.145488215040466
0.144934763461434
0.144380571081731
0.143826689417617
0.143274191123692
0.142724165473037
0.142177713742883
0.14163594454124
0.141099969109017
0.140570896630946
0.140049829587037
0.139537859174432
0.139036060827392
0.138545489860808
0.138067177260099
0.137602125637694
0.13715130537354
0.136715650954266
0.136296057522838
0.135893377647732
0.135508418317986
0.135141938167889
0.134794644932633
0.134467193133998
0.134160181993116
0.133874153565522
0.133609591092179
0.133366917558856
0.133146494455239
0.132948620724439
0.132773531893115
0.132621399372267
0.132492329918883
0.132386365248951
0.132303481792994
0.132243590586051
0.132206537285066
0.132192102307791
0.132200001088582
0.132229884447875
0.132281339073551
0.132353888113852
0.132446991882987
0.132560048681949
0.132692395738389
0.132843310270603
0.133012010681771
0.133197657891437
0.133399356811981
0.133616157978261
0.1338470593389
0.13409100821768
0.134346903453279
0.134613597725092
0.134889900072116
0.135174578610917
0.135466363457443
0.135763949856007
0.136066001517112
0.136371154163974
0.136678019285585
0.136985188092067
0.137291235665869
0.137594725300069
0.137894213012763
0.138188252224242
0.138475398581371
0.138754214911472
0.139023276285885
0.139281175171498
0.139526526646767
0.139757973657194
0.139974192283866
0.140173896997614
0.140355845870451
0.140518845715419
0.140661757125672
0.14078349938362
0.140883055211247
0.140959475333271
0.141011882825664
0.141039477223153
0.141041538360685
0.141017429925402
0.140966602697505
0.14088859746034
0.140783047562213
0.140649681114687
0.140488322814547
0.140298895379037
0.140081420586528
0.139836019917262
0.139562914791376
0.139262426403861
0.138934975158549
0.13858107970553
0.138201355588633
0.137796513511694
0.13736735723426
0.136914781109179
0.136439767276127
0.135943382526541
0.135426774856701
0.134891169726735
0.134337866044225
0.133768231891746
0.133183700018247
0.132585763114472
0.131975968892878
0.13135591499252
0.130727243729333
0.130091636712039
0.129450809343646
0.128806505228137
0.128160490501541
0.127514548106102
0.126870472025788
0.126230061500864
0.125595115238754
0.124967425637932
0.124348773041128
0.123740920033683
0.123145605802533
0.122564540570959
0.121999400123953
0.121451820438828
0.120923392435543
0.120415656861071
0.119930099322084
0.119468145480184
0.119031156423909
0.118620424231774
0.118237167740613
0.117882528533535
0.117557567161816
0.11726325961501
0.117000494053517
0.116770067817718
0.116572684727566
0.116408952686276
0.116279381601314
0.116184381635429
0.116124261799823
0.11609922890077
0.116109386850132
0.116154736349129
0.116235174953525
0.116350497527023
0.116500397088171
0.11668446605436
0.116902197884755
0.117152989121976
0.117436141830327
0.117750866426147
0.118096284893571
0.118471434376626
0.118875271136126
0.119306674857376
0.119764453292169
0.120247347216073
0.120754035679537
0.121283141528914
0.121833237171175
0.122402850553844
0.122990471329594
0.123594557172994
0.124213540215142
0.124845833560351
0.12548983784777
0.126143947819682
0.126806558857497
0.127476073445865
0.128150907525156
0.12882949669264
0.129510302213112
0.130191816800419
0.13087257013247
0.13155113406364
0.132226127500246
0.132896220906784
0.133560140412965
0.134216671494223
0.134864662201273
0.135503025917464
0.136130743626074
0.136746865673286
0.137350513016383
0.137940877950614
0.138517224312247
0.139078887159451
0.139625271936816
0.140155853133523
0.140670172449334
0.141167836486661
0.141648513990994
0.142111932665801
0.142557875591716
0.142986177283308
0.143396719419946
0.143789426290252
0.14416425999227
0.144521215433803
0.144860315179351
0.145181604191637
0.145485144516924
0.145771009964067
0.146039280827615
0.14629003870516
0.146523361458634
0.146739318368253
0.146937965526414
0.147119341517022
0.147283463423461
0.14743032320576
0.147559884484478
0.147672079765414
0.147766808135518
0.147843933456322
0.147903283076906
0.147944647083835
0.147967778100774
0.147972391645537
0.147958167047322
0.147924748921763
0.147871749196297
0.147798749673238
0.147705305112896
0.147590946814134
0.147455186665015
0.147297521631564
0.147117438648411
0.146914419870997
0.14668794824536
0.146437513348181
0.146162617446827
0.145862781726688
0.145537552631011
0.145186508256971
0.144809264750623
0.144405482642913
0.143974873068914
0.14351720381303
0.143032305123966
0.142520075244913
0.141980485606472
0.141413585632523
0.140819507112293
0.14019846809546
0.139550776271075
0.138876831795444
0.138177129538778
0.137452260725402
0.136702913947555
0.135929875538176
0.135134029293694
0.134316355543428
0.133477929567891
0.13261991937393
0.131743582840181
0.13085026425173
0.129941390248061
0.129018465213354
0.128083066142811
0.127136837023021
0.126181482768244
0.125218762758
0.124250484024292
0.123278494139364
0.122304673856802
0.121330929560274
0.120359185575073
0.119391376397956
0.118429438900567
0.117475304560944
0.116530891776339
0.115598098308753
0.114678793912298
0.113774813188794
0.112887948714796
0.112019944479788
0.111172489671402
0.110347212839409
0.109545676465902
0.108769371964587
0.108019715127505
0.107298042032835
0.106605605422803
0.105943571556142
0.105313017535088
0.104714929102617
0.104150198901581
0.103619625183604
0.103123910952148
0.102663663521016
0.102239394466833
0.101851519951727
0.101500361390508
0.101186146435196
0.10090901024875
0.100668997039265
0.100466061825802
0.100300072407336
0.100170811507006
0.100077979065013
0.100021194654924
0.1
0.100013861568203
0.100062173226874
0.100144258940606
0.100259375498477
0.100406715259588
0.100585408908649
0.100794528216155
0.10103308880045
0.101300052891582
0.101594332099376
0.101914790190394
0.102260245880526
0.102629475651704
0.103021216602693
0.103434169345054
0.103867000956104
0.104318348001128
0.104786819637091
0.105271000809721
0.105769455555092
0.106280730415691
0.106803357979479
0.107335860548622
0.107876753942446
0.108424551436755
0.108977767838991
0.109534923695889
0.110094549627243
0.110655190776324
0.111215411364266
0.111773799332626
0.112328971055112
0.112879576096512
0.113424301993899
0.113961879032537
0.114491084986451
0.115010749791449
0.115519760116572
0.116017063798476
0.116501674102162
0.116972673770865
0.117429218827674
0.117870542091741
0.118295956372665
0.118704857307835
0.119096725809189
0.119471130087999
0.119827727228821
0.120166264286805
0.120486578885886
0.120788599299175
0.121072343996902
0.121337920651623
0.12158552459497
0.121815436724996
0.122028020868025
0.122223720603889
0.122403055568409
0.122566617251896
0.122715064317293
0.122849117466254
0.122969553885928
0.123077201313439
0.12317293175895
0.12325765493174
0.123332311416902
0.123397865652963
0.123455298762988
0.123505601293508
0.123549765916834
0.123588780153056
0.123623619168193
0.123655238704618
0.123684568198961
0.123712504141278
0.123739903727337
0.123767578853427
0.123796290500192
0.123826743548674
0.123859582067981
0.123895385109921
0.123934663041506
0.123977854441552
0.124025323582691
0.124077358515003
0.124134169762295
0.124195889636771
0.12426257217254
0.124334193673147
0.124410653863179
0.124491777628915
0.124577317328171
0.124666955644854
0.124760308959394
0.124856931202138
0.124956318153111
0.125057912148187
0.125161107148747
0.125265254129387
0.125369666736105
0.125473627165754
0.125576392216308
0.125677199456745
0.125775273465032
0.125869832082818
0.125960092636045
0.126045278071636
0.126124622961864
0.126197379329747
0.126262822251005
0.126320255190559
0.126369015034396
0.126408476780651
0.126438057857123
0.126457222035967
0.126465482920041
0.12646240697925
0.126447616119258
0.126420789768968
0.126381666477349
0.126330045014287
0.12626578497429
0.126188806885932
0.126099091833934
0.125996680604652
0.125881672369481
0.12575422292431
0.12561454250649
0.125462893214018
0.125299586054561
0.12512497765462
0.124939466661595
0.124743489873608
0.124537518133789
0.124322052027254
0.124097617420187
0.12386476088132
0.123624045026634
0.123376043828305
0.123121337928792
0.12286051000048
0.122594140190512
0.122322801689327
0.122047056459988
0.121767451163682
0.12148451331475
0.121198747696356
0.12091063306539
0.120620619172459
0.120329124119904
0.120036532077657
0.119743191373519
0.119449412971065
0.119155469344928
0.118861593759715
0.118567979955265
0.118274782237442
0.117982115970168
0.117690058461002
0.117398650229236
0.117107896642346
0.116817769903574
0.116528211370628
0.116239134182865
0.115950426171932
0.115661953028743
0.115373561697812
0.115085083968386
0.114796340230595
0.114507143363845
0.114217302724042
0.113926628195908
0.113634934276601
0.113342044157127
0.11304779376858
0.112752035761105
0.112454643384547
0.112155514241115
0.111854573881937
0.111551779221163
0.111247121743198
0.110940630480753
0.110632374743596
0.110322466580221
0.110011062957016
0.109698367641917
0.10938463278201
0.109070160166926
0.108755302172286
0.108440462379788
0.108126095872756
0.107812709208169
0.107500860068193
0.107191156596186
0.106884256423916
0.106580865398363
0.106281736017971
0.105987665589549
0.105699494118169
0.105418101943472
0.10514440713663
0.10487936267296
0.104623953395782
0.104379192787576
0.104146119564848
0.10392579411339
0.103719294780734
0.103527714042737
0.103352154561232
0.103193725149621
0.103053536663267
0.102932697831403
0.102832311047158
0.102753468132192
0.102697246092281
0.102664702880082
0.102656873181182
0.102674764239438
0.102719351737518
0.102791575748485
0.102892336774187
0.103022491886163
0.10318285098471
0.103374173191695
0.103597163392606
0.103852468943237
0.10414067655626
0.10446230938276
0.104817824303554
0.105207609444824
0.105631981932199
0.106091185896946
0.106585390747361
0.107114689717758
0.107679098706667
0.108278555414909
0.108912918793175
0.109581968807551
0.110285406530085
0.11102285456007
0.111793857780092
0.112597884449202
0.113434327633704
0.114302506974131
0.115201670784895
0.116130998480978
0.117089603323809
0.118076535476192
0.119090785353877
0.120131287258993
0.121196923278295
0.122286527426868
0.123398890015692
0.124532762219345
0.125686860818049
0.126859873086347
0.128050461798951
0.129257270322683
0.130478927762075
0.131714054125007
0.132961265473854
0.134219179026962
0.135486418174871
0.136761617375654
0.13804342689392
0.139330517348602
0.140621584035452
0.141915350991385
0.143210574769247
0.144506047893434
0.145800601968844
0.147093110418075
0.148382490824441
0.149667706861316
0.150947769791473
0.152221739523497
0.153488725215883
0.154747885423175
0.155998427782333
0.15723960824146
0.158470729836985
0.159691141029415
0.160900233611729
0.162097440208419
0.163282231386973
0.164454112407302
0.165612619638104
0.166757316672452
0.167887790177957
0.169003645519634
0.170104502196083
0.17118998913174
0.172259739869752
0.173313387711463
0.174350560849528
0.175370877542306
0.176373941377427
0.177359336672209
0.178326624058031
0.179275336294719
0.18020497435961
0.181115003854112
0.182004851768392
0.182873903642272
0.183721501157479
0.184546940193199
0.185349469373352
0.186128289130228
0.186882551305137
0.187611359302466
0.188313768809229
0.18898878908765
0.189635384843738
0.190252478670185
0.190838954057229
0.191393658960503
0.191915409910295
0.192402996642147
0.192855187224359
0.193270733653756
0.193648377887059
0.193986858271409
0.194284916334061
0.19454130388799
0.1947547904072
0.19492417062289
0.195048272289338
0.195125964066439
0.195156163464267
0.195137844793886
0.195070047067851
0.194951881793483
0.194782540602059
0.194561302657502
0.19428754178903
0.193960733293511
0.193580460354925
0.193146420030418
0.192658428754867
0.192116427318699
0.191520485276853
0.190870804750277
0.190167723585139
0.189411717839028
0.188603403567736
0.187743537890802
0.186833019318763
0.185872887329981
0.184864321189986
0.183808638011442
0.182707290058063
0.181561861301031
0.180374063241733
0.179145730019757
0.177878812830184
0.17657537367914
0.175237578511321
0.173867689747752
0.172468058276304
0.171041114941533
0.169589361584004
0.168115361682644
0.166621730656537
0.165111125885113
0.163586236507729
0.162049773065262
0.160504457047459
0.158953010410424
0.157398145128794
0.155842552846755
0.154288894691234
0.152739791309234
0.15119781318944
0.149665471325927
0.148145208279036
0.146639389685308
0.145150296264787
0.143680116370041
0.142230939116984
0.140804748133006
0.139403415953103
0.138028699089657
0.13668223379635
0.135365532541382
0.134079981199816
0.132826836969489
0.131607227009591
0.13042214779577
0.129272465180476
0.128158915142329
0.127082105203552
0.126042516490038
0.125040506404454
0.124076311878917
0.123150053170312
0.122261738158189
0.121411267102489
0.120598437816048
0.119822951205004
0.11908441712877
0.118382360530302
0.117716227786828
0.117085393231094
0.116489165793492
0.115926795716147
0.115397481291124
0.114900375576386
0.114434593044889
0.113999216124337
0.11359330158746
0.113215886755318
0.112865995478954
0.112542643867741
0.112244845735916
0.111971617742071
0.111721984199733
0.11149498154052
0.111289662414831
0.111105099418378
0.110940388436262
0.110794651599553
0.110667039852569
0.110556735132131
0.110462952163008
0.11038493987662
0.110321982462695
0.110273400066071
0.110238549143126
0.110216822494436
0.110207648992181
0.110210493022523
0.110224853664714
0.110250263629975
0.11028628798433
0.11033252268046
0.110388592924353
0.110454151403042
0.110528876400009
0.110612469824994
0.110704655184811
0.110805175521568
0.110913791344212
0.111030278578691
0.111154426561235
0.111286036098256
0.111424917615234
0.111570889415623
0.111723776069338
0.11188340694874
0.112049614928243
0.112222235261748
0.11240110465002
0.112586060507943
0.112776940439264
0.11297358192404
0.113175822221491
0.113383498488378
0.113596448110437
0.113814509241694
0.114037521543854
0.114265327115285
0.114497771596495
0.114734705436457
0.11497598530167
0.115221475607504
0.115471050149179
0.115724593807748
0.115982004304607
0.116243193976545
0.116508091542004
0.116776643828254
0.117048817428475
0.11732460025738
0.117604002974051
0.117887060240981
0.118173831789115
0.118464403259789
0.118758886796
0.119057421357381
0.1193601727355
0.119667333248805
0.119979121099514
0.120295779378087
0.120617574704539
0.120944795499739
0.121277749883948
0.121616763204135
0.12196217519604
0.12231433679147
0.122673606585845
0.123040346985554
0.12341492005912
0.123797683120504
0.124188984077011
0.124589156578152
0.124998515005421
0.125417349346202
0.125845919997886
0.126284452550718
0.126733132599838
0.127192100638452
0.127661447084983
0.128141207497418
0.128631358027877
0.129131811169644
0.129642411847572
0.13016293390083
0.130693077004529
0.131232464073717
0.131780639189781
0.132337066085277
0.132901127218841
0.133472123467029
0.134049274454852
0.134631719541338
0.135218519470905
0.135808658695515
0.136401048366771
0.136994529991196
0.137587879736125
0.138179813367847
0.13876899179808
0.139354027209458
0.139933489725618
0.14050591458668
0.141069809786524
0.141623664124234
0.142165955618536
0.142695160230995
0.143209760841109
0.143708256414409
0.144189171303113
0.14465106461786
0.145092539608568
0.14551225299249
0.145908924168042
0.146281344254018
0.146628384895234
0.146949006777536
0.147242267797401
0.147507330833964
0.147743471074249
0.14795008284563
0.148126685912945
0.148272931201374
0.148388605909954
0.148473637984485
0.148528099922548
0.148552211887362
0.148546344111139
0.14851101857257
0.14844690993695
0.148354845751204
0.148235805889773
0.148090921250838
0.147921471705768
0.14772888330791
0.147514724769933
0.147280703221853
0.147028659264651
0.146760561336978
0.146478499414938
0.146184678067256
0.145881408890327
0.145571102349749
0.145256259056915
0.144939460511141
0.144623359339624
0.144310669069281
0.144004153466244
0.143706615480412
0.143420885834147
0.143149811295744
0.142896242679928
0.14266302261917
0.142452973151121
0.142268883168992
0.142113495783146
0.141989495643556
0.141899496274168
0.14184602747142
0.141831522820374
0.14185830738292
0.141928585613458
0.142044429558164
0.142207767394515
0.142420372368078
0.142683852183658
0.142999638907747
0.143368979438733
0.143792926600581
0.144272330914604
0.144807833102466
0.145399857371779
0.146048605533447
0.146754051997335
0.147515939689865
0.148333776933794
0.149206835326645
0.150134148650149
0.151114512838499
0.152146487028403
0.153228395708639
0.154358331981361
0.155534161941537
0.156753530174894
0.158013866368426
0.159312393021122
0.160646134235956
0.162011925567573
0.163406424893372
0.164826124269059
0.166267362723142
0.167726339938346
0.169199130761693
0.170681700478893
0.172169920782969
0.173659586361615
0.175146432022755
0.176626150273225
0.17809440926139
0.179546870990974
0.180979209710401
0.182387130379587
0.183766387114389
0.185112801507859
0.186422280727096
0.187690835284798
0.188914596385671
0.190089832749613
0.191212966816049
0.19228059023697
0.193289478570102
0.19423660508813
0.19511915362509
0.1959345303868
0.196680374658539
0.197354568350024
0.197955244325093
0.198480793471204
0.198929870471974
0.199301398254404
0.199594571090996
0.19980885634581
0.199943994862339
0.2
0.199977155334826
0.199876011048707
0.199697379039974
0.199442326796389
0.199112170079471
0.198708464476594
0.198232995884267
0.197687769992544
0.197075000846361
0.196397098564905
0.195656656304696
0.194856436555951
0.19399935686495
0.193088475077493
0.192126974200128
0.191118146976674
0.19006538027753
0.188972139398547
0.187841952364689
0.18667839433143
0.185485072173864
0.18426560934982
0.183023631118977
0.18176275019509
0.180486552903011
