0.538398041151799
0.539543808753777
0.540853995440401
0.542327210865456
0.543961568682648
0.545754692568907
0.547703724000683
0.54980533174106
0.552055722987658
0.554450656123862
0.556985455008747
0.55965502473434
0.562453868772561
0.565376107428335
0.56841549751
0.571565453123324
0.574819067491163
0.578169135697058
0.581608178247946
0.585128465348642
0.588722041778811
0.592380752261841
0.596096267214361
0.599860108765049
0.603663676931935
0.607498275848543
0.611355139930929
0.615225459879996
0.619100408416301
0.622971165647964
0.626828943976133
0.630665012446854
0.63447072046292
0.638237520774487
0.641956991672761
0.645620858316939
0.649221013130667
0.652749535210706
0.656198708696996
0.659561040060014
0.662829274268103
0.665996409804291
0.669055712508932
0.672000728231297
0.674825294279948
0.677523549668279
0.680089944158015
0.682519246109621
0.684806549154502
0.686947277709516
0.688937191359634
0.690772388139541
0.692449306749559
0.693964727745474
0.695315773745613
0.696499908701818
0.697514936283893
0.698358997429497
0.699030567113394
0.699528450391513
0.699851777776243
0.7
0.699972882224196
0.699770497750419
0.699393221289903
0.698841721846209
0.698116955264489
0.697220156498849
0.696152831647066
0.694916749799379
0.693513934745301
0.691946656579299
0.690217423242953
0.688328972037764
0.68628426113917
0.684086461138686
0.681738946637273
0.679245287909288
0.676609242652556
0.673834747836335
0.67092591165529
0.667887005593971
0.664722456602861
0.66143683938376
0.658034868779184
0.654521392257578
0.650901382483499
0.647179929959561
0.643362235724852
0.639453604092733
0.635459435409449
0.63138521881386
0.627236524977738
0.623018998805637
0.618738352073172
0.614400355982755
0.610010833616356
0.605575652265738
0.601100715621763
0.596591955805881
0.592055325228659
0.58749678826229
0.582922312716282
0.578337861108094
0.573749381723198
0.569162799461987
0.564584006473983
0.560018852583023
0.555473135510367
0.550952590906004
0.546462882201822
0.542009590303649
0.537598203142506
0.533234105108675
0.528922566395317
0.524668732281408
0.520477612386603
0.5163540699333
0.51230281105362
0.508328374181194
0.504435119569586
0.500627218980802
0.49690864558866
0.493283164142794
0.489754321439714
0.48632543714767
0.48299959503202
0.479779634627385
0.476668143402146
0.47366744945971
0.470779614819493
0.468006429318821
0.46534940517477
0.462809772242578
0.460388474004515
0.45808616432012
0.455903204965471
0.453839663985704
0.451895314881365
0.450069636645336
0.448361814663204
0.446770742485855
0.445295024479005
0.443932979350265
0.442682644550192
0.441541781539695
0.440507881912152
0.439578174354666
0.438749632429077
0.438018983149717
0.43738271633143
0.436837094678109
0.43637816457897
0.436001767576982
0.435703552471339
0.435478988013569
0.435323376154899
0.435231865800748
0.43519946702682
0.435221065710081
0.435291438527044
0.43540526827118
0.435557159440908
0.43574165404952
0.435953247608525
0.436186405236211
0.436435577843786
0.436695218352102
0.436959797892874
0.43722382194921
0.437481846391394
0.437728493364969
0.437958466989381
0.438166568826681
0.438347713081008
0.438496941490818
0.438609437877001
0.4386805423112
0.438705764869736
0.438680798939551
0.438601534043541
0.438464068153505
0.438264719459701
0.438000037566709
0.437666814085881
0.437262092595222
0.436783177937997
0.436227644831788
0.435593345760132
0.434878418119222
0.434081290592561
0.43320068872687
0.432235639683016
0.431185476136291
0.430049839301026
0.428828681055327
0.427522265142667
0.426131167428236
0.424656275189274
0.423098785420238
0.421460202135491
0.419742332654312
0.417947282855468
0.416077451391294
0.414135522854253
0.412124459892317
0.410047494273151
0.407908116901087
0.405710066795136
0.403457319040875
0.401154071733901
0.39880473193761
0.396413900683427
0.393986357047089
0.391527041340249
0.389041037462485
0.386533554464585
0.384009907379917
0.381475497386479
0.378935791368026
0.376396300948263
0.373862561077581
0.371340108256928
0.368834458488378
0.36635108504642
0.363895396168145
0.361472712764139
0.359088246255035
0.356747076641235
0.354454130915284
0.352214161927695
0.350031727817658
0.347911172119996
0.345856604658919
0.343871883337598
0.3419605969302
0.340126048980027
0.338371242903465
0.336698868394893
0.335111289222342
0.333610532497598
0.332198279497728
0.33087585810754
0.329644236944493
0.328504021218959
0.327455450373639
0.326498397536333
0.325632370810347
0.324856516416491
0.324169623690088
0.323570131925682
0.323056139051286
0.322625412103134
0.322275399461068
0.322003244793988
0.321805802654276
0.321679655649872
0.321621133112802
0.321626331173486
0.321691134141194
0.321811237082595
0.321982169482564
0.322199319864272
0.322457961239194
0.322753277252075
0.323080388881039
0.323434381549104
0.323810332500264
0.324203338291113
0.324608542247703
0.325021161736978
0.325436515102704
0.325850048117261
0.326257359803095
0.326654227480874
0.32703663090555
0.3274007753565
0.327743113553698
0.328060366278415
0.328349541584184
0.328607952491701
0.328833233069871
0.32902335281427
0.329176629243924
0.32929173864729
0.329367724918739
0.329404006437524
0.329400380952158
0.329357028444213
0.329274511956773
0.329153776383984
0.32899614522936
0.328803315351592
0.328577349727537
0.328320668272775
0.328036036770526
0.32772655396979
0.327395636923223
0.3270470046445
0.326684660173582
0.32631287114648
0.325936148973691
0.325559226738382
0.325187035931713
0.324824682148259
0.324477419869385
0.324150626466563
0.323849775560015
0.323580409870709
0.323348113705609
0.323158485217162
0.323017108578378
0.322929526214374
0.322901211230156
0.322937540172434
0.323043766260671
0.323224993219262
0.323486149838703
0.323831965389039
0.324266946003586
0.324795352145167
0.325421177260723
0.326148127723328
0.326979604153374
0.327918684202955
0.328968106879454
0.330130258475941
0.331407160167362
0.33280045732263
0.334311410573718
0.335940888673674
0.337689363166311
0.339556904881035
0.341543182257104
0.343647461492453
0.345868608503224
0.348205092671274
0.350654992348305
0.353216002076884
0.355885441480501
0.358660265767059
0.361537077782788
0.36451214154654
0.367581397187855
0.370740477206057
0.373984723961945
0.377309208308531
0.380708749262593
0.384177934614714
0.387711142371924
0.391302562924025
0.39494622182226
0.398636003057085
0.402365672720517
0.406128902937778
0.409919295952783
0.413730408252415
0.41755577461548
0.421388931973684
0.425223442974044
0.42905291913461
0.432871043488463
0.436671592614424
0.440448457956885
0.444195666341602
0.447907399599089
0.451578013212472
0.455202053912259
0.458774276146364
0.462289657359975
0.465743412026348
0.469131004376347
0.472448159781529
0.475690874752707
0.47885542552323
0.481938375193608
0.484936579421631
0.487847190649611
0.490667660867982
0.493395742921925
0.496029490375211
0.498567255952712
0.501007688590307
0.503349729127879
0.505592604687951
0.507735821789041
0.509779158249125
0.511722653940551
0.513566600463351
0.515311529809137
0.516958202092593
0.518507592431935
0.51996087706363
0.521319418780073
0.522584751781829
0.523758566038413
0.524842691253386
0.525839080530815
0.526749793840807
0.527576981381934
0.528322866937883
0.528989731324569
0.529579896022345
0.530095707085678
0.530539519419914
0.530913681511416
0.531220520693533
0.53146232902651
0.531641349864641
0.53175976517873
0.531819683696262
0.531823129915695
0.531772034044926
0.531668222907386
0.531513411852374
0.531309197699199
0.531057052737559
0.530758319799328
0.530414208409662
0.530025792018101
0.529594006303154
0.529119648536864
0.528603377988954
0.528045717343582
0.527447055095377
0.526807648885432
0.526127629732302
0.525407007107835
0.524645674802906
0.523843417523825
0.522999918156441
0.522114765631708
0.521187463323827
0.520217437909961
0.519204048618998
0.518146596795919
0.517044335707965
0.515896480519055
0.514702218359695
0.513460718421016
0.512171142003454
0.510832652453017
0.509444424921
0.508005655886341
0.506515572383597
0.504973440883648
0.503378575778735
0.501730347428183
0.500028189726166
0.498271607158079
0.49646018131739
0.494593576860299
0.492671546880955
0.490693937695484
0.488660693028396
0.486571857600295
0.484427580120873
0.482228115696121
0.47997382766334
0.477665188871945
0.475302782432104
0.47288730195698
0.470419551327668
0.46790044401286
0.465331001977757
0.462712354218812
0.460045734962491
0.457332481567366
0.454574032169553
0.451771923111695
0.448927786195456
0.446043345796819
0.443120415882307
0.440160896962784
0.437166773019498
0.434140108434789
0.431083044957239
0.427997798728109
0.424886657392746
0.42175197731719
0.418596180926607
0.415421754178433
0.412231244179212
0.409027256950203
0.405812455342873
0.402589557101451
0.399361333065858
0.396130605504584
0.392900246563442
0.389673176812742
0.386452363872212
0.383240821090068
0.380041606249996
0.376857820277511
0.373692605915166
0.37054914633455
0.367430663651791
0.364340417312526
0.361281702311967
0.35825784721577
0.355272211947959
0.352328185313139
0.349429182221633
0.34657864058805
0.343780017876019
0.341036787264544
0.338352433414425
0.335730447816662
0.333174323708452
0.330687550546466
0.328273608031383
0.325935959682201
0.323678045963592
0.321503276974415
0.319415024710509
0.317416614919914
0.315511318573719
0.31370234298075
0.311992822579251
0.310385809443472
0.308884263547742
0.307491042834937
0.306208893140409
0.305040438026195
0.303988168583794
0.303054433266807
0.302241427817333
0.301551185352165
0.300985566676416
0.300546250893358
0.300234726379759
0.300052282196046
0.3
0.300078746531541
0.30028916673441
0.300631677578198
0.301106462641288
0.301713467511776
0.302452396059421
0.303322707627141
0.304323615185529
0.305454084488342
0.306712834261021
0.308098337447966
0.30960882353765
0.311242281977697
0.312996466684898
0.314868901647723
0.316856887611441
0.318957509828344
0.321167646848025
0.323483980315107
0.325903005734411
0.328421044156287
0.331034254727823
0.333738648048906
0.336530100265732
0.339404367828354
0.342357102833362
0.345383868867702
0.348480157265216
0.351641403683534
0.354863004905697
0.358140335768284
0.361468766115852
0.364843677680289
0.36826048078317
0.371714630759434
0.37520164400164
0.378717113525806
0.382256723962208
0.385816265877729
0.389391649340139
0.392978916639246
0.396574254085034
0.400174002808676
0.403774668498678
0.407372930011303
0.410965646801806
0.414549865130802
0.418122823008284
0.421681953846284
0.425224888799946
0.428749457785699
0.432253689174293
0.435735808165587
0.439194233861091
0.442627575059305
0.446034624807795
0.449414353754651
0.452765902350337
0.456088571959091
0.459381814946656
0.46264522381836
0.465878519488307
0.469081538766547
0.472254221156685
0.475396595061261
0.478508763496451
0.481590889421136
0.484643180788143
0.487665875427424
0.490659225872168
0.49362348423923
0.496558887274892
0.499465641675798
0.502343909792936
0.505193795823827
0.508015332594607
0.510808469029476
0.513573058400138
0.516308847442267
0.519015466419929
0.521692420212136
0.524339080488506
0.526954679033262
0.529538302268769
0.53208888702129
0.534605217562989
0.537085923955215
0.539529481709058
0.541934212769959
0.544298287824002
0.546619729914379
0.548896419347483
0.551126099859293
0.553306386004103
0.555434771719395
0.557508640012728
0.55952527370906
0.561481867189872
0.563375539048997
0.565203345584105
0.566962295037478
0.568649362494992
0.570261505348187
0.57179567922096
0.573248854259726
0.574618031683966
0.575900260492839
0.577092654222997
0.578192407652949
0.579196813350204
0.580103277958975
0.580909338128485
0.581612675984756
0.582211134052264
0.582702729535862
0.583085667877982
0.583358355511192
0.583519411731716
0.583567679625457
0.583502235984373
0.583322400157632
0.583027741788861
0.58261808739784
0.582093525772255
0.581454412142415
0.580701371119252
0.579835298383289
0.578857361119626
0.577768997201249
0.576571913130083
0.575268080752174
0.573859732770117
0.57234935708232
0.570739689984923
0.569033708278045
0.56723462032359
0.565345856107
0.563371056360151
0.561314060806918
0.559178895596923
0.556969759996472
0.554691012408743
0.552347155797938
0.549942822594231
0.547482759158065
0.544971809883618
0.542414901022027
0.539817024305334
0.537183220452041
0.534518562634649
0.531828139988645
0.529117041241083
0.52639033853521
0.523653071525509
0.520910231815133
0.518166747804929
0.515427470020201
0.512697156978014
0.509980461654181
0.507281918605233
0.504605931796549
0.501956763183491
0.499338522087931
0.496755155407866
0.494210438693049
0.491707968114637
0.489251153351892
0.486843211413884
0.484487161409075
0.482185820270548
0.479941799439531
0.47775750250483
0.475635123790758
0.473576647881247
0.471583850063017
0.469658297666005
0.467801352274737
0.466014172780006
0.46429771923608
0.462652757484774
0.461079864504055
0.459579434435493
0.458151685241731
0.456796665942423
0.455514264374562
0.45430421542103
0.453166109649424
0.452099402301782
0.451103422574812
0.45017738312954
0.449320389769048
0.448531451223033
0.44780948897847
0.447153347096463
0.446561801956698
0.446033571872468
0.445567326521254
0.445161696138164
0.444815280422179
0.444526657108116
0.444294390160468
0.444117037548806
0.443993158568154
0.443921320671747
0.443900105787695
0.443928116095373
0.444003979241792
0.444126352982659
0.444293929237405
0.444505437551982
0.444759647967792
0.44505537329953
0.445391470829152
0.445766843427371
0.446180440118204
0.446631256105958
0.447118332287709
0.447640754277743
0.448197650973561
0.448788192695848
0.449411588937358
0.450067085757772
0.450753962863438
0.451471530412301
0.452219125585425
0.452996108967145
0.453801860776245
0.454635776990404
0.455497265405771
0.456385741672662
0.457300625347237
0.458241335997495
0.459207289400133
0.460197893862709
0.461212546703158
0.462250630916144
0.463311512052875
0.464394535338052
0.465499023044458
0.466624272142464
0.467769552238408
0.468934103812431
0.470117136763003
0.471317829262023
0.472535326921115
0.473768742266568
0.475017154517319
0.476279609657489
0.477555120792302
0.478842668773692
0.480141203079698
0.481449642929699
0.48276687861585
0.484091773029615
0.485423163361154
0.486759862948463
0.488100663252633
0.489444335935351
0.490789635014817
0.492135299076618
0.493480053516731
0.494822612794728
0.496161682676414
0.497495962446534
0.498824147073758
0.500144929311971
0.501457001723827
0.502759058614613
0.504049797866665
0.505327922666828
0.506592143121767
0.507841177758267
0.509073754907948
0.510288613978081
0.511484506612409
0.512660197747897
0.513814466575351
0.514946107413596
0.516053930508552
0.517136762769953
0.518193448459682
0.519222849846662
0.520223847843991
0.521195342644499
0.522136254371136
0.523045523758587
0.52392211288221
0.524765005949876
0.525573210171497
0.526345756720005
0.527081701796294
0.527780127809199
0.52844014467989
0.529060891278282
0.529641536997055
0.530181283466764
0.53067936641335
0.531135057657012
0.531547667249135
0.531916545741546
0.532241086580049
0.532520728611875
0.532754958694381
0.532943314390202
0.533085386731986
0.533180823037881
0.533229329757254
0.533230675324454
0.533184692997119
0.533091283654331
0.532950418528987
0.532762141848099
0.532526573354277
0.532243910681503
0.531914431558386
0.531538495812485
0.531116547149892
0.530649114685194
0.530136814198078
0.529580349094266
0.528980511050089
0.528338180321918
0.527654325703707
0.526930004118212
0.526166359829862
0.525364623269867
0.524526109466858
0.523652216079192
0.522744421027924
0.521804279732445
0.520833421953733
0.519833548253167
0.518806426077813
0.517753885485976
0.516677814529695
0.515580154313523
0.514462893751611
0.513328064047515
0.512177732923471
0.511013998627983
0.509838983752439
0.508654828889166
0.507463686164752
0.50626771268364
0.505069063917924
0.503869887079903
0.502672314514338
0.501478457147418
0.500290398029251
0.49911018600622
0.497939829558756
0.496781290839066
0.495636479942028
0.4945072494409
0.49339538921769
0.492302621615951
0.491230596941546
0.490180889334414
0.48915499303175
0.48815431904019
0.487180192231631
0.486233848874278
0.485316434607322
0.48442900286444
0.483572513748048
0.482747833352954
0.481955733534772
0.481196892115266
0.480471893513579
0.47978122978928
0.479125302080169
0.478504422414975
0.477918815878462
0.477368623103954
0.476853903066086
0.476374636144561
0.475930727427899
0.475522010224726
0.475148249748864
0.474809146943604
0.474504342409894
0.474233420402876
0.473995912861182
0.47379130343374
0.473619031469449
0.47347849593603
0.473369059235617
0.473290050886184
0.473240771039735
0.473220493810291
0.473228470387046
0.473263931910668
0.473326092093504
0.473414149567431
0.473527289946262
0.473664687592862
0.473825507084542
0.474008904373721
0.474214027644365
0.474440017868192
0.474686009068102
0.474951128299714
0.475234495365181
0.475535222276651
0.475852412489771
0.476185159930419
0.476532547840505
0.476893647470975
0.477267516652271
0.477653198274217
0.478049718708785
0.478456086210254
0.478871289328036
0.479294295367786
0.479724048936416
0.480159470606212
0.480599455732478
0.481042873457954
0.481488565935696
0.481935347800218
0.482382005914402
0.482827299417097
0.483269960093436
0.483708693086682
0.484142177966994
0.48456907016884
0.484988002804912
0.485397588860435
0.485796423767635
0.486183088355983
0.486556152169615
0.486914177139203
0.487255721591429
0.487579344575235
0.487883610480193
0.488167093918744
0.488428384840619
0.488666093844706
0.488878857650821
0.489065344691418
0.489224260781231
0.489354354821218
0.489454424491983
0.489523321891097
0.489559959068486
0.489563313414238
0.489532432853887
0.489466440807364
0.489364540869461
0.489226021171734
0.489050258388291
0.488836721350885
0.488584974242038
0.488294679338642
0.48796559928247
0.487597598858346
0.487190646265232
0.486744813870198
0.486260278440082
0.485737320850595
0.485176325277525
0.484577777879684
0.483942264988003
0.483270470819964
0.482563174742977
0.481821248114644
0.481045650731773
0.480237426923641
0.479397701328259
0.478527674393169
0.477628617644712
0.476701868771508
0.475748826569306
0.474770945795148
0.473769731979075
0.472746736241369
0.471703550162471
0.470641800751398
0.469563145556594
0.468469267960765
0.467361872698393
0.466242681631326
0.465113429814111
0.46397586187668
0.462831728747565
0.461682784736205
0.460530784987983
0.45937748332063
0.458224630445513
0.457073972572141
0.455927250389142
0.454786198409881
0.453652544666067
0.452528010727958
0.451414312025452
0.45031315844022
0.449226255135351
0.448155303585716
0.447102002769416
0.446068050478348
0.445055144704149
0.444064985054492
0.443099274154046
0.442159718984271
0.441248032116709
0.440365932795431
0.439515147825915
0.438697412229765
0.437914469627301
0.437168072313226
0.436459980994123
0.435791964160534
0.435165797070713
0.434583260327785
0.43404613803694
0.43355621553436
0.433115276684781
0.432725100749874
0.432387458834871
0.432104109926069
0.431876796536925
0.431707239985324
0.431597135329225
0.43154814599223
0.431561898114577
0.431639974668618
0.431783909380961
0.431995180506071
0.432275204498243
0.432625329630439
0.433046829609459
0.433540897237399
0.434108638169192
0.434751064815328
0.435469090437614
0.436263523484006
0.437135062206246
0.438084289601255
0.43911166871393
0.440217538335416
0.441402109126832
0.442665460194183
0.444007536135562
0.445428144577025
0.446926954208611
0.448503493327022
0.450157148886519
0.451887166054658
0.453692648264753
0.455572557752277
0.457525716558117
0.459550807977461
0.46164637842942
0.463810839719108
0.466042471661037
0.468339425030212
0.470699724805414
0.473121273667701
0.475601855716327
0.4781391403639
0.480730686372868
0.483373945996148
0.486066269186037
0.488804907837337
0.491587020032945
0.494409674262891
0.497269853591009
0.500164459746953
0.503090317125158
0.506044176676485
0.509022719682678
0.51202256140824
0.515040254629014
0.518072293041346
0.521115114560371
0.524165104520452
0.527218598795194
0.530271886858576
0.533321214812607
0.536362788410453
0.539392776107107
0.542407312172363
0.545402499903106
0.548374414973609
0.551319108963686
0.554232613105157
0.557110942287031
0.559950099359263
0.562746079773652
0.5654948765987
0.568192485942772
0.570834912816963
0.573418177465483
0.575938322187345
0.578391418668543
0.580773575838954
0.583080948262754
0.58530974506542
0.587456239394354
0.589516778403883
0.591487793748983
0.593365812565521
0.595147468908245
0.596829515611211
0.598408836528904
0.599882459110021
0.601247567249829
0.60250151436129
0.603641836599701
0.60466626617064
0.605572744646457
0.606359436212559
0.60702474076127
0.607567306748179
0.607986043723689
0.608280134450879
0.608449046519935
0.608492543369189
0.60841069462333
0.608203885660583
0.607872826322573
0.607418558683221
0.606842463796344
0.606146267345583
0.605332044124922
0.604402221283253
0.603359580272234
0.602207257443008
0.600948743244146
0.59958787998039
0.598128858099419
0.596576210981787
0.59493480821742
0.593209847360478
0.591406844163018
0.589531621296546
0.587590295579338
0.585589263736073
0.583535186724986
0.581434972676251
0.579295758493585
0.577124890179161
0.574929901949639
0.572718494218566
0.570498510527389
0.568277913513919
0.566064760013165
0.563867175391044
0.561693327216515
0.559551398382102
0.55744955978666
0.555395942697435
0.55339861091103
0.551465532834865
0.549604553611894
0.547823367412003
0.546129490013358
0.544530231796249
0.543032671270538
0.541643629255725
0.540369643829955
0.53921694616091
0.53819143732762
0.537298666237664
0.536543808739193
0.535931648021577
0.535466556392423
0.535152478512135
0.534992916160265
0.534990914600542
0.53514905060382
0.535469422180212
0.535953640063466
0.536602820982253
0.537417582744444
