0.643766968126587
0.643912688231314
0.644019385301797
0.644090104942007
0.644127841082239
0.644135514816501
0.644115953857059
0.64407187273871
0.644005853900999
0.64392032977135
0.643817565965936
0.643699645718167
0.6435684556369
0.64342567288799
0.643272753883644
0.643110924554206
0.642941172266702
0.642764239443626
0.642580618924236
0.642390551099098
0.642194022836825
0.641990768210077
0.641780271015857
0.64156176907322
0.641334260269673
0.641096510315893
0.640847062157065
0.640584246978158
0.640306196729968
0.640010858092744
0.639696007784853
0.639359269115245
0.638998129670505
0.638609960020085
0.638192033317021
0.637741545665953
0.637255637125766
0.636731413210587
0.636165966750266
0.63555639996986
0.634899846646986
0.634193494206273
0.633434605611464
0.632620540917978
0.631748778351975
0.630816934786016
0.629822785486417
0.628764283013084
0.627639575159176
0.626447021825106
0.625185210729235
0.62385297186601
0.622449390631169
0.620973819542947
0.619425888497875
0.617805513509645
0.616112903889644
0.61434856783795
0.612513316423801
0.610608265944782
0.608634838663999
0.606594761934408
0.604490065729071
0.602323078605419
0.600096422140475
0.597813003882464
0.595476008872206
0.593088889795101
0.590655355831359
0.588179360278373
0.585665087024706
0.583116935960103
0.58053950741017
0.577937585687953
0.575316121857461
0.572680215806433
0.570035097727073
0.567386109104342
0.56473868331159
0.562098325912829
0.55947059476993
0.556861080051423
0.554275384237415
0.551719102212534
0.549197801535705
0.54671700297209
0.544282161368632
0.541898646950512
0.539571727111337
0.537306548765214
0.535108121324014
0.532981300358125
0.530930771993884
0.528961038095787
0.527076402276363
0.52528095677152
0.523578570214087
0.521972876333302
0.520467263603161
0.519064865857854
0.517768553887959
0.516580928026778
0.515504311732045
0.514540746164356
0.513691985759985
0.512959494792347
0.512344444913157
0.511847713661395
0.511469883925495
0.51121124434168
0.511071790609144
0.51105122770074
0.511148972946013
0.51136415996182
0.511695643404281
0.512142004514587
0.512701557430003
0.513372356230447
0.51415220269013
0.515038654702942
0.516029035349611
0.517120442573991
0.518309759435298
0.519593664902535
0.520968645156884
0.522431005367324
0.523976881904251
0.525602254955398
0.527302961507869
0.529074708659555
0.530913087222735
0.532813585582072
0.534771603768698
0.536782467711487
0.538841443626048
0.540943752501398
0.543084584643652
0.54525911423557
0.547462513870165
0.549689969016152
0.551936692372476
0.554197938068777
0.556469015668319
0.558745303929613
0.561022264282849
0.563295453977175
0.565560538854955
0.567813305709361
0.570049674182023
0.572265708158011
0.574457626616131
0.576621813893445
0.578754829324013
0.580853416213178
0.582914510110234
0.584935246344075
0.586912966788353
0.588845225824895
0.590729795476511
0.592564669682949
0.594348067696591
0.596078436577534
0.59775445277094
0.599375022752943
0.60093928273504
0.602446597420632
0.60389655781128
0.6052889780643
0.606623891407421
0.607901545120478
0.609122394598364
0.610287096513816
0.611396501102899
0.612451643600401
0.613453734856599
0.614404151171095
0.615304423383488
0.616156225264695
0.616961361256531
0.61772175361085
0.618439428983018
0.619116504537725
0.619755173628133
0.620357691112106
0.620926358371658
0.621463508103915
0.62197148895365
0.622452650058901
0.622909325582287
0.623343819301322
0.623758389331414
0.624155233055139
0.624536472331024
0.624904139054165
0.625260161139899
0.625606349000093
0.62594438257968
0.626275799018751
0.62660198100281
0.6269241458608
0.627243335467136
0.627560407000344
0.627876024606958
0.628190652015123
0.628504546137901
0.628817751701624
0.62913009692978
0.629441190307898
0.629750418449762
0.630056945080007
0.630359711142836
0.6306574360412
0.630948620005378
0.631231547584503
0.631504292249226
0.631764722088397
0.632010506577454
0.632239124391103
0.632447872227953
0.632633874609937
0.632794094614806
0.63292534549554
0.633024303136384
0.633087519291273
0.633111435546757
0.633092397948134
0.633026672224386
0.632910459544725
0.632739912737018
0.632511152896209
0.632220286308953
0.631863421619164
0.631436687157952
0.63093624836056
0.630358325192371
0.62969920950584
0.628955282250357
0.628123030457497
0.627199063924914
0.626180131523278
0.625063137052074
0.623845154571878
0.622523443142803
0.621095460901181
0.619558878409271
0.617911591215729
0.616151731567877
0.614277679220326
0.612288071288323
0.610181811098259
0.607958075992046
0.605616324046632
0.603156299674642
0.60057803807707
0.59788186852407
0.595068416445182
0.592138604315739
0.589093651331768
0.585935071871329
0.582664672745991
0.579284549251904
0.575797080035748
0.572204920796667
0.568510996851035
0.564718494592704
0.560830851886938
0.556851747441826
0.552785089206302
0.548635001849086
0.54440581337784
0.540102040962541
0.535728376031498
0.531289668712578
0.526790911695945
0.522237223598036
0.517633831909455
0.512986055612021
0.508299287552289
0.503578976660461
0.498830610104697
0.494059695471378
0.489271743061956
0.484472248396433
0.479666675012488
0.474860437647578
0.470058885889187
0.465267288375564
0.460490817626053
0.455734535576206
0.451003379888546
0.446302151104968
0.44163550070145
0.437007920099955
0.432423730686278
0.427887074876014
0.423401908264013
0.418971992885527
0.414600891609948
0.410291963680456
0.406048361405327
0.401873027998882
0.397768696562425
0.3937378901878
0.389782923158742
0.385905903217772
0.382108734859331
0.378393123602957
0.374760581193887
0.371212431672344
0.367749818247172
0.364373710904343
0.361084914676295
0.357884078494055
0.354771704540755
0.351748158022407
0.348813677269774
0.345968384083856
0.343212294236834
0.340545328040462
0.337967320894668
0.33547803373068
0.333077163265217
0.330764351985231
0.328539197786256
0.326401263191674
0.324350084085022
0.322385177892878
0.320506051161753
0.318712206478808
0.31700314869299
0.315378390400312
0.313837456664424
0.312379888951271
0.311005248264404
0.309713117475408
0.308503102851786
0.307374834792454
0.306327967788722
0.305362179636082
0.304477169929381
0.3036726578808
0.302948379506562
0.302304084234255
0.301739530988178
0.301254483815006
0.300848707116351
0.300521960558408
0.30027399373183
0.300104540637112
0.300013314072237
0.3
0.300064251972302
0.300205685687846
0.300423873757992
0.300718340753128
0.301088558598777
0.301533942386781
0.302053846662429
0.302647562243194
0.303314313619072
0.304053256978213
0.304863478894875
0.305743995709572
0.306693753623872
0.307711629524615
0.308796432544414
0.309946906357351
0.311161732200784
0.312439532606208
0.313778875814373
0.315178280842205
0.316636223161861
0.318151140945277
0.319721441821127
0.32134551008513
0.323021714299248
0.324748415210555
0.326523973916462
0.32834676019963
0.330215160953268
0.332127588615746
0.334082489532379
0.336078352162114
0.338113715047449
0.340187174467408
0.34229739169565
0.344443099788862
0.346623109834431
0.348836316590888
0.351081703459913
0.353358346734482
0.355665419074198
0.358002192165764
0.360368038533912
0.362762432475837
0.365184950100172
0.367635268459767
0.370113163775836
0.372618508759412
0.375151269044358
0.377711498754334
0.38029933523411
0.382914992983262
0.385558756837562
0.388230974450256
0.390932048131734
0.393662426111849
0.396422593294315
0.399213061577025
0.4020343598159
0.404887023512873
0.407771584310803
0.41068855937956
0.413638440778147
0.416621684877543
0.419638701928001
0.422689845852786
0.425775404347898
0.428895589364093
0.432050528043685
0.435240254180128
0.438464700263323
0.441723690168017
0.445016932536706
0.448344014902006
0.451704398586812
0.455097414413631
0.458522259247382
0.461977993388812
0.465463538828481
0.468977678364202
0.472519055577802
0.47608617566038
0.479677407068677
0.48329098398909
0.486925009580041
0.490577459958142
0.494246188888704
0.497928933136885
0.501623318431953
0.505326865993995
0.509036999569797
0.512751052922647
0.51646627771941
0.520179851757492
0.523888887474064
0.527590440680356
0.531281519464724
0.534959093209657
0.538620101669806
0.54226146406049
0.54588008810889
0.549472879023239
0.553036748338719
0.556568622602435
0.560065451863615
0.563524217939193
0.566941942428938
0.570315694458343
0.573642598131524
0.576919839680308
0.5801446742995
0.583314432661943
0.586426527110404
0.589478457526473
0.592467816879525
0.59539229646136
0.59824969081433
0.601037902362634
0.603754945757951
0.60639895195168
0.608968172006803
0.611460980662752
0.613875879666653
0.616211500883966
0.618466609200872
0.620640105229741
0.622731027827747
0.624738556437173
0.626662013254154
0.628500865230713
0.63025472591279
0.631923357114794
0.633506670428893
0.635004728564942
0.636417746514606
0.637746092530981
0.63899028891276
0.640151012579942
0.641229095426078
0.642225524430319
0.643141441510917
0.643978143100516
0.644737079422469
0.645419853446601
0.646028219502305
0.646564081526652
0.647029490925234
0.647426644023904
0.647757879090251
0.648025672904681
0.648232636862323
0.648381512588598
0.648475167053201
0.648516587169492
0.648508873868668
0.648455235640874
0.64835898153824
0.648223513638002
0.648052318967104
0.647848960893128
0.647617069989907
0.647360334389859
0.647082489638717
0.646787308072117
0.646478587737198
0.646160140886117
0.645835782072039
0.64550931588175
0.645184524342556
0.644865154044478
0.644554903021971
0.644257407442471
0.643976228151878
0.643714837129754
0.6434766039094
0.643264782020128
0.643082495510931
0.642932725616329
0.6428182976265
0.642741868024776
0.64270591195625
0.642712711091617
0.642764341950328
0.642862664746853
0.643009312823136
0.643205682729295
0.643452925013262
0.643751935778286
0.644103349065178
0.644507530113714
0.64496456955486
0.645474278582361
0.646036185148809
0.646649531227553
0.647313271177737
0.648026071245422
0.648786310229106
0.649592081333056
0.650441195226756
0.651331184323406
0.652259308284853
0.653222560754629
0.654217677314871
0.655241144656941
0.65628921094945
0.657357897381275
0.658443010850982
0.65954015776792
0.660644758924134
0.661752065390212
0.662857175382274
0.663955052041545
0.665040542062389
0.666108395099335
0.667153283878569
0.668169824934588
0.669152599888288
0.670096177178706
0.670995134157
0.671844079448047
0.672637675482283
0.673370661098215
0.674037874114283
0.674634273767589
0.675154962916394
0.675595209903243
0.675950469976129
0.676216406166212
0.676388909522388
0.676464118605249
0.676438438145958
0.676308556778962
0.676071463761553
0.675724464597837
0.675265195489747
0.674691636543336
0.674002123664576
0.673195359085354
0.672270420467167
0.671226768537154
0.670064253218567
0.668783118225424
0.667384004098975
0.665867949671584
0.664236391951716
0.662491164431795
0.660634493828766
0.658668995275173
0.656597665986351
0.654423877437013
0.652151366087821
0.649784222709644
0.64732688035989
0.644784101071646
0.642160961322211
0.639462836353021
0.636695383417859
0.633864524040578
0.630976425367361
0.628037480701717
0.625054289313032
0.622033635611451
0.618982467783252
0.615907875981619
0.612817070167865
0.609717357697705
0.606616120746165
0.603520793663087
0.600438840349107
0.59737773173934
0.594344923478916
0.591347833870993
0.588393822173973
0.585490167320377
0.582644047125305
0.579862518047576
0.577152495561687
0.574520735193517
0.571973814267509
0.569518114407699
0.567159804829706
0.564904826455485
0.562758876877517
0.560727396194032
0.558815553732029
0.55702823567019
0.555370033569389
0.55384523381436
0.552457807966297
0.551211404022602
0.55010933857693
0.549154589869788
0.548349791717601
0.547697228306021
0.547198829831619
0.54685616897473
0.546670458185252
0.546642547762563
0.546772924710416
0.547061712347605
0.547508670655523
0.548113197344179
0.548874329619001
0.549790746631651
0.550860772599138
0.552082380576708
0.553453196871238
0.554970506083172
0.556631256766363
0.558432067696455
0.560369234739675
0.562438738315047
0.564636251444028
0.566957148382429
0.569396513830162
0.571949152714803
0.574609600545211
0.577372134331455
0.580230784067013
0.583179344768731
0.586211389069187
0.589320280355095
0.59249918644399
0.595741093789911
0.599038822206857
0.60238504009678
0.605772280166495
0.609192955615408
0.612639376773221
0.616103768163952
0.61957828596957
0.623055035863522
0.626526091181222
0.62998351139143
0.633419360829263
0.636825727648446
0.640194742947337
0.643518600020332
0.646789573683425
0.65000003962008
0.653142493691159
0.656209571150446
0.659194065705431
0.662088948361371
0.664887385985384
0.667582759526342
0.670168681825762
0.672639014954652
0.67498788701144
0.677209708316655
0.679299186940989
0.681251343504712
0.683061525188128
0.68472541889494
0.686239063512843
0.687598861218569
0.688801587777835
0.689844401794178
0.69072485286455
0.691440888603689
0.691990860503705
0.692373528599948
0.692588064919097
0.692634055690426
0.692511502306348
0.692220821023634
0.691762841402022
0.691138803482322
0.69035035371152
0.689399539627728
0.68828880332313
0.687020973708299
0.685599257606325
0.684027229710146
0.682308821441207
0.68044830875216
0.67845029892059
0.676319716384858
0.674061787676928
0.671682025510556
0.669186212086409
0.666580381678582
0.663870802569497
0.661063958402398
0.658166529022519
0.655185370879485
0.652127497064689
0.649000057058182
0.645810316260035
0.64256563538129
0.639273449769302
0.635941248741754
0.632576555002694
0.629186904212712
0.625779824783875
0.622362817968179
0.618943338306225
0.615528774500399
0.612126430774294
0.608743508777217
0.605387090089593
0.602064119381807
0.598781388275622
0.595545519953683
0.592362954558909
0.589239935421714
0.586182496149032
0.583196448605091
0.580287371809753
0.577460601776108
0.574721222304793
0.572074056748353
0.56952366075473
0.567074315994846
0.56473002487511
0.562494506231616
0.560371191998837
0.558363224841716
0.556473456736283
0.554704448480256
0.55305847011158
0.551537502209468
0.550143238049299
0.548877086579706
0.547740176187309
0.546733359211923
0.545857217172586
0.545112066662544
0.544497965869299
0.544014721674035
0.543661897283188
0.543438820343616
0.543344591491736
0.543378093286179
0.543537999472926
0.543822784531564
0.544230733451193
0.544759951684705
0.545408375230533
0.546173780791617
0.547053795962234
0.548045909394413
0.54914748089702
0.550355751422137
0.551667852895107
0.553080817846601
0.554591588807181
0.556197027427186
0.557893923287235
0.559679002367312
0.561548935145175
0.563500344297743
0.565529811982171
0.567633886676414
0.569809089562335
0.572051920437677
0.574358863146543
0.576726390521415
0.579150968833138
0.581629061748657
0.584157133799702
0.586731653368953
0.58934909520349
0.592005942468604
0.59469868835814
0.597423837280633
0.600177905643379
0.602957422259422
0.605758928405027
0.608578977557735
0.611414134847334
0.614260976254228
0.617116087591535
0.619976063308904
0.622837505157501
0.625697020756737
0.62855122210427
0.631396724071434
0.634230142926635
0.637048094929324
0.639847195036965
0.642624055766923
0.645375286254388
0.648097491546382
0.650787272170493
0.653441224015308
0.656055938557557
0.658628003468717
0.661154003631308
0.663630522592328
0.666054144478227
0.668421456392561
0.670729051313957
0.67297353150832
0.675151512465368
0.677259627365485
0.679294532078772
0.68125291069384
0.683131481569544
0.684927003898433
0.686636284766235
0.688256186687239
0.689783635591051
0.691215629231813
0.692549245986774
0.693781654006942
0.694910120678614
0.695932022350813
0.696844854280121
0.697646240741111
0.698333945247595
0.698905880827183
0.699360120289341
0.69969490642508
0.699908662074857
0.7
0.699967732492208
0.699810880655287
0.69952868329337
0.69912060534038
0.69858634576648
0.697925844898677
0.697139291094626
0.696227126711035
0.695190053310795
0.694029036056208
0.692745307239238
0.691340368903761
0.689815994519115
0.688174229668989
0.686417391724726
0.684548068477413
0.682569115708747
0.680483653686419
0.678295062575779
0.676006976765647
0.673623278112386
0.671148088112641
0.668585759021466
0.665940863938892
0.663218185894187
0.660422705963231
0.657559590460412
0.654634177252248
0.651651961245515
0.64861857910799
0.645539793284909
0.642421475378912
0.639269588965555
0.636090171920351
0.63288931833677
0.629673160117634
0.626447848324864
0.623219534374575
0.619994351166001
0.616778394233746
0.613577703013264
0.61039824230941
0.607245884057213
0.60412638946287
0.601045391611188
0.598008378623471
0.595020677447023
0.592087438354176
0.58921362022496
0.586403976683277
0.583663043151778
0.580995124885527
0.578404286039069
0.575894339815685
0.573468839741504
0.571131072100697
0.568884049561367
0.566730506014913
0.564672892644643
0.562713375232357
0.560853832704469
0.559095856912078
0.557440753632296
0.555889544771107
0.554442971741118
0.55310149998084
0.551865324575637
0.550734376934209
0.549708332468575
0.548786619219882
0.547968427367207
0.547252719551682
0.546638241943987
0.546123535979377
0.545706950681081
0.545386655490124
0.545160653517366
0.545026795131899
0.54498279179885
0.545026230079161
0.545154585704022
0.545365237637344
0.545655482040985
0.546022546059298
0.546463601342083
0.546975777227999
0.547556173514092
0.548201872741131
0.548909951928996
0.549677493701366
0.550501596744323
0.551379385549293
0.552308019396796
0.55328470054388
0.554306681584688
0.555371271960406
0.556475843601724
0.557617835693943
0.558794758561837
0.560004196678358
0.561243810808139
0.562511339303459
0.563804598576898
0.565121482781152
0.566459962732482
0.567818084119882
0.569193965047315
0.570585792961139
0.571991821019201
0.57341036396188
0.574839793548665
0.576278533626547
0.57772505489867
0.579177869463191
0.580635525193232
0.582096600029113
0.58355969625371
0.585023434820888
0.586486449805364
0.587947383040271
0.589404879005976
0.590857580030431
0.592304121857619
0.593743129636381
0.595173214377235
0.596592969919711
0.598000970447297
0.599395768581334
0.60077589407922
0.602139853156081
0.603486128442737
0.60481317958637
0.606119444493865
0.607403341211357
0.608663270427218
0.6098976185795
0.611104761542905
0.612283068864577
0.613430908512621
0.614546652096147
0.615628680510969
0.616675389960831
0.617685198300276
0.618656551641965
0.619587931168562
0.620477860087078
0.621324910661967
0.622127711262249
0.622884953357456
0.623595398397411
0.624257884511506
0.624871332964543
0.625434754308
0.625947254168071
0.626408038614707
0.626816419059355
0.627171816632945
0.627473765999974
0.627721918569242
0.627916045066748
0.628056037441611
0.628141910081375
0.628173800318802
0.628151968218102
0.62807679563452
0.627948784547167
0.62776855467093
0.627536840359238
0.627254486815175
0.626922445634097
0.626541769706261
0.626113607513151
0.625639196856001
0.625119858059551
0.624556986698196
0.623952045895446
0.623306558250938
0.622622097452108
0.62190027963007
0.621142754521146
0.620351196496984
0.61952729552714
0.618672748138455
0.61778924843556
0.616878479246322
0.615942103455059
0.61498175558493
0.613999033689031
0.612995491607402
0.6119726316445
0.610931897718606
0.609874669031219
0.608802254300787
0.607715886601135
0.606616718840655
0.605505819913917
0.604384171552664
0.603252665898391
0.602112103813792
0.600963193945364
0.599806552544453
0.598642704048966
0.597472082422959
0.596295033246348
0.595111816542107
0.593922610323516
0.592727514839433
0.591526557491014
0.590319698389104
0.589106836517337
0.587887816462228
0.586662435667835
0.585430452169302
0.58419159275646
0.582945561515925
0.581692048697622
0.580430739849518
0.579161325162489
0.577883508965705
0.57659701931175
0.57530161758982
0.573997108104799
0.572683347559863
0.571360254380351
0.570027817817181
0.568686106768839
0.567335278262148
0.565975585533429
0.56460738565348
0.563231146641819
0.561847454018023
0.560457016740647
0.559060672487107
0.557659392231106
0.556254284077604
0.55484659631899
0.553437719679997
0.552029188722971
0.550622682389363
0.549220023657733
0.54782317830313
0.546434252747383
0.545055490994645
0.543689270651382
0.542338098034951
0.541004602379848
0.539691529155675
0.538401732515862
0.537138166901048
0.53590387782591
0.534701991882972
0.533535706001588
0.532408276004769
0.531323004510911
0.530283228231597
0.529292304720612
0.52835359863302
0.527470467556592
0.526646247481079
0.525884237973679
0.52518768713164
0.524559776385156
0.524003605225631
0.523522175935882
0.52311837840004
0.522794975071654
0.522554586178903
0.522399675245779
0.522332535007707
0.522355273799202
0.522469802489944
0.522677822044003
0.522980811774864
0.523380018366492
0.523876445727781
0.524470845744534
0.525163709989489
0.525955262446972
0.5268454533044
0.527833953858253
0.528920152577161
0.530103152359511
0.53138176901745
0.532754531013419
0.534219680469344
0.535775175462435
0.537418693615205
0.539147636980793
0.540959138218119
0.542850068044672
0.544817043948046
0.546856440130546
0.548964398654511
0.551136841749305
0.55336948523434
0.555657853006081
0.557997292530629
0.560382991277443
0.562809994023862
0.565273220954504
0.567767486474346
0.570287518649312
0.572827979183669
0.575383483839312
0.577948623198353
0.580517983667129
0.583086168617022
0.585647819555249
0.588197637217114
0.59073040247012
0.593240996919831
0.595724423107497
0.598175824190208
0.60059050299569
0.602963940345919
0.605291812546374
0.607570007941089
0.609794642437619
0.61196207391064
0.614068915398118
0.616112047009805
0.618088626474226
0.619996098257283
0.62183220119305
0.62359497457535
0.625282762667054
0.626894217592901
0.628428300590778
0.629884281605857
0.63126173722171
0.632560546932407
0.633780887769606
0.634923227308749
0.635988315088498
0.636977172487595
0.637891081113112
0.638731569763755
0.639500400041177
0.640199550691297
0.640831200766171
0.641397711705072
0.641901608440952
0.642345559645415
0.642732357231572
0.643064895239698
0.643346148235372
