-20,-1.13646613353088
-19.9854318963395,-1.11980135834635
-19.9704636237479,-1.1034753856726
-19.9551185444706,-1.08748226439494
-19.9394185328835,-1.07181565994415
-19.9233840440566,-1.05646896578631
-19.9070341877229,-1.04143539670609
-19.8903868049129,-1.02670806603501
-19.8734585451617,-1.01228004887253
-19.8562649427406,-0.998144433197583
-19.8388204907906,-0.984294360593485
-19.8211387125804,-0.970723058125885
-19.803232229383,-0.957423862733687
-19.7851128246628,-0.944390239321773
-19.7667915044311,-0.931615793587012
-19.7482785537357,-0.919094280466601
-19.7295835893383,-0.906819608971002
-19.7107156086938,-0.894785844052213
-19.6916830353825,-0.882987206060777
-19.6724937611755,-0.871418068260789
-19.6531551849255,-0.860072952799706
-19.6336742484838,-0.848946525467727
-19.6140574698428,-0.838033589528625
-19.5943109737024,-0.827329078858887
-19.5744405196478,-0.816828050593873
-19.5544515281222,-0.806525677447347
-19.5343491043653,-0.796417239843443
-19.514138060477,-0.786498117976984
-19.4938229357597,-0.776763783898631
-19.473408015475,-0.767209793704847
-19.4528973481479,-0.757831779898793
-19.4322947615347,-0.748625443976534
-19.4116038773667,-0.739586549283034
-19.3908281249686,-0.730710914174032
-19.369970753847,-0.721994405512807
-19.3490348453305,-0.713432932524795
-19.3280233233428,-0.705022441027958
-19.3069389643763,-0.696758908052408
-19.2857844067351,-0.688638336859106
-19.2645621591028,-0.680656752364275
-19.2432746084937,-0.672810196973457
-19.2219240276335,-0.665094726826788
-19.2005125818173,-0.657506408455071
-19.1790423352857,-0.650041315844475
-19.1575152571561,-0.642695527906173
-19.1359332269465,-0.635465126345941
-19.11429803972,-0.62834619392756
-19.0926114108828,-0.621334813122907
-19.0708749806593,-0.614427065140694
-19.0490903182711,-0.607619029325086
-19.0272589258406,-0.600906782914726
-19.0053822420407,-0.594286401152095
-18.9834616455091,-0.58775395773263
-18.9614984580444,-0.581305525582506
-18.9394939476008,-0.574937177953637
-18.9174493310939,-0.568644989824018
-18.895365777034,-0.562425039591242
-18.8732444079965,-0.556273411046724
-18.8510863029425,-0.550186195617896
-18.8288924993998,-0.544159494865412
-18.8066639955133,-0.538189423222195
-18.7844017519745,-0.532272110960959
-18.762106693838,-0.526403707376693
-18.7397797122329,-0.520580384170419
-18.7174216659753,-0.514798339020422
-18.6950333830901,-0.509053799326999
-18.6726156622459,-0.503343026116691
-18.6501692741107,-0.497662318091833
-18.6276949626322,-0.492008015811168
-18.6051934462481,-0.486376505987203
-18.5826654190304,-0.480764225885854
-18.5601115517688,-0.47516766781392
-18.5375324929958,-0.469583383679786
-18.5149288699577,-0.464007989612758
-18.4923012895351,-0.458438170626317
-18.4696503391156,-0.452870685310578
-18.4469765874215,-0.447302370539171
-18.4242805852954,-0.441730146175734
-18.4015628664462,-0.436151019765199
-18.3788239481575,-0.430562091195024
-18.3560643319618,-0.424960557311534
-18.3332845042802,-0.419343716476574
-18.3104849370319,-0.41370897304967
-18.2876660882142,-0.40805384178101
-18.264828402454,-0.402375952100584
-18.2419723115343,-0.396673052288965
-18.2190982348948,-0.390943013515336
-18.1962065801096,-0.385183833728529
-18.1732977433434,-0.379393641387062
-18.1503721097853,-0.373570699014369
-18.1274300540645,-0.367713406565726
-18.1044719406463,-0.36182030459368
-18.0814981242104,-0.355890077199153
-18.058508950013,-0.349921554755817
-18.0355047542321,-0.343913716395791
-18.0124858642988,-0.337865692245234
-17.9894525992136,-0.331776765398968
-17.9664052698487,-0.325646373623905
-17.9433441792389,-0.319474110781714
-17.9202696228586,-0.313259727961911
-17.8971818888881,-0.307003134317358
-17.8740812584689,-0.300704397594971
-17.8509680059481,-0.294363744355398
-17.827842399113,-0.287981559876315
-17.804704699416,-0.281558387735061
-17.7815551621912,-0.275094929067338
-17.7583940368612,-0.26859204149985
-17.7352215671366,-0.262050737755836
-17.7120379912076,-0.255472183933698
-17.6888435419278,-0.248857697460085
-17.665638446991,-0.242208744720041
-17.6424229291016,-0.235526938368084
-17.6191972061381,-0.228814034325356
-17.5959614913107,-0.222071928469222
-17.5727159933129,-0.215302653022997
-17.5494609164676,-0.208508372654731
-17.5261964608677,-0.201691380295198
-17.5029228225117,-0.19485409268647
-17.4796401934342,-0.187999045673616
-17.4563487618325,-0.181128889253212
-17.4330487121871,-0.174246382393389
-17.4097402253801,-0.167354387641198
-17.3864234788075,-0.160455865533984
-17.3630986464888,-0.153553868832333
-17.3397658991725,-0.146651536592924
-17.316425404438,-0.139752088100306
-17.2930773267942,-0.13285881667718
-17.2697218277745,-0.12597508339325
-17.246359066029,-0.119104310693052
-17.2229891974136,-0.1122499759634
-17.1996123750761,-0.105415605061216
-17.1762287495396,-0.0986047658224656
-17.1528384687833,-0.091821061572817
-17.1294416783206,-0.0850681246603188
-17.1060385212749,-0.0783496100300339
-17.0826291384532,-0.0716691888599999
-17.0592136684169,-0.0650305422772405
-17.0357922475513,-0.0584373551717641
-17.0123650101322,-0.0518933101255829
-16.988932088391,-0.0454020814727622
-16.9654936125779,-0.038967329505392
-16.9420497110229,-0.032592694839134
-16.9186005101956,-0.0262817929506955
-16.8951461347628,-0.0200382088981665
-16.8716867076449,-0.0138654922336954
-16.8482223500703,-0.0077671521164507
-16.824753181629,-0.00174665263222325
-16.8012793203238,0.00419259167556414
-16.7778008826212,0.0100472200603328
-16.7543179835003,0.0158139296108209
-16.7308307365004,0.0214894790737157
-16.7073392537678,0.0270706924622073
-16.6838436461013,0.0325544624538137
-16.6603440229964,0.0379377535823414
-16.6368404926883,0.0432176052303237
-16.6133331621949,0.0483911344296439
-16.589822137357,0.0534555384793591
-16.5663075228794,0.0584080973909135
-16.54278942237,0.0632461761720056
-16.5192679383783,0.0679672269613131
-16.4957431724332,0.0725687910270778
-16.4722152250796,0.0770485006432083
-16.4486841959151,0.0814040808570473
-16.4251501836248,0.0856333511632935
-16.4016132860163,0.0897342270987147
-16.3780736000539,0.0937047217722924
-16.3545312218916,0.0975429473452405
-16.3309862469063,0.101247116474981
-16.3074387697297,0.104815543736618
-16.2838888842804,0.108246647034735
-16.2603366837943,0.111538949017458
-16.2367822608562,0.11469107850367
-16.213225707429,0.117701771933062
-16.1896671148844,0.120569874847346
-16.1661065740313,0.123294343409458
-16.1425441751452,0.125874245965952
-16.1189800079966,0.128308764656066
-16.0954141618793,0.130597197069092
-16.0718467256378,0.132738957949753
-16.0482777876953,0.134733580949351
-16.0247074360805,0.136580720418351
-16.0011357584549,0.138280153234055
-15.9775628421393,0.139831780654937
-15.9539887741402,0.141235630191114
-15.9304136411761,0.142491857478438
-15.9068375297035,0.14360074814168
-15.8832605259431,0.144562719630375
-15.8596827159049,0.14537832300907
-15.8361041854144,0.146048244682003
-15.8125250201376,0.146573308030672
-15.7889453056067,0.146954474941292
-15.7653651272451,0.147192847197908
-15.7417845703928,0.147289667715799
-15.7181818472761,0.147268743726869
-15.6945791241595,0.147154028183651
-15.6709764010428,0.146947199251345
-15.6473736779261,0.146650082217295
-15.6237709548094,0.146264649525996
-15.6001682316927,0.145793020492685
-15.576565508576,0.145237460668808
-15.5529627854594,0.144600380833435
-15.5293600623427,0.143884335585775
-15.505757339226,0.143092021515261
-15.4821546161093,0.142226274927209
-15.4585518929926,0.141290069103912
-15.434949169876,0.140286511083072
-15.4113464467593,0.139218837937737
-15.3877437236426,0.138090412544467
-15.3641410005259,0.136904718829083
-15.3405382774092,0.135665356482332
-15.3169355542925,0.134376035140769
-15.2933328311759,0.133040568031439
-15.2697301080592,0.131662865082227
-15.2461273849425,0.13024692550318
-15.2225246618258,0.128796829847648
-15.1989219387091,0.127316731565598
-15.1753192155925,0.125810848065109
-15.1517164924758,0.124283451301577
-15.1281137693591,0.122738857917775
-15.1045110462424,0.121181418961383
-15.0809083231257,0.119615509210027
-15.057305600009,0.11804551613719
-15.0337028768924,0.116475828555533
-15.0101001537757,0.114910824977138
-14.986497430659,0.113354861733069
-14.9628947075423,0.111812260897202
-14.9392919844256,0.110287298061695
-14.915689261309,0.108784190013561
-14.8920865381923,0.107307082363683
-14.8684838150756,0.105860037181149
-14.8448810919589,0.104447020687061
-14.8212783688422,0.103071891062874
-14.7976756457255,0.101738386428974
-14.7740729226089,0.100450113049421
-14.7504701994922,0.0992105338187492
-14.7268674763755,0.0980229570862856
-14.7032647532588,0.0968905258726648
-14.6796620301421,0.0958162075321378
-14.6560593070255,0.0948027839127962
-14.6324565839088,0.0938528420650669
-14.6088538607921,0.0929687655467201
-14.5852511376754,0.0921527263702153
-14.5616484145587,0.091406677635505
-14.538045691442,0.0907323468884095
-14.5144429683254,0.0901312302414355
-14.4908402452087,0.089604587290397
-14.467237522092,0.0891534368564976
-14.4436347989753,0.0887785535796037
-14.4200320758586,0.0884804653843677
-14.396429352742,0.0882594518366184
-14.3728266296253,0.0881155434030978
-14.3492239065086,0.088048521623176
-14.3256211833919,0.0880579201966801
-14.3020184602752,0.088143026987432
-14.2784157371585,0.088302886937552
-14.2548130140419,0.0885363058830602
-14.2312102909252,0.088841855256843
-14.2076075678085,0.0892178776606552
-14.1840048446918,0.0896624932835436
-14.1604021215751,0.0901736071399167
-14.1367993984585,0.0907489170964848
-14.1131966753418,0.0913859226534639
-14.0895939522251,0.0920819344418156
-14.0659912291084,0.0928340843948825
-14.0423885059917,0.0936393365496167
-14.018785782875,0.0944944984296792
-13.9951830597584,0.0953962329600538
-13.9715803366417,0.0963410708604507
-13.947977613525,0.0973254234627223
-13.9243748904083,0.0983455958957436
-13.9007721672916,0.0993978005797691
-13.877169444175,0.100478170971141
-13.8535667210583,0.101582775497415
-13.8299639979416,0.102707631622469
-13.8063612748249,0.103848719981009
-13.7827585517082,0.105001998521997
-13.7591558285915,0.106163416601028
-13.7355531054749,0.107328928962397
-13.7119503823582,0.108494509552715
-13.6883476592415,0.109656165109221
-13.6647449361248,0.110809948467635
-13.6411422130081,0.111951971536227
-13.6175394898915,0.11307841788497
-13.5939367667748,0.114185554901001
-13.5703340436581,0.115269745464224
-13.5467313205414,0.116327459099698
-13.5231285974247,0.117355282566438
-13.499525874308,0.118349929845433
-13.4759231511914,0.119308251492957
-13.4523204280747,0.120227243328722
-13.428717704958,0.121104054431957
-13.4051149818413,0.121935994422097
-13.3815122587246,0.122720540004521
-13.357909535608,0.123455340765478
-13.3343068124913,0.124138224204133
-13.3107040893746,0.124767199993456
-13.2871013662579,0.125340463465426
-13.2634986431412,0.125856398319767
-13.2398959200245,0.126313578559119
-13.2162931969079,0.126710769657142
-13.1926904737912,0.127046928969615
-13.1690877506745,0.127321205401947
-13.1454850275578,0.127532938349881
-13.1218823044411,0.127681655933268
-13.0982795813245,0.127767072545835
-13.0746768582078,0.127789085746684
-13.0510741350911,0.127747772521916
-13.0274714119744,0.127643384947247
-13.0038686888577,0.127476345284735
-12.980265965741,0.127247240548787
-12.9566632426244,0.126956816578454
-12.9330605195077,0.126605971654599
-12.909457796391,0.126195749701914
-12.8858550732743,0.12572733311689
-12.8622523501576,0.125202035263715
-12.838649627041,0.124621292680736
-12.8150469039243,0.12398665704054
-12.7914441808076,0.123299786906844
-12.7678414576909,0.122562439331329
-12.7442387345742,0.121776461333242
-12.7206360114575,0.120943781304051
-12.6970332883409,0.120066400378673
-12.6734305652242,0.119146383813811
-12.6498278421075,0.118185852412791
-12.6262251189908,0.117186974034851
-12.6026223958741,0.116151955225343
-12.5790196727575,0.115083033001512
-12.5554169496408,0.11398246682667
-12.5318142265241,0.112852530803531
-12.5082115034074,0.111695506115312
-12.4846087802907,0.110513673740933
-12.461006057174,0.109309307468276
-12.4374033340574,0.10808466722702
-12.4138006109407,0.106841992760056
-12.390197887824,0.105583497649924
-12.3665951647073,0.104311363714159
-12.3429924415906,0.103027735780817
-12.319389718474,0.101734716852887
-12.2957869953573,0.10043436366776
-12.2721842722406,0.099128682655384
-12.2485815491239,0.0978196262963179
-12.2249788260072,0.096509089878515
-12.2013761028905,0.0951989086493785
-12.1777733797739,0.0938908553574675
-12.1541706566572,0.0925866381761679
-12.1305679335405,0.0912878989997108
-12.1069652104238,0.0899962121001381
-12.0833624873071,0.08871308313217
-12.0597597641905,0.0874399484714494
-12.0361570410738,0.0861781748703199
-12.0125543179571,0.0849290594141429
-11.9889515948404,0.0836938297601881
-11.9653488717237,0.0824736446403227
-11.941746148607,0.0812695946081084
-11.9181434254904,0.0800827030104554
-11.8945407023737,0.0789139271637132
-11.870937979257,0.0777641597139613
-11.8473352561403,0.0766342301613232
-11.8237325330236,0.0755249065283352
-11.800129809907,0.0744368971527651
-11.7765270867903,0.0733708525857797
-11.7529243636736,0.0723273675769879
-11.7293216405569,0.0713069831286525
-11.7057189174402,0.0703101886022097
-11.6821161943235,0.069337423861214
-11.6585134712069,0.0683890814358542
-11.6349107480902,0.0674655086953103
-11.6113080249735,0.0665670100153884
-11.5877053018568,0.065693848930087
-11.5641025787401,0.0648462502569908
-11.5404998556235,0.0640244021876536
-11.5168971325068,0.0632284583353895
-11.4932944093901,0.0624585397341525
-11.4696916862734,0.0617147367834106
-11.4460889631567,0.0609971111351218
-11.42248624004,0.06030569752007
-11.3988835169234,0.0596405055119174
-11.3752807938067,0.0590015212283608
-11.35167807069,0.05838870896974
-11.3280753475733,0.0578020127963245
-11.3044726244566,0.0572413580462986
-11.28086990134,0.0567066527971635
-11.2572671782233,0.0561977892738845
-11.2336644551066,0.0557146452076131
-11.2100617319899,0.0552570851492263
-11.1864590088732,0.0548249617422276
-11.1628562857565,0.054418116959766
-11.1392535626399,0.054036383310634
-11.1156508395232,0.0536795850191225
-11.0920481164065,0.0533475391835321
-11.0684453932898,0.0530400569179743
-11.0448426701731,0.0527569444818548
-11.0212399470564,0.0524980044011022
-10.9976372239398,0.0522630365848238
-10.9740345008231,0.0520518394406122
-10.9504317777064,0.0518642109912272
-10.9268290545897,0.0516999499948224
-10.903226331473,0.0515588570703047
-10.8796236083564,0.0514407358287921
-10.8560208852397,0.0513453940115064
-10.832418162123,0.0512726446337851
-10.8088154390063,0.0512223071342467
-10.7852127158896,0.0511942085274995
-10.761609992773,0.0511881845581458
-10.7380072696563,0.0512040808532223
-10.7144045465396,0.0512417540696262
-10.6908018234229,0.0513010730325221
-10.6671991003062,0.0513819198602077
-10.6435963771895,0.0514841910704381
-10.6199936540729,0.0516077986627868
-10.5963909309562,0.051752671171241
-10.5727882078395,0.051918754680912
-10.5491854847228,0.0521060138024718
-10.5255827616061,0.0523144325977266
-10.5019800384894,0.0525440154495833
-10.4783773153728,0.0527947878695864
-10.4547745922561,0.0530667972361642
-10.4311718691394,0.0533601134567601
-10.4075691460227,0.0536748295471079
-10.383966422906,0.0540110621210497
-10.3603636997894,0.0543689517844903
-10.3367609766727,0.0547486634273237
-10.313158253556,0.0551503864074541
-10.2895555304393,0.055574334621368
-10.2659528073226,0.0560207464560837
-10.242350084206,0.0564898846177089
-10.2187473610893,0.0569820358322797
-10.1951446379726,0.0574975104150129
-10.1715419148559,0.0580366417046016
-10.1479391917392,0.0585997853596856
-10.1243364686225,0.0591873185151595
-10.1007337455059,0.0597996387965218
-10.0771310223892,0.0604371631910109
-10.0535282992725,0.0611003267748392
-10.0299255761558,0.0617895812963904
-10.0063228530391,0.0625053936158097
-9.98272012992245,0.0632482440019785
-9.95911740680577,0.0640186242884261
-9.93551468368909,0.0648170358902837
-9.9119119605724,0.0656439876849419
-9.88830923745572,0.0664999937596136
-9.86470651433904,0.0673855710295475
-9.84110379122236,0.0683012367311658
-9.81750106810568,0.0692475057949283
-9.793898344989,0.0702248881032409
-9.77029562187231,0.0712338856392367
-9.74669289875563,0.0722749895327671
-9.72309017563895,0.0733486770104306
-9.69948745252227,0.0744554082569686
-9.67588472940558,0.0755956231958314
-9.6522820062889,0.0767697381972128
-9.62867928317222,0.0779781427223111
-9.60507656005554,0.0792211959130572
-9.58147383693886,0.0804992231370046
-9.55787111382218,0.081812512497538
-9.5342683907055,0.0831613113200085
-9.51066566758881,0.0845458226248393
-9.48706294447213,0.0859662015990876
-9.46346022135545,0.0874225520783624
-9.43985749823877,0.088914923051411
-9.41625477512209,0.0904433052000785
-9.3926520520054,0.0920076274877197
-9.36904932888872,0.0936077538094975
-9.34544660577204,0.0952434797183292
-9.32184388265536,0.0969145292405447
-9.29824115953868,0.0986205517955877
-9.27463843642199,0.100361119234323
-9.25103571330531,0.102135723010706
-9.22743299018863,0.103943771501712
-9.20383026707195,0.105784587490518
-9.18022754395527,0.10765740582798
-9.15662482083859,0.109561371287408
-9.1330220977219,0.111495536627576
-9.10941937460522,0.113458860878744
-9.08581665148854,0.115450207866236
-9.06221392837186,0.117468344985815
-9.03861120525518,0.119511942244723
-9.01500848213849,0.121579571581753
-8.99140575902181,0.123669706479193
-8.96780303590513,0.125780721878805
-8.94420031278845,0.127910894413271
-8.92059758967177,0.130058402963705
-8.89699486655508,0.132221329552884
-8.8733921434384,0.134397660582844
-8.84978942032172,0.136585288424357
-8.82618669720504,0.13878201336459
-8.80258397408836,0.140985545917973
-8.77898125097168,0.143193509503886
-8.755378527855,0.145403443493334
-8.73177580473831,0.147612806625235
-8.70817308162163,0.149818980791321
-8.68457035850495,0.152019275186997
-8.66096763538827,0.154210930823762
-8.63736491227158,0.156391125397024
-8.6137621891549,0.158556978501332
-8.59015946603822,0.160705557183204
-8.56655674292154,0.162833881819863
-8.54295401980486,0.164938932310361
-8.51935129668818,0.167017654563673
-8.4957485735715,0.169066967266535
-8.47214585045481,0.171083768911978
-8.44854312733813,0.17306494506775
-8.42494040422145,0.175007375862106
-8.40133768110477,0.176907943662792
-8.37773495798809,0.178763540923523
-8.3541322348714,0.180571078170746
-8.33052951175472,0.182327492102153
-8.30692678863804,0.184029753767142
-8.28332406552136,0.185674876798332
-8.25972134240468,0.187259925662237
-8.23611861928799,0.188782023896414
-8.21251589617131,0.190238362299695
-8.18891317305463,0.191626207041655
-8.16531044993795,0.192942907657101
-8.14170772682127,0.194185904891265
-8.11810500370458,0.195352738361395
-8.0945022805879,0.196441054000678
-8.07089955747122,0.197448611250855
-8.04729683435454,0.198373289970505
-8.02369411123786,0.199213097026766
-8.00009138812118,0.199966172539282
-7.97648866500449,0.200630795746339
-7.95288594188781,0.201205390464536
-7.92928321877113,0.201688530114862
-7.90568049565445,0.202078942289822
-7.88207777253777,0.202375512838071
-7.85847504942109,0.202577289445127
-7.8348723263044,0.202683484690864
-7.81126960318772,0.202693478566823
-7.78766688007104,0.202606820438812
-7.76406415695436,0.202423230442797
-7.74046143383767,0.202142600304718
-7.71685871072099,0.201764993577574
-7.69325598760431,0.201290645291858
-7.66965326448763,0.200719961018269
-7.64605054137095,0.200053515344409
-7.62244781825427,0.199292049770054
-7.59884509513758,0.198436470028387
-7.5752423720209,0.197487842843395
-7.55163964890422,0.196447392136388
-7.52803692578754,0.195316494697298
-7.50443420267086,0.194096675339025
-7.48083147955418,0.192789601555648
-7.45722875643749,0.191397077707701
-7.43362603332081,0.189921038760037
-7.41002331020413,0.188363543599958
-7.38642058708745,0.186726767965269
-7.36281786397076,0.185012997013797
-7.33921514085408,0.183224617567555
-7.3156124177374,0.181364110066239
-7.29200969462072,0.179434040266041
-7.26840697150404,0.177437050720851
-7.24480424838736,0.175375852083846
-7.22120152527067,0.173253214268119
-7.19759880215399,0.17107195750552
-7.17399607903731,0.168834943343115
-7.15039335592063,0.16654506561677
-7.12679063280395,0.164205241441153
-7.10318790968727,0.161818402255175
-7.07958518657058,0.159387484961238
-7.0559824634539,0.156915423195974
-7.03237974033722,0.154405138769161
-7.00877701722054,0.151859533306397
-6.98517429410386,0.149281480129783
-6.96157157098717,0.14667381640942
-6.93796884787049,0.144039335616873
-6.91436612475381,0.141380780309992
-6.89076340163713,0.138700835276602
-6.86716067852045,0.136002121062515
-6.84355795540377,0.133287187907234
-6.81995523228708,0.130558510108482
-6.7963525091704,0.127818480834395
-6.77274978605372,0.125069407399896
-6.74914706293704,0.122313507021306
-6.72554433982036,0.119552903060878
-6.70194161670367,0.116789621770419
-6.67833889358699,0.114025589540735
-6.65473617047031,0.111262630661166
-6.63113344735363,0.108502465591027
-6.60753072423695,0.105746709742366
-6.58392800112027,0.102996872771091
-6.56032527800358,0.100254358371196
-6.5367225548869,0.097520464564581
-6.51311983177022,0.0947963844767831
-6.48951710865354,0.0920832075868644
-6.46591438553686,0.0893819214377054
-6.44231166242017,0.0866934137910726
-6.41870893930349,0.0840184752100489
-6.39510621618681,0.0813578020497574
-6.37150349307013,0.0787119998357695
-6.34790076995345,0.0760815870081732
-6.32429804683676,0.0734669990079931
-6.30069532372008,0.0708685926815063
-6.2770926006034,0.0682866509769754
-6.25348987748672,0.0657213879074465
-6.22988715437004,0.0631729537525114
-6.20628443125336,0.0606414404713345
-6.18268170813667,0.0581268872987691
-6.15907898501999,0.0556292864960634
-6.13547626190331,0.0531485892274497
-6.11187353878663,0.0506847115338524
-6.08827081566995,0.0482375403750024
-6.06466809255326,0.0458069397114449
-6.04106536943658,0.0433927565982241
-6.0174626463199,0.0409948272624695
-5.99385992320322,0.0386129831376364
-5.97025720008654,0.0362470568278128
-5.94665447696986,0.0338968879762483
-5.92305175385317,0.0315623290131178
-5.89944903073649,0.0292432507584706
-5.87584630761981,0.0269395478573451
-5.85224358450313,0.0246511440251382
-5.82864086138645,0.0223779970825
-5.80503813826976,0.0201201037602742
-5.78143541515308,0.0178775042563147
-5.7578326920364,0.0156502865273739
-5.73422996891972,0.0134385903006685
-5.71062724580304,0.011242610791182
-5.68702452268636,0.00906260211224671
-5.66342179956967,0.00689888036846174
-5.63981907645299,0.00475182642153328
-5.61621635333631,0.00262188832116689
-5.59261363021963,0.00050958339469219
-5.56901090710295,-0.0015845000093565
-5.54540818398626,-0.00365970112693595
-5.52180546086958,-0.00571528573518028
-5.4982027377529,-0.00775044546028909
-5.47460001463622,-0.00976429743535664
-5.45099729151954,-0.0117558843054451
-5.42739456840285,-0.0137241745758136
-5.40379184528617,-0.0156680632978601
-5.38018912216949,-0.0175863730860515
-5.35658639905281,-0.0194778554578743
-5.33298367593613,-0.0213411924876753
-5.30938095281945,-0.023174998764161
-5.28577822970276,-0.0249778236403024
-5.26217550658608,-0.02674815376344
-5.2385727834694,-0.0284844158725306
-5.21497006035272,-0.0301849798486901
-5.19136733723604,-0.031848162004502
-5.16776461411935,-0.0334722285969645
-5.14416189100267,-0.035055399548436
-5.12055916788599,-0.0365958523595376
-5.09695644476931,-0.0380917261976393
-5.07335372165263,-0.0395411261443445
-5.04975099853595,-0.0409421275852481
-5.02614827541926,-0.0422927807252072
-5.00254555230258,-0.0435911152124161
-4.9789428291859,-0.0448351448547102
-4.95534010606922,-0.0460228724117526
-4.93173738295254,-0.0471522944470513
-4.90813465983585,-0.0482214062241418
-4.88453193671917,-0.0492282066317137
-4.86092921360249,-0.0501707031229742
-4.83732649048581,-0.0510469166551208
-4.81372376736913,-0.0518548866154166
-4.79012104425245,-0.0525926757210385
-4.76651832113576,-0.0532583748805818
-4.74291559801908,-0.0538501080058468
-4.7193128749024,-0.0543660367633045
-4.69571015178572,-0.0548043652554243
-4.67210742866904,-0.0551633446228368
-4.64850470555235,-0.0554412775591102
-4.62490198243567,-0.055636522730697
-4.60129925931899,-0.0557474990953938
-4.57769653620231,-0.055772690113405
-4.55409381308563,-0.0557106478458326
-4.53049108996894,-0.0555599969361044
-4.50688836685226,-0.0553194384705086
-4.48328564373558,-0.0549877537146064
-4.4596829206189,-0.0545638077228496
-4.43608019750222,-0.0540465528192384
-4.41247747438554,-0.0534350319472829
-4.38887475126885,-0.0527283818879282
-4.36527202815217,-0.0519258363444048
-4.34166930503549,-0.0510267288932291
-4.31806658191881,-0.0500304958007548
-4.29446385880213,-0.0489366787048035
-4.27086113568545,-0.0477449271609507
-4.24725841256876,-0.046455001053041
-4.22365568945208,-0.045066772867436
-4.2000529663354,-0.0435802298303693
-4.17645024321872,-0.0419954759076105
-4.15284752010204,-0.0403127336654065
-4.12924479698535,-0.0385323459914011
-4.10564207386867,-0.0366547776739223
-4.08203935075199,-0.034680616837687
-4.05843662763531,-0.0326105762336096
-4.03483390451863,-0.0304454943800099
-4.01123118140194,-0.0281863365521317
-3.98762845828526,-0.025834195616472
-3.96402573516858,-0.0233902927060381
-3.9404230120519,-0.0208559777322549
-3.91682028893522,-0.0182327297288863
-3.89321756581854,-0.0155221570229885
-3.86961484270185,-0.0127259972276075
-3.84601211958517,-0.00984611705065803
-3.82240939646849,-0.00688451191420038
-3.79880667335181,-0.00384330537814775
-3.77520395023513,-0.000724748362321115
-3.75160122711844,0.00246878183929823
-3.72799850400176,0.00573478275826959
-3.70439578088508,0.00907062817142552
-3.6807930577684,0.0124735697465939
-3.65719033465172,0.015940738920048
-3.63358761153504,0.0194691490111661
-3.60998488841835,0.0230556975794228
-3.58638216530167,0.0266971690284337
-3.56277944218499,0.0303902374612801
-3.53917671906831,0.034131469790806
-3.51557399595163,0.0379173291079527
-3.49197127283494,0.0417441783105359
-3.46836854971826,0.0456082839941353
-3.44476582660158,0.0495058206059865
-3.4211631034849,0.0534328748619397
-3.39756038036822,0.0573854504256787
-3.37395765725154,0.0613594728484876
-3.35035493413485,0.0653507947669185
-3.32675221101817,0.0693552013547486
-3.30314948790149,0.0733684160246423
-3.27954676478481,0.0773861063739353
-3.25594404166813,0.0814038903679648
-3.23234131855144,0.0854173427533673
-3.20873859543476,0.0894220016927743
-3.18513587231808,0.0934133756113523
-3.1615331492014,0.0973869502446633
-3.13793042608472,0.10133819587638
-3.11432770296804,0.105262574753458
-3.09072497985135,0.10915554866549
-3.06712225673467,0.113012586674083
-3.04351953361799,0.116829172977294
-3.01991681050131,0.120600814893366
-2.99631408738463,0.124323050947248
-2.97271136426794,0.127991459042703
-2.94910864115126,0.131601664702117
-2.92550591803458,0.135149349355532
-2.9019031949179,0.138630258659844
-2.87830047180122,0.142040210828581
-2.85469774868453,0.145375104952211
-2.83109502556785,0.148630929288479
-2.80749230245117,0.151803769501912
-2.78388957933449,0.154889816831261
-2.76028685621781,0.157885376163396
-2.73668413310113,0.160786873991875
-2.71308140998444,0.163590866238252
-2.68947868686776,0.166294045913993
-2.66587596375108,0.168893250600793
-2.6422732406344,0.171385469726989
-2.61867051751772,0.173767851617772
-2.59506779440103,0.176037710296929
-2.57146507128435,0.178192532017907
-2.54786234816767,0.180229981502142
-2.52425962505099,0.182147907862792
-2.50065690193431,0.18394435019221
-2.47705417881763,0.185617542791863
-2.45345145570094,0.187165920023694
-2.42984873258426,0.188588120762422
-2.40624600946758,0.189882992428726
-2.3826432863509,0.191049594583859
-2.35904056323422,0.192087202066887
-2.33543784011753,0.192995307656485
-2.31183511700085,0.193773624240035
-2.28823239388417,0.194422086473705
-2.26462967076749,0.194940851918175
-2.24102694765081,0.195330301635796
-2.21742422453412,0.195591040236183
-2.19382150141744,0.195723895358538
-2.17021877830076,0.195729916580436
-2.14661605518408,0.195610373744344
-2.1230133320674,0.195366754694745
-2.09941060895072,0.195000762420533
-2.07580788583403,0.194514311599163
-2.05220516271735,0.193909524541029
-2.02860243960067,0.193188726534561
-2.00499971648399,0.192354440594759
-1.98139699336731,0.191409381620053
-1.95779427025062,0.190356449964784
-1.93419154713394,0.189198724436955
-1.91058882401726,0.187939454733413
-1.88698610090058,0.186582053327142
-1.8633833777839,0.185130086823922
-1.83978065466722,0.183587266808195
-1.81617793155053,0.181957440200647
-1.79257520843385,0.180244579152555
-1.76897248531717,0.178452770504633
-1.74536976220049,0.176586204840596
-1.72176703908381,0.174649165168234
-1.69816431596712,0.172646015263172
-1.67456159285044,0.170581187712899
-1.65095886973376,0.168459171700811
-1.62735614661708,0.16628450057219
-1.6037534235004,0.164061739225937
-1.58015070038372,0.161795471377699
-1.55654797726703,0.1594902867416
-1.53294525415035,0.157150768179201
-1.50934253103367,0.15478147886545
-1.48573980791699,0.152386949522339
-1.46213708480031,0.149971665771631
-1.43853436168362,0.147540055658448
-1.41493163856694,0.145096477397611
-1.39132891545026,0.142645207394483
-1.36772619233358,0.140190428591578
-1.3441234692169,0.137736219191466
-1.32052074610021,0.135286541805396
-1.29691802298353,0.132845233075702
-1.27331529986685,0.130415993818378
-1.24971257675017,0.128002379730183
-1.22610985363349,0.12560779270239
-1.20250713051681,0.12323547278068
-1.17890440740012,0.120888490807862
-1.15530168428344,0.118569741782946
-1.13169896116676,0.116281938966765
-1.10809623805008,0.114027608760697
-1.0844935149334,0.111809086381286
-1.06089079181671,0.109628512349514
-1.03728806870003,0.107487829809349
-1.01368534558335,0.105388782685876
-0.990082622466669,0.103332914688929
-0.966479899349987,0.101321569163644
-0.942877176233306,0.0993558897848086
-0.919274453116624,0.0974368220873351
-0.895671729999942,0.0955651158206366
-0.87206900688326,0.0937413281101688
-0.848466283766578,0.0919658274049834
-0.824863560649896,0.0902387981858072
-0.801260837533215,0.0885602464039809
-0.777658114416533,0.0869300056175713
-0.754055391299851,0.0853477437871523
-0.730452668183169,0.0838129706901557
-0.706849945066487,0.0823250459093532
-0.683247221949805,0.0808831873479652
-0.659644498833123,0.07948648022113
-0.636041775716442,0.0781338864710228
-0.61243905259976,0.0768242545508127
-0.588836329483078,0.0755563295208948
-0.565233606366396,0.0743287633994577
-0.541630883249714,0.0731401257084401
-0.518028160133033,0.0719889141553201
-0.494425437016351,0.0708735653909485
-0.470822713899669,0.0697924657838068
-0.447219990782987,0.0687439621516251
-0.423617267666305,0.067726372392231
-0.400014544549623,0.0667379959568246
-0.376411821432942,0.0657771241105481
-0.35280909831626,0.0648420499272676
-0.329206375199578,0.0639310779678425
-0.305603652082896,0.0630425335938614
-0.282000928966214,0.0621747718718012
-0.258398205849532,0.0613261860258323
-0.234795482732851,0.0604952154009929
-0.211192759616169,0.059680352902189
-0.187590036499487,0.0588801518783892
-0.163987313382805,0.0580932324254645
-0.140384590266123,0.0573182870853281
-0.116781867149441,0.0565540859233375
-0.0931791440327595,0.0557994809702854
-0.0695764209160776,0.0550534100197086
-0.0459736977993958,0.054314899775639
-0.0223709746827139,0.0535830683502868
0.00123174843396789,0.0528571271154357
0.0248344715506497,0.0521363819155372
0.0484371946673316,0.0514202336545497
0.0720399177840134,0.0507081782724904
0.0956426409006953,0.0499998061313865
0.119245364017377,0.0492948008338386
0.142848087134059,0.0485929375006825
0.166450810250741,0.0478940805372741
0.190053533367423,0.0471981809206636
0.213656256484104,0.0465052730423999
0.237258979600786,0.0458154711438503
0.260861702717468,0.0451289653827661
0.28446442583415,0.0444460175713366
0.308067148950832,0.0437669566271511
0.331669872067514,0.0430921737793363
0.355272595184195,0.0424221175726406
0.378875318300877,0.0417572887124147
0.402478041417559,0.041098234793275
0.426080764534241,0.0404455449537661
0.449683487650923,0.039799844498536
0.473286210767605,0.0391617895284592
0.496888933884287,0.0385320616177504
0.520491657000968,0.0379113625754767
0.54409438011765,0.0373004093269706
0.567697103234332,0.0366999289485175
0.591299826351014,0.0361106538863558
0.614902549467696,0.0355333173885003
0.638505272584378,0.0349686491752147
0.662107995701059,0.0344173713711347
0.685710718817741,0.03388019471911
0.709313441934423,0.0333578150928138
0.732916165051105,0.0328509103220894
0.756518888167787,0.0323601373418975
0.780121611284469,0.0318861296726092
0.80372433440115,0.0314294952362945
0.827327057517832,0.0309908145106097
0.850929780634514,0.0305706390189009
0.874532503751196,0.0301694901522578
0.898135226867878,0.0297878583164738
0.921737949984559,0.0294262023942345
0.945340673101241,0.0290849495103685
0.968943396217923,0.0287644950856863
0.992546119334605,0.028465203162803
1.01614884245129,0.0281874069854221
1.03975156556797,0.02793140981084
1.06335428868465,0.0276974859339495
1.08695701180133,0.0274858818997531
1.11055973491801,0.0272968178803817
1.1341624580347,0.0271304891918231
1.15776518115138,0.0269870679250258
1.18136790426806,0.0268667046657351
1.20497062738474,0.0267695302773512
1.22857335050142,0.0266956577212633
1.25217607361811,0.0266451838894981
1.27577879673479,0.0266181914251326
1.29938151985147,0.0266147505067206
1.32298424296815,0.0266349205740002
1.34658696608483,0.0266787519733225
1.37018968920151,0.0267462875026045
1.3937924123182,0.0268375638371051
1.41739513543488,0.0269526128189637
1.44099785855156,0.0270914625951926
1.46460058166824,0.0272541385906688
1.48820330478492,0.027440664304601
1.51180602790161,0.0276510619209388
1.53540875101829,0.027885352725231
1.55901147413497,0.028143557322492
1.58261419725165,0.0284256956526991
1.60621692036833,0.0287317868025944
1.62981964348501,0.0290618486144723
1.6534223666017,0.0294158970946101
1.67702508971838,0.0297939456258915
1.70062781283506,0.0301960039909988
1.72423053595174,0.0306220772142705
1.74783325906842,0.0310721642319424
1.77143598218511,0.0315462564019846
1.79503870530179,0.0320443358661156
1.81864142841847,0.0325663737778028
1.84224415153515,0.0331123284111439
1.86584687465183,0.0336821431664489
1.88944959776852,0.0342757444891205
1.9130523208852,0.0348930397190442
1.93665504400188,0.0355339148881518
1.96025776711856,0.0361982324841213
1.98386049023524,0.0368858291983053
2.00746321335192,0.0375965136759701
2.03106593646861,0.0383300642867491
2.05466865958529,0.0390862269329133
2.07827138270197,0.0398647129126004
2.10187410581865,0.0406651968545731
2.12547682893533,0.0414873147403766
2.14907955205202,0.0423306620289603
2.1726822751687,0.0431947918979193
2.19628499828538,0.0440792136145261
2.21988772140206,0.0449833910486496
2.24349044451874,0.045906741338536
2.26709316763542,0.0468486337192426
2.29069589075211,0.0478083885223067
2.31429861386879,0.0487852763539866
2.33790133698547,0.049778517458167
2.36150406010215,0.0507872812687694
2.38510678321883,0.0518106861552689
2.40870950633552,0.0528477993637109
2.4323122294522,0.0538976371544358
2.45591495256888,0.0549591651365941
2.47951767568556,0.0560312987984411
2.50312039880224,0.0571129042313962
2.52672312191892,0.0582027990448848
2.55032584503561,0.0592997534681187
2.57392856815229,0.0604024916341625
2.59753129126897,0.0615096930409338
2.62113401438565,0.0626199941831436
2.64473673750233,0.0637319903486628
2.66833946061902,0.0648442375723371
2.6919421837357,0.0659552547399225
2.71554490685238,0.067063525834538
2.73914762996906,0.0681675023178397
2.76275035308574,0.0692656056380209
2.78635307620242,0.0703562298567022
2.80995579931911,0.0714377443868278
2.83355852243579,0.0725084968337769
2.85716124555247,0.0735668159320762
2.88076396866915,0.0746110145703079
2.90436669178583,0.0756393928970721
2.92796941490252,0.0766502415011577
2.9515721380192,0.0776418446594011
2.97517486113588,0.0786124836460561
2.99877758425256,0.0795604400978533
3.02238030736924,0.0804839994292844
3.04598303048593,0.0813814542930008
3.06958575360261,0.0822511080805527
3.09318847671929,0.0830912784590118
3.11679119983597,0.0839003009393136
3.14039392295265,0.0846765324724033
3.16399664606933,0.0854183550694892
3.18759936918602,0.0861241794428652
3.2112020923027,0.0867924486638907
3.23480481541938,0.0874216418347611
3.25840753853606,0.0880102777707211
3.28201026165274,0.0885569186892975
3.30561298476943,0.0890601739030189
3.32921570788611,0.0895187035119018
3.35281843100279,0.0899312220917351
3.37642115411947,0.0902965023738946
3.40002387723615,0.0906133789120465
3.42362660035283,0.0908807517306828
3.44722932346952,0.0910975899499565
3.4708320465862,0.0912629353807638
3.49443476970288,0.0913759060834554
3.51803749281956,0.0914356998829632
3.54164021593624,0.0914415978324948
3.56524293905293,0.091392967617297
3.58884566216961,0.0912892668893251
3.61244838528629,0.0911300465229714
3.63605110840297,0.0909149537813417
3.65965383151965,0.0906437353818958
3.68325655463633,0.0903162404496258
3.70685927775302,0.0899324233453234
3.7304620008697,0.0894923463559046
3.75406472398638,0.0889961822332199
3.77766744710306,0.0884442165672894
3.80127017021974,0.0878368499794779
3.82487289333643,0.0871746001207675
3.84847561645311,0.0864581034600041
3.87207833956979,0.0856881168467971
3.89568106268647,0.084865518833647
3.91928378580315,0.0839913107418638
3.94288650891983,0.0830666174559277
3.96648923203652,0.0820926879311511
3.9900919551532,0.0810708953997914
4.01369467826988,0.0800027372612037
4.03729740138656,0.078889834642145
4.06090012450324,0.0777339316139988
4.08450284761993,0.0765368940544626
4.10810557073661,0.0753007081421217
4.13170829385329,0.0740274784733416
4.15531101696997,0.072719425792025
4.17891374008665,0.0713788843240067
4.20251646320334,0.0700082987091954
4.22611918632002,0.0686102205260064
4.2497219094367,0.0671873044041605
4.27332463255338,0.0657423037235462
4.29692735567006,0.0642780658985509
4.32053007878674,0.0627975272490376
4.34413280190343,0.0613037074609961
4.36773552502011,0.0597997036417943
4.39133824813679,0.0582886839769063
4.41494097125347,0.0567738809969732
4.43854369437015,0.0552585844660671
4.46214641748684,0.0537461339040496
4.48574914060352,0.0522399107579397
4.5093518637202,0.0507433302392252
4.53295458683688,0.0492598328460452
4.55655730995356,0.0477928755911284
4.58016003307024,0.0463459229582929
4.60376275618693,0.0449224376121649
4.62736547930361,0.0435258708875607
4.65096820242029,0.0421596530866858
4.67457092553697,0.0408271836139141
4.69817364865365,0.0395318209794163
4.72177637177034,0.0382768727043091
4.74537909488702,0.037065585161256
4.7689818180037,0.0359011333855951
4.79258454112038,0.0347866108930596
4.81618726423706,0.0337250195409994
4.83978998735374,0.0327192594707026
4.86339271047043,0.0317721191689331
4.88699543358711,0.0308862656871619
4.91059815670379,0.0300642350571439
4.93420087982047,0.0293084229415018
4.95780360293715,0.0286210755578028
4.98140632605384,0.02800428091426
5.00500904917052,0.0274599603946557
5.0286117722872,0.0269898607293715
5.05221449540388,0.0265955463885164
5.07581721852056,0.0262783924320792
5.09941994163724,0.0260395778507943
5.12302266475393,0.0258800794300043
5.14662538787061,0.0258006661672429
5.17022811098729,0.0258018942725399
5.19383083410397,0.0258841027785917
5.21743355722065,0.0260474097859347
5.24103628033734,0.026291709366135
5.26463900345402,0.0266166691437556
5.2882417265707,0.0270217285755095
5.31184444968738,0.0275060979425526
5.33544717280406,0.0280687580693291
5.35904989592075,0.0287084607797754
5.38265261903743,0.0294237300990035
5.40625534215411,0.0302128642058702
5.42985806527079,0.0310739381390673
5.45346078838747,0.0320048072565879
5.47706351150415,0.0330031114456168
5.50066623462084,0.0340662800770993
5.52426895773752,0.035191537696449
5.5478716808542,0.0363759104390926
5.57147440397088,0.0376162331568171
5.59507712708756,0.0389091572382044
5.61867985020424,0.0402511591038037
5.64228257332093,0.041638549354138
5.66588529643761,0.0430674825461503
5.68948801955429,0.0445339675713
5.71309074267097,0.0460338786062055
5.73669346578766,0.0475629666045384
5.76029618890434,0.0491168712967583
5.78389891202102,0.050691133662316
5.8075016351377,0.0522812088370759
5.83110435825438,0.0538824794169823
5.85470708137106,0.0554902691173871
5.87830980448774,0.0570998567459863
5.90191252760443,0.0587064904459824
5.92551525072111,0.0603054021648953
5.94911797383779,0.0618918223034017
5.97272069695447,0.0634609944976741
5.99632342007116,0.0650081904879403
6.01992614318784,0.0665287250253691
6.04352886630452,0.0680179707689341
6.0671315894212,0.0694713731235899
6.09073431253788,0.0708844649709358
6.11433703565456,0.0722528812435241
6.13793975877125,0.0735723732941092
6.16154248188793,0.0748388230114072
6.18514520500461,0.0760482566343725
6.20874792812129,0.0771968582175656
6.23235065123797,0.0782809827009127
6.25595337435465,0.0792971685380151
6.27955609747134,0.0802421498381805
6.30315882058802,0.0811128679784944
6.3267615437047,0.08190648264354
6.35036426682138,0.0826203822518073
6.37396698993807,0.0832521937293959
6.39756971305475,0.0837997915933248
6.42117243617143,0.0842613063085928
6.44477515928811,0.0846351318851121
6.46837788240479,0.0849199326827296
6.49198060552147,0.0851146493947801
6.51558332863816,0.0852185041829686
6.53918605175484,0.0852310049388448
6.56278877487152,0.0851519486497255
6.5863914979882,0.0849814238496186
6.60999422110488,0.0847198121385095
6.63359694422156,0.0843677887562817
6.65719966733825,0.0839263222005464
6.68080239045493,0.083396672880753
6.70440511357161,0.082780390804122
6.72800783668829,0.0820793122921969
6.75161055980497,0.0812955557301181
6.77521328292165,0.0804315163540925
6.79881600603834,0.0794898600859381
6.82241872915502,0.0784735164270317
6.8460214522717,0.0773856704274417
6.86962417538838,0.076229753749507
6.89322689850507,0.0750094348485811
6.91682962162175,0.0737286082971045
6.94043234473843,0.0723913832815789
6.96403506785511,0.0710020713053752
6.98763779097179,0.0695651731335948
7.01124051408847,0.0680853650194215
7.03484323720516,0.0665674842545039
7.05844596032184,0.0650165140889113
7.08204868343852,0.0634375680690692
7.1056514065552,0.0618358738447956
7.12925412967188,0.0602167564991135
7.15285685278856,0.0585856214568879
7.17645957590525,0.0569479370305117
7.20006229902193,0.0553092166628294
7.22366502213861,0.0536750009292318
7.24726774525529,0.052050839362356
7.27087046837198,0.0504422721640775
7.29447319148866,0.0488548118704761
7.31807591460534,0.0472939250361693
7.34167863772202,0.0457650140048588
7.3652813608387,0.0442733988330736
7.38888408395538,0.0428242994339665
7.41248680707207,0.0414228180075737
7.43608953018875,0.0400739218232183
7.45969225330543,0.038782426418697
7.48329497642211,0.037552979279564
7.50689769953879,0.036390044060188
7.53050042265547,0.0352978854063516
7.55410314577216,0.0342805544369524
7.57770586888884,0.0333418749398974
7.60130859200552,0.0324854303345412
7.6249113151222,0.031714551450032
7.64851403823888,0.0310323051657021
7.67211676135557,0.0304414839561961
7.69571948447225,0.0299445963803739
7.71932220758893,0.0295438585491964
7.74292493070561,0.0292411866037947
7.76652765382229,0.0290381902307796
7.79013037693897,0.0289361672375796
7.81373310005566,0.0289360992062264
7.83733582317234,0.0290386482395623
7.86093854628902,0.029244154809349
7.8845412694057,0.0295526367112287
7.90814399252238,0.029963789126966
7.93174671563907,0.0304769857898874
7.95534943875575,0.0310912812449789
7.97895216187243,0.0318054141907043
8.00255488498911,0.0326178118853147
8.02615760810579,0.0335265955962303
8.04976033122247,0.0345295870670286
8.07336305433916,0.035624315972687
8.09696577745584,0.0368080283300081
8.12056850057252,0.0380776958266428
8.1441712236892,0.039430026028814
8.16777394680588,0.0408614734247658
8.19137666992257,0.0423682512581166
8.21497939303925,0.0439463441027071
8.23858211615593,0.0455915211281996
8.26218483927261,0.0472993500036248
8.28578756238929,0.0490652113842834
8.30939028550597,0.0508843139258987
8.33299300862266,0.052751709768689
8.35659573173934,0.0546623104330791
8.38019845485602,0.0566109030680989
8.4038011779727,0.0585921669931292
8.42740390108938,0.0606006904735225
8.45100662420607,0.0626309876707789
8.47460934732275,0.0646775157083444
8.49821207043943,0.0667346917947456
8.52181479355611,0.0687969103466545
8.54541751667279,0.0708585600555706
8.56902023978948,0.0729140408431246
8.59262296290616,0.0749577806515042
8.61622568602284,0.0769842520171949
8.63982840913952,0.0789879883780693
8.6634311322562,0.0809636000658598
8.68703385537288,0.0829057899381772
8.71063657848957,0.0848093686064786
8.73423930160625,0.0866692692187309
8.75784202472293,0.0884805617579405
8.78144474783961,0.0902384668202044
8.80504747095629,0.091938368838482
8.82865019407298,0.093575828720851
8.85225291718966,0.0951465958746106
8.87585564030634,0.0966466195901838
8.89945836342302,0.0980720597613634
8.9230610865397,0.0994192969210126
8.94666380965639,0.100684941573866
8.97026653277307,0.10186584281057
8.99386925588975,0.102959096189542
9.01747197900643,0.103962050875614
9.04107470212311,0.104872316026729
9.06467742523979,0.105687766422215
9.08828014835648,0.106406547328305
9.11188287147316,0.10702707859867
9.13548559458984,0.107548058009718
9.15908831770652,0.107968463832316
9.1826910408232,0.108287556643425
9.20629376393989,0.108504880382868
9.22989648705657,0.10862026266208
9.25349921017325,0.108633814333294
9.27710193328993,0.108545928329037
9.30070465640661,0.10835727778327
9.3243073795233,0.108068813446781
9.34791010263998,0.107681760410716
9.37151282575666,0.107197614153312
9.39511554887334,0.106618135925999
9.41871827199002,0.105945347496114
9.4423209951067,0.105181525264463
9.46592371822338,0.104329193776908
9.48952644134007,0.103391118650072
9.51312916445675,0.102370298932125
9.53673188757343,0.101269958920397
9.56033461069011,0.100093539458394
9.5839373338068,0.0988446887355238
9.60754005692348,0.0975272526135477
9.63114278004016,0.0961452645045063
9.65474550315684,0.0947029348254918
9.67834822627352,0.0932046400563129
9.7019509493902,0.0916549114267002
9.72555367250689,0.0900584232602932
9.74915639562357,0.0884199810032196
9.77275911874025,0.0867445089656108
9.79636184185693,0.085037037804913
9.81996456497361,0.0833026917803256
9.84356728809029,0.0815466758081524
9.86717001120698,0.079774262348255
9.89077273432366,0.0779907781521693
9.91437545744034,0.0762015909037753
9.93797818055702,0.07441209578369
9.9615809036737,0.0726277019887818
9.98518362679039,0.0708538192383835
10.0087863499071,0.0690958442988947
10.0323890730238,0.0673591475585223
10.0559917961404,0.0656490596838932
10.0795945192571,0.0639708583901931
10.1031972423738,0.0623297553563316
10.1267999654905,0.0607308833163982
10.1504026886072,0.0591792833583693
10.1740054117238,0.0576798924606281
10.1976081348405,0.0562375312963901
10.2212108579572,0.0548568923355593
10.2448135810739,0.0535425282729047
10.2684163041906,0.0522988408107065
10.2920190273072,0.0511300698232081
10.3156217504239,0.0500402829293125
10.3392244735406,0.0490333654989714
10.3628271966573,0.0481130111176555
10.386429919774,0.0472827125321486
10.4100326428907,0.0465457530996935
10.4336353660073,0.0459051987612254
10.457238089124,0.0453638905580754
10.4808408122407,0.0449244377101125
10.5044435353574,0.0445892112718105
10.5280462584741,0.0443603383812137
10.5516489815908,0.044239697115195
10.5752517047074,0.0442289119628025
10.5988544278241,0.044329349926842
10.6224571509408,0.0445421172621862
10.6460598740575,0.0448680568576136
10.6696625971742,0.045307746266286
10.6932653202908,0.0458614963882767
10.7168680434075,0.0465293508068603
10.7404707665242,0.0473110857785896
10.7640734896409,0.0482062108755094
10.7876762127576,0.049213970276204
10.8112789358743,0.0503333447007513
10.8348816589909,0.0515630539830618
10.8584843821076,0.0529015602725246
10.8820871052243,0.0543470718553703
10.905689828341,0.0558975475846937
10.9292925514577,0.0575507019066604
10.9528952745743,0.0593040104690606
10.976497997691,0.0611547162970627
11.0001007208077,0.0630998365197742
11.0237034439244,0.0651361696300234
11.0473061670411,0.0672603032586516
11.0709088901578,0.0694686224435362
11.0945116132744,0.0717573183725616
11.1181143363911,0.0741223975788135
11.1417170595078,0.0765596915653888
11.1653197826245,0.0790648668363932
11.1889225057412,0.0816334353099356
11.2125252288578,0.0842607650882242
11.2361279519745,0.0869420915592168
11.2597306750912,0.0896725288036845
11.2833333982079,0.0924470812809991
11.3069361213246,0.0952606557664583
11.3305388444413,0.0981080735125158
11.3541415675579,0.100984082605872
11.3777442906746,0.103883370492023
11.4013470137913,0.106800576638533
11.424949736908,0.109730305308026
11.4485524600247,0.112667138411621
11.4721551831413,0.115605648413344
11.495757906258,0.118540411255858
11.5193606293747,0.1214660192777
11.5429633524914,0.124377094092133
11.5665660756081,0.127268299397595
11.5901687987248,0.13013435368972
11.6137715218414,0.132970042844888
11.6373742449581,0.135770232545263
11.6609769680748,0.138529880515376
11.6845796911915,0.14124404854039
11.7081824143082,0.143907914236338
11.7317851374248,0.146516782542808
11.7553878605415,0.149066096908811
11.7789905836582,0.151551450142828
11.8025933067749,0.153968594898411
11.8261960298916,0.156313453767099
11.8497987530082,0.158582128950899
11.8734014761249,0.160770911487111
11.8970041992416,0.162876289998897
11.9206069223583,0.164894958945694
11.944209645475,0.166823826348323
11.9678123685917,0.168660020964536
11.9914150917083,0.170400898891664
12.015017814825,0.172044049574096
12.0386205379417,0.173587301194449
12.0622232610584,0.17502872542853
12.0858259841751,0.176366641545537
12.1094287072917,0.177599619836398
12.1330314304084,0.178726484354688
12.1566341535251,0.179746314956242
12.1802368766418,0.180658448625322
12.2038395997585,0.181462480077105
12.2274423228752,0.182158261628182
12.2510450459918,0.182745902328886
12.2746477691085,0.183225766353399
12.2982504922252,0.183598470645871
12.3218532153419,0.183864881823135
12.3454559384586,0.184026112337038
12.3690586615753,0.184083515901893
12.3926613846919,0.184038682195167
12.4162641078086,0.183893430842116
12.4398668309253,0.183649804697766
12.463469554042,0.183310062442354
12.4870722771587,0.182876670509055
12.5106750002753,0.182352294365599
12.534277723392,0.181739789174086
12.5578804465087,0.181042189856056
12.5814831696254,0.180262700592553
12.6050858927421,0.179404683791574
12.6286886158588,0.178471648557863
12.6522913389754,0.17746723870254
12.6758940620921,0.176395220332446
12.6994967852088,0.175259469061384
12.7230995083255,0.174063956887637
12.7467022314422,0.172812738784136
12.7703049545588,0.171509939049559
12.7939076776755,0.170159737470317
12.8175104007922,0.168766355344912
12.8411131239089,0.167334041423431
12.8647158470256,0.165867057816067
12.8883185701423,0.164369665925382
12.9119212932589,0.162846112457667
12.9355240163756,0.161300615569124
12.9591267394923,0.159737351202676
12.982729462609,0.158160439671084
13.0063321857257,0.156573932541585
13.0299349088423,0.154981799876554
13.053537631959,0.153387917883702
13.0771403550757,0.151796057028026
13.1007430781924,0.150209870656151
13.1243458013091,0.148632884181867
13.1479485244258,0.14706848487952
13.1715512475424,0.14551991232951
13.1951539706591,0.143990249557492
13.2187566937758,0.142482414905935
13.2423594168925,0.140999154673532
13.2659621400092,0.139543036554573
13.2895648631258,0.138116443906736
13.3131675862425,0.136721570871993
13.3367703093592,0.135360418371294
13.3603730324759,0.134034790989562
13.3839757555926,0.132746294763242
13.4075784787093,0.131496335878256
13.4311812018259,0.130286120281684
13.4547839249426,0.129116654206
13.4783866480593,0.127988745600029
13.501989371176,0.126903006456236
13.5255920942927,0.125859856019331
13.5491948174093,0.12485952485665
13.572797540526,0.12390205976628
13.5964002636427,0.122987329494517
13.6200029867594,0.122115031230012
13.6436057098761,0.121284697837835
13.6672084329928,0.120495705792792
13.6908111561094,0.119747283767592
13.7144138792261,0.119038521828017
13.7380166023428,0.118368381183959
13.7616193254595,0.117735704442295
13.7852220485762,0.117139226304861
13.8088247716928,0.116577584652463
13.8324274948095,0.11604933195384
13.8560302179262,0.115552946936806
13.8796329410429,0.115086846457502
13.9032356641596,0.114649397502702
13.9268383872763,0.114238929259575
13.9504411103929,0.113853745187058
13.9740438335096,0.1134921350232
13.9976465566263,0.113152386663384
14.021249279743,0.112832797845255
14.0448520028597,0.112531687577504
14.0684547259763,0.112247407251297
14.092057449093,0.111978351375199
14.1156601722097,0.111722967876747
14.1392628953264,0.111479767916572
14.1628656184431,0.111247335163923
14.1864683415598,0.111024334485734
14.2100710646764,0.11080952000496
14.2336737877931,0.110601742487658
14.2572765109098,0.110399956022347
14.2808792340265,0.110203223959372
14.3044819571432,0.110010724082391
14.3280846802598,0.109821752988624
14.3516874033765,0.109635729659126
14.3752901264932,0.109452198205096
14.3988928496099,0.10927082978095
14.4224955727266,0.109091423659735
14.4460982958433,0.108913907471218
14.4697010189599,0.108738336607718
14.4933037420766,0.108564892807488
14.5169064651933,0.108393881929985
14.54050918831,0.108225730941888
14.5641119114267,0.108060984137027
14.5877146345433,0.107900298617545
14.61131735766,0.107744439067591
14.6349200807767,0.107594271854576
14.6585228038934,0.107450758496547
14.6821255270101,0.107314948537484
14.7057282501268,0.10718797187532
14.7293309732434,0.10707103059019
14.7529336963601,0.106965390322811
14.7765364194768,0.106872371255014
14.8001391425935,0.106793338746219
14.8237418657102,0.106729693681114
14.8473445888268,0.106682862584957
14.8709473119435,0.106654287563693
14.8945500350602,0.106645416126622
14.9181527581769,0.10665769094947
14.9417554812936,0.106692539635584
14.9653582044103,0.106751364532512
14.9889609275269,0.106835532660427
15.0125636506436,0.106946365807813
15.0361663737603,0.107085130848454
15.059769096877,0.107253030332161
15.0833718199937,0.107451193399763
15.1069745431103,0.107680667070757
15.130577266227,0.107942407949681
15.1541799893437,0.108237274394663
15.1777827124604,0.108566019188843
15.2013854355771,0.108929282752443
15.2249881586938,0.10932758693012
15.2485908818104,0.10976132938503
15.2721936049271,0.110230778627635
15.2957963280438,0.110736069703848
15.3193990511605,0.111277200563563
15.3430017742772,0.111854029126972
15.3666044973938,0.112466271062478
15.3902072205105,0.11311349828627
15.4138099436272,0.113795138189992
15.4374126667439,0.114510473599224
15.4610153898606,0.115258643461854
15.4846181129773,0.116038644261828
15.5082208360939,0.116849332150196
15.5318235592106,0.117689425781903
15.5554262823273,0.118557509843408
15.579029005444,0.119452039252916
15.6026317285607,0.120371344011846
15.6262344516773,0.121313634683129
15.649837174794,0.122277008469028
15.6734398979107,0.123259455858429
15.6970426210274,0.124258867810963
15.7206453441441,0.125273043442901
15.7442480672608,0.126299698177536
15.7677935146968,0.127314117458781
15.7913745724702,0.128291383371191
15.8149557530914,0.129229006709433
15.838536971303,0.130124447870956
15.8621181418049,0.130975126650301
15.8856991792299,0.131778432287343
15.909279998118,0.132531733671466
15.932860512891,0.133232389653585
15.9564406378273,0.133877759417547
15.9800202870361,0.134465212862235
16.0035993744319,0.134992140945769
16.0271778137085,0.135455965943437
16.050755518313,0.135854151571469
16.0743324014196,0.136184212929436
16.0979083759032,0.136443726214986
16.1214833543125,0.136630338165694
16.1450572488436,0.136741775184121
16.1686299713121,0.136775852103696
16.1922014331262,0.136730480554688
16.2157715452587,0.136603676891439
16.2393402182188,0.136393569644078
16.2629073620236,0.136098406460111
16.2864728861693,0.135716560503725
16.3100366996018,0.135246536283095
16.3335987106874,0.134686974878685
16.3571588271818,0.134036658548302
16.3807169562004,0.133294514687552
16.4042730041866,0.132459619127346
16.4278268768802,0.131531198753202
16.4513784792851,0.130508633434192
16.4749277156369,0.129391457252671
16.4984744893689,0.128179359029087
16.5220187030784,0.126872182139539
16.545560258492,0.125469923626963
16.5690990564295,0.123972732610164
16.5926349967688,0.122380907998158
16.6161679784079,0.120694895520489
16.6396978992277,0.118915284087401
16.6632246560532,0.117042801496809
16.6867481446141,0.115078309508039
16.7102682595041,0.113022798305214
16.73378489414,0.110877380375961
16.7572979407188,0.10864328383377
16.7808072901747,0.106321845214838
16.8043128321341,0.103914501782611
16.8278144548704,0.101422783375386
16.851312045257,0.0988483038343466
16.8748054887191,0.0961927520512179
16.8982946691843,0.0934578826762882
16.921779469032,0.0906455065289661
16.9452597690413,0.0877574807541816
16.9687354483373,0.0847956987688854
16.9922063843358,0.0817620800436104
17.0156724526871,0.0786585597645328
17.0391335272171,0.0754870784217146
17.0625894798674,0.0722495713692137
17.0860401806336,0.0689479584025292
17.109485497501,0.0655841333983923
17.1329252963794,0.0621599540612345
17.1563594410349,0.0586772318197753
17.1797877930205,0.0551377219160523
17.203210211603,0.0515431137279226
17.2266265536897,0.0478950213645436
17.2500366737504,0.0441949745726761
17.2734404237388,0.0404444099897879
17.2968376530099,0.0366446627779368
17.3202282082355,0.0327969586702582
17.3436119333163,0.0289024064596167
17.3669886692913,0.0249619909565945
17.3903582542437,0.0209765664415051
17.4137205232041,0.0169468506325876
17.4370753080497,0.0128734191899022
17.4604224374003,0.00875670077181104
17.4837617365102,0.00459697265823895
17.5070930271564,0.000394356952224451
17.530416127523,-0.00385118263140438
17.5537308520805,-0.00813984338405048
17.5770370114614,-0.0124719856244974
17.6003344123309,-0.0168481341221743
17.623622857252,-0.0212689789240039
17.6469021445466,-0.0257353755887134
17.6701720681505,-0.0302483448347734
17.6934324174624,-0.0348090716103493
17.7166829771882,-0.0394189035957024
17.7399235271773,-0.0440793491504517
17.7631538422542,-0.0487920747199142
17.7863736920421,-0.0535589017164151
17.8095828407792,-0.0583818028930008
17.8327810471286,-0.0632628982283717
17.855968063979,-0.068204450343067
17.8791436382376,-0.073208859468049
17.9023075106145,-0.0782786579877338
17.9254594153971,-0.0834165045803261
17.9485990802161,-0.0886251779789477
17.9717262257997,-0.0939075703775496
17.9948405657182,-0.099266680505978
18.0179418061172,-0.104705606398794
18.0410296454382,-0.110227537882595
18.0641037741277,-0.115835748806569
18.0871638743318,-0.121533589040973
18.110209619578,-0.127324476268025
18.1332406744416,-0.13321188758945
18.1562566941969,-0.139199350974636
18.1792573244517,-0.145290436572941
18.2022422007646,-0.151488747913318
18.2252109482439,-0.157797913013941
18.2481631811274,-0.164221575424091
18.2710985023413,-0.170763385220034
18.2940165030375,-0.177426989976197
18.316916762108,-0.184216025732452
18.3397988456751,-0.191134107977888
18.3626623065554,-0.198184822671054
18.3855066836965,-0.205371717316241
18.4083315015852,-0.212698292115125
18.4311362696241,-0.220167991212715
18.4539204814761,-0.227784194056437
18.4766836143733,-0.235550206886951
18.4994251283902,-0.243469254379258
18.5221444656761,-0.251544471452607
18.5448410496466,-0.259778895267765
18.5675142841301,-0.268175457430298
18.5901635524671,-0.27673697641873
18.6127882165582,-0.285466150256625
18.6353876158585,-0.29436554944797
18.6579610663148,-0.303437610195546
18.6805078592398,-0.312684627922381
18.7030272601218,-0.322108751116788
18.7255185073635,-0.331711975521947
18.7479808109452,-0.341496138691451
18.7704133510076,-0.351462914932738
18.7928152763483,-0.361613810660771
18.8151857028251,-0.371950160184848
18.8375237116612,-0.382473121951804
18.8598283476419,-0.393183675269336
18.8820986171983,-0.404082617533487
18.9043334863671,-0.415170561984668
18.9265318786179,-0.426447936016795
18.9486926725384,-0.437914980064274
18.9708146993656,-0.449571747091605
18.9928967403518,-0.461418102710312
19.0149375239515,-0.47345372594773
19.0369357228167,-0.485678110691849
19.0588899505828,-0.498090567835955
19.0807987584306,-0.510690228146204
19.1026606314045,-0.523476045874451
19.1244739844671,-0.536446803137733
19.1462371582692,-0.549601115084617
19.1679484146097,-0.562937435867279
19.1896059315607,-0.576454065436646
19.2112077982277,-0.590149157176082
19.2327520091153,-0.60402072638711
19.2542364580612,-0.618066659638348
19.2756589317042,-0.632284724986257
19.2970171024412,-0.646672583073438
19.3183085208308,-0.661227799106983
19.3395306073918,-0.675947855715832
19.3606806437423,-0.690830166682101
19.3817557630194,-0.705872091536886
19.4027529395139,-0.721070951006132
19.4236689774467,-0.736424043286568
19.4445004988075,-0.751928661125461
19.4652439301698,-0.767582109670951
19.485895488385,-0.783381725051678
19.5064511650509,-0.799324893635391
19.5269067096416,-0.815409071905784
19.5472576111711,-0.831631806884905
19.5674990782561,-0.847990757014649
19.5876260174269,-0.864483713394912
19.6076330095278,-0.881108621257336
19.6275142840298,-0.897863601531881
19.6472636910697,-0.914746972338034
19.6668746710141,-0.931757270202602
19.6863402213348,-0.948893270771015
19.7056528605717,-0.966154008737827
19.7248045891498,-0.983538796673634
19.7437868468121,-1.00104724236867
19.7625904664295,-1.01867926424658
19.7812056239574,-1.03643510432364
19.7996217843261,-1.05431533809777
19.8178276430835,-1.07232088064592
19.8358110636602,-1.09045298808698
19.8535590102022,-1.10871325342834
19.8710574760262,-1.1271035956576
19.8882914078991,-1.14562624076664
19.9052446265497,-1.16428369320479
19.921899744087,-1.18307869605626
19.9382380793517,-1.20201417803054
19.9542395726758,-1.22109318515582
19.9698827020909,-1.24031879489288
19.9851444037284,-1.25969401026682
20,-1.27922163158315
