-20,-0.936614666311337
-19.985780816699,-0.917521788042394
-19.9711560414476,-0.898807299908782
-19.9561432860373,-0.880469722051021
-19.9407594591564,-0.862507013615955
-19.9250207644205,-0.84491664054666
-19.9089427050455,-0.827695637212098
-19.8925400939228,-0.810840662028588
-19.875827068003,-0.794348047320662
-19.858817106038,-0.778213843735464
-19.841523048863,-0.76243385956782
-19.8239571215239,-0.747003695377207
-19.8061309566653,-0.731918774287309
-19.7880556186934,-0.717174368357053
-19.7697416283133,-0.702765621402091
-19.751198987117,-0.688687568629911
-19.7324372019611,-0.674935153432108
-19.7134653089299,-0.661503241655283
-19.6942918967258,-0.648386633648837
-19.6749251293666,-0.63558007436428
-19.655372768104,-0.623078261757427
-19.6356421925023,-0.610875853722316
-19.6157404206399,-0.598967473764228
-19.5956741284125,-0.587347715598985
-19.5754496679324,-0.57601114684689
-19.5550730850288,-0.564952311972255
-19.5345501358624,-0.554165734603474
-19.5138863026757,-0.543645919353982
-19.4930868087043,-0.533387353251095
-19.4721566322782,-0.523384506867717
-19.451100520145,-0.513631835240912
-19.4299230000491,-0.504123778651546
-19.4086283925994,-0.494854763330298
-19.3872208224621,-0.485819202147343
-19.3657042289111,-0.477011495335852
-19.344082375771,-0.46842603129298
-19.3223588607844,-0.460057187496165
-19.3005371244371,-0.451899331567382
-19.2786204582704,-0.443946822513187
-19.2566120127103,-0.436194012164165
-19.2345148044436,-0.428635246833456
-19.2123317233641,-0.421264869210496
-19.1900655391188,-0.414077220502863
-19.1677189072748,-0.407066642836102
-19.1452943751313,-0.400227481918617
-19.122794387198,-0.393554089976129
-19.100221290361,-0.387040828957754
-19.0775773387529,-0.380682074013437
-19.054864698349,-0.374472217240274
-19.0320854513022,-0.368405671693171
-19.0092416000358,-0.362476875653216
-18.9863350711079,-0.356680297145217
-18.9633677188603,-0.351010438693929
-18.9403413288672,-0.345461842306647
-18.9172576211937,-0.34002909466803
-18.8941182534775,-0.334706832531295
-18.8709248238428,-0.329489748288167
-18.8476788736585,-0.324372595698376
-18.8243818901476,-0.319350195757862
-18.8010353088589,-0.314417442683368
-18.7776405160082,-0.30956930998962
-18.7541988506969,-0.30480085663398
-18.7307116070148,-0.300107233202184
-18.7071800360347,-0.295483688107647
-18.6836053477051,-0.2909255737758
-18.6599887126455,-0.286428352784058
-18.6363312638525,-0.281987603927294
-18.6126340983189,-0.277599028178131
-18.5888982785733,-0.273258454511006
-18.5651248341432,-0.26896184555876
-18.5413147629467,-0.264705303070525
-18.5174690326159,-0.260485073139913
-18.4935885817575,-0.256297551172957
-18.469674321152,-0.25213928656591
-18.4457271348968,-0.24800698706394
-18.4217478814947,-0.243897522772872
-18.3977373948923,-0.239807929797498
-18.3736964854698,-0.235735413481594
-18.3496259409852,-0.231677351226594
-18.3255265274759,-0.227631294867924
-18.301398990119,-0.223594972590273
-18.2772440540536,-0.219566290365513
-18.253062425166,-0.215543332899638
-18.2288547908408,-0.211524364077912
-18.2046218206785,-0.207507826900363
-18.1803641671826,-0.203492342902845
-18.1560824664174,-0.199476711062117
-18.1317773386366,-0.195459906186609
-18.1074493888869,-0.191441076797924
-18.0830992075854,-0.187419542511448
-18.0587273710732,-0.183394790927777
-18.0343344421468,-0.17936647405003
-18.0099209705673,-0.175334404245309
-17.9854874935493,-0.171298549771771
-17.9610345362307,-0.167259029895788
-17.9365626121234,-0.163216109626542
-17.9120722235468,-0.159170194098122
-17.8875638620444,-0.155121822631661
-17.8630380087843,-0.151071662512292
-17.8384951349451,-0.147020502517724
-17.8139357020866,-0.14296924623692
-17.7893601625077,-0.138918905218779
-17.7647689595902,-0.134870591991822
-17.7401625281312,-0.13082551299663
-17.715541294663,-0.126784961473206
-17.6909056777617,-0.122750310345502
-17.6662560883457,-0.118723005145065
-17.6415929299633,-0.114704557015116
-17.6169165990708,-0.110696535835381
-17.5922274853015,-0.106700563506672
-17.5675259717259,-0.102718307432518
-17.5428124351029,-0.098751474233179
-17.5180872461238,-0.0948018037250694
-17.4933507696482,-0.0908710631960252
-17.4686033649326,-0.0869610420040216
-17.4438453858528,-0.0830735465238556
-17.4190771811183,-0.0792103954630181
-17.3942990944822,-0.0753734155645236
-17.3695114649437,-0.0715644377108408
-17.3447146269455,-0.067785293439352
-17.3199089105665,-0.0640378118759647
-17.2950946417078,-0.0603238170896574
-17.2702721422755,-0.0566451258669042
-17.2454417303577,-0.0530035459010976
-17.220603720398,-0.0494008743883615
-17.195758423364,-0.0458388970174999
-17.170906146913,-0.0423193873383273
-17.1460471955525,-0.0388441064893159
-17.1211818707987,-0.0354148032623547
-17.0963104713307,-0.0320332144795488
-17.0714332931423,-0.0287010656543568
-17.0465506296899,-0.02542007190702
-17.0216627720386,-0.0221919391022221
-16.9967700090055,-0.0190183651752035
-16.9718726273003,-0.0159010416111985
-16.9469709116635,-0.0128416550420582
-16.9220651450035,-0.00984188892327453
-16.8971556085305,-0.00690342525434295
-16.8722425818897,-0.0040279463054957
-16.8473263432921,-0.00121713631429167
-16.8224071696443,0.00152731688364073
-16.7974853366766,0.00420372032423268
-16.7725611190704,0.0068103745180158
-16.7476347905841,0.00934557221777468
-16.7227066241779,0.0118075973799002
-16.6977768921388,0.0141947243461197
-16.6728458662039,0.0165052172696266
-16.6479138176833,0.0187373298067476
-16.6229810175834,0.0208893050921959
-16.5980548845978,0.0230004631274819
-16.5731287516122,0.0251101217267635
-16.5482026186267,0.0272165130309689
-16.5232764856411,0.0293178702706201
-16.4983503526555,0.0314124293252884
-16.4734242196699,0.0334984306071903
-16.4484980866844,0.0355741212625708
-16.4235719536988,0.0376377576810323
-16.3986458207132,0.0396876082995864
-16.3737196877277,0.0417219566849548
-16.3487935547421,0.043739104874554
-16.3238674217565,0.0457373769537002
-16.2989412887709,0.0477151228438869
-16.2740151557854,0.0496707222745412
-16.2490890227998,0.0516025889084827
-16.2241628898142,0.0535091745894023
-16.1992367568287,0.0553889736780672
-16.1743106238431,0.0572405274426583
-16.1493844908575,0.0590624284676553
-16.1244583578719,0.06085332504503
-16.0995322248864,0.0626119255111696
-16.0746060919008,0.0643370024929492
-16.0496799589152,0.0660273970266956
-16.0247538259297,0.0676820225144242
-15.9998276929441,0.0692998684826923
-15.9749015599585,0.0708800041106625
-15.9499754269729,0.0724215814955257
-15.9250492939874,0.0739238386252489
-15.9001231610018,0.0753861020306866
-15.8751970280162,0.0768077890914136
-15.8502708950307,0.0781884099721469
-15.8253447620451,0.0795275691693528
-15.8004186290595,0.0808249666504981
-15.7754924960739,0.0820803985714327
-15.7505663630884,0.0832937575605072
-15.7256402301028,0.0844650325612507
-15.7007140971172,0.085594308228694
-15.6757879641317,0.086681763877724
-15.6508618311461,0.0877276719851473
-15.6259356981605,0.0887323962504155
-15.601009565175,0.0896963892231713
-15.5760834321894,0.090620189508917
-15.5511572992038,0.0915044185671297
-15.5262311662182,0.0923497771190512
-15.5013050332327,0.0931570411851258
-15.4763789002471,0.0939270577746384
-15.4514527672615,0.0946607402524849
-15.426526634276,0.0953590634101843
-15.4016005012904,0.0960230582701961
-15.3766743683048,0.0966538066543112
-15.3517482353192,0.0972524355483597
-15.3268221023337,0.0978201112966784
-15.3018959693481,0.0983580336607286
-15.2769698363625,0.0988674297769255
-15.252043703377,0.0993495480491506
-15.2271175703914,0.0998056520115408
-15.2021914374058,0.100237014197025
-15.1772653044202,0.10064491004667
-15.1523391714347,0.101030611894238
-15.1274130384491,0.101395383059469
-15.1024869054635,0.101740472082424
-15.077560772478,0.10206710712989
-15.0526346394924,0.10237649060323
-15.0277085065068,0.102669793975298
-15.0027823735213,0.102948152882071
-14.9778562405357,0.10321266249251
-14.9529301075501,0.103464373177931
-14.9280039745645,0.103704286499712
-14.903077841579,0.103933351531735
-14.8781517085934,0.104152461531328
-14.8532255756078,0.104362450969876
-14.8282994426223,0.104564092931568
-14.8033733096367,0.104758096886089
-14.7784471766511,0.104945106838355
-14.7535210436655,0.105125699855769
-14.72859491068,0.105300384970843
-14.7036687776944,0.105469602454554
-14.6787426447088,0.105633723453302
-14.6538165117233,0.105793049980078
-14.6288903787377,0.105947815248217
-14.6039642457521,0.106098184334079
-14.5790381127665,0.106244255153117
-14.554111979781,0.106386059732087
-14.5291858467954,0.106523565758631
-14.5042597138098,0.106656678388161
-14.4793335808243,0.106785242286852
-14.4544074478387,0.106909043888682
-14.4294813148531,0.107027813843778
-14.4045551818676,0.107141229634892
-14.379629048882,0.107248918338647
-14.3547029158964,0.107350459508158
-14.3297767829108,0.107445388153954
-14.3048506499253,0.107533197800511
-14.2799245169397,0.107613343596461
-14.2549983839541,0.107685245457371
-14.2300722509686,0.10774829122111
-14.205146117983,0.107801839797049
-14.1802199849974,0.107845224291813
-14.1552938520118,0.107877755095851
-14.1303677190263,0.107898722916844
-14.1054415860407,0.10790740174778
-14.0805154530551,0.107903051759496
-14.0555893200696,0.107884922109454
-14.030663187084,0.107852253660619
-14.0057370540984,0.107804281606371
-13.9808109211128,0.107740237999504
-13.9558847881273,0.107659354185423
-13.9309586551417,0.107560863141714
-13.9060325221561,0.107444001728212
-13.8811063891706,0.107308012853591
-13.856180256185,0.107152147566259
-13.8312541231994,0.106975667079
-13.8063279902138,0.106777844738253
-13.7814018572283,0.106557967950244
-13.7564757242427,0.106315340077299
-13.7315495912571,0.106049282318545
-13.7066234582716,0.105759135589906
-13.681697325286,0.105444262418697
-13.6567711923004,0.105104048868349
-13.6318450593148,0.104737906508679
-13.6069189263293,0.104345274446815
-13.5819927933437,0.103925621433268
-13.5570666603581,0.10347844805679
-13.5321405273726,0.103003289040491
-13.507214394387,0.102499715650364
-13.4822882614014,0.101967338225667
-13.4573621284159,0.101405808838787
-13.4324359954303,0.100814824090094
-13.4075098624447,0.100194128041017
-13.3825837294591,0.0995435152860717
-13.3576575964736,0.0988628341619622
-13.332731463488,0.098151990089061
-13.3078053305024,0.0974109490377268
-13.2828791975169,0.0966397411089306
-13.2579530645313,0.0958384642156538
-13.2330269315457,0.0950072878484934
-13.2081007985601,0.0941464569058958
-13.1831746655746,0.0932562955664761
-13.158248532589,0.0923372111780084
-13.1333223996034,0.0913896981349118
-13.1083962666179,0.0904143417134609
-13.0834701336323,0.0894118218315357
-13.0585440006467,0.0883829166975364
-13.0336178676611,0.0873285063111562
-13.0086917346756,0.0862495757770488
-12.98376560169,0.0851472183910917
-12.9588394687044,0.0840226384579403
-12.9339133357189,0.0828771537979247
-12.9089872027333,0.081712197901082
-12.8840610697477,0.0805293216862433
-12.8591349367621,0.0793301948236428
-12.8342088037766,0.0781166065804743
-12.809282670791,0.0768904661502084
-12.7843565378054,0.0756538024282906
-12.7594304048199,0.0744087631990797
-12.7345042718343,0.0731576137015303
-12.7095781388487,0.0719027345441821
-12.6846520058631,0.0706466189434576
-12.6597258728776,0.0693918692630886
-12.634799739892,0.0681411928366485
-12.6098736069064,0.0668973970596478
-12.5849474739209,0.0656633837424162
-12.5600213409353,0.0644421427200213
-12.5350952079497,0.0632367447207023
-12.5101690749642,0.0620503334997202
-12.4852429419786,0.0608861172510666
-12.460316808993,0.0597473593151112
-12.4353906760074,0.0586373682059441
-12.4104645430219,0.0575594869878406
-12.3855384100363,0.0565170820358902
-12.3606122770507,0.055513531221349
-12.3356861440652,0.0545522115676255
-12.3107600110796,0.0536364864279771
-12.285833878094,0.0527696922408966
-12.2609077451084,0.0519551249237869
-12.2359816121229,0.0511960259697958
-12.2110554791373,0.0504955683165778
-12.1861293461517,0.0498568420592269
-12.1612032131662,0.0492828400826428
-12.1362770801806,0.0487764436911269
-12.111350947195,0.0483404083150192
-12.0864248142094,0.0479773493756645
-12.0614986812239,0.0476897283909098
-12.0365725482383,0.0474798394036753
-12.0116464152527,0.0473497958158911
-11.9867202822672,0.0473015177092545
-11.9617941492816,0.0473367197328247
-11.936868016296,0.0474568996354529
-11.9119418833104,0.0476633275184373
-11.8870157503249,0.0479570358806252
-11.8620896173393,0.0483388105244671
-11.8371634843537,0.0488091823872825
-11.8122373513682,0.0493684203572625
-11.7873112183826,0.0500165251285284
-11.762385085397,0.050753224143937
-11.7374589524115,0.0515779676683013
-11.7125328194259,0.0524899260283316
-11.6876066864403,0.0534879880489353
-11.6626805534547,0.0545707607085974
-11.6377544204692,0.0557365700294438
-11.6128282874836,0.0569834632103231
-11.587902154498,0.0583092120038807
-11.5629760215125,0.0597113173311889
-11.5380498885269,0.0611870151201131
-11.5131237555413,0.0627332833462593
-11.4881976225557,0.0643468502481521
-11.4632714895702,0.0660242036812573
-11.4383453565846,0.0677616015686587
-11.413419223599,0.0695550833996645
-11.3884930906135,0.0714004827214143
-11.3635669576279,0.0732934405627023
-11.3386408246423,0.0752294197238042
-11.3137146916567,0.0772037198610964
-11.2887885586712,0.0792114932907423
-11.2638624256856,0.0812477614317222
-11.2389362927,0.083307431805012
-11.2140101597145,0.0853853155028124
-11.1890840267289,0.0874761450393992
-11.1641578937433,0.0895745924934287
-11.1392317607578,0.0916752878503909
-11.1143056277722,0.0937728374533715
-11.0893794947866,0.0958618424703491
-11.064453361801,0.0979369172869264
-11.0395272288155,0.0999927077346463
-11.0146010958299,0.102023909066884
-10.9896749628443,0.104025283596689
-10.9647488298588,0.105991677913889
-10.9398226968732,0.107918039602191
-10.9148965638876,0.109799433380949
-10.889970430902,0.111631056600627
-10.8650442979165,0.113408254025749
-10.8401181649309,0.11512653184432
-10.8151920319453,0.11678157084814
-10.7902658989598,0.118369238734238
-10.7653397659742,0.119885601483672
-10.7404136329886,0.121326933780131
-10.715487500003,0.122689728437191
-10.6905613670175,0.123970704809501
-10.6656352340319,0.12516681616974
-10.6407091010463,0.1262752560397
-10.6157829680608,0.127293463470365
-10.5908568350752,0.128219127272231
-10.5659307020896,0.129050189203437
-10.541004569104,0.129784846129321
-10.5160784361185,0.130421551172936
-10.4911523031329,0.130959013881663
-10.4662261701473,0.131396199440374
-10.4413000371618,0.131732326966603
-10.4163739041762,0.131966866927807
-10.3914477711906,0.132099537725007
-10.366521638205,0.13213030149095
-10.3415955052195,0.132059359154264
-10.3166693722339,0.131887144824028
-10.2917432392483,0.13161431955158
-10.2668171062628,0.131241764528353
-10.2418909732772,0.130770573780005
-10.2169648402916,0.13020204641802
-10.1920387073061,0.129537678510499
-10.1671125743205,0.128779154633763
-10.1421864413349,0.127928339165944
-10.1172603083493,0.126987267382751
-10.0923341753638,0.125958136414158
-10.0674080423782,0.124843296118933
-10.0424819093926,0.123645239931657
-10.0175557764071,0.122366595734205
-9.99262964342148,0.121010116800706
-9.96770351043591,0.11957867286162
-9.94277737745034,0.118075241329
-9.91785124446477,0.116502898721098
-9.8929251114792,0.114864812320419
-9.86799897849363,0.113164232095041
-9.84307284550806,0.111404482908642
-9.81814671252249,0.109588957040154
-9.79322057953692,0.107721107029455
-9.76829444655135,0.105804438860894
-9.74336831356577,0.103842505491989
-9.7184421805802,0.101838900730098
-9.69351604759463,0.0997972534555758
-9.66858991460906,0.0977212221856944
-9.64366378162349,0.0956144899696015
-9.61873764863792,0.0934807596007917
-9.59381151565235,0.0913237491300302
-9.56888538266678,0.089147187658406
-9.54395924968121,0.0869548113872499
-9.51903311669564,0.084750359899044
-9.49410698371006,0.0825375726411994
-9.4691808507245,0.0803201855827059
-9.44425471773892,0.0781019280121737
-9.41932858475335,0.0758865194447112
-9.39440245176778,0.0736776666044101
-9.36947631878221,0.0714790604489546
-9.34455018579664,0.0692943732030297
-9.31962405281107,0.0671272553677697
-9.2946979198255,0.0649813326744581
-9.26977178683993,0.0628602029520504
-9.24484565385436,0.0607674328798264
-9.21991952086879,0.0587065545985729
-9.19499338788321,0.0566810621561273
-9.17006725489764,0.0546944077658522
-9.14514112191207,0.0527499978596392
-9.1202149889265,0.0508511889203133
-9.09528885594093,0.0490012830818172
-9.07036272295536,0.0472035234892338
-9.04543658996979,0.0454610894145503
-9.02051045698422,0.0437770911280144
-8.99558432399865,0.0421545645289607
-8.97065819101308,0.0405964655440482
-8.9457320580275,0.039105664304904
-8.92080592504193,0.0376849391211845
-8.89587979205636,0.0363369702689911
-8.87095365907079,0.0350643336183906
-8.84602752608522,0.0338694941274301
-8.82110139309965,0.032754799233494
-8.79617526011408,0.0317224721760686
-8.77124912712851,0.0307746052879366
-8.74632299414294,0.0299131532944881
-8.72139686115737,0.029139926663178
-8.6964707281718,0.0284565850471534
-8.67154459518622,0.0278646308687058
-8.64661846220065,0.0273654030894425
-8.62169232921508,0.0269600712149097
-8.59676619622951,0.0266496295818312
-8.57184006324394,0.0264348919761237
-8.54691393025837,0.0263164866294328
-8.5219877972728,0.0262948516410831
-8.49706166428723,0.0263702308710635
-8.47213553130165,0.0265426703479788
-8.44720939831608,0.0268120152338041
-8.42228326533051,0.0271779073847878
-8.39735713234494,0.0276397835449867
-8.37243099935937,0.0281968742056963
-8.3475048663738,0.0288482031604925
-8.32257873338823,0.0295925877817449
-8.29765260040266,0.0304286400403341
-8.27272646741709,0.0313547682859332
-8.24780033443152,0.0323691798006314
-8.22287420144595,0.0334698841339235
-8.19794806846038,0.0346546972221924
-8.1730219354748,0.0359212462908234
-8.14809580248923,0.0372669755320349
-8.12316966950366,0.03868915254644
-8.09824353651809,0.0401848755313001
-8.07331740353252,0.0417510811934364
-8.04839127054695,0.0433845533598768
-8.02346513756138,0.0450819322545503
-7.99853900457581,0.0468397244047621
-7.97361287159024,0.0486543131368062
-7.94868673860466,0.0505219696159431
-7.92376060561909,0.0524388643821141
-7.89883447263352,0.0544010793292165
-7.87390833964795,0.0564046200725481
-7.84898220666238,0.0584454286461693
-7.82405607367681,0.0605193964694558
-7.79912994069124,0.0626223775200297
-7.77420380770567,0.064750201648595
-7.7492776747201,0.0668986879699581
-7.72435154173453,0.0690636582637098
-7.69942540874896,0.071240950317679
-7.67449927576339,0.0734264311473443
-7.64957314277781,0.0756160100249079
-7.62464700979224,0.07780565125269
-7.59972087680667,0.0799913866168846
-7.5747947438211,0.0821693274595185
-7.54986861083553,0.0843356763086578
-7.52494247784996,0.0864867380094946
-7.50001634486439,0.0886189303019078
-7.47509021187882,0.090728793793385
-7.45016407889325,0.0928130012798146
-7.42523794590768,0.0948683663705696
-7.4003118129221,0.096891851378479
-7.37538567993653,0.0988805744396854
-7.35045954695096,0.100831815833005
-7.32553341396539,0.102743023473175
-7.30060728097982,0.10461181755729
-7.27568114799425,0.106435994348746
-7.25075501500868,0.108213529088065
-7.22582888202311,0.109942578025125
-7.20090274903754,0.111621479572376
-7.17597661605197,0.113248754583732
-7.15105048306639,0.114823105768797
-7.12612435008082,0.116343416257005
-7.10119821709525,0.117808747330993
-7.07627208410968,0.119218335353144
-7.05134595112411,0.120571587913625
-7.02641981813854,0.121868079232474
-7.00149368515297,0.123107544852191
-6.9765675521674,0.12428987566103
-6.95164141918183,0.125415111290546
-6.92671528619626,0.126483432934103
-6.90178915321068,0.127495155635797
-6.87686302022511,0.128450720101745
-6.85193688723954,0.129350684087789
-6.82701075425397,0.130195713419461
-6.8020846212684,0.130986572701464
-6.77715848828283,0.131724115775
-6.75223235529726,0.132409275981993
-6.72730622231169,0.13304305629562
-6.70238008932612,0.133626519376547
-6.67745395634055,0.134160777613967
-6.65252782335498,0.134646983209836
-6.6276016903694,0.135086318363733
-6.60267555738383,0.135479985614421
-6.57774942439826,0.135829198392609
-6.55282329141269,0.136135171837491
-6.52789715842712,0.136399113927457
-6.50297102544155,0.136622216972986
-6.47804489245598,0.136805649517012
-6.45311875947041,0.13695054868522
-6.42819262648484,0.137058013025643
-6.40326649349926,0.137129095873673
-6.37834036051369,0.137164799275197
-6.35341422752812,0.137166068497055
-6.32848809454255,0.137133787150322
-6.30356196155698,0.137068772948226
-6.27863582857141,0.13697177411667
-6.25370969558584,0.136843466471484
-6.22878356260027,0.136684451172646
-6.2038574296147,0.136495253161828
-6.17893129662913,0.136276320285728
-6.15400516364356,0.136028023103826
-6.12907903065798,0.135750655375406
-6.10415289767241,0.135444435216939
-6.07922676468684,0.135109506917327
-6.05430063170127,0.134745943394946
-6.0293744987157,0.134353749277017
-6.00444836573013,0.133932864578572
-5.97952223274456,0.133483168955135
-5.95459609975899,0.133004486500269
-5.92966996677342,0.132496591056358
-5.90474383378784,0.131959212004351
-5.87981770080227,0.131392040495819
-5.8548915678167,0.130794736088415
-5.82996543483113,0.130166933743848
-5.80503930184556,0.129508251145694
-5.78011316885999,0.128818296292807
-5.75518703587442,0.128096675322738
-5.73026090288885,0.12734300051852
-5.70533476990328,0.126556898451258
-5.68040863691771,0.125738018210401
-5.65548250393214,0.124886039673145
-5.63055637094656,0.124000681764318
-5.60563023796099,0.123081710658159
-5.58070410497542,0.122128947873794
-5.55577797198985,0.12114227821674
-5.53085183900428,0.120121657519618
-5.50592570601871,0.119067120136272
-5.48099957303314,0.11797878614476
-5.45607344004757,0.116856868216165
-5.431147307062,0.115701678107858
-5.40622117407643,0.114513632741725
-5.38129504109085,0.113293259829967
-5.35636890810528,0.112041203013318
-5.33144277511971,0.110758226478986
-5.30651664213414,0.109445219028177
-5.28159050914857,0.108103197565833
-5.256664376163,0.106733309988043
-5.23173824317743,0.105336837445607
-5.20681211019186,0.1039151959653
-5.18188597720629,0.102469937413559
-5.15695984422072,0.101002749790583
-5.13203371123515,0.0995154568461202
-5.10710757824957,0.098010017011568
-5.082181445264,0.0964885216463859
-5.05725531227843,0.0949531926001758
-5.03232917929286,0.0934063790951554
-5.00740304630729,0.0918505539370732
-4.98247691332172,0.0902883090658942
-4.95755078033615,0.0887223504608062
-4.93262464735058,0.0871554924172259
-4.90769851436501,0.0855906512165296
-4.88277238137944,0.0840308382121524
-4.85784624839386,0.0824791523585004
-4.83292011540829,0.0809387722117694
-4.80799398242272,0.0794129474342658
-4.78306784943715,0.0779049898361458
-4.75814171645158,0.0764182639906418
-4.73321558346601,0.0749561774607918
-4.70828945048044,0.0735221706774454
-4.68336331749487,0.0721197065098599
-4.6584371845093,0.0707522595715272
-4.63351105152373,0.0694233053049765
-4.60858491853816,0.0681363088901765
-4.58365878555258,0.0668947140218107
-4.55873265256701,0.065701931601117
-4.53380651958144,0.064561328388176
-4.50888038659587,0.0634762156604929
-4.4839542536103,0.0624498379234556
-4.45902812062473,0.0614853617177679
-4.43410198763916,0.0605858645682629
-4.40917585465359,0.0597543241175953
-4.38424972166802,0.0589936074872076
-4.35932358868245,0.0583064609066814
-4.33439745569687,0.057695499651105
-4.3094713227113,0.0571631983244655
-4.28454518972573,0.0567118815252724
-4.25961905674016,0.0563437149287028
-4.23469292375459,0.0560606968174898
-4.20976679076902,0.0558646500916201
-4.18484065778345,0.0557572147846331
-4.15991452479788,0.0557398411119727
-4.13498839181231,0.0558137830744281
-4.11006225882674,0.0559800926372342
-4.08513612584116,0.0562396145029062
-4.06020999285559,0.0565929814933539
-4.03528385987002,0.0570406105542997
-4.01035772688445,0.0575826993924969
-3.98543159389888,0.0582192237537466
-3.96050546091331,0.0589499353472405
-3.93557932792774,0.0597743604193381
-3.91065319494217,0.0606917989775124
-3.8857270619566,0.0617013246629028
-3.86080092897103,0.0628017852676863
-3.83587479598546,0.0639918038913319
-3.81094866299988,0.065269780727754
-3.78602253001431,0.0666338954734226
-3.76109639702874,0.0680821103446306
-3.73617026404317,0.0696121736903702
-3.7112441310576,0.0712216241856258
-3.68631799807203,0.0729077955883539
-3.66139186508646,0.0746678220420031
-3.63646573210089,0.0764986439041025
-3.61153959911532,0.0783970140802521
-3.58661346612975,0.0803595048417432
-3.56168733314417,0.0823825151040444
-3.5367612001586,0.0844622781424992
-3.51183506717303,0.0865948697207857
-3.48690893418746,0.0887762166069877
-3.46198280120189,0.0910021054515205
-3.43705666821632,0.0932681920006278
-3.41213053523075,0.0955700106187223
-3.38720440224518,0.0979029840924803
-3.36227826925961,0.100262433689299
-3.33735213627404,0.102643589442503
-3.31242600328846,0.10504160063552
-3.28749987030289,0.107451546457139
-3.26257373731732,0.109868446799917
-3.23764760433175,0.112287273173802
-3.21272147134618,0.114702959707103
-3.18779533836061,0.117110414207011
-3.16286920537504,0.119504529252064
-3.13794307238947,0.121880193289097
-3.1130169394039,0.124232301707497
-3.08809080641833,0.126555767863815
-3.06316467343275,0.128845534030156
-3.03823854044718,0.131096582240106
-3.01331240746161,0.133303945006377
-2.98838627447604,0.135462715884816
-2.96346014149047,0.137568059859911
-2.9385340085049,0.139615223527526
-2.91360787551933,0.141599545051143
-2.88868174253376,0.143516463868608
-2.86375560954819,0.145361530127067
-2.83882947656262,0.147130413824532
-2.81390334357704,0.148818913637399
-2.78897721059147,0.150422965414048
-2.7640510776059,0.15193865031569
-2.73912494462033,0.153362202586545
-2.71419881163476,0.154690016936569
-2.68927267864919,0.155918655521007
-2.66434654566362,0.157044854502278
-2.63942041267805,0.158065530180888
-2.61449427969248,0.158977784683369
-2.58956814670691,0.159778911196565
-2.56464201372134,0.160466398738949
-2.53971588073576,0.161037936461082
-2.51478974775019,0.161491417468743
-2.48986361476462,0.161824942163757
-2.46493748177905,0.162036821099005
-2.44001134879348,0.162125577345629
-2.41508521580791,0.162089948371936
-2.39015908282234,0.161928887435011
-2.36523294983677,0.16164156448755
-2.3403068168512,0.161227366603887
-2.31538068386563,0.16068589793065
-2.29045455088005,0.160016979168859
-2.26552841789448,0.159220646595699
-2.24060228490891,0.158297150635452
-2.21567615192334,0.157246953990368
-2.19075001893777,0.156070729343416
-2.1658238859522,0.154769356645983
-2.14089775296663,0.153343920004598
-2.11597161998106,0.151795704181719
-2.09104548699549,0.150126190726456
-2.06611935400992,0.148337053751875
-2.04119322102434,0.146430155376178
-2.01626708803877,0.144407540845607
-1.9913409550532,0.142271433357393
-1.96641482206763,0.140024228601409
-1.94148868908206,0.137668489039465
-1.91656255609649,0.135206937941303
-1.89163642311092,0.132642453196457
-1.86671029012535,0.129978060921071
-1.84178415713978,0.127216928878679
-1.81685802415421,0.124362359733722
-1.79193189116864,0.121417784156323
-1.76700575818306,0.118386753796479
-1.74207962519749,0.11527293414542
-1.71715349221192,0.112080097301411
-1.69222735922635,0.108812114656778
-1.66730122624078,0.10547294952236
-1.64237509325521,0.102066649705027
-1.61744896026964,0.0985973400532672
-1.59252282728407,0.0950692149852654
-1.5675966942985,0.0914865310132146
-1.54267056131293,0.0878535992770148
-1.51774442832735,0.084174778099867
-1.49281829534178,0.0804544655776695
-1.46789216235621,0.0766970922135423
-1.44296602937064,0.0729071136082304
-1.41803989638507,0.0690890032166192
-1.3931137633995,0.06524724518009
-1.36818763041393,0.0613863272439868
-1.34326149742836,0.0575107337690461
-1.31833536444279,0.0536249388452597
-1.29340923145722,0.0497333995163083
-1.26848309847164,0.0458405491224003
-1.24355696548607,0.0419507907691024
-1.2186308325005,0.0380684909295211
-1.19370469951493,0.0341979731870236
-1.16877856652936,0.0303435121255242
-1.14385243354379,0.0265093273742549
-1.11892630055822,0.0226995778138282
-1.09400016757265,0.0189183559503361
-1.06907403458708,0.0151696824641568
-1.04414790160151,0.0114575009400926
-1.01922176861594,0.00778567278541099
-0.994295635630364,0.00415797234230991
-0.969369502644793,0.000578082201266372
-0.944443369659222,-0.0029504112783388
-0.919517236673651,-0.00642402223402358
-0.89459110368808,-0.00983936934624435
-0.869664970702509,-0.0131931796586283
-0.844738837716938,-0.0164822921665181
-0.819812704731367,-0.0197036611681616
-0.794886571745796,-0.0228543593731156
-0.769960438760225,-0.0259315807627206
-0.745034305774654,-0.0289326431978262
-0.720108172789083,-0.0318549907693143
-0.695182039803512,-0.0346961958873788
-0.670255906817941,-0.0374539611059701
-0.64532977383237,-0.040126120679313
-0.620403640846799,-0.0427106418479353
-0.595477507861229,-0.0452056258522197
-0.570551374875658,-0.0476093086720998
-0.545625241890087,-0.0499200614921566
-0.520699108904516,-0.0521363908920421
-0.495772975918945,-0.0542569387628448
-0.470846842933374,-0.0562804819507223
-0.445920709947803,-0.0582059316298504
-0.420994576962232,-0.0600323324074712
-0.396068443976661,-0.0617588611645598
-0.37114231099109,-0.0633848256363701
-0.346216178005519,-0.0649096627378436
-0.321290045019948,-0.0663329366395982
-0.296363912034377,-0.0676543366009066
-0.271437779048806,-0.068873674566769
-0.246511646063235,-0.0699908825368444
-0.221585513077664,-0.0710060097146354
-0.196659380092093,-0.0719192194459301
-0.171733247106522,-0.0727307859560699
-0.146807114120951,-0.0734410908961476
-0.12188098113538,-0.0740506197087336
-0.0969548481498091,-0.0745599578241817
-0.0720287151642382,-0.0749697866989844
-0.0471025821786672,-0.075280879708016
-0.0221764491930962,-0.0754940979028414
0.00274968379247476,-0.0756103856485521
0.0276758167780457,-0.0756307661518546
0.0526019497636167,-0.0755563368933438
0.0775280827491877,-0.0753882649770792
0.102454215734759,-0.0751277824107266
0.12738034872033,-0.0747761813296419
0.152306481705901,-0.0743348091783606
0.177232614691472,-0.0738050638630168
0.202158747677043,-0.0731883888882499
0.227084880662614,-0.0724862684921748
0.252011013648185,-0.071700222792986
0.276937146633755,-0.0708318029607489
0.301863279619326,-0.0698825864278972
0.326789412604897,-0.0688541721519138
0.351715545590468,-0.0677481759436128
0.376641678576039,-0.0665662258743836
0.40156781156161,-0.0653099577756788
0.426493944547181,-0.063981010843955
0.451420077532752,-0.0625810233641812
0.476346210518323,-0.061111628564939
0.501272343503894,-0.0595744506180272
0.526198476489465,-0.0579711007953699
0.551124609475036,-0.0563031737958879
0.576050742460607,-0.0545722442548518
0.600976875446178,-0.0527798634480612
0.625903008431749,-0.0509275562029994
0.65082914141732,-0.0490168180288951
0.675755274402891,-0.0470491124773673
0.700681407388462,-0.0450258687450353
0.725607540374033,-0.0429484795291457
0.750533673359604,-0.0408182991468826
0.775459806345175,-0.038636641928595
0.800385939330746,-0.0364047808946798
0.825312072316317,-0.0341239467253048
0.850238205301888,-0.031795327031528
0.875164338287459,-0.029420065935673
0.90009047127303,-0.0269992639680434
0.925016604258601,-0.024533978286201
0.949942737244172,-0.0220252232220911
0.974868870229743,-0.0194739711612661
0.999795003215314,-0.0168811537573407
1.02472113620088,-0.0142476634835993
1.04964726918646,-0.0115743555223765
1.07457340217203,-0.00886204999143644
1.0994995351576,-0.00611153450509838
1.12442566814317,-0.00332356706628707
1.14935180112874,-0.000498879284037052
1.17427793411431,0.00236182009074569
1.19920406709988,0.00525784132026032
1.22413020008545,0.00818850953638227
1.24905633307102,0.0111531603116036
1.27398246605659,0.0141511349590775
1.29890859904217,0.0171817755785022
1.32383473202774,0.0202444198665998
1.34876086501331,0.0233383957129737
1.37368699799888,0.026463015604162
1.39861313098445,0.0296175708607047
1.42353926397002,0.032801325734028
1.44846539695559,0.0360135113918639
1.47339152994116,0.0392533198227906
1.49831766292673,0.0425198976922464
1.5232437959123,0.0458123401840464
1.54816992889787,0.0491296848629811
1.57309606188345,0.0524709055954934
1.59802219486902,0.0558349065666876
1.62294832785459,0.0592205164330147
1.64787446084016,0.0626264826508709
1.67280059382573,0.0660514660220431
1.6977267268113,0.0694940354974
1.72265285979687,0.0729526632804647
1.74757899278244,0.0764257202724847
1.77250512576801,0.0799114719003424
1.79743125875358,0.0834080743680894
1.82235739173916,0.086913571372067
1.84728352472473,0.0904258913184418
1.8722096577103,0.09394284508058
1.89713579069587,0.0974621243319606
1.92206192368144,0.100981300488325
1.94698805666701,0.104497824290438
1.97191418965258,0.108009026056254
1.99684032263815,0.111512116628346
2.02176645562372,0.115004189039349
2.04669258860929,0.118482220914657
2.07161872159487,0.121943077627965
2.09654485458044,0.125383516221308
2.12147098756601,0.128800190097056
2.14639712055158,0.132189654485025
2.17132325353715,0.135548372683281
2.19624938652272,0.138872723066562
2.22117551950829,0.142159006851428
2.24610165249386,0.145403456602356
2.27102778547943,0.148602245458018
2.295953918465,0.151751497052024
2.32088005145058,0.154847296097392
2.34580618443615,0.157885699599104
2.37073231742172,0.16086274865421
2.39565845040729,0.16377448079422
2.42058458339286,0.166616942819913
2.44551071637843,0.169386204074307
2.470436849364,0.172078370095343
2.49536298234957,0.174689596585927
2.52028911533514,0.177216103635376
2.54521524832071,0.179654190123026
2.57014138130628,0.182000248231864
2.59506751429186,0.18425077799751
2.61999364727743,0.186402401815849
2.644919780263,0.188451878830901
2.66984591324857,0.19039611912346
2.69477204623414,0.192232197620287
2.71969817921971,0.193957367643572
2.74462431220528,0.195569074020715
2.76955044519085,0.197064965675426
2.79447657817642,0.198442907622577
2.81940271116199,0.199700992291272
2.84432884414757,0.200837550103117
2.86925497713314,0.201851159235753
2.89418111011871,0.202740654505302
2.91910724310428,0.203505135305494
2.94403337608985,0.204143972545757
2.96895950907542,0.20465681453568
2.99388564206099,0.205043591768624
3.01881177504656,0.205304520563185
3.04373790803213,0.205440105527391
3.0686640410177,0.205451140817072
3.09359017400328,0.205338710166636
3.11851630698885,0.205104185677537
3.14344243997442,0.204749225356939
3.16836857295999,0.204275769406424
3.19329470594556,0.203686035268041
3.21822083893113,0.202982511442408
3.2431469719167,0.202167950101041
3.26807310490227,0.201245358522395
3.29299923788784,0.200217989388293
3.31792537087341,0.199089329984429
3.34285150385899,0.197863090355374
3.36777763684456,0.196543190470965
3.39270376983013,0.195133746467055
3.4176299028157,0.193639056029297
3.44255603580127,0.192063582993924
3.46748216878684,0.190411941244213
3.49240830177241,0.188688877985648
3.51733443475798,0.186899256486449
3.54226056774355,0.185048038373289
3.56718670072912,0.183140265574538
3.59211283371469,0.181181042005273
3.61703896670027,0.179175515089544
3.64196509968584,0.17712885721603
3.66689123267141,0.175046247223124
3.69181736565698,0.172932852008893
3.71674349864255,0.170793808359927
3.74166963162812,0.168634205091244
3.76659576461369,0.166459065586762
3.79152189759926,0.164273330826773
3.81644803058483,0.162081842985086
3.8413741635704,0.159889329674285
3.86630029655598,0.157700388912835
3.89122642954155,0.155519474882526
3.91615256252712,0.153350884539204
3.94107869551269,0.151198745133739
3.96600482849826,0.149067002693908
3.99093096148383,0.146959411511349
4.0158570944694,0.14487952467096
4.04078322745497,0.142830685653224
4.06570936044054,0.140816021032938
4.09063549342611,0.138838434290724
4.11556162641168,0.136900600746696
4.14048775939726,0.135004963618614
4.16541389238283,0.133153731200006
4.1903400253684,0.13134887514699
4.21526615835397,0.129592129856033
4.24019229133954,0.127884992908619
4.26511842432511,0.126228726552841
4.29004455731068,0.124624360186311
4.31497069029625,0.123072693799529
4.33989682328182,0.121574302334013
4.3648229562674,0.120129540905087
4.38974908925297,0.118738550835253
4.41467522223854,0.117401266440601
4.43960135522411,0.116117422509734
4.46452748820968,0.114886562412169
4.48945362119525,0.113708046771214
4.51437975418082,0.112581062634823
4.53930588716639,0.111504633076975
4.56423202015196,0.110477627161625
4.58915815313753,0.109498770201314
4.6140842861231,0.108566654242958
4.63901041910868,0.107679748714314
4.66393655209425,0.106836411165952
4.68886268507982,0.10603489804534
4.71378881806539,0.105273375441804
4.73871495105096,0.104549929743602
4.76364108403653,0.103862578151195
4.7885672170221,0.103209278993889
4.81349335000767,0.102587941800363
4.83841948299324,0.101996437077211
4.86334561597881,0.101432605753344
4.88827174896439,0.100894268252034
4.91319788194996,0.100379233156387
4.93812401493553,0.0998853054381418
4.9630501479211,0.0994102942238251
4.98797628090667,0.0989520200764726
5.01290241389224,0.098508321775248
5.03782854687781,0.0980770625794065
5.06275467986338,0.0976561359670625
5.08768081284895,0.0972434708431553
5.11260694583452,0.0968370362148016
5.13753307882009,0.0964348453358907
5.16245921180567,0.0960349593262754
5.18738534479124,0.0956354902742259
5.21231147777681,0.0952346038339532
5.23723761076238,0.0948305213329175
5.26216374374795,0.0944215214063568
5.28708987673352,0.0940059411789513
5.31201600971909,0.0935821770158009
5.33694214270466,0.0931486848669232
5.36186827569023,0.0927039802312717
5.3867944086758,0.0922466377678478
5.41172054166138,0.0917752905828004
5.43664667464695,0.0912886292225306
5.46157280763252,0.0907854004036859
5.48649894061809,0.0902644055116088
5.51142507360366,0.0897244988992474
5.53635120658923,0.0891645860187923
5.5612773395748,0.0885836214183537
5.58620347256037,0.0879806066358536
5.61112960554594,0.0873545880219914
5.63605573853151,0.0867046545236519
5.66098187151709,0.0860299354584604
5.68590800450266,0.0853295983103862
5.71083413748823,0.0846028465753291
5.7357602704738,0.0838489176845241
5.76068640345937,0.0830670810323658
5.78561253644494,0.0822566361338962
5.81053866943051,0.0814169109357188
5.83546480241608,0.0805472603025243
5.86039093540165,0.0796470646997079
5.88531706838722,0.0787157290907832
5.91024320137279,0.0777526820664087
5.93516933435837,0.0767573752198818
5.96009546734394,0.075729282781912
5.98502160032951,0.0746679015253713
6.00994773331508,0.0735727509485373
6.03487386630065,0.0724433737431125
6.05979999928622,0.0712793365510063
6.08472613227179,0.0700802310115431
6.10965226525736,0.0688456750983886
6.13457839824293,0.0675753147430909
6.1595045312285,0.0662688257397334
6.18443066421408,0.0649259159227677
6.20935679719965,0.0635463276076938
6.23428293018522,0.0621298402818548
6.25920906317079,0.0606762735302454
6.28413519615636,0.0591854901789118
6.30906132914193,0.0576573996362469
6.3339874621275,0.0560919614102874
6.35891359511307,0.0544891887780021
6.38383972809864,0.0528491525805494
6.40876586108421,0.05117198511658
6.43369199406979,0.0494578841038995
6.45861812705536,0.0477071166781881
6.48354426004093,0.0459200233960238
6.5084703930265,0.044097022208187
6.53339652601207,0.0422386123681536
6.55832265899764,0.0403453782398221
6.58324879198321,0.0384179929678916
6.60817492496878,0.0364572219739088
6.63310105795435,0.0344639262408688
6.65802719093993,0.0324390653493711
6.6829533239255,0.0303837002287313
6.70787945691107,0.0282989955871187
6.73280558989664,0.0261862219857565
6.75773172288221,0.0240467575234582
6.78265785586778,0.0218820890993256
6.80758398885335,0.0196938132232445
6.83251012183892,0.0174836363459362
6.85743625482449,0.0152533746827072
6.88236238781006,0.0130049535076951
6.90728852079563,0.0107404058983307
6.93221465378121,0.00846187091289166
6.95714078676678,0.00617159118741131
6.98206691975235,0.00387190994180146
7.00699305273792,0.00156526738882737
7.03191918572349,-0.000745803456486227
7.05684531870906,-0.00305868156535781
7.08177145169463,-0.00537066327582029
7.1066975846802,-0.00767896825525918
7.13162371766577,-0.00998074603050383
7.15654985065134,-0.0122730830667487
7.18147598363691,-0.0145530103722768
7.20640211662249,-0.0168175116017217
7.23132824960806,-0.0190635316264552
7.25625438259363,-0.0212879855366678
7.2811805155792,-0.0234877680358491
7.30610664856477,-0.0256597631847159
7.33103278155034,-0.0278008544482039
7.35595891453591,-0.0299079349959718
7.38088504752148,-0.0319779182039931
7.40581118050705,-0.0340077483022612
7.43073731349263,-0.0359944111114336
7.4556634464782,-0.0379349448094127
7.48058957946377,-0.0398264506674364
7.50551571244934,-0.0416661036942307
7.53044184543491,-0.0434511631261959
7.55536797842048,-0.0451789827014566
7.58029411140605,-0.046847020655909
7.60522024439162,-0.0484528493801697
7.63014637737719,-0.0499941646775466
7.65507251036276,-0.0514687945648273
7.67999864334833,-0.0528747075598051
7.7049247763339,-0.0542100204020175
7.72985090931948,-0.0554730051561539
7.75477704230505,-0.0566620956509731
7.77970317529062,-0.0577758932103383
7.80462930827619,-0.0588131716371023
7.82955544126176,-0.0597728814150264
7.85448157424733,-0.0606541530986695
7.8794077072329,-0.0614562998661969
7.90433384021847,-0.0621788192153015
7.92925997320404,-0.0628213937878574
7.95418610618961,-0.0633838913145059
7.97911223917519,-0.0638663636760559
8.00403837216076,-0.0642690450843286
8.02896450514633,-0.0645923493908376
8.0538906381319,-0.0648368665374411
8.07881677111747,-0.0650033581687658
8.10374290410304,-0.0650927524317648
8.12866903708861,-0.0651061379931666
8.15359517007418,-0.0650447573107787
8.17852130305975,-0.0649099991995651
8.20344743604532,-0.0647033907381119
8.22837356903089,-0.0644265885654566
8.25329970201647,-0.0640813696222922
8.27822583500204,-0.0636696213941909
8.30315196798761,-0.0631933317177467
8.32807810097318,-0.0626545782133315
8.35300423395875,-0.0620555174105252
8.37793036694432,-0.0613983736341657
8.40285649992989,-0.0606854277203657
8.42778263291546,-0.0599190056327584
8.45270876590103,-0.0591014670496418
8.4776348988866,-0.0582351939926066
8.50256103187218,-0.0573225795666396
8.52748716485775,-0.0563660168806172
8.55241329784332,-0.0553678882155372
8.57733943082889,-0.0543305545058033
8.60226556381446,-0.0532563451963932
8.62719169680003,-0.0521475485358171
8.6521178297856,-0.0510064023614566
8.67704396277117,-0.0498350854301567
8.70197009575675,-0.0486357093428962
8.72689622874232,-0.0474103111079739
8.75182236172789,-0.0461608463824954
8.77674849471346,-0.0448891834270262
8.80167462769903,-0.0435970978031594
8.8266007606846,-0.0422862678384497
8.85152689367017,-0.0409582708777453
8.87645302665574,-0.0396145803344197
8.90137915964131,-0.0382565635494556
8.92630529262688,-0.0368854804607377
8.95123142561245,-0.0355024830793788
8.97615755859803,-0.0341086157644181
9.0010836915836,-0.032704816281869
9.02600982456917,-0.0312919176288667
9.05093595755474,-0.0298706505986361
9.07586209054031,-0.0284416470571666
9.10078822352588,-0.0270054438979141
9.12571435651145,-0.0255624876365478
9.15064048949702,-0.0241131396037712
9.17556662248259,-0.0226576816905771
9.20049275546816,-0.0211963225969891
9.22541888845373,-0.019729204532397
9.25034502143931,-0.0182564103130355
9.27527115442488,-0.016777970799998
9.30019728741045,-0.015293872619428
9.32512342039602,-0.013804066105194
9.35004955338159,-0.0123084734034375
9.37497568636716,-0.010806996677891
9.39990181935273,-0.00929952635477893
9.4248279523383,-0.0077859493464493
9.44975408532387,-0.00626615719362739
9.47468021830944,-0.00474005406730162
9.49960635129501,-0.00320756457278061
9.52453248428059,-0.00166864130032421
9.54945861726616,-0.000123272068987226
9.57438475025173,0.00142851318713545
9.5993108832373,0.00298663593820685
9.62423701622287,0.00455096302829359
9.64916314920844,0.0061213011367494
9.67408928219401,0.00769739176909173
9.69901541517958,0.00927890681127438
9.72394154816515,0.0108654446772318
9.74886768115072,0.0124565270753887
9.7737938141363,0.0140515964155228
9.79871994712187,0.0156500138729699
9.82364608010744,0.0172510581226915
9.84857221309301,0.0188539247512239
9.87349834607858,0.0204577263500103
9.89842447906415,0.0220614932891253
9.92335061204972,0.0236641751659498
9.94827674503529,0.0252646429189784
9.97320287802086,0.0268616915926601
9.99812901100643,0.0284540437350173
10.023055143992,0.0300403534057769
10.0479812769776,0.0316192107689055
10.0729074099631,0.0331891472397831
10.0978335429487,0.0347486411538105
10.1227596759343,0.0362961239200233
10.1476858089199,0.0378299866203144
10.1726119419054,0.0393485870121472
10.197538074891,0.0408502568902031
10.2224642078766,0.0423333097602452
10.2473903408621,0.0437960487766121
10.2723164738477,0.0452367748931996
10.2972426068333,0.0466537951765266
10.3221687398189,0.0480454312285506
10.3470948728044,0.049410027666269
10.37202100579,0.0507459606048493
10.3969471387756,0.0520516460910397
10.4218732717611,0.0533255484339535
10.4467994047467,0.054566188380968
10.4717255377323,0.0557721510874349
10.4966516707179,0.0569420938301603
10.5215778037034,0.0580747534161724
10.546503936689,0.0591689532401234
10.5714300696746,0.060223609945795
10.5963562026601,0.0612377396495406
10.6212823356457,0.0622104636861217
10.6462084686313,0.0631410138402375
10.6711346016169,0.0640287370301162
10.6960607346024,0.0648730994127896
10.720986867588,0.0656736898841068
10.7459130005736,0.0664302229501386
10.7708391335591,0.0671425409503457
10.7957652665447,0.0678106156167258
10.8206913995303,0.0684345489570898
10.8456175325158,0.0690145734546091
10.8705436655014,0.0695510515798288
10.895469798487,0.0700444746153979
10.9203959314726,0.070495460797835
10.9453220644581,0.0709047527846732
10.9702481974437,0.0712732144593151
10.9951743304293,0.0716018270898284
11.0201004634148,0.071891684861718
11.0450265964004,0.0721439898083912
11.069952729386,0.0723600461665736
11.0948788623716,0.0725412541872927
11.1198049953571,0.0726891034362426
11.1447311283427,0.0728051656203066
11.1696572613283,0.072891086979772
11.1945833943138,0.0729485802882803
11.2195095272994,0.0729794165048086
11.244435660285,0.0729854161239573
11.2693617932706,0.0729684402725263
11.2942879262561,0.0729303816017645
11.3192140592417,0.0728731550257874
11.3441401922273,0.0727986883574627
11.3690663252128,0.0727089128935536
11.3939924581984,0.0726057540010883
11.418918591184,0.0724911217567994
11.4438447241696,0.0723669016910297
11.4687708571551,0.072234945686759
11.4936969901407,0.0720970630833621
11.5186231231263,0.0719550120333774
11.5435492561118,0.0718104911589423
11.5684753890974,0.071665131552687
11.593401522083,0.0715204891657281
11.6183276550685,0.0713780376230417
11.6432537880541,0.0712391615039
11.6681799210397,0.07110515012226
11.6931060540253,0.0709771918390144
11.7180321870108,0.0708563689348787
11.7429583199964,0.0707436530694006
11.767884452982,0.0706399013481868
11.7928105859675,0.070545853016937
11.8177367189531,0.0704621267973151
11.8426628519387,0.0703892188760573
11.8675889849243,0.0703275015550788
11.8925151179098,0.0702772225666801
11.9174412508954,0.0702385050543205
11.942367383881,0.0702113482158284
11.9672935168665,0.0701956286023777
11.9922196498521,0.0701911020630965
12.0171457828377,0.0701974063218158
12.0420719158233,0.0702140641692112
12.0669980488088,0.0702404872504754
12.0919241817944,0.0702759804256889
12.11685031478,0.0703197466772394
12.1417764477655,0.0703708925360035
12.1667025807511,0.0704284339955436
12.1916287137367,0.0704913028813049
12.2165548467223,0.0705583536397273
12.2414809797078,0.0706283705103247
12.2664071126934,0.0707000750421262
12.291333245679,0.0707721339144312
12.3162593786645,0.0708431670206007
12.3411855116501,0.0709117557725958
12.3661116446357,0.0709764515831686
12.3910377776212,0.0710357844820295
12.4159639106068,0.0710882718219304
12.4408900435924,0.0711324270304379
12.465816176578,0.0711667683631957
12.4907423095635,0.0711898276147052
12.5156684425491,0.0712001587430718
12.5405945755347,0.0711963463657661
12.5655207085202,0.0711770140842354
12.5904468415058,0.0711408325961548
12.6153729744914,0.0710865275552264
12.640299107477,0.0710128871397203
12.6652252404625,0.0709187692923778
12.6901513734481,0.0708031085958777
12.7150775064337,0.0706649227497826
12.7400036394192,0.0705033186167246
12.7649297724048,0.0703174978075688
12.7898559053904,0.0701067617773774
12.814782038376,0.0698705164062019
12.8397081713615,0.0696082760410402
12.8646343043471,0.0693196669776996
12.8895604373327,0.0690044303638078
12.9144865703182,0.0686624245068035
12.9394127033038,0.0682936265733948
12.9643388362894,0.0678981336697263
12.989264969275,0.0674761632942861
13.0141911022605,0.067028053158458
13.0391172352461,0.0665542603725322
13.0640433682317,0.0660553599979442
13.0889695012172,0.0655320429695034
13.1138956342028,0.0649851133943819
13.1388217671884,0.0644154852376648
13.1637479001739,0.0638241784072884
13.1886740331595,0.0632123142542147
13.2136001661451,0.0625811105066914
13.2385262991307,0.0619318756604057
13.2634524321162,0.0612660028492603
13.2883785651018,0.0605849632243519
13.3133046980874,0.0598902988715041
13.3382308310729,0.0591836153003897
13.3631569640585,0.0584665735408461
13.3880830970441,0.0577408818844283
13.4130092300297,0.0570082873115438
13.4379353630152,0.0562705666466492
13.4628614960008,0.0555295174859459
13.4877876289864,0.0547869489437763
13.5127137619719,0.0540446722654698
13.5376398949575,0.0533044913557112
13.5625660279431,0.0525681932725847
13.5874921609287,0.0518375387382627
13.6124182939142,0.0511142527178637
13.6373444268998,0.0504000151182687
13.6622705598854,0.0496964516586586
13.6871966928709,0.0490051249642075
13.7121228258565,0.0483275259337331
13.7370489588421,0.047665065431152
13.7619750918277,0.0470190663493266
13.7869012248132,0.0463907560933065
13.8118273577988,0.0457812595280781
13.8367534907844,0.0451915924337275
13.8616796237699,0.0446226555084261
13.8866057567555,0.0440752289568515
13.9115318897411,0.0435499676985839
13.9364580227266,0.0430473972276889
13.9613841557122,0.0425679101511174
13.9863102886978,0.0421117634297503
14.0112364216834,0.0416790763419183
14.0361625546689,0.0412698291850432
14.0610886876545,0.0408838627267249
14.0860148206401,0.0405208784121468
14.1109409536256,0.0401804393301432
14.1358670866112,0.0398619719356718
14.1607932195968,0.0395647685218249
14.1857193525824,0.0392879904299004
14.2106454855679,0.0390306719814968
14.2355716185535,0.0387917251121088
14.2604977515391,0.0385699446813339
14.2854238845246,0.0383640144305774
14.3103500175102,0.0381725135551026
14.3352761504958,0.0379939238534458
14.3602022834814,0.0378266374136313
14.3851284164669,0.0376689647923117
14.4100545494525,0.0375191436399444
14.4349806824381,0.0373753477224318
14.4599068154236,0.0372356962873076
14.4848329484092,0.0370982637205757
14.5097590813948,0.0369610894387139
14.5346852143804,0.0368221879591512
14.5596113473659,0.0366795590917284
14.5845374803515,0.0365311981932635
14.6094636133371,0.0363751064273621
14.6343897463226,0.0362093009720471
14.6593158793082,0.0360318251186145
14.6842420122938,0.0358407582063601
14.7091681452793,0.0356342253394324
14.7340942782649,0.03541040683406
14.7590204112505,0.0351675473467325
14.7839465442361,0.0349039646365832
14.8088726772216,0.0346180579181892
14.8337988102072,0.0343083157642504
14.8587249431928,0.0339733235211036
14.8836510761783,0.0336117702037336
14.9085772091639,0.0332224548408388
14.9335033421495,0.0328042922445433
14.9584294751351,0.0323563181834984
14.9833556081206,0.031877693942346
15.0082817411062,0.0313677102547736
15.0332078740918,0.0308257906016612
15.0581340070773,0.0302514938700511
15.0830601400629,0.0296445163728283
15.1079862730485,0.0290046932330592
15.1329124060341,0.0283319991408534
15.1578385390196,0.0276265484943603
15.1827646720052,0.0268885949400661
15.2076908049908,0.0261185303308814
15.2326169379763,0.0253168831235857
15.2575430709619,0.0244843162400043
15.2824692039475,0.0236216244188058
15.3073953369331,0.0227297310870267
15.3323214699186,0.0218096847823224
15.3572476029042,0.020862655158519
15.3821737358898,0.0198899286082807
15.4070998688753,0.0188929035376201
15.4320260018609,0.0178730853275575
15.4569521348465,0.0168320810184912
15.481878267832,0.0157715937527813
15.5068044008176,0.0146934170106776
15.5317305338032,0.0135994286740702
15.5566566667888,0.0124915849516005
15.5815827997743,0.0113719141974886
15.6065089327599,0.0102425106550075
15.6314350657455,0.00910552815390646
15.656361198731,0.00796317378926614
15.6812873317166,0.0068177016073018
15.7062134647022,0.00567140632152513
15.7311395976878,0.00452661708047508
15.7560657306733,0.00338569130595605
15.7809918636589,0.00225100861840553
15.8059179966445,0.00112496486368967
15.83084412963,9.96625331012302e-06
15.8557702626156,-0.00109157637225617
15.8806963956012,-0.0021772531495633
15.9056225285868,-0.0032446606621237
15.9305486615723,-0.00429140727081644
15.9554747945579,-0.00531511830317054
15.9804009275435,-0.00631344110160306
16.005327060529,-0.00728404993218601
16.0302531935146,-0.00822465075683135
16.0551793265002,-0.00913298587288472
16.0801054594858,-0.0100068384250123
16.1050315924713,-0.0108440367949353
16.1299577254569,-0.011642458875021
16.1548838584425,-0.0124000362319597
16.179809991428,-0.013114758166766
16.2047361244136,-0.0137846756771339
16.2296622573992,-0.0144079053277531
16.2545883903847,-0.014982633033586
16.2795145233703,-0.015507117760302
16.3044406563559,-0.0159796951451012
16.3293667893415,-0.0163987810400468
16.354292922327,-0.0167628749787721
16.3792190553126,-0.0170705635660797
16.4041451882982,-0.0173205237884981
16.4290713212837,-0.0175115262423615
16.4539974542693,-0.0176424382744306
16.4789235872549,-0.017712227028514
16.5038497202405,-0.0177199623900043
16.528775853226,-0.0176648198187331
16.5537019862116,-0.0175460830591065
16.5786281191972,-0.0173631467151196
16.6035542521827,-0.0171155186766028
16.6284803851683,-0.0168028223819363
16.6533923889579,-0.0164658159211304
16.6783258797368,-0.0161455245300192
16.7032593099061,-0.0158419476977791
16.7281924084507,-0.0155552161521956
16.7531249040473,-0.0152855930991696
16.7780565249404,-0.0150334751706306
16.8029869988193,-0.0147993930934106
16.8279160526936,-0.014584012062232
16.8528434127676,-0.014388131800717
16.8777688043149,-0.0142126862953156
16.9026919515505,-0.0140587431882727
16.9276125775032,-0.0139275028172
16.9525304038853,-0.013820296890478
16.9774451509617,-0.0137385867895772
17.0023565374169,-0.0136839614914301
17.0272642802207,-0.013658135106202
17.0521680944911,-0.0136629440281638
17.0770676933561,-0.0137003436998611
17.1019627878125,-0.0137724049923461
17.1268530865826,-0.0138813102069066
17.1517382959681,-0.0140293487064226
17.1766181197014,-0.0142189121872065
17.2014922587941,-0.0144524896048896
17.2263604113817,-0.014732661770599
17.2512222725655,-0.0150620956362585
17.2760775342509,-0.0154435382903677
17.3009258849818,-0.0158798106879769
17.325767009771,-0.0163738011408214
17.3506005899265,-0.0169284585956055
17.375426302873,-0.0175467857302918
17.4002438219697,-0.018231831899859
17.4250528163218,-0.0189866859643701
17.4498529505875,-0.0198144690333047
17.4746438847802,-0.0207183271609439
17.4994252740632,-0.0217014240281412
17.52419676854,-0.0227669336460586
17.5489580130371,-0.0239180331173798
17.5737086468811,-0.0251578954901678
17.5984483036673,-0.0264896827388354
17.6231766110224,-0.0279165389057421
17.6478931903582,-0.0294415834356573
17.6725976566179,-0.0310679047337701
17.6972896180133,-0.0327985539761169
17.721968675753,-0.034636539199214
17.7466344237611,-0.0365848196933786
17.7712864483861,-0.0386463007217061
17.7959243280991,-0.0408238285839727
17.8205476331805,-0.0431201860418712
17.8451559253962,-0.0455380881190005
17.8697487576601,-0.0480801782859583
17.894325673685,-0.050749025037725
17.9188862076196,-0.0535471188673599
17.9434298836709,-0.0564768696368486
17.9679562157119,-0.059540604342802
17.9924647068739,-0.0627405652716355
18.0169548491221,-0.0660789085358909
18.0414261228133,-0.0695577029805197
18.0658779962357,-0.0731789294452893
18.09030992513,-0.0769444803669893
18.1147213521886,-0.0808561597028508
18.1391117065352,-0.0849156831546015
18.1634804031807,-0.0891246786708118
18.1878268424554,-0.0934846872037423
18.212150409417,-0.0979971636957377
18.2364504732308,-0.102663478269374
18.2607263865238,-0.107484917595039
18.2849774847075,-0.112462686409436
18.3092030852711,-0.117597909158641
18.3334024870415,-0.122891631739806
18.3575749694082,-0.128344823316382
18.3817197915123,-0.13395837818286
18.4058361913969,-0.139733117656403
18.4299233851159,-0.145669791974443
18.4539805658004,-0.151769082179272
18.478006902679,-0.158031601972844
18.5020015400498,-0.164457899527411
18.5259635962013,-0.171048459240228
18.5498921622789,-0.177803703423312
18.5737863010943,-0.184723993922137
18.5976450458734,-0.191809633660108
18.6214673989406,-0.19906086810872
18.6452523303336,-0.206477886686342
18.6689987763463,-0.214060824091644
18.6927056379947,-0.221809761580651
18.7163717794002,-0.229724728199342
18.7399960260868,-0.237805701986494
18.7635771631858,-0.246052611164108
18.7871139335419,-0.254465335335189
18.8106050357158,-0.263043706710885
18.8340491218749,-0.271787511390966
18.8574447955668,-0.280696490723303
18.8807906093664,-0.289770342769411
18.9040850623902,-0.299008723904175
18.9273265976671,-0.308411250578613
18.9505135993581,-0.317977501274854
18.9736443898145,-0.327707018682521
18.9967172264631,-0.337599312125276
19.0197302985082,-0.347653860265491
19.0426817234378,-0.357870114113783
19.0655695433205,-0.368247500368566
19.0883917208797,-0.378785425108724
19.1111461353298,-0.389483277860124
19.1338305779591,-0.400340436053826
19.1564427474416,-0.411356269890704
19.1789802448595,-0.422530147623523
19.2014405684181,-0.433861441263614
19.2238211078309,-0.445349532714925
19.2461191383538,-0.456993820333513
19.2683318144446,-0.468793725905546
19.2904561630232,-0.480748702031444
19.312489076305,-0.492858239898093
19.3344273041815,-0.505121877414969
19.3562674461164,-0.517539207683635
19.3780059425268,-0.53010988776327
19.3996390656182,-0.542833647687818
19.4211629096362,-0.555710299682825
19.4425733805019,-0.568739747522154
19.4638661847931,-0.581921995956435
19.4850368180322,-0.595257160136323
19.5060805522444,-0.60874547494433
19.526992422745,-0.622387304139092
19.5477672141168,-0.636183149205426
19.5683994453414,-0.6501336577923
19.5888833540438,-0.664239631608792
19.6092128798201,-0.678502033635233
19.6293816466146,-0.69292199449286
19.6493829441236,-0.707500817800395
19.6692097082062,-0.722239984329916
19.6888545002962,-0.737141154757207
19.7083094858185,-0.75220617078331
19.7275664116308,-0.767437054384348
19.7466165825317,-0.78283600492593
19.765450836901,-0.798405393856621
19.7840595215681,-0.814147756672454
19.8024324660432,-0.830065781821573
19.8205589562887,-0.846162296195486
19.8384277082663,-0.862440246831883
19.8560268415529,-0.878902678434667
19.8733438534014,-0.895552706301259
19.8903655937018,-0.912393484237325
19.9070782414057,-0.929428167037303
19.9234672830849,-0.946659867118459
19.9395174944291,-0.96409160492052
19.9552129256232,-0.981726252726467
19.970536891699,-0.99956647162803
19.9854719691178,-1.01761464145736
20,-1.03587278364062
