-20,-1.2536724584587
-19.9854194969747,-1.23534098839388
-19.9704430874819,-1.21731301923931
-19.955091081721,-1.19958263499745
-19.9393827104433,-1.18214346871346
-19.9233361551628,-1.16498880407476
-19.9069685846836,-1.14811166579033
-19.8902961960258,-1.13150489961252
-19.8733342581832,-1.11516124289756
-19.8560971574504,-1.09907338659265
-19.8385984433246,-1.08323402950211
-19.8208508742041,-1.06763592563089
-19.8028664622937,-1.05227192533972
-19.7846565172795,-1.03713501097698
-19.7662316884559,-1.02221832758269
-19.7476020050923,-1.00751520919214
-19.7287769149008,-0.993019201202784
-19.7097653205325,-0.978724079209318
-19.6905756140751,-0.964623864658065
-19.6712157095637,-0.950712837624636
-19.6516930735406,-0.936985546976648
-19.6320147537246,-0.923436818146942
-19.6121874058589,-0.910061758711484
-19.5922173188203,-0.89685576193953
-19.5721104380762,-0.883814508461422
-19.5518723875783,-0.870933966180975
-19.5315084901837,-0.858210388544475
-19.5110237866933,-0.84564031126638
-19.4904230535928,-0.833220547602562
-19.4697108195835,-0.820948182254904
-19.4488913809808,-0.808820563986076
-19.4279688160594,-0.796835297019924
-19.4069469984164,-0.784990231300945
-19.3858296094226,-0.773283451685505
-19.3646201498244,-0.761713266137541
-19.3433219505591,-0.750278193002356
-19.3219381828372,-0.738976947433459
-19.3004718675471,-0.727808427049247
-19.278925884028,-0.716771696898297
-19.2573029782596,-0.70586597381427
-19.2356057705081,-0.695090610243563
-19.2138367624688,-0.684445077631008
-19.191998343942,-0.673928949450806
-19.1700927990743,-0.663541883971653
-19.1481223121972,-0.653283606846388
-19.1260889732922,-0.643153893617556
-19.1039947831075,-0.633152552230956
-19.0818416579526,-0.623279405649443
-19.0596314341916,-0.613534274659036
-19.0373658724584,-0.60391696095864
-19.0150466616113,-0.594427230623488
-18.9926754224459,-0.58506479803068
-18.970253711183,-0.575829310332953
-18.9477830227466,-0.566720332564096
-18.9252647938464,-0.557737333456199
-18.9027004058778,-0.548879672045206
-18.8800911876519,-0.540146585137113
-18.8574384179668,-0.531537175702517
-18.8347433280303,-0.523050402262271
-18.8120071037447,-0.514685069321561
-18.7892308878613,-0.506439818904056
-18.7664157820142,-0.498313123231717
-18.7435628486407,-0.490303278589571
-18.7206731127958,-0.482408400408221
-18.6977475638668,-0.47462641959016
-18.6747871571953,-0.466955080099092
-18.6517928156117,-0.459391937824521
-18.6287654308874,-0.451934360726848
-18.605705865111,-0.444579530261192
-18.5826149519912,-0.437324444071168
-18.559493498093,-0.430165919936941
-18.5363422840093,-0.423100600955065
-18.5131620654731,-0.416124961920981
-18.489953574413,-0.409235316878631
-18.4667175199557,-0.402427827795389
-18.4434545893792,-0.395698514314622
-18.4201654490172,-0.389043264532555
-18.3968507451213,-0.382457846740798
-18.3735111046798,-0.375937922071005
-18.3501471361977,-0.369479057973559
-18.326759430439,-0.3630767424581
-18.3033485611346,-0.356726399019993
-18.2799150856561,-0.350423402173607
-18.2564595456586,-0.344163093510529
-18.2329824676943,-0.337940798198528
-18.2094843637968,-0.331751841835274
-18.1859657320403,-0.32559156756954
-18.1624270570723,-0.319455353401742
-18.1388688106236,-0.313338629575389
-18.1152914519952,-0.30723689597115
-18.0916954285236,-0.301145739415872
-18.0680811760265,-0.29506085082002
-18.0444491192287,-0.288978042058532
-18.0207996721701,-0.28289326251214
-17.9971332385963,-0.276802615188579
-17.9734502123326,-0.270702372345996
-17.9497509776427,-0.264588990544046
-17.9260359095724,-0.258459125051774
-17.9023053742792,-0.252309643545258
-17.8785597293488,-0.246137639032238
-17.8547993240979,-0.239940441945424
-17.8310244998667,-0.233715631350938
-17.8072355902976,-0.227461045223288
-17.7834329216049,-0.221174789743429
-17.759616812833,-0.214855247581768
-17.7357875761047,-0.208501085133382
-17.7119455168603,-0.202111258678229
-17.6880909340876,-0.195685019444714
-17.6642241205433,-0.18922191756055
-17.6403453629659,-0.182721804880436
-17.6164549422811,-0.176184836685642
-17.5925531337998,-0.169611472256036
-17.5686402074083,-0.163002474320503
-17.5447164277526,-0.156358907396932
-17.5207820544158,-0.149682135038058
-17.4968373420888,-0.142973816004368
-17.4728825407361,-0.136235899389998
-17.4489178957549,-0.129470618732039
-17.4249436481297,-0.12268048513792
-17.400960034581,-0.115868279469519
-17.3769672877097,-0.109037043626359
-17.3529656361359,-0.102190070973658
-17.3289553046346,-0.0953308959640897
-17.3049365142653,-0.0884632830049186
-17.2809094824991,-0.0815912146246042
-17.256874423341,-0.074718878995121
-17.2328315474486,-0.0678506568680152
-17.2087810622469,-0.0609911079836821
-17.1847231720406,-0.0541449570144622
-17.1606580781219,-0.0473170791029433
-17.1365859788762,-0.0405124850573053
-17.1125070698837,-0.0337363062656861
-17.0884215440195,-0.0269937793913588
-17.0643295915495,-0.0202902309100313
-17.0402314002248,-0.0136310615498054
-17.0161271553729,-0.00702173069327179
-16.9920170399869,-0.000467740799908779
-16.967901234812,0.00602537809461925
-16.9437799184302,0.0124520837474551
-16.9196532673431,0.0188068368930414
-16.8955214560515,0.025084116192508
-16.8713846571349,0.0312784328997352
-16.8472430413275,0.0373843451983909
-16.8230967775937,0.0433964721669059
-16.7989460332012,0.0493095073311172
-16.7747909737928,0.0551182317671826
-16.7506317634567,0.0608175267202961
-16.7264685647954,0.066402385707723
-16.7023015389935,0.0718679260776995
-16.6781308458832,0.0772093999987596
-16.6539566440101,0.0824222048570915
-16.6297790906968,0.0875018930425154
-16.6055983421054,0.0924441811066502
-16.5814145533,0.0972449582797338
-16.5572278783066,0.101900294335405
-16.5330384701739,0.106406446795508
-16.5088464810318,0.110759867469649
-16.4846520621499,0.114957208326778
-16.460455363995,0.118995326698518
-16.4362565362881,0.122871289816293
-16.4120557280604,0.12658237868648
-16.3878530877091,0.130126091309875
-16.3636487630526,0.133500145253713
-16.3394429013849,0.136702479586199
-16.3152356495303,0.13973125618524
-16.2910271538965,0.142584860434482
-16.266817560529,0.145261901321196
-16.2426070151636,0.147761210951732
-16.2183956632796,0.150081843501393
-16.1941836501528,0.152223073616533
-16.1699711209079,0.154184394287543
-16.1457252964299,0.155995143203719
-16.1214794719519,0.157684874999307
-16.0972336474739,0.159253730307704
-16.0729878229958,0.160702059805611
-16.0487419985178,0.162030419748931
-16.0244961740398,0.163239567105384
-16.0002503495618,0.164330454305599
-15.9760045250838,0.165304223634573
-15.9517587006057,0.166162201285469
-15.9275128761277,0.166905891097752
-15.9032670516497,0.167536968001631
-15.8790212271717,0.16805727119077
-15.8547754026937,0.168468797045113
-15.8305295782156,0.168773691825621
-15.8062837537376,0.16897424416257
-15.7820379292596,0.169072877358975
-15.7577921047816,0.169072141530551
-15.7335462803036,0.168974705603497
-15.7093004558256,0.168783349191275
-15.6850546313475,0.168500954371362
-15.6608088068695,0.168130497382898
-15.6365629823915,0.167675040265926
-15.6123171579135,0.167137722462838
-15.5880713334355,0.166521752402479
-15.5638255089574,0.165830399087189
-15.5395796844794,0.165066983702927
-15.5153338600014,0.164234871272441
-15.4910880355234,0.163337462371236
-15.4668422110454,0.162378184925909
-15.4425963865674,0.161360486114173
-15.4183505620893,0.160287824385602
-15.3941047376113,0.159163661621868
-15.3698589131333,0.157991455454853
-15.3456130886553,0.156774651760662
-15.3213672641773,0.155516677347109
-15.2971214396992,0.154220932851755
-15.2728756152212,0.152890785867021
-15.2486297907432,0.151529564308292
-15.2243839662652,0.150140550040239
-15.2001381417872,0.14872697277582
-15.1758923173091,0.14729200426163
-15.1516464928311,0.145838752762339
-15.1274006683531,0.144370257856005
-15.1031548438751,0.142889485551008
-15.0789090193971,0.141399323734223
-15.054663194919,0.139902577958874
-15.030417370441,0.138401967579255
-15.006171545963,0.136900122238181
-14.981925721485,0.135399578711668
-14.957679897007,0.133902778113893
-14.933434072529,0.132412063464026
-14.9091882480509,0.130929677614999
-14.8849424235729,0.129457761542722
-14.8606965990949,0.127998352992698
-14.8364507746169,0.126553385479404
-14.8122049501389,0.125124687632185
-14.7879591256608,0.123713982879883
-14.7637133011828,0.122322889464806
-14.7394674767048,0.120952920775137
-14.7152216522268,0.119605485983391
-14.6909758277488,0.118281890977083
-14.6667300032708,0.116983339566393
-14.6424841787927,0.115710934952336
-14.6182383543147,0.114465681437708
-14.5939925298367,0.113248486362003
-14.5697467053587,0.112060162240459
-14.5455008808807,0.110901429086551
-14.5212550564026,0.109772916896447
-14.4970092319246,0.108675168273393
-14.4727634074466,0.107608641169444
-14.4485175829686,0.106573711721713
-14.4242717584906,0.105570677160095
-14.4000259340125,0.10459975876343
-14.3757801095345,0.10366110484126
-14.3515342850565,0.102754793718597
-14.3272884605785,0.10188083670167
-14.3030426361005,0.101039181003232
-14.2787968116224,0.100229712606817
-14.2545509871444,0.0994522590503446
-14.2303051626664,0.098706592110528
-14.2060593381884,0.0979924303708569
-14.1818135137104,0.0973094416572933
-14.1575676892324,0.0966572453273475
-14.1333218647543,0.0960354143998448
-14.1090760402763,0.0954434775144244
-14.0848302157983,0.0948809207116483
-14.0605843913203,0.0943471890264977
-14.0363385668423,0.0938416878900014
-14.0120927423642,0.0933637843357528
-13.9878469178862,0.0929128080101036
-13.9636010934082,0.0924880519868807
-13.9393552689302,0.0920887733895109
-13.9151094444522,0.091714193825465
-13.8908636199741,0.091363499639915
-13.8666177954961,0.0910358419974266
-13.8423719710181,0.0907303368023624
-13.8181261465401,0.0904460644704419
-13.7938803220621,0.0901820695655632
-13.7696344975841,0.0899373603175395
-13.745388673106,0.0897109080378148
-13.721142848628,0.0895016464514959
-13.69689702415,0.089308470965146
-13.672651199672,0.0891302378907433
-13.648405375194,0.0889657636469745
-13.6241595507159,0.0888138239596384
-13.5999137262379,0.0886731530833384
-13.5756679017599,0.0885424430668683
-13.5514220772819,0.0884203430847263
-13.5271762528039,0.0883054588570316
-13.5029304283258,0.0881963521797685
-13.4786846038478,0.0880915405867492
-13.4544387793698,0.0879894971639676
-13.4301929548918,0.0878886505361264
-13.4059471304138,0.0877873850440613
-13.3817013059358,0.0876840411305702
-13.3574554814577,0.0875769159507954
-13.3332096569797,0.0874642642218086
-13.3089638325017,0.0873442993244345
-13.2847180080237,0.0872151946686238
-13.2604721835457,0.0870750853318722
-13.2362263590676,0.0869220699782911
-13.2119805345896,0.0867542130639863
-13.1877347101116,0.0865695473324054
-13.1634888856336,0.0863660766012989
-13.1392430611556,0.0861417788409064
-13.1149972366775,0.0858946095409611
-13.0907514121995,0.085622505362106
-13.0665055877215,0.0853233880653539
-13.0422597632435,0.0849951687113223
-13.0180139387655,0.0846357521191331
-12.9937681142875,0.0842430415731141
-12.9695222898094,0.0838149437637803
-12.9452764653314,0.0833493739480132
-12.9210306408534,0.0828442613119197
-12.8967848163754,0.0822975545185347
-12.8725389918974,0.0817072274213427
-12.8482931674193,0.0810712849235485
-12.8240473429413,0.0803877689621141
-12.7998015184633,0.0796547645948149
-12.7755556939853,0.0788704061679468
-12.7513098695073,0.0780328835418384
-12.7270640450292,0.0771404483509879
-12.7028182205512,0.0761914202754484
-12.6785723960732,0.0751841933000297
-12.6543265715952,0.074117241937948
-12.6300807471172,0.0729891273957578
-12.6058349226392,0.0717985036567016
-12.5815890981611,0.070544123460038
-12.5573432736831,0.0692248441544203
-12.5330974492051,0.0678396334040071
-12.5088516247271,0.0663875747266703
-12.4846058002491,0.0648678728444204
-12.460359975771,0.0632798588269843
-12.436114151293,0.0616229950103309
-12.411868326815,0.0598968796728439
-12.387622502337,0.0581012514527675
-12.363376677859,0.0562359934915043
-12.3391308533809,0.0543011372883015
-12.3148850289029,0.0522968662528281
-12.2906392044249,0.0502235189431003
-12.2663933799469,0.048081591977166
-12.2421475554689,0.0458717426078833
-12.2179017309909,0.0435947909510447
-12.1936559065128,0.0412517218579803
-12.1694100820348,0.0388436864246319
-12.1451642575568,0.0363720031299234
-12.1209184330788,0.0338381585970499
-12.0966726086008,0.0312438079720817
-12.0724267841227,0.0285907749150287
-12.0481809596447,0.0258810511992255
-12.0239351351667,0.0231167959156049
-11.9996893106887,0.0203003342791057
-11.9754434862107,0.0174341560351318
-11.9511976617326,0.0145209134646441
-11.9269518372546,0.0115634189871273
-11.9027060127766,0.00856464236133406
-11.8784601882986,0.00552770748438926
-11.8542143638206,0.00245588879052233
-11.8299685393426,-0.000647392748592712
-11.8057227148645,-0.00377857401917163
-11.7814768903865,-0.00693395455284093
-11.7572310659085,-0.0101097017020525
-11.7329852414305,-0.0133018561982527
-11.7087394169525,-0.0165063380867736
-11.6844935924744,-0.0197189530314824
-11.6602477679964,-0.0229353989812373
-11.6360019435184,-0.0261512731891679
-11.6117561190404,-0.029362079574721
-11.5875102945624,-0.0325632364172876
-11.5632644700843,-0.035750084369059
-11.5390186456063,-0.0389178947735598
-11.5147728211283,-0.0420618782750629
-11.4905269966503,-0.0451771937028328
-11.4662811721723,-0.0482589572128562
-11.4420353476943,-0.0513022516684279
-11.4177895232162,-0.0543021362396633
-11.3935436987382,-0.0572536562007242
-11.3692978742602,-0.0601518529022799
-11.3450520497822,-0.0629917738954865
-11.3208062253042,-0.0657684831825859
-11.2965604008261,-0.0684770715680816
-11.2723145763481,-0.0711126670833945
-11.2480687518701,-0.0736704454569075
-11.2238229273921,-0.0761456406004294
-11.1995771029141,-0.0785335550823166
-11.175331278436,-0.0808295705568328
-11.151085453958,-0.0830291581187893
-11.12683962948,-0.0851278885521125
-11.102593805002,-0.0871214424407404
-11.078347980524,-0.0890056201101597
-11.0541021560459,-0.0907763513679708
-11.0298563315679,-0.0924297050121138
-11.0056105070899,-0.0939618980758088
-10.9813646826119,-0.0953693047788613
-10.9571188581339,-0.0966484651557588
-10.9328730336559,-0.0977960933319375
-10.9086272091778,-0.0988090854207293
-10.8843813846998,-0.099684527014795
-10.8601355602218,-0.10041970024732
-10.8358897357438,-0.101012090399867
-10.8116439112658,-0.101459392035562
-10.7873980867877,-0.101759514638179
-10.7631522623097,-0.101910587739758
-10.7389064378317,-0.1019109655215
-10.7146606133537,-0.101759230874961
-10.6904147888757,-0.10145419891287
-10.6661689643976,-0.10099491992128
-10.6419231399196,-0.100380681747226
-10.6176773154416,-0.0996110116184772
-10.5934314909636,-0.0986856773944769
-10.5691856664856,-0.0976046882499869
-10.5449398420076,-0.096368294795396
-10.5206940175295,-0.0949769886400086
-10.4964481930515,-0.0934315014069339
-10.4722023685735,-0.0917328032104043
-10.4479565440955,-0.0898821006084535
-10.4237107196175,-0.087880834045865
-10.3994648951394,-0.0857306748041393
-10.3752190706614,-0.0834335214769108
-10.3509732461834,-0.0809914959907684
-10.3267274217054,-0.0784069391927659
-10.3024815972274,-0.0756824060270666
-10.2782357727493,-0.0728206603241158
-10.2539899482713,-0.0698246692264962
-10.2297441237933,-0.0666975972761651
-10.2054982993153,-0.0634428001881198
-10.1812524748373,-0.0600638183356747
-10.1570066503593,-0.0565643699724668
-10.1327608258812,-0.0529483442160466
-10.1085150014032,-0.0492197938174552
-10.0842691769252,-0.0453829277405519
-10.0600233524472,-0.0414421035740525
-10.0357775279692,-0.0374018197982696
-10.0115317034911,-0.0332667079274399
-9.98728587901312,-0.0290415245472836
-9.9630400545351,-0.0247311432660961
-9.93879423005709,-0.0203405465962303
-9.91454840557907,-0.015874817781317
-9.89030258110105,-0.0113391325830057
-9.86605675662303,-0.00673875103941515
-9.84181093214501,-0.00207900920587516
-9.81756510766699,0.00263468911305005
-9.79331928318897,0.00739688063282901
-9.76907345871095,0.0122020508535987
-9.74482763423294,0.0170446423156805
-9.72058180975492,0.0219190628428295
-9.6963359852769,0.0268196937712952
-9.67209016079888,0.0317408981638757
-9.64784433632086,0.0366770290090992
-9.62359851184284,0.0416224374064656
-9.59935268736482,0.0465714807393063
-9.57510686288681,0.0515185308372674
-9.55086103840878,0.0564579821306785
-9.52661521393077,0.0613842597991309
-9.50236938945275,0.066291827916456
-9.47812356497473,0.0711751975939598
-9.45387774049671,0.0760289351232363
-9.42963191601869,0.08084767011916
-9.40538609154067,0.0856261036627396
-9.38114026706265,0.0903590164424249
-9.35689444258463,0.0950412768911979
-9.33264861810662,0.099667849315357
-9.3084027936286,0.104233802009352
-9.28415696915058,0.108734315349344
-9.25991114467256,0.113164689856367
-9.23566532019454,0.117520354218134
-9.21141949571652,0.121796873256546
-9.1871736712385,0.125989955826042
-9.16292784676048,0.130095462625918
-9.13868202228246,0.134109413907766
-9.11443619780445,0.138027997057262
-9.09019037332643,0.141847574027643
-9.06594454884841,0.145564688600423
-9.04169872437039,0.149176073447214
-9.01745289989237,0.152678656965001
-8.99320707541435,0.156069569855787
-8.96896125093634,0.159346151420389
-8.94471542645832,0.162505955535106
-8.9204696019803,0.165546756279256
-8.89622377750228,0.168466553181017
-8.87197795302426,0.171263576048747
-8.84773212854624,0.173936289354953
-8.82348630406822,0.17648339614034
-8.7992404795902,0.178903841405959
-8.77499465511218,0.181196814962327
-8.75074883063417,0.183361753705528
-8.72650300615615,0.185398343291805
-8.70225718167813,0.187306519183871
-8.67801135720011,0.18908646704422
-8.65376553272209,0.190738622453044
-8.62951970824407,0.192263669930961
-8.60527388376605,0.193662541249586
-8.58102805928803,0.194936413016085
-8.55678223481002,0.196086703521134
-8.532536410332,0.197115068843225
-8.50829058585398,0.198023398205911
-8.48404476137596,0.198813808588409
-8.45979893689794,0.199488638593914
-8.43555311241992,0.200050441583989
-8.4113072879419,0.200501978091476
-8.38706146346388,0.200846207528485
-8.36281563898586,0.201086279210084
-8.33856981450785,0.201225522718407
-8.31432399002983,0.201267437635822
-8.29007816555181,0.201215682679719
-8.26583234107379,0.201074064275188
-8.24158651659577,0.200846524605399
-8.21734069211775,0.20053712918289
-8.19309486763973,0.200150053988069
-8.16884904316171,0.19968957222411
-8.1446032186837,0.199160040740011
-8.12035739420568,0.19856588617587
-8.09611156972766,0.197911590886363
-8.07186574524964,0.197201678700045
-8.04761992077162,0.196440700573328
-8.0233740962936,0.195633220198867
-7.99912827181558,0.194783799628587
-7.97488244733756,0.193896984971709
-7.95063662285955,0.192977292227822
-7.92639079838153,0.192029193314437
-7.90214497390351,0.191057102347369
-7.87789914942549,0.190065362230915
-7.85365332494747,0.189058231612988
-7.82940750046945,0.188039872258261
-7.80516167599143,0.187014336889911
-7.78091585151341,0.185985557547776
-7.7566700270354,0.184957334507706
-7.73242420255738,0.183933325803546
-7.70817837807936,0.182917037389649
-7.68393255360134,0.181911813978072
-7.65968672912332,0.180920830580649
-7.6354409046453,0.179947084782088
-7.61119508016728,0.178993389766054
-7.58694925568926,0.178062368111925
-7.56270343121124,0.177156446375651
-7.53845760673323,0.176277850463815
-7.51421178225521,0.175428601805747
-7.48996595777719,0.174610514324327
-7.46572013329917,0.173825192202013
-7.44147430882115,0.173074028434634
-7.41722848434313,0.172358204161686
-7.39298265986511,0.171678688758196
-7.36873683538709,0.171036240669825
-7.34449101090908,0.170431408969656
-7.32024518643106,0.169864535612178
-7.29599936195304,0.16933575835732
-7.27175353747502,0.168845014334977
-7.247507712997,0.168392044218414
-7.22326188851898,0.16797639697312
-7.19901606404096,0.167597435146253
-7.17477023956294,0.167254340660625
-7.15052441508493,0.166946121076362
-7.12627859060691,0.166671616282836
-7.10203276612889,0.166429505583202
-7.07778694165087,0.166218315133983
-7.05354111717285,0.166036425702432
-7.02929529269483,0.165882080705005
-7.00504946821681,0.165753394491142
-6.98080364373879,0.165648360837557
-6.95655781926077,0.165564861619559
-6.93231199478276,0.165500675627281
-6.90806617030474,0.165453487496344
-6.88382034582672,0.165420896724133
-6.8595745213487,0.165400426744684
-6.83532869687068,0.165389534037035
-6.81108287239266,0.165385617243789
-6.78683704791464,0.16538602627858
-6.76259122343663,0.16538807140299
-6.73834539895861,0.165389032255353
-6.71409957448059,0.165386166815683
-6.68985375000257,0.165376720292624
-6.66560792552455,0.16535793391997
-6.64136210104653,0.165327053651714
-6.61711627656851,0.165281338745953
-6.59287045209049,0.165218070229088
-6.56862462761247,0.165134559232771
-6.54437880313446,0.165028155196836
-6.52013297865644,0.164896253932066
-6.49588715417842,0.164736305537068
-6.4716413297004,0.164545822163745
-6.44739550522238,0.164322385625882
-6.42314968074436,0.164063654845229
-6.39890385626634,0.163767373129089
-6.37465803178833,0.163431375272965
-6.35041220731031,0.16305359448111
-6.32616638283229,0.162632069097061
-6.30192055835427,0.162164949135289
-6.27767473387625,0.161650502604089
-6.25342890939823,0.161087121608697
-6.22918308492021,0.160473328222474
-6.20493726044219,0.159807780112773
-6.18069143596417,0.159089275906877
-6.15644561148616,0.158316760282208
-6.13219978700814,0.157489328763797
-6.10795396253012,0.15660623221094
-6.0837081380521,0.155666880973892
-6.05946231357408,0.154670848700573
-6.03521648909606,0.153617875772464
-6.01097066461804,0.152507872348249
-5.98672484014002,0.151340920993313
-5.96247901566201,0.150117278872947
-5.93823319118399,0.148837379487072
-5.91398736670597,0.147501833924483
-5.88974154222795,0.146111431615012
-5.86549571774993,0.144667140558697
-5.84124989327191,0.143170107011951
-5.81700406879389,0.14162165461191
-5.79275824431587,0.140023282921558
-5.76851241983785,0.138376665379946
-5.74426659535984,0.136683646643738
-5.72002077088182,0.134946239308527
-5.6957749464038,0.133166620000795
-5.67152912192578,0.131347124834009
-5.64728329744776,0.129490244225251
-5.62303747296974,0.12759861707178
-5.59879164849172,0.125675024290183
-5.5745458240137,0.123722381724104
-5.55029999953569,0.121743732430066
-5.52605417505767,0.119742238354469
-5.50180835057965,0.117721171418527
-5.47756252610163,0.115683904031614
-5.45331670162361,0.113633899057202
-5.42907087714559,0.111574699259331
-5.40482505266757,0.10950991626116
-5.38057922818956,0.107443219050808
-5.35633340371154,0.105378322073146
-5.33208757923352,0.10331897294959
-5.3078417547555,0.101268939871134
-5.28359593027748,0.0992319987129009
-5.25935010579946,0.0972119199212406
-5.23510428132144,0.0952124552270332
-5.21085845684342,0.0932373242410879
-5.1866126323654,0.0912902009895771
-5.16236680788739,0.0893747004491363
-5.13812098340937,0.0874943651426434
-5.11387515893135,0.0856526518577335
-5.08962933445333,0.0838529185508003
-5.06538350997531,0.0820984114995552
-5.04113768549729,0.0803922527671818
-5.01689186101927,0.0787374280406991
-4.99264603654125,0.0771367749053534
-4.96840021206324,0.0755929716156803
-4.94415438758522,0.0741085264223283
-4.9199085631072,0.0726857675118129
-4.89566273862918,0.0713268336140826
-4.87141691415116,0.0700336653301408
-4.84717108967314,0.0688079972289909
-4.82292526519512,0.0676513507598666
-4.7986794407171,0.0665650280221032
-4.77443361623908,0.065550106431107
-4.75018779176107,0.0646074343147197
-4.72594196728305,0.0637376274698706
-4.70169614280503,0.0629410667047874
-4.67745031832701,0.0622178963872294
-4.65320449384899,0.0615680240142316
-4.62895866937097,0.0609911208137438
-4.60471284489295,0.0604866233833437
-4.58046702041493,0.0600537363659205
-4.55622119593692,0.0596914361569095
-4.5319753714589,0.0593984756323279
-4.50772954698088,0.0591733898815591
-4.48348372250286,0.059014502923585
-4.45923789802484,0.0589199353802017
-4.43499207354682,0.0588876130747114
-4.4107462490688,0.0589152765196889
-4.38650042459078,0.0590004912527001
-4.36225460011277,0.0591406589743417
-4.33800877563475,0.0593330294386929
-4.31376295115673,0.0595747130422491
-4.28951712667871,0.0598626940536764
-4.26527130220069,0.0601938444232925
-4.24102547772267,0.0605649381080813
-4.21677965324465,0.0609726658452881
-4.19253382876663,0.0614136503052482
-4.16828800428862,0.0618844615520822
-4.1440421798106,0.0623816327392587
-4.11979635533258,0.0629016759657902
-4.09555053085456,0.0634410982180012
-4.07130470637654,0.0639964173213794
-4.04705888189852,0.0645641778270192
-4.0228130574205,0.0651409667575609
-3.99856723294248,0.065723429138339
-3.97432140846447,0.0663082832406639
-3.95007558398645,0.0668923354657632
-3.92582975950843,0.0674724947998978
-3.90158393503041,0.0680457867735265
-3.87733811055239,0.0686093668601041
-3.85309228607437,0.0691605332531554
-3.82884646159635,0.0696967389636349
-3.80460063711833,0.0702156031832566
-3.78035481264031,0.0707149218634203
-3.7561089881623,0.0711926774635615
-3.73186316368428,0.071647047827172
-3.70761733920626,0.0720764141483582
-3.68337151472824,0.072479367996595
-3.65912569025022,0.0728547173722622
-3.6348798657722,0.0732014917705933
-3.61063404129418,0.0735189462367863
-3.58638821681616,0.0738065644001978
-3.56214239233815,0.0740640604807362
-3.53789656786013,0.0742913802657436
-3.51365074338211,0.0744887010608014
-3.48940491890409,0.074656430622957
-3.46515909442607,0.0747952050898406
-3.44091326994805,0.0749058859229796
-3.41666744547003,0.0749895558883057
-3.39242162099201,0.0750475141013527
-3.368175796514,0.0750812701689497
-3.34392997203598,0.0750925374632818
-3.31968414755796,0.0750832255680249
-3.29543832307994,0.0750554319398143
-3.27119249860192,0.075011432831588
-3.2469466741239,0.0749536735273184
-3.22270084964588,0.0748847579403128
-3.19845502516786,0.0748074376296032
-3.17420920068985,0.074724600290956
-3.14996337621183,0.0746392577807012
-3.12571755173381,0.0745545337319112
-3.10147172725579,0.0744736508234395
-3.07722590277777,0.0743999177629693
-3.05298007829975,0.0743367160455183
-3.02873425382173,0.0742874865487981
-3.00448842934371,0.0742557160264588
-2.98024260486569,0.0742449235595428
-2.95599678038768,0.0742586470254629
-2.93175095590966,0.0743004296425048
-2.90750513143164,0.0743738066462475
-2.88325930695362,0.0744822921524224
-2.8590134824756,0.0746293662585926
-2.83476765799758,0.0748184624346662
-2.81052183351956,0.0750529552496573
-2.78627600904154,0.0753361484793168
-2.76203018456353,0.0756712636362798
-2.73778436008551,0.0760614289612393
-2.71353853560749,0.0765096689103875
-2.68929271112947,0.0770188941709788
-2.66504688665145,0.0775918922333887
-2.64080106217343,0.0782313185444978
-2.61655523769541,0.078939688263635
-2.59230941321739,0.0797193686386911
-2.56806358873938,0.0805725720164018
-2.54381776426136,0.0815013494971884
-2.51957193978334,0.0825075852413938
-2.49532611530532,0.0835929914302497
-2.4710802908273,0.0847591038814961
-2.44683446634928,0.0860072783162651
-2.42258864187126,0.087338687270641
-2.39834281739324,0.0887543176422587
-2.37409699291523,0.0902549688593954
-2.34985116843721,0.0918412516572776
-2.32560534395919,0.0935135874437717
-2.30135951948117,0.0952722082342713
-2.27711369500315,0.0971171571334394
-2.25286787052513,0.0990482893395279
-2.22862204604711,0.101065273645288
-2.20437622156909,0.103167594407994
-2.18013039709108,0.105354553959877
-2.15588457261306,0.107625275429223
-2.13163874813504,0.10997870594167
-2.10739292365702,0.112413620170684
-2.083147099179,0.114928624205915
-2.05890127470098,0.117522159708122
-2.03465545022296,0.1201925083195
-2.01040962574494,0.122937796298714
-1.98616380126692,0.125755999350547
-1.96191797678891,0.128644947620945
-1.93767215231089,0.131602330829301
-1.91342632783287,0.134625703511059
-1.88918050335485,0.137712490345148
-1.86493467887683,0.14085999154235
-1.84068885439881,0.144065388272436
-1.81644302992079,0.147325748109789
-1.79219720544277,0.150638030479185
-1.76795138096476,0.153999092085517
-1.74370555648674,0.157405692313368
-1.71945973200872,0.160854498584565
-1.6952139075307,0.164342091664091
-1.67096808305268,0.167864970906968
-1.64672225857466,0.171419559440999
-1.62247643409664,0.175002209282469
-1.59823060961862,0.178609206384054
-1.57398478514061,0.182236775616339
-1.54973896066259,0.185881085686291
-1.52549313618457,0.189538253997981
-1.50124731170655,0.193204351462593
-1.47700148722853,0.196875407266376
-1.45275566275051,0.200547413606663
-1.42850983827249,0.204216330407324
-1.40426401379447,0.207878090026132
-1.38001818931646,0.211528601967364
-1.35577236483844,0.215163757613604
-1.33152654036042,0.218779434991162
-1.3072807158824,0.222371503583678
-1.28303489140438,0.225935829208447
-1.25878906692636,0.229468278969702
-1.23454324244834,0.232964726302543
-1.21029741797032,0.236421056120435
-1.18605159349231,0.239833170078182
-1.16180576901429,0.243196991961037
-1.13755994453627,0.246508473209151
-1.11331412005825,0.249763598584911
-1.08906829558023,0.252958391988811
-1.06482247110221,0.256088922427537
-1.04057664662419,0.259151310135665
-1.01633082214617,0.262141732850106
-0.992084997668155,0.265056432233942
-0.967839173190136,0.26789172044376
-0.943593348712117,0.270643986831989
-0.919347524234098,0.273309704773069
-0.89510169975608,0.275885438599635
-0.870855875278061,0.278367850632219
-0.846610050800042,0.280753708283385
-0.822364226322023,0.283039891214616
-0.798118401844005,0.285223398521883
-0.773872577365986,0.287301355923445
-0.749626752887967,0.289271022921288
-0.725380928409948,0.29112979990559
-0.701135103931929,0.292875235169819
-0.676889279453911,0.294505031802496
-0.652643454975892,0.296017054420298
-0.628397630497873,0.297409335706161
-0.604151806019854,0.298680082715229
-0.579905981541835,0.29982768291099
-0.555660157063817,0.300850709893809
-0.531414332585798,0.301747928784151
-0.507168508107779,0.302518301223252
-0.48292268362976,0.303160989954796
-0.458676859151742,0.303675362952206
-0.434431034673723,0.304060997057624
-0.410185210195704,0.304317681100315
-0.385939385717685,0.304445418464335
-0.361693561239666,0.304444429077543
-0.337447736761648,0.304315150796663
-0.313201912283629,0.304058240165942
-0.28895608780561,0.303674572529999
-0.264710263327591,0.303165241484747
-0.240464438849573,0.302531557653746
-0.216218614371554,0.301775046780937
-0.191972789893535,0.300897447134451
-0.167726965415516,0.299900706220033
-0.143481140937497,0.298786976806503
-0.119235316459479,0.297558612269601
-0.0949894919814599,0.296218161264495
-0.0707436675034411,0.294768361741099
-0.0464978430254223,0.293212134320185
-0.0222520185474035,0.291552575051968
0.00199380593061527,0.289792947582448
0.0262396304086341,0.287936674756198
0.0504854548866528,0.285987329687535
0.0747312793646716,0.283948626335021
0.0989771038426904,0.281824409617034
0.123222928320709,0.279618645108649
0.147468752798728,0.277335408362334
0.171714577276747,0.274978873896878
0.195960401754766,0.272553303900646
0.220206226232784,0.27006303669652
0.244452050710803,0.267512475016918
0.268697875188822,0.264906074137921
0.292943699666841,0.26224832992185
0.317189524144859,0.259543766817663
0.341435348622878,0.256796925868186
0.365681173100897,0.254012352772558
0.389926997578916,0.251194586051318
0.414172822056935,0.248348145360316
0.438418646534953,0.245477519998114
0.462664471012972,0.242587157649773
0.486910295490991,0.239681453407888
0.51115611996901,0.236764739109518
0.535401944447028,0.233841273025249
0.559647768925047,0.230915229934
0.583893593403066,0.227990691614494
0.608139417881085,0.225071637781434
0.632385242359104,0.22216193749152
0.656631066837122,0.219265341041404
0.680876891315141,0.216385472376689
0.70512271579316,0.21352582202799
0.729368540271179,0.210689740587066
0.753614364749198,0.207880432733026
0.777860189227216,0.205100951815669
0.802106013705235,0.202354195000174
0.826351838183254,0.199642898974573
0.850597662661273,0.196969636218838
0.874843487139291,0.194336811831842
0.89908931161731,0.191746660910155
0.923335136095329,0.189201246470374
0.947580960573348,0.18670245790467
0.971826785051367,0.184252009957339
0.996072609529385,0.18185144220848
1.0203184340074,0.179502119049358
1.04456425848542,0.177205230132716
1.06881008296344,0.174961791280089
1.09305590744146,0.17277264582724
1.11730173191948,0.170638466387952
1.1415475563975,0.168559757015806
1.16579338087552,0.16653685574304
1.19003920535354,0.164569937475221
1.21428502983155,0.162659017220265
1.23853085430957,0.160803953630192
1.26277667878759,0.159004452834066
1.28702250326561,0.157260072540631
1.31126832774363,0.15557022638939
1.33551415222165,0.153934188529131
1.35975997669967,0.152351098403256
1.38400580117769,0.150819965721655
1.4082516256557,0.149339675599322
1.43249745013372,0.147908993842363
1.45674327461174,0.146526572362565
1.48098909908976,0.145190954702193
1.50523492356778,0.143900581651219
1.5294807480458,0.1426537969397
1.55372657252382,0.141448852988571
1.57797239700184,0.140283916702614
1.60221822147986,0.139157075289903
1.62646404595787,0.138066342092517
1.65070987043589,0.137009662413814
1.67495569491391,0.135984919328049
1.69920151939193,0.134989939458616
1.72344734386995,0.134022498711637
1.74769316834797,0.133080327952151
1.77193899282599,0.132161118610598
1.796184817304,0.131262528207811
1.82043064178202,0.130382185787207
1.84467646626004,0.129517697243434
1.86892229073806,0.128666650537212
1.89316811521608,0.12782662078674
1.9174139396941,0.126995175226605
1.94165976417212,0.12616987802577
1.96590558865014,0.125348294956919
1.99015141312816,0.124527997910127
2.01439723760617,0.123706569244593
2.03864306208419,0.122881605972999
2.06288888656221,0.122050723773879
2.08713471104023,0.121211560828286
2.11138053551825,0.120361781478002
2.13562635999627,0.119499079703464
2.15987218447429,0.118621182420629
2.18411800895231,0.117725852597006
2.20836383343032,0.116810892188142
2.23260965790834,0.115874144896931
2.25685548238636,0.11491349875917
2.28110130686438,0.113926888559858
2.3053471313424,0.112912298085803
2.32959295582042,0.111867762221101
2.35383878029844,0.110791368893062
2.37808460477646,0.109681260877103
2.40233042925448,0.10853563746998
2.42657625373249,0.107352756041581
2.45082207821051,0.106130933476184
2.47506790268853,0.104868547514756
2.49931372716655,0.103564038010356
2.52355955164457,0.10221590810914
2.54780537612259,0.100822725369729
2.57205120060061,0.0993831228338779
2.59629702507863,0.0978958000613638
2.62054284955664,0.0963595241419038
2.64478867403466,0.0947731306966202
2.66903449851268,0.0931355248811377
2.6932803229907,0.0914456824018125
2.71752614746872,0.0897026505558609
2.74177197194674,0.0879055493052667
2.76601779642476,0.0860535723933219
2.79026362090277,0.0841459885114922
2.81450944538079,0.0821821425230054
2.83875526985881,0.0801614567481491
2.86300109433683,0.0780834323147507
2.88724691881485,0.0759476505756987
2.91149274329287,0.0737537745936759
2.93573856777089,0.0715015506915258
2.95998439224891,0.0691908100648738
2.98423021672693,0.0668214704518037
3.00847604120494,0.0643935378525596
3.03272186568296,0.0619071082904229
3.05696769016098,0.0593623696031282
3.081213514639,0.0567596032524511
3.10545933911702,0.0540991861379358
3.12970516359504,0.0513815923991667
3.15395098807306,0.0486073951895313
3.17819681255108,0.0457772684030975
3.20244263702909,0.0428919883350552
3.22668846150711,0.0399524352551585
3.25093428598513,0.036959594872781
3.27518011046315,0.0339145596715558
3.29942593494117,0.0308185300911455
3.32367175941919,0.0276728155334728
3.34791758389721,0.0244788351707476
3.37216340837523,0.0212381185328698
3.39640923285324,0.0179523058522465
3.42065505733126,0.0146231481447722
3.44490088180928,0.0112525070066443
3.4691467062873,0.00784235410784662
3.49339253076532,0.00439477036451119
3.51763835524334,0.000911944773955675
3.54188417972136,-0.00260382710201947
3.56613000419938,-0.00615014501801445
3.59037582867739,-0.00972450630039187
3.61462165315541,-0.0133243084851162
3.63886747763343,-0.0169468523436404
3.66311330211145,-0.0205893452998647
3.68735912658947,-0.0242489052385575
3.71160495106749,-0.0279225647029285
3.73585077554551,-0.0316072754762996
3.76009660002353,-0.0352999135400533
3.78434242450155,-0.0389972843972912
3.80858824897956,-0.0426961287489049
3.83283407345758,-0.0463931285061057
3.8570798979356,-0.0500849131208753
3.88132572241362,-0.0537680662133292
3.90557154689164,-0.0574391324726439
3.92981737136966,-0.0610946248060083
3.95406319584768,-0.0647310317080494
3.9783090203257,-0.0683448248213567
4.00255484480371,-0.0719324666571204
4.02680066928173,-0.0754904184435136
4.05104649375975,-0.079015148068297
4.07529231823777,-0.0825031380812288
4.09953814271579,-0.0859508937212182
4.12378396719381,-0.0893549509327846
4.14802979167183,-0.0927118843362671
4.17227561614985,-0.0960183151163848
4.19652144062786,-0.0992709187941676
4.22076726510588,-0.102466432847949
4.2450130895839,-0.10560166415005
4.26925891406192,-0.108673496186949
4.29350473853994,-0.11167889603214
4.31775056301796,-0.114614921042518
4.34199638749598,-0.117478725250917
4.366242211974,-0.12026756542948
4.39048803645202,-0.12297880680068
4.41473386093003,-0.125609928375141
4.43897968540805,-0.128158527897838
4.46322550988607,-0.130622326386801
4.48747133436409,-0.132999172251057
4.51171715884211,-0.135287044977201
4.53596298332013,-0.137484058376703
4.56020880779815,-0.139588463388718
4.58445463227616,-0.141598650435881
4.60870045675418,-0.143513151333187
4.6329462812322,-0.145330640752619
4.65719210571022,-0.147049937248697
4.68143793018824,-0.148670003852474
4.70568375466626,-0.150189948243791
4.72992957914428,-0.151609022513698
4.7541754036223,-0.152926622530922
4.77842122810032,-0.154142286928064
4.80266705257834,-0.155255695724812
4.82691287705635,-0.156266668606892
4.85115870153437,-0.157175162880718
4.87540452601239,-0.157981271124726
4.89965035049041,-0.158685218559224
4.92389617496843,-0.159287360157211
4.94814199944645,-0.159788177519045
4.97238782392447,-0.160188275534088
4.99663364840248,-0.160488378852477
5.0208794728805,-0.160689328190039
5.04512529735852,-0.160792076489036
5.06937112183654,-0.160797684956953
5.09361694631456,-0.160707319004882
5.11786277079258,-0.160522244106292
5.1421085952706,-0.160243821596047
5.16635441974862,-0.159873504428519
5.19060024422664,-0.159412832912516
5.21484606870465,-0.158863430439549
5.23909189318267,-0.158226999220659
5.26333771766069,-0.157505316045759
5.28758354213871,-0.156700228078003
5.31182936661673,-0.155813648694399
5.33607519109475,-0.154847553382421
5.36032101557277,-0.153803975701055
5.38456684005079,-0.152685003313305
5.4088126645288,-0.151492774095891
5.43305848900682,-0.150229472330585
5.45730431348484,-0.148897324980389
5.48155013796286,-0.147498598052619
5.50579596244088,-0.146035593049843
5.5300417869189,-0.144510643508637
5.55428761139692,-0.142926111625165
5.57853343587493,-0.14128438496577
5.60277926035296,-0.139587873259992
5.62702508483097,-0.137839005272793
5.65127090930899,-0.136040225752174
5.67551673378701,-0.134193992447916
5.69976255826503,-0.132302773196772
5.72400838274305,-0.130369043069159
5.74825420722107,-0.128395281572165
5.77250003169909,-0.126383969903554
5.7967458561771,-0.124337588251414
5.82099168065512,-0.122258613134062
5.84523750513314,-0.120149514774931
5.86948332961116,-0.118012754507291
5.89372915408918,-0.115850782203811
5.9179749785672,-0.113666033726251
5.94222080304522,-0.111460928390806
5.96646662752324,-0.109237866444955
5.99071245200125,-0.106999226552002
6.01495827647927,-0.104747363279853
6.03920410095729,-0.10248460459099
6.06344992543531,-0.100213249330947
6.08769574991333,-0.0979355647130792
6.11194157439135,-0.0956537837977834
6.13618739886937,-0.0933701029647944
6.16043322334739,-0.0910866793776074
6.18467904782541,-0.0888056284395246
6.20892487230342,-0.0865290212412675
6.23317069678144,-0.0842588820005496
6.25741652125946,-0.0819971854944531
6.28166234573748,-0.0797458544859141
6.3059081702155,-0.0775067571460793
6.33015399469352,-0.0752817044747648
6.35439981917154,-0.0730724477217199
6.37864564364956,-0.0708806758118828
6.40289146812757,-0.0687080127783013
6.42713729260559,-0.0665560152068961
6.45138311708361,-0.0644261696977525
6.47562894156163,-0.0623198903481519
6.49987476603965,-0.0602385162630883
6.52412059051767,-0.058183309099562
6.54836641499569,-0.0561554506515006
6.57261223947371,-0.0541560404827253
6.59685806395172,-0.0521860936159527
6.62110388842974,-0.050246538286407
6.64534971290776,-0.0483382137691938
6.66959553738578,-0.0464618682901705
6.6938413618638,-0.0446181570306164
6.71808718634182,-0.042807640236569
6.74233301081984,-0.0410307814442301
6.76657883529786,-0.0392879458333621
6.79082465977587,-0.0375793987210773
6.81507048425389,-0.0359053042088634
6.83931630873191,-0.0342657239960805
6.86356213320993,-0.0326606163734994
6.88780795768795,-0.0310898354107189
6.91205378216597,-0.0295531303514911
6.93629960664399,-0.0280501452310903
6.96054543112201,-0.0265804187298776
6.98479125560003,-0.0251433842771196
7.00903708007804,-0.023738370418927
7.03328290455606,-0.022364601463857
7.05752872903408,-0.0210211984192867
7.0817745535121,-0.0197071802310876
7.10602037799012,-0.0184214653384277
7.13026620246814,-0.0171628735546778
7.15451202694616,-0.0159301282844059
7.17875785142417,-0.0147218590853109
7.20300367590219,-0.013536604582668
7.22724950038021,-0.0123728157424298
7.25149532485823,-0.0112288595075722
7.27574114933625,-0.0101030228005692
7.29998697381427,-0.00899351689305608
7.32423279829229,-0.00789848214179084
7.34847862277031,-0.00681599308795995
7.37272444724833,-0.00574406391471388
7.39697027172634,-0.00468065425556566
7.42121609620436,-0.00362367534395787
7.44546192068238,-0.00257099649192148
7.4697077451604,-0.00152045188331995
7.49395356963842,-0.000469847664721822
7.51819939411644,0.000583030685512326
7.54244521859446,0.00164041073178482
7.56669104307247,0.00270452522372104
7.59093686755049,0.0037776040331497
7.61518269202851,0.0048618659144899
7.63942851650653,0.00595951011960708
7.66367434098455,0.00707270790025306
7.68792016546257,0.00820359393311618
7.71216598994059,0.00935425770425742
7.73641181441861,0.0105267348912771
7.76065763889663,0.0117229987829194
7.78490346337464,0.0129449517769729
7.80914928785266,0.0141944169982366
7.83339511233068,0.0154731300789821
7.8576409368087,0.0167827311447455
7.88188676128672,0.0181247570484069
7.90613258576474,0.0195006338953593
7.93037841024276,0.020911669902124
7.95462423472078,0.0223590486300289
7.97887005919879,0.0238438226345304
8.00311588367681,0.0253669075694313
8.02736170815483,0.0269290767836188
8.05160753263285,0.0285309564460437
8.07585335711087,0.0301730212324658
8.10009918158889,0.0318555906050384
8.12434500606691,0.0335788257130924
8.14859083054493,0.0353427269405259
8.17283665502294,0.037147132122035
8.19708247950096,0.0389917154470444
8.22132830397898,0.0408759870666398
8.245574128457,0.0427992934150932
8.26981995293502,0.044760818253727
8.29406577741304,0.046759584440915
8.31831160189106,0.0487944564279927
8.34255742636908,0.0508641434767752
8.3668032508471,0.052967203590291
8.39104907532511,0.0551020481442574
8.41529489980313,0.057266947202785
8.43954072428115,0.0594600354978314
8.46378654875917,0.0616793190480573
8.48803237323719,0.0639226823890017
8.51227819771521,0.0661878963829147
8.53652402219323,0.0684726265731932
8.56076984667125,0.0707744420451813
8.58501567114926,0.0730908247521491
8.60926149562728,0.0754191792625703
8.6335073201053,0.0777568428824059
8.65775314458332,0.0801010961039736
8.68199896906134,0.0824491733311751
8.70624479353936,0.0847982738293592
8.73049061801738,0.0871455728469382
8.7547364424954,0.0894882328550582
8.77898226697341,0.0918234148511439
8.80322809145143,0.0941482896720088
8.82747391592945,0.0964600492624352
8.85171974040747,0.0987559178456784
8.87596556488549,0.101033162943238
8.90021138936351,0.103289106192449
8.92445721384153,0.105521133911962
8.94870303831955,0.107726707367008
8.97294886279757,0.109903372688429
8.99719468727558,0.112048770401831
9.0214405117536,0.114160644525789
9.04568633623162,0.116236851200876
9.06993216070964,0.118275366814277
9.09417798518766,0.120274295587925
9.11842380966568,0.122231876601401
9.1426696341437,0.124146490224302
9.16691545862171,0.126016663936219
9.19116128309973,0.127841077516116
9.21540710757775,0.129618567586413
9.23965293205577,0.131348131500734
9.26389875653379,0.133028930567788
9.28814458101181,0.134660292607392
9.31239040548983,0.13624171383807
9.33663622996785,0.137772860098954
9.36088205444586,0.139253567411945
9.38512787892389,0.14068384189311
9.4093737034019,0.142063859025173
9.43361952787992,0.143393962305656
9.45786535235794,0.144674661287692
9.48211117683596,0.145906629032847
9.50635700131398,0.147090698997295
9.530602825792,0.148227861374544
9.55484865027002,0.149319258919474
9.57909447474804,0.150366182279803
9.60334029922605,0.151370064862187
9.62758612370407,0.152332477261038
9.65183194818209,0.153255121278757
9.67607777266011,0.154139823566492
9.70032359713813,0.154988528914717
9.72456942161615,0.155803293222891
9.74881524609417,0.156586276177238
9.77306107057218,0.157339733665311
9.7973068950502,0.158066009955407
9.82155271952822,0.158767529668208
9.84579854400624,0.159446789567182
9.87004436848426,0.160106350193315
9.89429019296228,0.160748827368722
9.9185360174403,0.161376883592568
9.94278184191832,0.161993219351567
9.96702766639634,0.16260056436615
9.99127349087435,0.163201668792193
10.0155193153524,0.163799294397013
10.0397651398304,0.164396205727173
10.0640109643084,0.164995161284557
10.0882567887864,0.165598904726095
10.1125026132644,0.166210156101572
10.1367484377425,0.16683160314309
10.1609942622205,0.167465892618942
10.1852400866985,0.168115621764048
10.2094859111765,0.168783329798525
10.2337317356545,0.169471489545577
10.2579775601326,0.170182499159618
10.2822233846106,0.170918673975364
10.3064692090886,0.171682238488675
10.3307150335666,0.172475318479981
10.3549608580446,0.173299933291441
10.3792066825227,0.174157988269296
10.4034525070007,0.17505126738338
10.4276983314787,0.175981426036344
10.4519441559567,0.176949984075782
10.4761899804347,0.177958319023231
10.5004358049127,0.179007659534806
10.5246816293908,0.180099079109076
10.5489274538688,0.181233490058696
10.5731732783468,0.182411637763168
10.5974191028248,0.183634095221015
10.6216649273028,0.184901257920503
10.6459107517809,0.186213339048845
10.6701565762589,0.18757036506059
10.6944024007369,0.188972171626555
10.7186482252149,0.190418399985215
10.7428940496929,0.19190849371892
10.767139874171,0.193441695977619
10.791385698649,0.195017047172914
10.815631523127,0.196633383165281
10.839877347605,0.198289333967086
10.864123172083,0.199983322983657
10.888368996561,0.201713566814114
10.9126148210391,0.203478075632842
10.9368606455171,0.205274654171524
10.9611064699951,0.20710090332043
10.9853522944731,0.208954222366222
11.0095981189511,0.210831811881883
11.0338439434292,0.212730677282534
11.0580897679072,0.214647633058788
11.0823355923852,0.216579307697045
11.1065814168632,0.218522149293629
11.1308272413412,0.220472431867016
11.1550730658193,0.222426262369574
11.1793188902973,0.224379588397213
11.2035647147753,0.22632820659225
11.2278105392533,0.228267771731495
11.2520563637313,0.230193806488231
11.2763021882093,0.232101711853289
11.3005480126874,0.233986778196922
11.3247938371654,0.235844196949633
11.3490396616434,0.23766907287653
11.3732854861214,0.239456436916241
11.3975313105994,0.241201259551875
11.4217771350775,0.242898464678067
11.4460229595555,0.244542943924727
11.4702687840335,0.246129571394857
11.4945146085115,0.247653218770633
11.5187604329895,0.249108770738946
11.5430062574676,0.250491140684789
11.5672520819456,0.251795286598241
11.5914979064236,0.2530162271384
11.6157437309016,0.254149057795462
11.6399895553796,0.255188967090234
11.6642353798577,0.256131252748745
11.6884812043357,0.256971337788289
11.7127270288137,0.2577047864502
11.7369728532917,0.258327319913967
11.7612186777697,0.258834831726902
11.7854645022477,0.259223402883529
11.8097103267258,0.259489316489204
11.8339561512038,0.259629071943073
11.8582019756818,0.259639398576523
11.8824478001598,0.259517268684613
11.9066936246378,0.259259909889687
11.9309394491159,0.258864816778413
11.9551852735939,0.258329761755899
11.9794310980719,0.257652805063219
12.0036769225499,0.256832303907785
12.0279227470279,0.255866920659286
12.052168571506,0.254755630067608
12.076414395984,0.253497725463049
12.100660220462,0.252092823903325
12.12490604494,0.250540870236298
12.149151869418,0.24884214005199
12.173397693896,0.246997241502281
12.1976435183741,0.245007115971706
12.2218893428521,0.242873037587904
12.2461351673301,0.240596611565568
12.2703809918081,0.238179771383077
12.2946268162861,0.235624774796431
12.3188726407642,0.232934198700571
12.3431184652422,0.230110932853585
12.3673642897202,0.227158172484785
12.3916101141982,0.224079409812939
12.4158559386762,0.220878424506268
12.4401017631543,0.217559273120941
12.4643475876323,0.214126277559804
12.4885934121103,0.210584012597895
12.5128392365883,0.206937292525906
12.5370850610663,0.203191156967097
12.5613308855443,0.199350855927283
12.5855767100224,0.195421834141293
12.6098225345004,0.191409714782789
12.6340683589784,0.187320282607482
12.6583141834564,0.183159466602535
12.6825600079344,0.178933322217357
12.7068058324125,0.174648013252983
12.7310516568905,0.170309793488803
12.7552974813685,0.165924988126587
12.7795433058465,0.161499975132449
12.8037891303245,0.157041166557688
12.8280349548026,0.152554989919277
12.8522807792806,0.148047869720166
12.8765266037586,0.143526209188488
12.9007724282366,0.13899637231329
12.9250182527146,0.134464666252465
12.9492640771926,0.129937324186206
12.9735099016707,0.125420488686571
12.9977557261487,0.120920195670561
13.0220015506267,0.116442359000626
13.0462473751047,0.111992755792621
13.0704931995827,0.107577012487037
13.0947390240608,0.103200591734835
13.1189848485388,0.0988687801444501
13.1432306730168,0.0945866769315007
13.1674764974948,0.0903591835075509
13.1917223219728,0.0861909940388605
13.2159681464509,0.0820865870005429
13.2402139709289,0.0780502177459241
13.2644597954069,0.0740859121052005
13.2887056198849,0.0701974610217842
13.3129514443629,0.066388416229017
13.3371972688409,0.062662086964285
13.361443093319,0.0590215377119985
13.385688917797,0.0554695869614654
13.409934742275,0.0520088069604016
13.434180566753,0.0486415244397421
13.458426391231,0.0453698222805507
13.4826722157091,0.0421955420892337
13.5069180401871,0.0391202876429416
13.5311638646651,0.0361454291630449
13.5554096891431,0.0332721083709046
13.5796555136211,0.0305012442768483
13.6039013380992,0.0278335396503344
13.6281471625772,0.0252694881167387
13.6523929870552,0.0228093818240628
13.6766388115332,0.0204533196211309
13.7008846360112,0.0182012156875261
13.7251304604892,0.0160528085546233
13.7493762849673,0.0140076704565877
13.7736221094453,0.0120652169501447
13.7978679339233,0.0102247167422489
13.8221137584013,0.00848530166550986
13.8463595828793,0.00684597674232788
13.8706054073574,0.00530563028015247
13.8948512318354,0.00386304394207863
13.9190970563134,0.0025169027391118
13.9433428807914,0.00126580489284572
13.9675887052694,0.00010827151997779
13.9918345297475,-0.000957243906993074
14.0160803542255,-0.00193234636541079
14.0403261787035,-0.0028186903936618
14.0645720031815,-0.00361797154368076
14.0888178276595,-0.00433191820693657
14.1130636521375,-0.00496228384240686
14.1373094766156,-0.00551083963133066
14.1615553010936,-0.00597936757978595
14.1858011255716,-0.00636965408640532
14.2100469500496,-0.00668348398884296
14.2342927745276,-0.00692263509897433
14.2585385990057,-0.00708887323326819
14.2827844234837,-0.0071839477413448
14.3070302479617,-0.00720958753245052
14.3312760724397,-0.00716749759645433
14.3555218969177,-0.00705935601302471
14.3797677213958,-0.0068868114398998
14.4040135458738,-0.00665148106861915
14.4282593703518,-0.00635494903376958
14.4525051948298,-0.00599876525970454
14.4767510193078,-0.00558444472684316
14.5009968437858,-0.00511346713803665
14.5252426682639,-0.00458727696411319
14.5494884927419,-0.00400728384657276
14.5737343172199,-0.00337486333449623
14.5979801416979,-0.00269135793205448
14.6222259661759,-0.00195807843254366
14.646471790654,-0.00117630551461963
14.670717615132,-0.000347291576349357
14.69496343961,0.000527737217173661
14.719209264088,0.00144757869661345
14.743455088566,0.00241105228508726
14.7677009130441,0.00341699645170977
14.7919467375221,0.00446426604422342
14.8161925620001,0.00555172952216093
14.8404383864781,0.00667826611110898
14.8646842109561,0.00784276289770843
14.8889300354341,0.00904411188404667
14.9131758599122,0.0102812070190921
14.9374216843902,0.0115529412238061
14.9616675088682,0.0128582034255618
14.9859133333462,0.0141958756165105
15.0101591578242,0.0155648299495857
15.0344049823023,0.0169639258849344
15.0586508067803,0.018392007398712
15.0828966312583,0.0198479002654064
15.1071424557363,0.021330409424144
15.1313882802143,0.0228383164388106
15.1556341046924,0.0243703770612756
15.1798799291704,0.025925318906552
15.2041257536484,0.0275018392483549
15.2283715781264,0.029098602943234
15.2526174026044,0.0307142404912502
15.2768632270824,0.0323473462410376
15.3011090515605,0.0339964767470316
15.3253548760385,0.0356601492866478
15.3496007005165,0.0373368405452483
15.3738465249945,0.039024985476835
15.3980923494725,0.0407229763485354
15.4223381739506,0.0424291619770959
15.4465839984286,0.0441418471657594
15.4708298229066,0.0458592923500483
15.4950756473846,0.0475797134611123
15.5193214718626,0.0493012820153988
15.5435672963407,0.0510221254394579
15.5678131208187,0.0527403276386936
15.5920589452967,0.0544539298187994
15.6163047697747,0.0561609315684606
15.6405505942527,0.0578592922116619
15.6647964187307,0.0595469324375838
15.6890422432088,0.0612217362156184
15.7132880676868,0.0628815530024486
15.7375338921648,0.0645242002474374
15.7617797166428,0.0661474662017384
15.7860255411208,0.067749113035575
15.8102713655989,0.0693268802670401
15.8345171900769,0.0708784885045334
15.8587630145549,0.0724016435035963
15.8830088390329,0.0738940405374118
15.9072546635109,0.0753533690786254
15.931500487989,0.0767773177884181
15.955746312467,0.0781635798069273
15.979992136945,0.0795098583371807
16.004237961423,0.0808138725126948
16.028483785901,0.0820733635368005
16.052729610379,0.0832861010796129
16.0769754348571,0.0844498899163733
16.1012212593351,0.085562576788678
16.1254670838131,0.0866220574678826
16.1497129082911,0.0876262839977518
16.1739587327691,0.0885732720912418
16.1981430619174,0.0894315495462627
16.2223561881847,0.0901695788936776
16.2465693957483,0.0907856019498212
16.2707825395629,0.0912779496920913
16.2949954744715,0.0916450499293396
16.3192080551531,0.0918854349727719
16.3434201360697,0.0919977492279768
16.3676315714131,0.0919807566686599
16.3918422150516,0.0918333481515314
16.4160519204764,0.091554548530894
16.4402605407476,0.0911435235307753
16.4644679284396,0.0905995863319893
16.4886739355863,0.0899222038312827
16.5128784136256,0.0891110025297535
16.5370812133439,0.0881657740080092
16.5612821848188,0.0870864799460838
16.5854811773624,0.0858732566469486
16.6096780394634,0.0845264190235403
16.6338726187281,0.0830464640105897
16.6580647618209,0.0814340733641689
16.6822543144042,0.0796901158137695
16.7064411210767,0.0778156485338903
16.7306250253113,0.0758119179045295
16.7548058693915,0.0736803595326451
16.778983494347,0.0714225975095547
16.8031577398879,0.0690404428823695
16.8273284443378,0.0665358913209105
16.8514954445652,0.0639111199650896
16.8756585759141,0.0611684834414645
16.8998176721328,0.0583105090415552
16.9239725653007,0.055339891058549
16.9481230857544,0.0522594842831608
16.9722690620115,0.0490722966636748
16.9964103206923,0.0457814811395263
17.0205466864403,0.0423903266621643
17.0446779818407,0.0389022484213629
17.0688040273357,0.0353207772995649
17.0929246411391,0.0316495485812583
17.1170396391478,0.0278922899487448
17.1411488348509,0.0240528087999541
17.1652520392363,0.0201349789281642
17.1893490606953,0.0161427266075608
17.2134397049234,0.0120800161325099
17.2375237748189,0.00795083486218701
17.2616010703787,0.00375917782577005
17.2856713885899,-0.000490968053229839
17.3097345233194,-0.0047956400518115
17.3337902651991,-0.00915091599696047
17.3578384015076,-0.0135529308026314
17.3818787160488,-0.0179978931248425
17.4059109890256,-0.0224821020635196
17.4299349969098,-0.0270019638381073
17.4539505123082,-0.031554008362684
17.4779573038231,-0.0361349056453956
17.501955135909,-0.0407414819364866
17.5259437687236,-0.045370735549031
17.5499229579742,-0.0500198522766935
17.5738924547579,-0.0546862203334716
17.5978520053966,-0.0593674447413679
17.6218013512662,-0.0640613610933649
17.6457402286185,-0.0687660486208687
17.6696683683976,-0.0734798424969876
17.6935854960488,-0.0782013453095935
17.7174913313201,-0.0829294376410733
17.7413855880567,-0.087663287695005
17.7652679739869,-0.0924023599136796
17.7891381904997,-0.097146422534409
17.8129959324142,-0.101895554036915
17.8368408877387,-0.106650148438745
17.8606727374211,-0.111410919400589
17.8844911550885,-0.116178903108603
17.908295806776,-0.120955459906241
17.9320863506451,-0.125742274653787
17.9558624366887,-0.130541355799577
17.9796237064254,-0.135355033152933
18.0033697925793,-0.140185954354901
18.0271003187465,-0.145037080049124
18.0508148990471,-0.149911677761445
18.0745131377622,-0.154813314503118
18.0981946289536,-0.159745848118835
18.121858956068,-0.164713417406974
18.1455056915218,-0.16972043104573
18.1691343962685,-0.174771555364795
18.1927446193443,-0.179871701008239
18.2163358973947,-0.185026008539984
18.2399077541767,-0.190239833048821
18.2634597000391,-0.195518727815243
18.2869912313772,-0.200868427107414
18.3105018300613,-0.206294828178353
18.3339909628371,-0.211803972540823
18.3574580806974,-0.217402026600508
18.3809026182221,-0.223095261731747
18.4043239928847,-0.228890033883416
18.4277216043251,-0.234792762805388
18.451094833584,-0.240809910988505
18.4744430422987,-0.246947962412937
18.4977655718572,-0.253213401201363
18.5210617425069,-0.259612690274462
18.5443308524182,-0.266152250106744
18.5675721766957,-0.272838437680882
18.5907849663384,-0.279677525738244
18.6139684471417,-0.286675682422483
18.6371218185398,-0.293838951411618
18.6602442523844,-0.301173232632211
18.6833348916543,-0.30868426364689
18.7063928490926,-0.316377601803702
18.7294172057665,-0.324258607232532
18.7524070095437,-0.332332426770192
18.7753612734808,-0.340603978891677
18.7982789741173,-0.349077939720682
18.821159049668,-0.357758730187634
18.8440003981088,-0.366650504398356
18.8668018751458,-0.375757139271013
18.8895622920611,-0.385082225493276
18.9122804134272,-0.394629059845622
18.9349549546783,-0.404400638930517
18.9575845795309,-0.4143996543408
18.9801678972401,-0.424628489294067
19.0027034596819,-0.43508921675317
19.0251897582474,-0.445783599046184
19.047625220535,-0.456713088992355
19.0700082068257,-0.467878832533744
19.0923370063251,-0.479281672865358
19.1146098331546,-0.490922156049792
19.1368248220719,-0.502800538095607
19.1589800239008,-0.514916793471996
19.1810734006477,-0.527270625025659
19.203102820279,-0.539861475259356
19.2250660511351,-0.55268853892523
19.2469607559504,-0.565750776879764
19.2687844854492,-0.579046931141131
19.290534671483,-0.592575541083741
19.3122086196734,-0.606334960698942
19.3338035015203,-0.62032337684505
19.3553163459326,-0.634538828404241
19.3767440301354,-0.648979226258146
19.3980832699028,-0.663642373988351
19.4193306090625,-0.678525989202205
19.440482408214,-0.69362772537847
19.4615348325965,-0.708945194121105
19.4824838390401,-0.724475987702995
19.5033251619263,-0.740217701774316
19.5240542980816,-0.756167958102564
19.5446664905215,-0.772324427202654
19.5651567109555,-0.788684850705913
19.5855196409638,-0.805247063305823
19.6057496517463,-0.822009014105877
19.6258407823446,-0.83896878718046
19.6457867162331,-0.856124621143056
19.6655807561748,-0.87347492749672
19.6852157972362,-0.891018307519425
19.7046842978606,-0.908753567410983
19.7239782489032,-0.926679731398352
19.7430891405434,-0.944796052461757
19.7620079270056,-0.96310202030473
19.7807249890419,-0.981597366146406
19.7992300941656,-1.00028206386403
19.8175123546628,-1.01915632695731
19.8355601834752,-1.03822060074415
19.8533612481135,-1.05747554913008
19.8709024228656,-1.07692203522201
19.8881697396799,-1.09656109498313
19.9051483382583,-1.11639390305211
19.9218224160811,-1.13642172978114
19.9381751793131,-1.15664588848893
19.954188795812,-1.17706767188582
19.9698443517863,-1.19768827661823
19.9851218140184,-1.21850871491435
20,-1.23952971240803
