0.93213929849594
0.931684274954748
0.931223252887742
0.930752697874336
0.930268960285063
0.929768313316334
0.929246992709831
0.928701237756237
0.928127333168527
0.927521651399849
0.926880694975134
0.92620113840395
0.925479869244766
0.924714027897575
0.923901045712728
0.923038681018683
0.92212505269
0.921158670899259
0.920138464722325
0.919063806295415
0.917934531254469
0.916750955222172
0.915513886145264
0.914224632324361
0.912885006019854
0.911497322560445
0.910064394924946
0.908589523812822
0.907076483264128
0.905529501934551
0.903953240175706
0.902352763114224
0.900733509964953
0.899101259853288
0.897462094458744
0.895822357825899
0.894188613719226
0.892567600924728
0.890966186923187
0.889391320376904
0.887849982883697
0.886349140458382
0.884895695202809
0.883496437620617
0.882158000022255
0.880886811449455
0.879689054526531
0.878570624618741
0.877537091645967
0.87659366486348
0.87574516088118
0.874995975149001
0.874350057089851
0.873810889013244
0.873381468893493
0.873064297046734
0.872861366692012
0.872774158334015
0.872803637859518
0.87295025819707
0.873213964350559
0.873594201582672
0.874089926494494
0.87469962072305
0.875421306959744
0.8762525669797
0.877190561365047
0.878232050604146
0.879373417253563
0.880610688859903
0.881939561354121
0.883355422651064
0.884853376211257
0.88642826434959
0.888074691105931
0.889787044524969
0.891559518225984
0.893386132176952
0.895260752620635
0.897177111132244
0.899128822818317
0.901109403693795
0.903112287298493
0.905130840634692
0.907158379524029
0.909188183494063
0.911213510312588
0.913227610290998
0.915223740476831
0.917195178850223
0.919135238629709
0.92103728277998
0.922894738798306
0.924701113837963
0.926450010206655
0.928135141256287
0.929750347658152
0.931289614035258
0.932747085901767
0.934117086839
0.935394135818596
0.936572964566813
0.937648534849952
0.938616055549832
0.939470999390373
0.940209119171825
0.940826463368066
0.941319390944624
0.941684585260607
0.941919066926231
0.942020205499013
0.941985729915412
0.941813737570526
0.941502701975867
0.941051478943772
0.940459311266259
0.93972583187553
0.938851065492446
0.937835428787706
0.936679729097701
0.935385161752722
0.933953306089099
0.932386120228602
0.930685934717896
0.928855445127843
0.926897703716933
0.92481611026505
0.922614402183296
0.920296644002647
0.917867216339201
0.915330804426649
0.912692386297885
0.909957220687392
0.907130834714769
0.904219011397564
0.901227777029072
0.898163388443955
0.895032320182101
0.891841251549078
0.888597053560362
0.885306775746307
0.881977632785978
0.878616990930502
0.875232354170784
0.871831350100335
0.868421715421651
0.865011281044082
0.861607956722444
0.858219715188703
0.854854575733817
0.851520587203095
0.848225810376225
0.84497829971205
0.841786084448289
0.838657149057308
0.83559941307067
0.83262071029725
0.829728767472004
0.826931182384785
0.824235401550739
0.821648697495549
0.819178145739941
0.816830601578282
0.814612676755593
0.812530716155736
0.810590774620815
0.808798594027859
0.807159580753519
0.805678783660821
0.804360872743888
0.80321011856703
0.802230372633641
0.801425048818081
0.800797105990092
0.800349031956507
0.800082828839045
0.8
0.800101538619784
0.800387918021575
0.800859083829078
0.801514448033554
0.80235288503614
0.803372729721072
0.804571777604939
0.805947287096636
0.807495983892381
0.809214067520054
0.811097220037438
0.813140616879516
0.815338939841159
0.817686392173078
0.820176715760991
0.822803210350528
0.825558754773381
0.828435830123623
0.831426544826864
0.834522661538906
0.837715625804762
0.840996596403082
0.844356477295276
0.847785951092629
0.851275513948458
0.854815511775802
0.858396177684012
0.862007670520058
0.865640114392077
0.869283639043866
0.872928420939449
0.876564724906623
0.880182946177594
0.883773652653404
0.887327627207042
0.890835909827996
0.894289839398768
0.897681094881659
0.901001735682287
0.904244240944975
0.907401547524701
0.910467086371028
0.913434817051582
0.916299260136673
0.919055527162743
0.921699347890899
0.924227094578101
0.926635802982945
0.928923189835633
0.931087666512917
0.933128348673683
0.935045061629585
0.936838341247749
0.938509430209171
0.940060269476848
0.941493484861905
0.942812368613752
0.944020856001398
0.945123496897144
0.946125422420489
0.947032306748897
0.947850324252414
0.948586102160465
0.9492466690209
0.949839399262776
0.950371954224745
0.950852220059598
0.951288242971693
0.95168816228698
0.952060141894397
0.952412300631835
0.952752642219068
0.953088985363328
0.953428894680119
0.953779613081925
0.954147996290208
0.95454045012143
0.954962871185343
0.95542059161356
0.955918328408449
0.956460137966751
0.957049376289355
0.957688665338731
0.958379865949005
0.959124057631307
0.959921525549351
0.9607717548681
0.961673432602609
0.962624457015686
0.963621954532795
0.964662304061668
0.96574116852346
0.966853533322958
0.967993751408426
0.969155594498165
0.970332309981654
0.971516682939369
0.972701102667635
0.973877633044174
0.975038086026904
0.976174097543704
0.977277205004661
0.978338925651233
0.979350834948918
0.980304644231557
0.981192276816304
0.982005941828366
0.982738205003574
0.983382055774288
0.983930969989543
0.984378967673004
0.984720665281569
0.98495132199247
0.985066879616537
0.985063995809037
0.984940070326121
0.984693264153364
0.984322511412179
0.983827524028983
0.98320878922976
0.982467559998351
0.981605838709206
0.980626354213811
0.97953253272364
0.978328462890606
0.977018855538022
0.97560899854048
0.974104707389463
0.972512272012623
0.970838400438345
0.969090159913387
0.967274916090142
0.965400270901589
0.963473999736467
0.961503988515131
0.959498171248253
0.95746446863657
0.955410728240875
0.953344666717979
0.951273814581105
0.949205463902792
0.947146619335634
0.945103952781621
0.94308376199527
0.941091933359702
0.93913390902895
0.937214658584617
0.935338655311027
0.933509857150672
0.931731692361372
0.930007049858471
0.928338274189768
0.9267271650579
0.925174981274597
0.923682449003733
0.9222497741252
0.92087665852941
0.919562320132443
0.918305516384388
0.917104571028051
0.915957403851741
0.914861563168101
0.913814260740646
0.912812408870706
0.911852659349595
0.910931443973943
0.910045016316121
0.90918949443643
0.908360904219309
0.907555223012123
0.906768423242257
0.905996515686407
0.905235592065133
0.904481866636269
0.903731716462747
0.902981720034096
0.902228693926511
0.901469727194273
0.900702213195593
0.899923878568958
0.899132809091934
0.898327472173297
0.897506735751487
0.896669883397693
0.895816625450471
0.894947106040587
0.894061905899545
0.89316204088296
0.892248956180094
0.891324516223267
0.890390990354953
0.889451034355716
0.88850766798212
0.887564248709746
0.886624441921802
0.885692187827819
0.884771665438781
0.883867253964167
0.882983492031879
0.882125035163357
0.881296611962568
0.880502979498486
0.879748878375576
0.879038987995221
0.878377882512695
0.877769987988872
0.877219541223326
0.876730550735776
0.876306760336164
0.875951615690191
0.875668234247395
0.875459378853234
0.875327435315898
0.875274394143334
0.875301836607231
0.875410925229222
0.87560239872151
0.875876571350385
0.876233336627894
0.876672175175186
0.87719216654203
0.877792004711544
0.878470016968433
0.879224185763789
0.880052173170663
0.880951347492854
0.881918811565213
0.882951432267782
0.884045870768451
0.885198613009742
0.886405999964791
0.887664257205384
0.888969523350721
0.890317876998908
0.891705361783431
0.893128009243229
0.894581859246632
0.89606297776538
0.897567471854079
0.899091501751787
0.900631290084609
0.902183128210294
0.903743379806423
0.905308481861953
0.906874943286416
0.908439341400952
0.909998316619719
0.91154856566816
0.913086833715489
0.914609905821955
0.916114598116553
0.91759774912763
0.919056211687096
0.920486845818777
0.921886513003022
0.923252072183335
0.92458037784699
0.925868280470994
0.927112629578054
0.928310279595201
0.929458098651475
0.930552980391407
0.931591858819154
0.932571726125036
0.933489653383062
0.93434281394588
0.935128509303527
0.935844197115449
0.936487521072479
0.93705634219769
0.937548771153163
0.937963201084362
0.938298340505703
0.938553245710425
0.938727352175488
0.938820504428102
0.938832983844737
0.938765533866141
0.938619382132652
0.938396259072896
0.938098412515162
0.937728617933973
0.937290183994003
0.93678695310866
0.93622329679077
0.935604105636853
0.934934773853556
0.93422117830407
0.933469652122627
0.932686953015655
0.931880226437699
0.931056963897941
0.930224956718085
0.929392245623606
0.928567066607089
0.927757793553839
0.926972878165399
0.926220787755537
0.925509941525084
0.924848645946377
0.924245029904659
0.923706980252428
0.923242078433346
0.922857538824928
0.922560149433989
0.922356215555946
0.922251506978944
0.922251209276757
0.922359879691092
0.922581408054858
0.922918983153797
0.923375064865374
0.9239513623517
0.924648818518315
0.925467600883809
0.92640709893713
0.92746592799113
0.92864193947299
0.929932237525651
0.931333201729913
0.932840515695264
0.934449201209357
0.936153657582105
0.937947705771118
0.939824636831149
0.941777264191818
0.943797979235464
0.94587880962084
0.94801147977864
0.950187472991715
0.95239809446629
0.954634534800467
0.956887933262708
0.959149440305639
0.961410278759049
0.963661803170205
0.965895556789019
0.968103325729855
0.970277189880317
0.972409570169707
0.97449327185545
0.976521523533998
0.978488011633074
0.980386910193851
0.982212905804304
0.983961217597784
0.985627612283377
0.987208414226142
0.988700510645361
0.990101352046944
0.991408948051605
0.992621858822921
0.993739182338443
0.994760537782354
0.995686045369334
0.996516302936161
0.99725235965979
0.997895687278175
0.998448149202778
0.99891196791947
0.999289691077488
0.999584156664227
0.999798457657143
0.999935906533068
1
0.999994384297316
0.999922821387583
0.999789156337154
0.999597286153977
0.99935113031984
0.999054603221276
0.998711588648853
0.998325916499256
0.997901341778843
0.997441525971757
0.99695002080072
0.996430254374841
0.995885519686526
0.995318965389425
0.994733588761617
0.994132230733349
0.993517572836829
0.992892135917242
0.992258280429332
0.991618208132888
0.990973964993257
0.990327445089616
0.989680395334206
0.989034420809773
0.988390990540088
0.987751443519236
0.98711699483915
0.98648874177125
0.985867669676616
0.985254657639458
0.984650483740281
0.984055829907537
0.9834712863093
0.982897355268969
0.982334454710812
0.981782921161734
0.981243012354595
0.980714909495238
0.980198719269828
0.979694475680694
0.979202141807498
0.97872161159592
0.978252711778069
0.97779520402746
0.977348787446679
0.976913101477832
0.976487729314845
0.976072201882736
0.975666002432651
0.975268571782906
0.974879314216137
0.974497604021276
0.974122792647075
0.973754216411735
0.97339120469149
0.973033088490306
0.972679209273668
0.972328927932326
0.971981633727333
0.971636753056117
0.971293757871141
0.970952173578182
0.970611586240616
0.970271648919583
0.969932086987401
0.969592702263327
0.96925337583633
0.968914069458936
0.968574825419056
0.968235764822581
0.967897084248032
0.967559050765131
0.967221995341186
0.966886304692055
0.966552411667507
0.966220784293282
0.96589191362344
0.965566300585922
0.96524444203101
0.964926816215922
0.964613867978494
0.964305993868377
0.96400352751485
0.963706725515987
0.963415754134214
0.963130677078081
0.962851444639431
0.962577884438964
0.962309694011856
0.962046435438731
0.961787532196374
0.961532268367603
0.961279790311256
0.961029110851916
0.960779116005637
0.960528574213142
0.960276148006729
0.960020407992159
0.959759848982985
0.959492908082944
0.959217984472955
0.958933460623717
0.958637724623544
0.958329193284547
0.95800633566914
0.957667696663464
0.95731192021515
0.956937771849967
0.95654416008555
0.956130156370511
0.955695013193691
0.95523818003087
0.954759316824616
0.954258304726601
0.953735253870142
0.953190507983354
0.952624645699355
0.952038478468696
0.951433045029949
0.950809602446067
0.950169613766236
0.949514732424284
0.948846783534814
0.948167742295971
0.947479709752682
0.946784886215392
0.946085542666339
0.945383990517546
0.944682550111618
0.94398351837773
0.943289136070528
0.942601555028979
0.941922805895333
0.94125476673134
0.940599132959888
0.939957389045338
0.939330782305521
0.938720299222788
0.938126644591273
0.937550223803023
0.936991128537412
0.936449126076933
0.935923652428559
0.935413809384082
0.934918365605708
0.934435761775454
0.933964119798992
0.933501256007286
0.933044698253074
