-20,-0.939692154420235
-19.9856575012151,-0.917011438595637
-19.9709187194692,-0.894615316687929
-19.9557999118944,-0.872503422850983
-19.9403167365458,-0.850674905528214
-19.9244842478355,-0.829128485560997
-19.9083168975575,-0.80786250985137
-19.891828540553,-0.786875000638553
-19.8750324441685,-0.766163700525829
-19.8579413007545,-0.745726113450637
-19.8405672425502,-0.725559541829714
-19.8229218583866,-0.705661120135774
-19.8050162117247,-0.686027845175524
-19.7868608596147,-0.666656603342964
-19.7684658722326,-0.647544195119289
-19.7498408527077,-0.62868735708277
-19.730994957003,-0.61008278168042
-19.7119369136596,-0.59172713499906
-19.6926750432497,-0.573617072757598
-19.6732172774188,-0.555749254725637
-19.6535711774243,-0.538120357756496
-19.6337439520994,-0.520727087605756
-19.6137424751939,-0.503566189689869
-19.5935733020578,-0.486634458923434
-19.5732426856449,-0.469928748758476
-19.5527565918299,-0.453445979534736
-19.5321207140354,-0.437183146236444
-19.5113404871759,-0.421137325738491
-19.4904211009302,-0.405305683613184
-19.4693675123577,-0.389685480557977
-19.4481844578778,-0.374274078494546
-19.4268764646336,-0.359068946380408
-19.4054478612625,-0.344067665765829
-19.3839027880991,-0.329267936121035
-19.3622452068326,-0.314667579951667
-19.3404789096462,-0.30026454771397
-19.3186075278611,-0.286056922535323
-19.2966345401109,-0.272042924740416
-19.2745632800694,-0.258220916178518
-19.2523969437558,-0.244589404342963
-19.230138596439,-0.231147046270115
-19.2077911791635,-0.217892652201563
-19.1853575149169,-0.20482518899031
-19.1628403144592,-0.191943783229029
-19.1402421818336,-0.179247724076226
-19.1175656195753,-0.166736465754209
-19.0948130336372,-0.154409629691286
-19.0719867380467,-0.142267006279356
-19.0490889593116,-0.130308556217299
-19.0261218405871,-0.118534411410008
-19.0030874456195,-0.106944875392795
-18.9799877624781,-0.0955404232510478
-18.9568247070891,-0.0843217010055459
-18.9336001265816,-0.0732895244346482
-18.9103158024571,-0.0624448773057391
-18.8869734535932,-0.0517889089897713
-18.8635747390901,-0.0413229314345306
-18.8401212609698,-0.0310484154743213
-18.8166145667359,-0.0209669864561527
-18.7930561518026,-0.0110804191651538
-18.7694474617994,-0.00139063203488653
-18.74578989476,0.00810031936859539
-18.7220848032004,0.0173902495966473
-18.6983334960937,0.0264768513059586
-18.6745372407468,0.035357703984678
-18.6506972645848,0.0440302834128782
-18.6268147568481,0.0524919718492712
-18.6028908702069,0.0607400689317342
-18.5789267222982,0.0687718032747285
-18.554923397189,0.0765843447421511
-18.5308819467699,0.0841748173695366
-18.5068033920838,0.0915403129048986
-18.482688724591,0.0986779049328746
-18.458538907377,0.105584663542248
-18.4343548763038,0.112257670492413
-18.4101375411092,0.118694034829934
-18.3858877864554,0.124890908902114
-18.3616064729313,0.130845504710364
-18.3372944380099,0.136555110542332
-18.3129524969631,0.142017107818079
-18.2885814437364,0.14722898808228
-18.264182051786,0.152188370071324
-18.2397550748794,0.156893016781535
-18.2153012478619,0.161340852462331
-18.1908212873908,0.165529979456228
-18.1663158926388,0.169458694806014
-18.1417857459678,0.173125506548324
-18.1172315135753,0.176529149612181
-18.0926538461148,0.179668601240877
-18.0680533792903,0.182543095855839
-18.0434307344274,0.185152139281916
-18.0187865190225,0.187495522254764
-17.9941213272694,0.189573333132773
-17.9694357405662,0.191385969738225
-17.9447303280028,0.192934150255108
-17.9200056468294,0.194218923114201
-17.8952622429081,0.195241675799744
-17.8705006511475,0.196004142516118
-17.8457213959214,0.196508410657491
-17.8209249914729,0.196756926028357
-17.7961119423028,0.196752496768235
-17.7712827435462,0.196498295939438
-17.7464378813347,0.195997862742868
-17.7215778331467,0.195255102333038
-17.696703068146,0.19427428421007
-17.671814047509,0.193060039173161
-17.6469112247414,0.191617354826885
-17.6219950459848,0.189951569638777
-17.5970659503135,0.188068365553724
-17.5721243700224,0.185973759177861
-17.5471707309056,0.183674091551834
-17.5222054525276,0.181176016540367
-17.4972289484859,0.178486487872139
-17.4722416266665,0.175612744870789
-17.4472438894922,0.172562296924644
-17.4222361341641,0.169342906749202
-17.3972187528969,0.165962572502638
-17.3721921331478,0.162429508820566
-17.3471566578403,0.158752126841848
-17.322112705582,0.154939013302501
-17.2970606508774,0.150998908779592
-17.2720008643361,0.146940685171399
-17.2469337128762,0.142773322504106
-17.2218595599234,0.138505885158761
-17.1967787656065,0.134147497615206
-17.1716916869484,0.129707319812205
-17.1465986780542,0.125194522224891
-17.1215000902954,0.1206182607621
-17.0963962724919,0.115987651587041
-17.07128757109,0.111311745965037
-17.0461743303387,0.106599505241898
-17.0210568924631,0.10185977605569
-16.9959355978357,0.0971012658833925
-16.9708107851457,0.0923325190221013
-16.9456827915664,0.0875618931020935
-16.9205519529209,0.0827975362262618
-16.8954186038467,0.0780473648270917
-16.8702830779586,0.0733190423286071
-16.8451457080108,0.0686199586965037
-16.820006826058,0.0639572109550884
-16.7948667636162,0.0593375847446668
-16.7697258518218,0.0547675369876852
-16.7445898832937,0.0502987862318458
-16.7194539147655,0.0459827000159145
-16.6943179462373,0.0418246778764264
-16.6691819777091,0.0378297436510872
-16.6440460091809,0.0340025345230522
-16.6189100406527,0.0303472914617218
-16.5937740721245,0.0268678510842554
-16.5686381035963,0.023567638955162
-16.5435021350681,0.0204496643344784
-16.51836616654,0.0175165163781921
-16.4932301980118,0.0147703617877917
-16.4680942294836,0.0122129438991202
-16.4429582609554,0.00984558319415053
-16.4178222924272,0.00766917921288551
-16.392686323899,0.00568421383638229
-16.3675503553708,0.00389075590591113
-16.3424143868426,0.00228846713753993
-16.3172784183144,0.000876609285988844
-16.2921424497863,-0.000345947493514062
-16.2670064812581,-0.00138071514144514
-16.2418705127299,-0.00222957710874744
-16.2167345442017,-0.00289477675467985
-16.1915985756735,-0.0033789047959262
-16.1664626071453,-0.00368488587837544
-16.1413266386171,-0.00381596434578009
-16.1161906700889,-0.00377568928186957
-16.0910547015607,-0.00356789890440998
-16.0659187330325,-0.0031967043911706
-16.0407827645044,-0.00266647321877206
-16.0156467959762,-0.00198181209595043
-15.990510827448,-0.00114754957288053
-15.9653748589198,-0.000168718407871971
-15.9402388903916,0.000949462228027026
-15.9151029218634,0.00220160462917421
-15.8899669533352,0.00358217043849829
-15.864830984807,0.00508548845996035
-15.8396950162788,0.00670577232698044
-15.8145590477507,0.00843713795624253
-15.7894230792225,0.0102736207193815
-15.7642871106943,0.0122091922684542
-15.7391511421661,0.0142377769547898
-15.7140151736379,0.0163532677847653
-15.6888792051097,0.0185495418602414
-15.6637432365815,0.0208204752557793
-15.6386072680533,0.023159957289333
-15.6134712995251,0.0255619041478077
-15.588335330997,0.0280202718337017
-15.5631993624688,0.0305290684039387
-15.5380633939406,0.0330823654769435
-15.5129274254124,0.0356743089889663
-15.4877914568842,0.0382991291855986
-15.462655488356,0.0409511498393101
-15.4375195198278,0.04362479668864
-15.4123835512996,0.0463146050993746
-15.3872475827714,0.049015226952591
-15.3621116142432,0.051721436768842
-15.3369756457151,0.0544281370819472
-15.3118396771869,0.0571303630798329
-15.2867037086587,0.059823286533605
-15.2615677401305,0.0625022190395134
-15.2364317716023,0.0651626146016658
-15.2112958030741,0.0678000715862615
-15.1861598345459,0.0704103340807043
-15.1610238660177,0.0729892926932429
-15.1358878974895,0.075532984830735
-15.1107519289614,0.0780375944937518
-15.0856159604332,0.0804994516295263
-15.060479991905,0.0829150310841916
-15.0353440233768,0.085280951196368
-15.0102080548486,0.0875939720744392
-14.9850720863204,0.0898509935998101
-14.9599361177922,0.0920490531980841
-14.934800149264,0.0941853234194301
-14.9096641807358,0.0962571093684605
-14.8845282122077,0.0982618460227115
-14.8593922436795,0.100197095477334
-14.8342562751513,0.102060544151886
-14.8091203066231,0.103849999993161
-14.7839843380949,0.105563389705895
-14.7588483695667,0.107198756040828
-14.7337124010385,0.108754255167204
-14.7085764325103,0.110228154154186
-14.6834404639821,0.111618828582983
-14.658304495454,0.112924760308769
-14.6331685269258,0.114144535388658
-14.6080325583976,0.115276842189189
-14.5828965898694,0.116320469683963
-14.5577606213412,0.117274305949305
-14.532624652813,0.118137336863044
-14.5074886842848,0.118908645008897
-14.4823527157566,0.119587408786316
-14.4572167472284,0.120172901723225
-14.4320807787002,0.12066449198674
-14.4069448101721,0.121061642084746
-14.3818088416439,0.121363908749217
-14.3566728731157,0.121570942990262
-14.3315369045875,0.121682490308231
-14.3064009360593,0.121698391049692
-14.2812649675311,0.121618580891823
-14.2561289990029,0.12144309143862
-14.2309930304747,0.121172050911469
-14.2058570619465,0.120805684915869
-14.1807210934184,0.120344317265631
-14.1555851248902,0.119788370845534
-14.130449156362,0.119138368493291
-14.1053131878338,0.118394933881719
-14.0801772193056,0.117558792382231
-14.0550412507774,0.116630771891127
-14.0299052822492,0.115611803600653
-14.004769313721,0.114502922697489
-13.9796333451928,0.113305268972021
-13.9544973766647,0.112020087322677
-13.9293614081365,0.110648728140492
-13.9042254396083,0.10919264756014
-13.8790894710801,0.107653407564687
-13.8539535025519,0.106032675932476
-13.8288175340237,0.104332226015648
-13.8036815654955,0.102553936340979
-13.7785455969673,0.100699790024807
-13.7534096284391,0.0987718739949776
-13.728273659911,0.0967723780137909
-13.7031376913828,0.0947035934969875
-13.6780017228546,0.092567912124792
-13.6528657543264,0.0903678242419605
-13.6277297857982,0.0881059170446346
-13.60259381727,0.0857848725525892
-13.5774578487418,0.0834074653661652
-13.5523218802136,0.0809765602078044
-13.5271859116854,0.0784951092486496
-13.5020499431572,0.0759661492211372
-13.4769139746291,0.0733927983188982
-13.4517780061009,0.0707782528856006
-13.4266420375727,0.0681257838946116
-13.4015060690445,0.06543873322155
-13.3763701005163,0.0627205097119295
-13.3512341319881,0.0599745850461919
-13.3260981634599,0.0572044894044835
-13.3009621949317,0.0544138069335673
-13.2758262264035,0.0516061710182885
-13.2506902578754,0.0487852593600379
-13.2255542893472,0.0459547888646962
-13.200418320819,0.043118510342606
-13.1752823522908,0.0402802030232165
-13.1501463837626,0.0374436688871979
-13.1250104152344,0.0346127268190182
-13.0998744467062,0.0317912065832589
-13.074738478178,0.0289829426282876
-13.0496025096498,0.0261917677213436
-13.0244665411217,0.0234215064196153
-12.9993305725935,0.0206759683825132
-12.9741946040653,0.0179589415310572
-12.9490586355371,0.0152741850611251
-12.9239226670089,0.0126254223182257
-12.8987866984807,0.0100163335424894
-12.8736507299525,0.00745054849368369
-12.8485147614243,0.0049316389672744
-12.8233787928961,0.00246311121384511
-12.7982428243679,4.83982755613566e-05
-12.7731068558398,-0.00230914774520652
-12.7479708873116,-0.00460626346849154
-12.7228349187834,-0.00683978205244239
-12.6976989502552,-0.00900664102245535
-12.672562981727,-0.0111038900924867
-12.6474270131988,-0.0131286989557534
-12.6222910446706,-0.0150783650205122
-12.5971550761424,-0.0169503210651215
-12.5720191076142,-0.0187421427851878
-12.5468831390861,-0.0204515562042553
-12.5217471705579,-0.0220764449182849
-12.4966112020297,-0.0236148571430474
-12.4714752335015,-0.0250650125326016
-12.4463392649733,-0.0264253087362108
-12.4212032964451,-0.0276943276604187
-12.3960673279169,-0.0288708414025575
-12.3709313593887,-0.029953817821721
-12.3457953908605,-0.0309424257132007
-12.3206594223324,-0.0318360395525913
-12.2955234538042,-0.0326342437761964
-12.270387485276,-0.0333368365650488
-12.2452515167478,-0.0339438331007762
-12.2201155482196,-0.0344554682627203
-12.1949795796914,-0.0348721987371348
-12.1698436111632,-0.0351947045109539
-12.144707642635,-0.0354238897245422
-12.1195716741068,-0.035560882859969
-12.0944357055787,-0.0356070362437356
-12.0692997370505,-0.0355639248454616
-12.0441637685223,-0.0354333443568315
-12.0190277999941,-0.0352173085380707
-11.9938918314659,-0.0349180458223706
-11.9687558629377,-0.0345379951719645
-11.9436198944095,-0.0340798011829897
-11.9184839258813,-0.0335463084397823
-11.8933479573531,-0.0329405551228789
-11.8682119888249,-0.0322657658786536
-11.8430760202968,-0.0315253439622366
-11.8179400517686,-0.0307228626690652
-11.7928040832404,-0.0298620560741217
-11.7676681147122,-0.0289468091015681
-11.742532146184,-0.0279811469510785
-11.7173961776558,-0.0269692239106682
-11.6922602091276,-0.0259153115892083
-11.6671242405994,-0.0248237866050559
-11.6419882720712,-0.0236991177703253
-11.6168523035431,-0.0225458528132252
-11.5917163350149,-0.0213686046836078
-11.5665803664867,-0.020172037489356
-11.5414443979585,-0.0189608521135102
-11.5163084294303,-0.0177397715640399
-11.4911724609021,-0.0165135261099356
-11.4660364923739,-0.0152868382587796
-11.4409005238457,-0.01406440763218
-11.4157645553175,-0.0128508957963828
-11.3906285867894,-0.0116509111060376
-11.3654926182612,-0.0104689936194542
-11.340356649733,-0.00930960014377775
-11.3152206812048,-0.00817708946830557
-11.2900847126766,-0.00707570784369692
-11.2649487441484,-0.00600957476407203
-11.2398127756202,-0.00498266910798803
-11.214676807092,-0.00399881569300417
-11.1895408385638,-0.00306167229703579
-11.1644048700356,-0.00217471719794358
-11.1392689015075,-0.0013412372808362
-11.1141329329793,-0.000564316760378547
-11.0889969644511,0.00015317343697005
-11.0638609959229,0.000808585588425045
-11.0387250273947,0.00139950434840423
-11.0135890588665,0.00192375514333488
-10.9884530903383,0.00237941175396508
-10.9633171218101,0.00276480305452338
-10.9381811532819,0.00307851888129465
-10.9130451847538,0.00331941500649474
-10.8879092162256,0.00348661719670985
-10.8627732476974,0.00357952433861357
-10.8376372791692,0.00359781061816393
-10.812501310641,0.00354142674300879
-10.7873653421128,0.00341060020136516
-10.7622293735846,0.00320583455419451
-10.7370934050564,0.00292790776103652
-10.7119574365282,0.00257786954339839
-10.6868214680001,0.00215703779310003
-10.6616854994719,0.00166699403644768
-10.6365495309437,0.00110957796853205
-10.6114135624155,0.000486881075322507
-10.5862775938873,-0.000198760635464534
-10.5611416253591,-0.000944774770500451
-10.5360056568309,-0.00174836152660202
-10.5108696883027,-0.00260650347565004
-10.4857337197745,-0.00351597612522853
-10.4605977512463,-0.00447335921865838
-10.4354617827182,-0.00547504873532749
-10.41032581419,-0.00651726954955927
-10.3851898456618,-0.00759608870373006
-10.3600538771336,-0.0087074292489383
-10.3349179086054,-0.00984708460426939
-10.3097819400772,-0.0110107333835799
-10.284645971549,-0.0121939546367649
-10.2595100030208,-0.0133922434506778
-10.2343740344926,-0.0146010268532436
-10.2092380659645,-0.0158156799628665
-10.1841020974363,-0.0170315423239814
-10.1589661289081,-0.0182439343685401
-10.1338301603799,-0.0194481739423812
-10.1086941918517,-0.0206395928347986
-10.0835582233235,-0.0218135532492191
-10.0584222547953,-0.0229654641527214
-10.0332862862671,-0.0240907974421956
-10.0081503177389,-0.0251851038652495
-9.98301434921075,-0.0262440286345292
-9.95787838068257,-0.0272633266749397
-9.93274241215438,-0.0282388774443262
-9.90760644362619,-0.0291666992695198
-9.882470475098,-0.0300429631412559
-9.85733450656981,-0.0308640059133414
-9.83219853804162,-0.0316263428535835
-9.80706256951343,-0.0323266794963837
-9.78192660098524,-0.0329619227495513
-9.75679063245705,-0.0335291912107903
-9.73165466392886,-0.0340258246524494
-9.70651869540067,-0.0344493926365008
-9.68138272687248,-0.0347977022252987
-9.65624675834429,-0.0350688047574639
-9.63111078981611,-0.0352610016622258
-9.60597482128792,-0.0353728492897073
-9.58083885275973,-0.0354031627389471
-9.55570288423154,-0.0353510186698933
-9.53056691570335,-0.0352157570901512
-9.50543094717516,-0.0349969821119032
-9.48029497864697,-0.034694561679113
-9.45515901011878,-0.0343086262698574
-9.43002304159059,-0.0338395665833614
-9.4048870730624,-0.0332880302260337
-9.37975110453421,-0.0326549174154631
-9.35461513600602,-0.0319413757259302
-9.32947916747784,-0.0311487939034702
-9.30434319894965,-0.0302787947828833
-9.27920723042146,-0.0293332273432674
-9.25407126189327,-0.0283141579426701
-9.22893529336508,-0.0272238607762289
-9.20379932483689,-0.0260648076057384
-9.1786633563087,-0.0248396568118646
-9.15352738778051,-0.0235512418232449
-9.12839141925232,-0.0222025589794154
-9.10325545072413,-0.0207967548869056
-9.07811948219594,-0.0193371133298912
-9.05298351366775,-0.017827041798513
-9.02784754513956,-0.0162700576993217
-9.00271157661138,-0.0146697743133073
-8.97757560808319,-0.0130298865675864
-8.952439639555,-0.0113541566870904
-8.92730367102681,-0.00964639979247221
-8.90216770249862,-0.00791046950998002
-8.87703173397043,-0.00615024365820735
-8.85189576544224,-0.0043696100754467
-8.82675979691405,-0.00257245264985016
-8.80162382838586,-0.000762637612760395
-8.77648785985767,0.00105599984658067
-8.75135189132948,0.00287966858916898
-8.72621592280129,0.00470463410415962
-8.7010799542731,0.00652723060645019
-8.67594398574492,0.00834387260698567
-8.65080801721673,0.0101510659122059
-8.62567204868853,0.0119454180125988
-8.60053608016035,0.0137236478240031
-8.57540011163216,0.0154825947491068
-8.55026414310397,0.0172192270304749
-8.52512817457578,0.0189306493703946
-8.49999220604759,0.0206141097968151
-8.4748562375194,0.0222670057586588
-8.44972026899121,0.0238868894377662
-8.42458430046302,0.025471472268683
-8.39944833193483,0.0270186286613839
-8.37431236340664,0.0285263989258298
-8.34917639487846,0.0299929914009554
-8.32404042635026,0.0314167837942654
-8.29890445782208,0.0327963237416628
-8.27376848929389,0.0341303286004261
-8.2486325207657,0.0354176844913888
-8.22349655223751,0.036657444609333
-8.19836058370932,0.0378488268233956
-8.17322461518113,0.0389912105918812
-8.14808864665294,0.0400841332182854
-8.12295267812475,0.0411272854775528
-8.09781670959656,0.0421205066436207
-8.07268074106837,0.0430637789511399
-8.04754477254018,0.0439572215259165
-8.02240880401199,0.0448010838200921
-7.9972728354838,0.0455957385893751
-7.97213686695562,0.0463416744507643
-7.94700089842743,0.0470394880601698
-7.92186492989924,0.0476898759501492
-7.89672896137105,0.0482936260686432
-7.87159299284286,0.0488516090601241
-7.84645702431467,0.0493647693309702
-7.82132105578648,0.049834115941163
-7.79618508725829,0.0502607133645669
-7.7710491187301,0.0506456721601219
-7.74591315020191,0.0509901395962353
-7.72077718167372,0.0512952902705383
-7.69564121314553,0.051562316766952
-7.67050524461734,0.0517924203917062
-7.64536927608916,0.0519868020295749
-7.62023330756097,0.0521466531611244
-7.59509733903278,0.0522731470812291
-7.56996137050459,0.0523674303584811
-7.5448254019764,0.0524306145744165
-7.51968943344821,0.0524637683806777
-7.49455346492002,0.0524679099113522
-7.46941749639183,0.0524439995867417
-7.44428152786364,0.0523929333437343
-7.41914555933545,0.0523155363267588
-7.39400959080726,0.0522125570719978
-7.36887362227907,0.0520846622161069
-7.34373765375089,0.0519324317591319
-7.3186016852227,0.0517563549096262
-7.29346571669451,0.0515568265381387
-7.26832974816632,0.0513341442632601
-7.24319377963813,0.0510885061922849
-7.21805781110994,0.0508200093362582
-7.19292184258175,0.0505286487167224
-7.16778587405356,0.0502143171788748
-7.14264990552537,0.0498768059230688
-7.11751393699718,0.0495158057636658
-7.09237796846899,0.0491309091211521
-7.0672419999408,0.0487216127501987
-7.04210603141261,0.0482873212029627
-7.01697006288443,0.0478273510234055
-6.99183409435624,0.0473409356647758
-6.96669812582805,0.0468272311186481
-6.94156215729986,0.0462853222400783
-6.91642618877167,0.0457142297495206
-6.89129022024348,0.0451129178881821
-6.86615425171529,0.0444803026994939
-6.8410182831871,0.0438152609053725
-6.81588231465891,0.0431166393419432
-6.79074634613072,0.0423832649154648
-6.76561037760253,0.0416139550353015
-6.74047440907434,0.0408075284770242
-6.71533844054616,0.0399628166250682
-6.69020247201797,0.0390786750408911
-6.66506650348978,0.0381539952992765
-6.63993053496159,0.0371877170323517
-6.6147945664334,0.0361788401180658
-6.58965859790521,0.0351264369473203
-6.56452262937702,0.0340296647017147
-6.53938666084883,0.0328877775719577
-6.51425069232064,0.0317001388454559
-6.48911472379245,0.0304662327904283
-6.46397875526426,0.0291856762631404
-6.43884278673607,0.0278582299645236
-6.41370681820788,0.0264838092725483
-6.38857084967969,0.0250624945772914
-6.36343488115151,0.0235945410466594
-6.33829891262332,0.0220803877522364
-6.31316294409513,0.0205206660866975
-6.28802697556694,0.0189162074066881
-6.26289100703875,0.017268049837993
-6.23775503851056,0.0155774441832211
-6.21261906998237,0.0138458588760776
-6.18748310145418,0.0120749839306023
-6.16234713292599,0.010266733838465
-6.1372111643978,0.00842324937254735
-6.11207519586961,0.00654689826054174
-6.08693922734142,0.00464027469816305
-6.06180325881323,0.00270619767775222
-6.03666729028505,0.000747708114519255
-6.01153132175686,-0.00123193524060333
-5.98639535322867,-0.00322926110559418
-5.96125938470048,-0.00524059218646
-5.93612341617229,-0.00726205290060411
-5.9109874476441,-0.00928957828690917
-5.88585147911591,-0.0113189240776591
-5.86071551058772,-0.0133456779001003
-5.83557954205953,-0.0153652715681881
-5.81044357353134,-0.0173729944179224
-5.78530760500315,-0.0193640076326976
-5.76017163647496,-0.0213333594983343
-5.73503566794678,-0.0232760015209593
-5.70989969941859,-0.0251868053347178
-5.6847637308904,-0.027060580320472
-5.65962776236221,-0.028892091851222
-5.63449179383402,-0.0306760800750056
-5.60935582530583,-0.032407279141552
-5.58421985677764,-0.0340804367749972
-5.55908388824945,-0.0356903340915796
-5.53394791972126,-0.0372318055584161
-5.50881195119307,-0.0386997589872905
-5.48367598266488,-0.0400891954558312
-5.45854001413669,-0.0413952290476011
-5.4334040456085,-0.0426131063024166
-5.40826807708032,-0.0437382252687341
-5.38313210855213,-0.0447661540511316
-5.35799614002394,-0.045692648747838
-5.33286017149575,-0.0465136706758552
-5.30772420296756,-0.0472254027845355
-5.28258823443937,-0.0478242651624421
-5.25745226591118,-0.0483069295469763
-5.23231629738299,-0.048670332751527
-5.2071803288548,-0.0489116889307976
-5.18204436032661,-0.0490285006114342
-5.15690839179842,-0.0490185684220995
-5.13177242327023,-0.0488799994646427
-5.10663645474204,-0.0486112142760006
-5.08150048621385,-0.048210952338828
-5.05636451768567,-0.0476782761075962
-5.03122854915748,-0.0470125735259171
-5.00609258062929,-0.0462135590201137
-4.9809566121011,-0.0452812729634969
-4.95582064357291,-0.0442160796153482
-4.93068467504472,-0.0430186635482066
-4.90554870651653,-0.0416900245866159
-4.88041273798834,-0.0402314712899729
-4.85527676946015,-0.0386446130214265
-4.83014080093196,-0.0369313506538737
-4.80500483240377,-0.0350938659728871
-4.77986886387558,-0.0331346098448491
-4.75473289534739,-0.0310562892265755
-4.72959692681921,-0.0288618531002382
-4.70446095829102,-0.0265544774243766
-4.67932498976283,-0.024137549198173
-4.65418902123464,-0.0216146497418947
-4.62905305270645,-0.0189895373014429
-4.60391708417826,-0.016266129089245
-4.57878111565007,-0.0134484828772417
-4.55364514712188,-0.010540778260438
-4.52850917859369,-0.00754729771136323
-4.5033732100655,-0.00447240754681448
-4.47823724153731,-0.00132053892842161
-4.45310127300912,0.00190383098213406
-4.42796530448094,0.00519619759399235
-4.40282933595275,0.00855204706726036
-4.37769336742456,0.0119668739889003
-4.35255739889637,0.0154361984349413
-4.32742143036818,0.018955582314508
-4.30228546183999,0.0225206448968368
-4.2771494933118,0.0261270774288501
-4.25201352478361,0.0297706567579411
-4.22687755625542,0.033447257882324
-4.20174158772723,0.0371528653595817
-4.17660561919904,0.0408835835128191
-4.15146965067085,0.0446356453830582
-4.12633368214266,0.0484054203860948
-4.10119771361448,0.0521894206419298
-4.07606174508629,0.0559843059549955
-4.0509257765581,0.0597868874336486
-4.02578980802991,0.0635941297477189
-4.00065383950172,0.0674031520332021
-3.97551787097353,0.0712112274633898
-3.95038190244534,0.0750157815157594
-3.92524593391715,0.0788143889737255
-3.90010996538896,0.0826047697118018
-3.87497399686077,0.0863847833217728
-3.84983802833258,0.0901524226460549
-3.82470205980439,0.0939058062924633
-3.7995660912762,0.097643170212054
-3.77443012274801,0.101362858428494
-3.74929415421983,0.105063313013504
-3.72415818569164,0.108743063408259
-3.69902221716345,0.11240071519517
-3.67388624863526,0.11603493842821
-3.64875028010707,0.119644455632831
-3.62361431157888,0.12322802958852
-3.59847834305069,0.126784451008211
-3.5733423745225,0.130312526228996
-3.54820640599431,0.133811065028005
-3.52307043746612,0.137278868675787
-3.49793446893793,0.140714718337235
-3.47279850040974,0.144117363926888
-3.44766253188155,0.147485513521511
-3.42252656335337,0.150817823428096
-3.39739059482518,0.154112888999982
-3.37225462629699,0.157369236287664
-3.3471186577688,0.160585314604093
-3.32198268924061,0.163759490076949
-3.29684672071242,0.166890040252537
-3.27171075218423,0.169975149807655
-3.24657478365604,0.173012907417136
-3.22143881512785,0.176001303815766
-3.19630284659966,0.178938231084076
-3.17116687807147,0.181821483178082
-3.14603090954328,0.184648757713566
-3.12089494101509,0.187417659005937
-3.09575897248691,0.190125702357201
-3.07062300395872,0.192770319572211
-3.04548703543053,0.195348865677083
-3.02035106690234,0.19785862680372
-2.99521509837415,0.200296829195665
-2.97007912984596,0.202660649282169
-2.94494316131777,0.204947224759439
-2.91980719278958,0.207153666610546
-2.89467122426139,0.20927707198851
-2.8695352557332,0.211314537880702
-2.84439928720501,0.213263175466816
-2.81926331867682,0.215120125077529
-2.79412735014863,0.216882571656359
-2.76899138162045,0.218547760623382
-2.74385541309226,0.220113014036262
-2.71871944456407,0.221575746941562
-2.69358347603588,0.22293348380753
-2.66844750750769,0.224183874928501
-2.6433115389795,0.225324712690673
-2.61817557045131,0.226353947589434
-2.59303960192312,0.227269703889409
-2.56790363339493,0.228070294820183
-2.54276766486674,0.228754237203042
-2.51763169633855,0.229320265407118
-2.49249572781036,0.229767344536994
-2.46735975928217,0.230094682758062
-2.44222379075399,0.230301742670757
-2.4170878222258,0.230388251650082
-2.39195185369761,0.230354211072686
-2.36681588516942,0.230199904359985
-2.34167991664123,0.229925903772483
-2.31654394811304,0.229533075897497
-2.29140797958485,0.229022585779788
-2.26627201105666,0.228395899652262
-2.24113604252847,0.227654786231722
-2.21600007400028,0.226801316552695
-2.19086410547209,0.225837862320526
-2.1657281369439,0.224767092773185
-2.14059216841571,0.223591970049551
-2.11545619988753,0.222315743070249
-2.09032023135934,0.220941939945357
-2.06518426283115,0.219474358931517
-2.04004829430296,0.217917057969
-2.01491232577477,0.216274342837179
-1.98977635724658,0.214550753974496
-1.96464038871839,0.212751052016472
-1.9395044201902,0.210880202112364
-1.91436845166201,0.208943357087949
-1.88923248313382,0.206945839528271
-1.86409651460563,0.20489312286031
-1.83896054607744,0.20279081152109
-1.81382457754925,0.200644620301941
-1.78868860902107,0.198460352964337
-1.76355264049288,0.196243880226885
-1.73841667196469,0.194001117226735
-1.7132807034365,0.191738000561798
-1.68814473490831,0.189460465022719
-1.66300876638012,0.187174420125565
-1.63787279785193,0.184885726557568
-1.61273682932374,0.182600172649108
-1.58760086079555,0.180323450985346
-1.56246489226736,0.178061135270519
-1.53732892373917,0.175818657556953
-1.51219295521098,0.1736012859493
-1.48705698668279,0.171414102892315
-1.46192101815461,0.169261984147806
-1.43678504962642,0.167149578563067
-1.41164908109823,0.165081288729308
-1.38651311257004,0.163061252624196
-1.36137714404185,0.161093326327812
-1.33624117551366,0.159181067895949
-1.31110520698547,0.157327722468934
-1.28596923845728,0.155536208687939
-1.26083326992909,0.153809106484186
-1.2356973014009,0.152148646299521
-1.21056133287271,0.150556699789634
-1.18542536434452,0.149034772053698
-1.16028939581633,0.147583995426519
-1.13515342728815,0.14620512486141
-1.11001745875996,0.144898534923999
-1.08488149023177,0.143664218409125
-1.05974552170358,0.142501786584838
-1.03460955317539,0.141410471059464
-1.0094735846472,0.14038912725965
-0.98433761611901,0.139436239499412
-0.959201647590821,0.138549927612457
-0.934065679062631,0.137727955112532
-0.908929710534442,0.136967738839264
-0.883793742006253,0.136266360039985
-0.858657773478064,0.1356205768314
-0.833521804949875,0.135026837978696
-0.808385836421685,0.134481297923869
-0.783249867893496,0.133979832989613
-0.758113899365307,0.133518058680276
-0.732977930837118,0.1330913479969
-0.707841962308928,0.132694850679555
-0.682705993780739,0.132323513286807
-0.65757002525255,0.131972100019393
-0.632434056724361,0.131635214192982
-0.607298088196171,0.131307320263276
-0.582162119667982,0.130982766305621
-0.557026151139793,0.130655806850845
-0.531890182611604,0.130320625979108
-0.506754214083415,0.129971360574146
-0.481618245555225,0.129602123641492
-0.456482277027036,0.129207027595878
-0.431346308498847,0.128780207425191
-0.406210339970658,0.128315843640963
-0.381074371442468,0.127808184928371
-0.355938402914279,0.127251570412183
-0.33080243438609,0.126640451458793
-0.305666465857901,0.125969412938601
-0.280530497329712,0.125233193877317
-0.255394528801522,0.124426707429318
-0.230258560273333,0.123545060110954
-0.205122591745144,0.122583570236557
-0.179986623216955,0.12153778550488
-0.154850654688765,0.120403499688718
-0.129714686160576,0.119176768385464
-0.104578717632387,0.117853923791356
-0.0794427491041977,0.116431588467062
-0.0543067805760085,0.114906688067032
-0.0291708120478192,0.11327646300973
-0.00403484351963002,0.111538479070247
0.0211011250085592,0.109690636881135
0.0462370935367484,0.107731180331242
0.0713730620649377,0.105658703856158
0.0965090305931269,0.103472158617329
0.121644999121316,0.10117085757015
0.146780967649505,0.0987544794242457
0.171916936177695,0.0962230715017891
0.197052904705884,0.0935770515020517
0.222188873234073,0.0908172081824212
0.247324841762262,0.0879447009679007
0.272460810290452,0.0849610585026164
0.297596778818641,0.0818681761581112
0.32273274734683,0.0786683125142485
0.347868715875019,0.0753640848293654
0.373004684403208,0.0719584635169808
0.398140652931398,0.0684547656468536
0.423276621459587,0.0648566474885809
0.448412589987776,0.0611680961162142
0.473548558515965,0.0573934200926253
0.498684527044155,0.0535372392525664
0.523820495572344,0.0496044736036162
0.548956464100533,0.0456003313644782
0.574092432628722,0.0415302961604631
0.599228401156911,0.0374001133964538
0.624364369685101,0.0332157758282567
0.64950033821329,0.0289835083540112
0.674636306741479,0.0247097520482797
0.699772275269668,0.020401147462599
0.724908243797858,0.0160645172176495
0.750044212326047,0.0117068479138095
0.775180180854236,0.00733527138871097
0.800316149382425,0.00295704535250815
0.825452117910615,-0.00142046656609697
0.850588086438804,-0.00578981532745118
0.875724054966993,-0.010143487503755
0.900860023495182,-0.0144739267756472
0.925995992023371,-0.0187735558579471
0.951131960551561,-0.0230347988065613
0.97626792907975,-0.0272501036550613
1.00140389760794,-0.0314119653258272
1.02653986613613,-0.0355129487569748
1.05167583466432,-0.0395457121825744
1.07681180319251,-0.0435030304999736
1.1019477717207,-0.0473778186543986
1.12708374024889,-0.0511631549674693
1.15221970877707,-0.0548523043328846
1.17735567730526,-0.0584387411993467
1.20249164583345,-0.0619161722578594
1.22762761436164,-0.0652785587479006
1.25276358288983,-0.0685201382946767
1.27789955141802,-0.0716354461877657
1.30303551994621,-0.0746193360099958
1.3281714884744,-0.0774669995244141
1.35330745700259,-0.0801739857267331
1.37844342553078,-0.0827362189707153
1.40357939405897,-0.0851500160746141
1.42871536258716,-0.0874121023180499
1.45385133111535,-0.0895196262405851
1.47898729964353,-0.0914701731557827
1.50412326817172,-0.0932617772977122
1.52925923669991,-0.0948929325206809
1.5543952052281,-0.0963626014774484
1.57953117375629,-0.0976702232062856
1.60466714228448,-0.0988157190629747
1.62980311081267,-0.0997994969401804
1.65493907934086,-0.100622453723525
1.68007504786905,-0.101285975941143
1.70521101639724,-0.101791938571447
1.73034698492543,-0.102142701982196
1.75548295345362,-0.102341106982801
1.78061892198181,-0.102390467980911
1.80575489050999,-0.102294564243755
1.83089085903818,-0.10205762927439
1.85602682756637,-0.101684338322801
1.88116279609456,-0.101179794061688
1.90629876462275,-0.100549510466715
1.93143473315094,-0.0997993949508286
1.95657070167913,-0.0989357288120032
1.98170667020732,-0.0979651460632872
2.00684263873551,-0.0968946107232788
2.0319786072637,-0.0957313926540674
2.05711457579189,-0.0944830420421712
2.08225054432008,-0.0931573626260074
2.10738651284827,-0.0917623837809032
2.13252248137645,-0.0903063315795125
2.15765844990464,-0.0887975989517175
2.18279441843283,-0.0872447150735811
2.20793038696102,-0.0856563141196721
2.23306635548921,-0.0840411035170336
2.2582023240174,-0.0824078318422024
2.28333829254559,-0.0807652565049713
2.30847426107378,-0.0791221113640078
2.33361022960197,-0.0774870744199819
2.35874619813016,-0.0758687357315154
2.38388216665835,-0.0742755656980427
2.40901813518654,-0.0727158838515786
2.43415410371473,-0.0711978282964416
2.45929007224291,-0.0697293259321995
2.4844260407711,-0.068318063590521
2.50956200929929,-0.0669714602112701
2.53469797782748,-0.0656966401771027
2.55983394635567,-0.0645004079190781
2.58496991488386,-0.0633892238984174
2.61010588341205,-0.0623691820616033
2.63524185194024,-0.0614459888575578
2.66037782046843,-0.0606249438967476
2.68551378899662,-0.0599109223227939
2.71064975752481,-0.0593083589575921
2.735785726053,-0.0588212342711386
2.76092169458119,-0.0584530622172833
2.78605766310937,-0.0582068799665804
2.81119363163756,-0.0580852395573117
2.83632960016575,-0.0580902014757478
2.86146556869394,-0.0582233301667966
2.88660153722213,-0.0584856914664829
2.91173750575032,-0.0588778519382394
2.93687347427851,-0.059399880085851
2.9620094428067,-0.0600513494071193
2.98714541133489,-0.0608313432439817
3.01228137986308,-0.0617384613769431
3.03741734839127,-0.0627708283043424
3.06255331691946,-0.0639261031401802
3.08768928544765,-0.0652014910580464
3.11282525397583,-0.0665937562031012
3.13796122250402,-0.0680992359891342
3.16309719103221,-0.0697138566934417
3.1882331595604,-0.0714331502586512
3.21336912808859,-0.0732522722076729
3.23850509661678,-0.0751660205756899
3.26364106514497,-0.077168855761475
3.28877703367316,-0.0792549211993604
3.31391300220135,-0.0814180647528416
3.33904897072954,-0.0836518607310724
3.36418493925773,-0.0859496324303496
3.38932090778592,-0.0883044751040828
3.41445687631411,-0.0907092792666548
3.43959284484229,-0.0931567542389553
3.46472881337048,-0.095639451846191
3.48986478189867,-0.0981497901817723
3.51500075042686,-0.100680077354631
3.54013671895505,-0.103222535141159
3.56527268748324,-0.10576932246707
3.59040865601143,-0.108312558648746
3.61554462453962,-0.110844346328134
3.64068059306781,-0.113356794039751
3.665816561596,-0.11584203835304
3.69095253012419,-0.118292265537892
3.71608849865238,-0.120699732705805
3.74122446718057,-0.123056788383683
3.76636043570875,-0.125355892481698
3.79149640423694,-0.12758963562099
3.81663237276513,-0.129750757791072
3.84176834129332,-0.13183216631079
3.86690430982151,-0.133826953070389
3.8920402783497,-0.135728411035749
3.91717624687789,-0.137530049999077
3.94231221540608,-0.139225611563306
3.96744818393427,-0.140809083350181
3.99258415246246,-0.1422747124244
4.01772012099065,-0.143617017928337
4.04285608951884,-0.144830802923747
4.06799205804703,-0.145911165438453
4.09312802657522,-0.146853508717357
4.1182639951034,-0.147653550678233
4.14339996363159,-0.148307332573621
4.16853593215978,-0.148811226860814
4.19367190068797,-0.149161944282427
4.21880786921616,-0.149356540160311
4.24394383774435,-0.149392419905786
4.26907980627254,-0.149267343749205
4.29421577480073,-0.148979430691813
4.31935174332892,-0.148527161682779
4.34448771185711,-0.147909382024136
4.3696236803853,-0.147125303006189
4.39475964891349,-0.146174502775827
4.41989561744168,-0.145056926440046
4.44503158596986,-0.143772885406946
4.47016755449805,-0.142323055966475
4.49530352302624,-0.140708477113316
4.52043949155443,-0.138930547614545
4.54557546008262,-0.136991022325044
4.57071142861081,-0.13489200775413
4.595847397139,-0.132635956887538
4.62098336566719,-0.130225663269658
4.64611933419538,-0.127664254351914
4.67125530272357,-0.124955184114257
4.69639127125176,-0.122102224968047
4.72152723977995,-0.119109458950012
4.74666320830813,-0.115981268218552
4.77179917683632,-0.112722324865362
4.79693514536451,-0.109337580057215
4.8220711138927,-0.105832252524667
4.84720708242089,-0.102211816416529
4.87234305094908,-0.098481988541066
4.89747901947727,-0.0946487150171055
4.92261498800546,-0.0907181573604476
4.94775095653365,-0.086696678033271
4.97288692506184,-0.0825908254864707
4.99802289359003,-0.0784073187271272
5.02315886211822,-0.0741530314455112
5.04829483064641,-0.0698349757381781
5.07343079917459,-0.0654602854657701
5.09856676770278,-0.0610361992861106
5.12370273623097,-0.0565700434050147
5.14883870475916,-0.0520692140889444
5.17397467328735,-0.047541159985184
5.19911064181554,-0.0429933642965865
5.22424661034373,-0.0384333268591338
5.24938257887192,-0.0338685461715485
5.27451854740011,-0.0293065014269849
5.2996545159283,-0.0247546345974008
5.32479048445649,-0.0202203326215705
5.34992645298468,-0.0157109097478265
5.37506242151287,-0.0112335900825306
5.40019839004106,-0.00679549039495074
5.42533435856924,-0.00240360322868083
5.45047032709743,0.00193521963102077
5.47560629562562,0.00621428328557466
5.50074226415381,0.0104270653998886
5.525878232682,0.0145672313817944
5.55101420121019,0.0186286490198451
5.57615016973838,0.0226054025369541
5.60128613826657,0.0264918060192657
5.62642210679476,0.0302824161817151
5.65155807532295,0.0339720444339383
5.67669404385114,0.0375557682125206
5.70183001237933,0.0410289415480147
5.72696598090752,0.0443872048376963
5.7521019494357,0.047626493797642
5.77723791796389,0.0507430475704084
5.80237388649208,0.0537334159673265
5.82750985502027,0.0565944658272193
5.85264582354846,0.0593233864761537
5.87778179207665,0.0619176942756783
5.90291776060484,0.064375236249825
5.92805372913303,0.0666941927839907
5.95318969766122,0.0688730793916237
5.97832566618941,0.0709107475474405
6.0034616347176,0.0728063845886499
6.02859760324579,0.0745595126883927
6.05373357177397,0.0761699869082762
6.07886954030216,0.0776379923395143
6.10400550883035,0.078964040344755
6.12914147735854,0.0801489639151929
6.15427744588673,0.081193912160014
6.17941341441492,0.0821003439476102
6.20454938294311,0.0828700207203199
6.2296853514713,0.0835049985067038
6.25482131999949,0.0840076191575426
6.27995728852768,0.0843805008338595
6.30509325705587,0.0846265277772969
6.33022922558406,0.0847488393951469
6.35536519411225,0.0847508186942124
6.38050116264043,0.0846360800994906
6.40563713116862,0.0844084566953943
6.43077309969681,0.0840719869288757
6.455909068225,0.0836309008153828
6.48104503675319,0.0830896056900528
6.50618100528138,0.0824526715479402
6.53131697380957,0.0817248160183684
6.55645294233776,0.0809108890196983
6.58158891086595,0.0800158571418993
6.60672487939414,0.079044787805307
6.63186084792233,0.0780028332448303
6.65699681645052,0.0768952143696353
6.68213278497871,0.0757272045489817
6.7072687535069,0.0745041133753967
6.73240472203508,0.0732312704567601
6.75754069056327,0.0719140092891091
6.78267665909146,0.0705576512620731
6.80781262761965,0.0691674898487846
6.83294859614784,0.0677487750319036
6.85808456467603,0.0663066980170051
6.88322053320422,0.0648463762840384
6.90835650173241,0.0633728390268325
6.9334924702606,0.0618910130297302
6.95862843878879,0.0604057090293363
6.98376440731698,0.0589216086081051
7.00890037584517,0.0574432516650214
7.03403634437335,0.0559750245069944
7.05917231290154,0.0545211486027283
7.08430828142973,0.0530856700388241
7.10944424995792,0.0516724497156338
7.13458021848611,0.0502851543180035
7.1597161870143,0.048927248093447
7.18485215554249,0.0476019854675414
7.20998812407068,0.0463124045234084
7.23512409259887,0.0450613213690473
7.26026006112706,0.0438513254130525
7.28539602965525,0.0426847755658486
7.31053199818344,0.0415637973800635
7.33566796671163,0.0404902811400118
7.36080393523981,0.0394658809065148
7.385939903768,0.0384920145194349
7.41107587229619,0.0375698645563882
7.43621184082438,0.0367003802421063
7.46134780935257,0.0358842802989036
7.48648377788076,0.0351220567246368
7.51161974640895,0.0344139794805012
7.53675571493714,0.0337601020669383
7.56189168346533,0.0331602679619302
7.58702765199352,0.0326141178919764
7.61216362052171,0.0321210979021666
7.6372995890499,0.0316804681879538
7.66243555757808,0.0312913126475569
7.68757152610627,0.0309525491103659
7.71270749463446,0.030662940193334
7.73784346316265,0.0304211047341231
7.76297943169084,0.0302255297467514
7.78811540021903,0.0300745828426886
7.81325136874722,0.0299665250577763
7.83838733727541,0.0298995240230387
7.8635233058036,0.0298716674154033
7.88865927433179,0.0298809766225959
7.91379524285998,0.029925420555015
7.93893121138817,0.0300029295362539
7.96406717991636,0.0301114092031197
7.98920314844454,0.0302487543455238
8.01433911697273,0.0304128626164869
8.03947508550092,0.0306016480427234
8.06461105402911,0.0308130542668516
8.0897470225573,0.0310450674532187
8.11488299108549,0.0312957287906351
8.14001895961368,0.031563146526984
8.16515492814187,0.0318455074726968
8.19029089667006,0.0321410879124735
8.21542686519825,0.0324482638673559
8.24056283372644,0.0327655206523309
8.26569880225463,0.0330914616780429
8.29083477078282,0.0334248164489001
8.315970739311,0.0337644477138703
8.3411067078392,0.0341093577305537
8.36624267636738,0.0344586936076629
8.39137864489557,0.0348117516958327
8.41651461342376,0.0351679810016829
8.44165058195195,0.0355269856052483
8.46678655048014,0.0358885260662467
8.49192251900833,0.0362525198101416
8.51705848753652,0.0366190404905525
8.54219445606471,0.0369883163302294
8.5673304245929,0.0373607274485218
8.59246639312109,0.0377368021889846
8.61760236164927,0.0381172124664628
8.64273833017747,0.0385027681586316
8.66787429870566,0.0388944105725135
8.69301026723384,0.0392932050219158
8.71814623576203,0.0397003325569945
8.74328220429022,0.0401170808922197
8.76841817281841,0.0405448345838678
8.7935541413466,0.0409850645127562
8.81869010987479,0.0414393167322442
8.84382607840298,0.0419092007455195
8.86896204693117,0.0423963772798388
8.89409801545936,0.0429025456286825
8.91923398398755,0.043429430635676
8.94436995251574,0.0439787693966163
8.96950592104393,0.044552297758003
8.99464188957212,0.0451517366920736
9.0197778581003,0.0457787786295001
9.04491382662849,0.0464350738315766
9.07004979515668,0.0471222168839253
9.09518576368487,0.0478417333934652
9.12032173221306,0.048595066969608
9.14545770074125,0.0493835665693883
9.17059366926944,0.05020847428449
9.19572963779763,0.0510709136459133
9.22086560632582,0.0519718785193375
9.24600157485401,0.0529122226611012
9.2711375433822,0.0538926500011448
9.29627351191039,0.0549137057152668
9.32140948043858,0.0559757681446591
9.34654544896676,0.0570790416159261
9.37168141749495,0.058223550209684
9.39681738602314,0.0594091325204238
9.42195335455133,0.0606354374446107
9.44708932307952,0.0619019210280443
9.47222529160771,0.0632078443973326
9.4973612601359,0.0645522727939905
9.52249722866409,0.0659340757231859
9.54763319719228,0.067351928222576
9.57276916572047,0.0688043132500314
9.59790513424866,0.0702895251823875
9.62304110277685,0.0718056744107259
9.64817707130503,0.0733506930111155
9.67331303983322,0.0749223414632813
9.69844900836141,0.0765182163833523
9.7235849768896,0.0781357592307065
9.74872094541779,0.0797722659430354
9.77385691394598,0.0814248974481051
9.79899288247417,0.083090690995362
9.82412885100236,0.084766572245523
9.84926481953055,0.0864493680516608
9.87440078805874,0.0881358198610555
9.89953675658693,0.0898225976632786
9.92467272511512,0.0915063144066081
9.94980869364331,0.0931835408019936
9.97494466217149,0.0948508204313881
10.0000806306997,0.0965046850753802
10.0252165992279,0.0981416701736845
10.0503525677561,0.0997583303312171
10.0754885362843,0.101351254782167
10.1006245048124,0.102917082724711
10.1257604733406,0.104452518439791
10.1508964418688,0.105954346108644
10.176032410397,0.107419444245628
10.2011683789252,0.108844799665172
10.2263043474534,0.110227520904529
10.2514403159816,0.111564851027279
10.2765762845098,0.112854179736283
10.301712253038,0.114093054728965
10.3268482215661,0.115279192232352
10.3519841900943,0.116410486660248
10.3771201586225,0.117485019340198
10.4022561271507,0.118501066263452
10.4273920956789,0.119457104816975
10.4525280642071,0.120351819462632
10.4776640327353,0.121184106334866
10.5028000012635,0.121953076734615
10.5279359697917,0.122658059503678
10.5530719383198,0.123298602270252
10.578207906848,0.123874471562961
10.6033438753762,0.124385651797176
10.6284798439044,0.124832343143901
10.6536158124326,0.125214958297833
10.6787517809608,0.125534118167391
10.703887749489,0.12579064651551
10.7290237180172,0.125985563585761
10.7541596865454,0.126120078753882
10.7792956550735,0.126195582249985
10.8044316236017,0.126213636001638
10.8295675921299,0.126175963652512
10.8547035606581,0.126084439815476
10.8798395291863,0.125941078622751
10.9049754977145,0.125748021639109
10.9301114662427,0.125507525206971
10.9552474347709,0.125221947294756
10.9803834032991,0.124893733921818
11.0055193718273,0.124525405234867
11.0306553403554,0.124119541311857
11.0557913088836,0.123678767769933
11.0809272774118,0.123205741254245
11.10606324594,0.122703134884097
11.1311992144682,0.122173623732249
11.1563351829964,0.121619870411997
11.1814711515246,0.121044510845153
11.2066071200528,0.120450140282083
11.231743088581,0.119839299642675
11.2568790571091,0.119214462244439
11.2820150256373,0.11857802098101
11.3071509941655,0.117932276011002
11.3322869626937,0.1172794230137
11.3574229312219,0.11662154206423
11.3825588997501,0.115960587176949
11.4076948682783,0.115298376561559
11.4328308368065,0.114636583632207
11.4579668053347,0.113976728805364
11.4831027738628,0.113320172117771
11.508238742391,0.112668106691182
11.5333747109192,0.112021553065981
11.5585106794474,0.111381354421188
11.5836466479756,0.110748172693747
11.6087826165038,0.110122485605442
11.633918585032,0.109504584601357
11.6590545535602,0.108894573699357
11.6841905220884,0.108292369245876
11.7093264906166,0.107697700569109
11.7344624591447,0.107110111516775
11.7595984276729,0.106528962861781
11.7847343962011,0.105953435555513
11.8098703647293,0.105382534805028
11.8350063332575,0.104815094947203
11.8601423017857,0.104249785089862
11.8852782703139,0.103685115487135
11.9104142388421,0.103119444613676
11.9355502073703,0.102550986900066
11.9606861758984,0.101977821089579
11.9858221444266,0.101397899174593
12.0109581129548,0.100809055869307
12.036094081483,0.100209018573927
12.0612300500112,0.0995954177843534
12.0863660185394,0.0989657979003477
12.1115019870676,0.0983176283844407
12.1366379555958,0.0976483152232633
12.161773924124,0.0969552126426434
12.1869098926521,0.0962356350276701
12.2120458611803,0.0954868689989711
12.2371818297085,0.094706185596696
12.2623177982367,0.093890852524111
12.2874537667649,0.0930381464033127
12.3125897352931,0.0921453649963258
12.3377257038213,0.0912098393457745
12.3628616723495,0.0902289457903893
12.3879976408777,0.0892001178118318
12.4131336094059,0.0881208576706717
12.438269577934,0.0869887477908395
12.4634055464622,0.0858014618534806
12.4885415149904,0.0845567755628577
12.5136774835186,0.083252577048774
12.5388134520468,0.0818868768719115
12.563949420575,0.0804578176004893
12.5890853891032,0.0789636829287433
12.6142213576314,0.0774029063098879
12.6393573261596,0.0757740790784532
12.6644932946877,0.0740759580391698
12.6896292632159,0.0723074725019014
12.7147652317441,0.0704677307444854
12.7399012002723,0.068556025887732
12.7650371688005,0.0665718411692297
12.7901731373287,0.0645148546050138
12.8153091058569,0.062384943030555
12.8404450743851,0.0601821855149069
12.8655810429133,0.0579068661442081
12.8907170114414,0.0555594761730536
12.9158529799696,0.0531407155445126
12.9409889484978,0.0506514937817847
12.966124917026,0.0480929302566174
12.9912608855542,0.0454663538416665
13.0163968540824,0.0427733019559456
13.0415328226106,0.0400155190143741
13.0666687911388,0.0371949542941909
13.091804759667,0.0343137592326361
13.1169407281951,0.0313742841718178
13.1420766967233,0.0283790745680674
13.1672126652515,0.0253308666843241
13.1923486337797,0.0222325827852083
13.2174846023079,0.0190873258553921
13.2426205708361,0.0158983738627057
13.2677565393643,0.0126691735880785
13.2928925078925,0.0094033340449501
13.3180284764207,0.00610461951116088
13.3431644449489,0.00277694219658775
13.368300413477,-0.000575645430111321
13.3934363820052,-0.00394895863228288
13.4185723505334,-0.00733868869038333
13.4437083190616,-0.0107404114584282
13.4688442875898,-0.0141495961691697
13.493980256118,-0.0175616144658171
13.5191162246462,-0.0209717496386349
13.5442521931744,-0.0243752060453361
13.5693881617026,-0.0277671186948194
13.5945241302307,-0.0311425629744703
13.6196600987589,-0.0344965645019433
13.6447960672871,-0.0378241090830444
13.6699320358153,-0.0411201527580353
13.6950680043435,-0.0443796319193572
13.7202039728717,-0.0475974734844284
13.7453399413999,-0.0507686051077666
13.7704759099281,-0.0538879654172406
13.7956118784563,-0.056950514259735
13.8207478469844,-0.0599512429419138
13.8458838155126,-0.0628851844520914
13.8710197840408,-0.0657474236494469
13.896155752569,-0.0685331074069456
13.9212917210972,-0.071237454694371
13.9464276896254,-0.0738557665877945
13.9715636581536,-0.0763834361916485
13.9966996266818,-0.078815958459297
14.02183559521,-0.0811489398976437
14.0469715637382,-0.0833781081408675
14.0721075322663,-0.0854993213778532
14.0972435007945,-0.0875085776172944
14.1223794693227,-0.08940202377379
14.1475154378509,-0.0911759645575695
14.1726514063791,-0.0928268711497538
14.1977873749073,-0.0943513896443281
14.2229233434355,-0.0957463492372637
14.2480593119637,-0.0970087701425218
14.2731952804919,-0.0981358712139915
14.29833124902,-0.0991250772518059
14.3234672175482,-0.0999740259709297
14.3486031860764,-0.100680574609474
14.3737391546046,-0.10124280615385
14.3988751231328,-0.10165903515766
14.424011091661,-0.101927813131173
14.4491470601892,-0.102047933478297
14.4742830287174,-0.102018435958243
14.4994189972456,-0.101838610649506
14.5245549657737,-0.101508001394407
14.5496909343019,-0.101026408703294
14.5748269028301,-0.100393892098497
14.5999628713583,-0.0996107718793897
14.6250988398865,-0.0986776302913172
14.6502348084147,-0.0975953120828077
14.6753707769429,-0.0963649244372952
14.7005067454711,-0.0949878362676013
14.7256427139993,-0.0934656768636116
14.7507786825274,-0.0918003338859282
14.7759146510556,-0.0899939507007852
14.8010506195838,-0.0880489230541287
14.826186588112,-0.0859678950855063
14.8513225566402,-0.0837537546852262
14.8764585251684,-0.0814096282011373
14.9015944936966,-0.0789388745043021
14.9267304622248,-0.0763450784257794
14.951866430753,-0.0736320435796572
14.9770023992812,-0.0708037845903716
15.0021383678093,-0.0678645187451671
15.0272743363375,-0.0648186570952928
15.0524103048657,-0.0616707950321415
15.0775462733939,-0.0584257023670182
15.1026822419221,-0.055088312945531
15.1278182104503,-0.0516637138297224
15.1529541789785,-0.0481571340829747
15.1780901475067,-0.0445739331944116
15.2032261160349,-0.0409195891809698
15.228362084563,-0.037199686406509
15.2534980530912,-0.0334199031582593
15.2786340216194,-0.0295859990215681
15.3037699901476,-0.025703802094289
15.3289059586758,-0.0217791960822657
15.354041927204,-0.0178181073171971
15.3791778957322,-0.0138264917377306
15.4043138642604,-0.00981032187393505
15.4294498327886,-0.00577557387435405
15.4545858013167,-0.00172821461365859
15.4797217698449,0.00232581108248889
15.5048577383731,0.00638059306034777
15.5299937069013,0.0104302682755642
15.5551296754295,0.0144690330138969
15.5802656439577,0.0184911548659819
15.6054016124859,0.0224909844290857
15.6305375810141,0.0264629667110417
15.6556735495423,0.0304016522138628
15.6808095180704,0.0343017076768337
15.7059454865986,0.0381579264611952
15.7310814551268,0.0419652385608038
15.756217423655,0.04571872022535
15.7813533921832,0.0494136031848455
15.8064893607114,0.0530452834660855
15.8316253292396,0.0566093297936701
15.8567612977678,0.0601014915698758
15.881897266296,0.0635177064292208
15.9070332348242,0.0668541073649149
15.9321692033523,0.0701070294255509
15.9573051718805,0.073273015981339
15.9824411404087,0.0763488245599318
16.0075771089369,0.0793314322524075
16.0327130774651,0.0822180406902952
16.0578490459933,0.0850060805946313
16.0829850145215,0.0876932158979412
16.1081209830497,0.0902773474397631
16.1332569515779,0.0927566162358705
16.158392920106,0.0951294063207454
16.1835288886342,0.0973943471621056
16.2086648571624,0.0995503156454324
16.2338008256906,0.101596437625496
16.2589367942188,0.103532089040871
16.284072762747,0.105356896586387
16.3092087312752,0.107070737937421
16.3343446998034,0.108673741518895
16.3594806683316,0.110166285810912
16.3846166368598,0.111548998182031
16.4097526053879,0.112822753240449
16.4348885739161,0.11398867069272
16.4600245424443,0.115048112699162
16.4851605109725,0.11600268071486
16.5102964795007,0.116854211805098
16.5354324480289,0.117604774424252
16.5605684165571,0.118256663647603
16.5857043850853,0.118812395846228
16.6108403536135,0.119274702796123
16.6359763221416,0.119646525213947
16.6611122906698,0.119931005713375
16.686248259198,0.120131481177838
16.7113842277262,0.120251474547596
16.7365201962544,0.120294686021467
16.7616561647826,0.120264983676207
16.7867785556714,0.12012085605334
16.8119201734621,0.119820792224386
16.8370616481249,0.119369081102851
16.8622026484446,0.118770126223007
16.8873428427869,0.118028433559411
16.9124818989382,0.117148598871481
16.9376194839439,0.116135294574166
16.9627552639467,0.11499325616583
16.9878889040229,0.113727268248388
17.0130200680177,0.112342150178581
17.0381484183794,0.11084274139311
17.0632736159917,0.109233886454018
17.0883953200034,0.107520419864241
17.1135131876576,0.105707150706585
17.1386268741168,0.103798847162494
17.1637360322871,0.101800220969765
17.1888403126388,0.0997159118809206
17.213939363024,0.0975504721860765
17.2390328284918,0.095308351365977
17.2641203510993,0.0929938809422204
17.2892015697195,0.0906112595926851
17.3142761198452,0.0881645386006738
17.3393436333886,0.0856576077063319
17.3644037384769,0.0830941814284687
17.3894560592425,0.080477785923985
17.4145002156094,0.0778117464506934
17.4395358230732,0.0750991754974061
17.4645624924761,0.072342961642766
17.4895798297761,0.069545759201419
17.5145874358099,0.066709978712768
17.539584906049,0.0638377783237622
17.5645718303493,0.0609310561129359
17.5895477926933,0.0579914433982944
17.614512370924,0.0550202990666242
17.6394651364719,0.0520187049564776
17.6644056540725,0.0489874623214151
17.6893334814751,0.045927089394188
17.7142481691424,0.0428378200663852
17.7391492599398,0.0397196036917667
17.7640362888143,0.0365721060150233
17.7889087824626,0.0333947112211761
17.8137662589879,0.0301865250942171
17.8386082275433,0.0269463792670228
17.8634341879639,0.0236728365380304
17.8882436303846,0.0203641972237392
17.9130360348436,0.0170185065098215
17.9378108708716,0.0136335627575315
17.9625675970649,0.0102069267162615
17.9873056606419,0.0067359315875324
18.0120244969824,0.00321769388044819
18.0367235291491,-0.000350875006212462
18.0614021673885,-0.00397305654459826
18.0860598086134,-0.00765231225445302
18.1106958358624,-0.0113922703728135
18.135309617738,-0.015196712096823
18.1599005078207,-0.0190695574823291
18.1844678440578,-0.0230148510830222
18.2090109481272,-0.0270367474163985
18.2335291247715,-0.0311394963438072
18.2580216611053,-0.0353274284522757
18.2824878258896,-0.0396049405256409
18.3069268687751,-0.0439764811918355
18.3313380195111,-0.0484465368318901
18.3557204871174,-0.0530196178344208
18.3800734590194,-0.0577002452770015
18.4043961001419,-0.0624929381129624
18.4286875519608,-0.0674022009387646
18.4529469315098,-0.0724325124132589
18.4771733303397,-0.0775883143957999
18.5013658134276,-0.0828740018654653
18.5255234180326,-0.0882939136784703
18.549645152496,-0.0938523242153726
18.5737299949815,-0.0995534359638109
18.597776892153,-0.105401373076413
18.6217847577859,-0.111400175937095
18.6457524713074,-0.1175537967624
18.6696788762626,-0.123866096257729
18.6935627787016,-0.130340841341432
18.7174029454825,-0.136981703942703
18.7411981024856,-0.143792260872222
18.7649469327331,-0.150775994757386
18.7886480744096,-0.157936296027019
18.8123001187755,-0.16527646592346
18.8359016079685,-0.172799720513187
18.8594510326853,-0.180509195660406
18.882946829736,-0.188407952921654
18.9063873794647,-0.19649898631319
18.9297710030253,-0.204785229897037
18.9530959595067,-0.213269566125864
18.9763604428951,-0.221954834881584
18.9995625788649,-0.230843843137597
19.0227004213865,-0.239939375170009
19.0457719491404,-0.249244203238996
19.0687750617237,-0.258761098657716
19.0917075756381,-0.268492843162841
19.1145672200437,-0.278442240497936
19.1373516322641,-0.288612128118415
19.1600583530289,-0.299005388924872
19.1826848214339,-0.309624962930006
19.2052283696048,-0.320473858763268
19.2276862170426,-0.33155516491664
19.2500554646342,-0.342872060634678
19.2723330883044,-0.354427826352018
19.2945159322902,-0.366225853581967
19.3166007020126,-0.378269654160485
19.3385839565237,-0.390562868750884
19.3604621005025,-0.403109274515683
19.3822313757754,-0.415912791863421
19.4038878523331,-0.428977490179615
19.4254274188182,-0.442307592452431
19.4468457724543,-0.455907478705007
19.4681384083897,-0.469781688147513
19.4893006084267,-0.483934919962974
19.51032742911,-0.498372032641469
19.5312136891474,-0.513098041777435
19.5519539561372,-0.52811811624441
19.5725425325812,-0.543437572660468
19.5929734411635,-0.55906186805574
19.6132404092803,-0.574996590650761
19.6333368528131,-0.591247448650668
19.6532558591441,-0.607820256955639
19.6729901694214,-0.624720921682137
19.6925321600971,-0.641955422382662
19.7118738237719,-0.659529791843703
19.7310067494006,-0.677450093332564
19.7499221019357,-0.695722395153829
19.7686106015088,-0.714352742365704
19.7870625022853,-0.733347125495577
19.805267571163,-0.752711446083579
19.8232150665283,-0.772451478873132
19.840893717336,-0.792572830459549
19.8582917028361,-0.813080894202742
19.8753966333391,-0.833980801209467
19.892195532484,-0.855277367196118
19.908674821562,-0.876975035056971
19.9248203065372,-0.899077812987568
19.9406171685094,-0.921589208051579
19.9560499584674,-0.944512155135258
19.9711025972941,-0.967848941310179
19.9857583820916,-0.991601125726076
20,-1.01576945528505
