0.48277771209161
0.483062865163915
0.483357381448245
0.483660518582238
0.483971459854797
0.484289316335102
0.484613129585556
0.484941874949693
0.485274465401755
0.485609755940418
0.485946548504936
0.486283597387907
0.486619615114921
0.48695327875756
0.487283236642667
0.487608115417406
0.487926527426593
0.488237078355905
0.488538375092099
0.488829033749166
0.489107687807505
0.48937299631173
0.48962365207159
0.48985838980981
0.490075994200287
0.490275307740202
0.490455238400057
0.490614766996568
0.490752954234598
0.490868947366051
0.49096198641567
0.491031409926152
0.49107666017781
0.491097287841133
0.491092956024088
0.491063443679754
0.49100864834396
0.490928588176837
0.490823403286762
0.490693356319828
0.490538832302873
0.490360337733036
0.490158498911938
0.489934059527655
0.489687877492853
0.489420921052536
0.489134264179982
0.488829081284397
0.488506641258702
0.488168300900579
0.487815497744401
0.487449742345978
0.48707261006608
0.48668573240244
0.486290787923375
0.485889492859258
0.48548359141079
0.485074845835376
0.484665026374821
0.484255901089101
0.483849225662005
0.483446733245117
0.483050124406742
0.482661057252119
0.48228113778053
0.481911910543686
0.48155484966816
0.481211350302494
0.480882720547124
0.480570173922296
0.480274822425807
0.479997670228683
0.479739608052834
0.479501408270298
0.479283720759021
0.479087069545088
0.478911850256178
0.478758328405539
0.478626638520281
0.478516784122026
0.478428638562225
0.478361946708616
0.47831632747347
0.478291277168508
0.478286173665662
0.478300281337277
0.478332756743948
0.478382655032961
0.478448937005354
0.478530476804904
0.47862607017798
0.478734443249164
0.478854261753879
0.478984140665995
0.479122654155584
0.479268345809575
0.479419739046174
0.479575347652467
0.479733686373686
0.47989328148218
0.480052681254201
0.48021046628318
0.480365259559241
0.480515736246279
0.480660633089947
0.480798757392449
0.480928995492981
0.481050320696061
0.481161800593789
0.48126260373226
0.481352005576862
0.48142939373603
0.481494272408135
0.481546266021551
0.481585122043452
0.481610712938667
0.481623037265681
0.481622219902831
0.481608511403648
0.48158228648625
0.481544041667561
0.481494392058916
0.481434067345261
0.481363906975652
0.481284854597989
0.481197951775975
0.481104331030994
0.481005208256021
0.480901874552784
0.480795687547035
0.480688062240157
0.480580461458181
0.480474385961748
0.480371364282572
0.480272942353486
0.480180673000252
0.480096105363902
0.480020774322544
0.47995618998121
0.479903827297541
0.479865115909868
0.479841430232546
0.479834079881295
0.479844300488796
0.479873244967873
0.479921975276335
0.479991454733976
0.480082540938282
0.480195979321259
0.480332397385339
0.48049229965169
0.480676063349424
0.480883934869247
0.481116026999996
0.481372316961383
0.481652645241038
0.481956715238781
0.482284093715875
0.482634212041893
0.483006368226869
0.483399729721483
0.483813336963351
0.484246107642965
0.484696841658494
0.485164226724628
0.485646844596836
0.486143177868897
0.486651617298375
0.487170469611819
0.487697965738955
0.488232269422926
0.488771486151851
0.489313672355483
0.489856844809706
0.490398990190883
0.490938074721763
0.491472053850709
0.4919988819064
0.492516521670996
0.493022953815846
0.493516186145337
0.493994262596269
0.494455271942265
0.494897356155182
0.495318718378132
0.49571763046772
0.496092440066293
0.496441577168384
0.496763560149145
0.497057001226317
0.497320611331182
0.497553204367963
0.497753700845214
0.497921130866911
0.498054636475145
0.49815347334049
0.498217011800306
0.498244737249339
0.498236249891039
0.498191263861944
0.498109605745318
0.497991212493876
0.497836128784953
0.497644503834783
0.497416587701623
0.497152727110379
0.496853360833975
0.496519014669092
0.496150296046003
0.495747888314023
0.495312544745647
0.494845082303625
0.494346375216194
0.493817348406243
0.493258970820544
0.49267224870514
0.492058218872699
0.491417942007044
0.490752496049161
0.490062969707838
0.489350456136639
0.488616046817225
0.487860825687094
0.487085863547656
0.486292212786195
0.48548090244269
0.484652933649765
0.483809275471143
0.482950861160977
0.482078584863323
0.48119329876783
0.480295810734448
0.479386882396693
0.478467227749656
0.477537512225693
0.476598352257408
0.475650315324355
0.474693920476706
0.473729639326081
0.47275789749077
0.471779076479747
0.470793515997194
0.469801516646686
0.468803343011861
0.467799227088175
0.466789372038364
0.465773956242422
0.464753137611314
0.463727058132257
0.462695848612218
0.461659633585338
0.46061853634923
0.459572684094576
0.458522213092139
0.457467273901193
0.456408036563449
0.455344695746882
0.454277475804318
0.4532066357123
0.452132473856611
0.451055332631795
0.449975602823216
0.448893727741427
0.447810207080111
0.446725600470358
0.445640530705733
0.444555686614313
0.443471825555765
0.442389775523416
0.441310436833302
0.440234783384196
0.439163863474757
0.438098800166045
0.437040791179855
0.435991108325483
0.434951096449783
0.433922171907556
0.432905820551565
0.431903595243661
0.430917112890714
0.429948051011233
0.428998143840715
0.428069177985909
0.427162987640269
0.426281449374951
0.425426476521716
0.424600013166102
0.423804027771129
0.423040506453674
0.422311445937488
0.421618846208512
0.420964702899888
0.420350999435581
0.419779698963103
0.419252736107182
0.418772008577609
0.418339368665653
0.417956614664598
0.417625482250917
0.417347635863485
0.417124660118987
0.416958051302255
0.416849208970756
0.416799427712768
0.416809889098914
0.416881653866735
0.417015654377814
0.417212687386583
0.417473407159459
0.417798318982207
0.418187773092555
0.418641959073993
0.419160900745419
0.419744451579825
0.420392290683588
0.421103919366061
0.421878658327175
0.422715645488536
0.423613834491162
0.424571993880445
0.425588706996243
0.426662372583179
0.427791206133229
0.428973241969617
0.430206336077787
0.431488169685975
0.432816253594465
0.434187933249218
0.435600394552054
0.437050670396044
0.438535647911259
0.440052076402509
0.441596575957211
0.4431656466981
0.444755678652137
0.446362962203696
0.447983699096938
0.449614013949266
0.451249966234865
0.452887562694592
0.454522770125989
0.456151528504806
0.457769764387352
0.459373404541056
0.460958389749017
0.462520688732883
0.464056312137322
0.465561326518445
0.467031868277987
0.468464157484779
0.469854511525002
0.471199358523036
0.47249525047529
0.473738876040258
0.474927072929216
0.476056839843402
0.477125347905246
0.478129951533177
0.479068198711777
0.479937840611549
0.480736840515244
0.481463382010648
0.482115876412862
0.482692969382411
0.483193546709024
0.483616739234561
0.483961926892329
0.484228741843916
0.484417070698648
0.484527055804799
0.484559095605805
0.484513844058824
0.484392209117122
0.48419535028187
0.483924675233011
0.483581835552869
0.483168721560093
0.482687456275399
0.482140388544244
0.481530085345195
0.480859323316139
0.480131079533767
0.479348521584822
0.478514996970446
0.477634021887651
0.47670926943431
0.475744557286283
0.474743834897207
0.473711170273142
0.472650736375697
0.471566797208373
0.47046369364173
0.469345829033592
0.468217654700764
0.467083655298825
0.465948334166271
0.464816198688788
0.463691745738657
0.462579447243248
0.461483735935266
0.460408991335895
0.459359526020209
0.458339572212259
0.457353268755046
0.456404648498232
0.455497626143875
0.454635986587812
0.453823373791425
0.453063280215597
0.452359036845597
0.451713803832472
0.451130561773344
0.450612103649734
0.450161027439797
0.449779729417052
0.449470398144977
0.449235009173595
0.449075320441055
0.448992868380137
0.448988964726623
0.449064694023644
0.449220911813357
0.449458243504746
0.449777083903923
0.450177597391033
0.450659718725831
0.451223154462123
0.451867384949575
0.45259166689997
0.453395036493698
0.454276313001284
0.455234102893876
0.456266804416076
0.457372612594035
0.458549524651592
0.459795345807206
0.461107695424658
0.462484013490833
0.463921567394475
0.465417458980461
0.466968631855003
0.468571878918111
0.470223850100733
0.471921060285112
0.473659897388126
0.475436630588633
0.477247418681132
0.479088318539362
0.48095529367475
0.482844222875879
0.484750908916369
0.48667108731974
0.488600435170858
0.490534579964593
0.492469108483157
0.494399575694351
0.496321513663571
0.498230440472882
0.500121869140821
0.501991316536741
0.503834312283552
0.50564640764255
0.507423184373768
0.509160263564824
0.510853314420667
0.512498063005901
0.514090300930552
0.515625893969151
0.517100790602013
0.518511030466426
0.519852752704305
0.521122204191621
0.522315747633692
0.523429869509134
0.524461187844085
0.525406459797102
0.52626258903403
0.527026632871109
0.527695809163667
0.528267502916969
0.528739272595153
0.529108856103724
0.529374176420814
0.529533346852325
0.529584675886248
0.529526671621806
0.529358045749686
0.529077717060504
0.528684814459702
0.528178679468492
0.527558868192
0.526825152737619
0.525977522068666
0.525016182280681
0.52394155629023
0.522754282928739
0.521455215436729
0.520045419356821
0.518526169826999
0.516898948278803
0.515165438548443
0.513327522412089
0.511387274559949
0.509346957027017
0.507209013101618
0.504976060736009
0.502650885486319
0.500236433011969
0.497735801167407
0.495152231721405
0.492489101741445
0.489749914682613
0.486938291222092
0.484057959881696
0.481112747481853
0.478106569471157
0.475043420175856
0.471927363013613
0.468762520715434
0.46555306559884
0.462303209934202
0.459017196444637
0.455699288977966
0.45235376338705
0.448984898652309
0.445596968277404
0.44219423198603
0.438780927744434
0.435361264130821
0.431939413069119
0.428519502940792
0.425105612084532
0.421701762689714
0.418311915085592
0.414939962424281
0.411589725751803
0.408264949457709
0.404969297090315
0.401706347521173
0.39847959143935
0.395292428153213
0.392148162674884
0.389050003060343
0.3860010579763
0.383004334463502
0.380062735865076
0.377179059887886
0.374355996764639
0.371596127484717
0.368901922062345
0.366275737811797
0.363719817600845
0.361236288055564
0.358827157691908
0.356494314952166
0.354239526127396
0.352064433150303
0.349970551246616
0.347959266436895
0.346031832884755
0.344189370091725
0.3424328599433
0.34076314361517
0.339180918353032
0.337686734143831
0.336280990300591
0.334963931987246
0.33373564671393
0.332596060837006
0.331544936101725
0.330581866268678
0.329706273868133
0.328917407128935
0.328214337130783
0.327595955230426
0.327060970813554
0.326607909424936
0.326235111329606
0.325940730557634
0.325722734484247
0.325578903995753
0.325506834289871
0.32550393635675
0.32556743918407
0.325694392726291
0.325881671674309
0.326125980057484
0.326423856705391
0.326771681591531
0.327165683075899
0.327601946057557
0.328076421042435
0.328584934125378
0.329123197879108
0.329686823136308
0.330271331644478
0.33087216956662
0.331484721794325
0.332104327033282
0.332726293614968
0.33334591598207
0.333958491789246
0.33455933955519
0.335143816796569
0.335707338569432
0.336245396339026
0.336753577094835
0.33722758262386
0.337663248851987
0.338056565160525
0.338403693582841
0.338700987784374
0.338945011728283
0.339132557928467
0.339260665191851
0.339326635752508
0.339328051701487
0.339262790618103
0.339129040310874
0.338925312579327
0.338650455911452
0.338303667035664
0.33788450125074
0.337392881462278
0.336829105859748
0.336193854174176
0.335488192462822
0.334713576373952
0.333871852851786
0.332965260249031
0.331996426821944
0.3309683675906
0.329884479554961
0.328748535265329
0.327564674753875
0.32633739584204
0.325071542846688
0.323772293715955
0.32244514563365
0.321095899138856
0.319730640814991
0.318355724609945
0.31697775185602
0.315603550065189
0.314240150581641
0.312894765179645
0.311574761700412
0.310287638826863
0.309041000099901
0.307842527284044
0.306699953193972
0.305621034096656
0.30461352180636
0.303685135591757
0.302843534015816
0.302096286829887
0.301450847043569
0.300914523291504
0.300494452617137
0.300197573791792
0.300030601285117
0.3
0.300111960881594
0.30037237750598
0.300786823749394
0.301360532633768
0.302098376438695
0.303004848163789
0.304084044418844
0.305339649812257
0.306774922900799
0.308392683756225
0.310195303196255
0.312184693719298
0.314362302173963
0.316729104185919
0.319285600356082
0.322031814235532
0.324967292073968
0.328091104329982
0.331401848923041
0.334897656198832
0.338576195571616
0.342434683799455
0.346469894840767
0.350678171233559
0.355055436931982
0.359597211528612
0.364298625785055
0.369154438388168
0.374159053844448
0.379306541420907
0.384590655037119
0.390004854010069
0.395542324550978
0.401196001911453
0.406958593075039
0.412822599889671
0.418780342536446
0.424823983230759
0.430945550052929
0.437136960807197
0.443390046810168
0.449696576512546
0.456048278861196
0.462436866312268
0.468854057410157
0.475291598851548
0.481741286958541
0.488194988489927
0.494644660725007
0.501082370759816
0.507500313961322
0.513890831530911
0.520246427134335
0.526559782561163
0.532823772382614
0.539031477582458
0.545176198141358
0.551251464560591
0.557251048316471
0.563168971242
0.568999513837239
0.574737222514597
0.580376915789696
0.585913689432591
0.591342920597999
0.596660270956684
0.601861688853371
0.606943410519417
0.611901960370995
0.616734150425798
0.62143707887312
0.626008127833762
0.630444960347504
0.634745516626857
0.638908009616527
0.642930919898503
0.646812989982907
0.650553218024774
0.654150851006748
0.657605377427384
0.660916519534224
0.664084225140272
0.667108659061769
0.669990194214421
0.672729402404415
0.675327044849723
0.677784062466312
0.680101565953052
0.682280825708269
0.68432326161008
0.686230432691925
0.688004026743989
0.689645849870578
0.691157816032949
0.692541936606612
0.693800309981644
0.694935111234257
0.695948581897509
0.696843019858837
0.697620769411867
0.698284211489822
0.698835754107687
0.699277823040188
0.6996128527625
0.699843277680443
0.699971523676789
0.7
0.699931091521483
0.699767151387026
0.699510494087607
0.699163388974162
0.698728054240177
0.698206651395093
0.697601280250469
0.696913974439687
0.696146697490581
0.69530133946885
0.694379714208364
0.693383557142569
0.692314523749081
0.691174188617278
0.689964045146226
0.68868550587763
0.687339903465738
0.685928492283123
0.684452450658232
0.682912883737386
0.681310826960595
0.679647250137224
0.677923062104079
0.676139115945057
0.674296214748031
0.672395117871217
0.670436547687872
0.66842119677487
0.666349735507513
0.664222820019834
0.662041100486793
0.659805229681994
0.657515871762103
0.655173711226845
0.652779462001483
0.650333876586971
0.647837755221553
0.645291954996522
0.642697398868082
0.640055084506889
0.637366092926816
0.634631596834802
0.631852868644397
0.629031288096676
0.626168349433659
0.623265668071217
0.620324986720618
0.617348180910413
0.614337263863228
0.611294390685233
0.608221861829524
0.60512212579845
0.601997781053913
0.598851577108918
0.59568641477812
0.592505345569668
0.589311570205469
0.586108436261771
0.582899434926955
0.57968819687833
0.576478487284732
0.573274199946646
0.570079350590424
0.566898069337999
0.563734592378075
0.560593252869338
0.557478471110472
0.554394744015914
0.551346633940093
0.548338756896521
0.545375770221394
0.542462359734403
0.539603226452114
0.536803072911685
0.53406658916469
0.531398438502523
0.528803242976186
0.526285568774246
0.523849911523385
0.521500681576246
0.519242189351219
0.517078630788425
0.515014072985417
0.513052440075123
0.511197499407179
0.509452848092226
0.507821899966832
0.506307873034599
0.504913777436624
0.503642404001925
0.502496313425687
0.501477826120218
0.500589012780448
0.499831685702567
0.499207390891074
0.498717400986071
0.49836270903917
0.498144023162785
0.498061762074022
0.498116051550728
0.498306721813679
0.498633305845205
0.499095038650997
0.499690857468221
0.50041940291957
0.501279021109349
0.502267766654291
0.503383406638417
0.504623425477972
0.505985030679222
0.507465159468808
0.509060486273267
0.510767431021398
0.512582168240299
0.514500636913138
0.516518551064103
0.518631411033399
0.520834515402816
0.523122973530025
0.52549171864766
0.527935521481171
0.530449004337575
0.533026655615475
0.535662844685142
0.538351837086027
0.541087809987829
0.543864867860172
0.546677058295061
0.549518387925613
0.552382838384081
0.555264382241925
0.558156998874663
0.561054690194415
0.563951496193505
0.566841510243165
0.569718894092303
0.57257789251252
0.575412847536964
0.578218212242355
0.580988564025444
0.58371861732742
0.586403235762217
0.589037443607421
0.5916164366194
0.594135592137465
0.59659047844527
0.59897686336122
0.601290722033432
0.603528243918703
0.605685838929002
0.607760142733168
0.60974802120574
0.611646574019176
0.613453137380036
0.615165285914072
0.616780833709461
0.618297834531687
0.619714581227713
0.621029604341141
0.622241669963933
0.623349776853942
0.624353152851002
0.625251250627552
0.626043742812729
0.626730516531562
0.627311667403214
0.627787493044291
0.628158486124879
0.628425327026272
0.628588876150325
0.628650165930865
0.628610392597805
0.628470907744368
0.628233209747222
0.627898935088373
0.62746984962633
0.626947839862361
0.626334904245661
0.625633144558944
0.624844757423372
0.623972025958859
0.623017311632748
0.621983046326555
0.620871724647047
0.619685896504395
0.618428159976445
0.61710115447451
0.615707554222344
0.614250062056301
0.612731403551035
0.611154321471624
0.609521570549566
0.607835912576916
0.606100111809811
0.604316930669822
0.602489125729087
0.600619443962875
0.598710619251352
0.59676536911062
0.594786391631864
0.59277636260646
0.590737932814308
0.588673725452377
0.586586333680593
0.584478318262603
0.582352205279748
0.58021048389767
0.578055604166399
0.575889974836449
0.573715961175406
0.571535882771697
0.569352011314628
0.567166568342346
0.564981722952125
0.562799589470198
0.560622225081256
0.558451627420699
0.556289732135655
0.554138410423686
0.551999466560938
0.549874635434192
0.54776558009388
0.545673889347458
0.543601075414762
0.541548571668861
0.539517730487583
0.537509821242267
0.535526028451305
0.533567450126761
0.531635096342678
0.529729888053685
0.527852656192099
0.526004141070973
0.524184992119355
0.522395767974541
0.520636936954179
0.518908877928848
0.517211881613174
0.515546152290601
0.513911809983774
0.512308893078991
0.510737361409498
0.509197099798459
0.507687922058353
0.506209575439321
0.504761745514652
0.503344061487236
0.501956101896398
0.500597400700185
0.499267453703859
0.497965725301225
0.496691655491357
0.495444667129533
0.494224173367592
0.493029585235671
0.491860319314324
0.49071580544345
0.489595494412234
0.488498865572566
0.487425434317052
0.486374759361906
0.485346449774653
0.484340171686703
0.483355654631571
0.482392697450674
0.48145117371039
0.480531036576289
0.479632323093231
0.478755157823268
0.47789975579706
0.477066424738716
0.476255566528619
0.475467677873863
0.474703350161333
0.473963268474247
0.473248209758986
0.472559040135337
0.471896711349784
0.471262256378028
0.470656784189708
0.470081473694967
0.469537566899262
0.469026361299428
0.468549201560524
0.468107470519259
0.467702579565885
0.467335958462147
0.4670090446583
0.466723272177156
0.466480060137663
0.466280800994524
0.466126848573864
0.466019505987827
0.465960013513324
0.465949536521783
0.465989153547762
0.466079844584646
0.466222479695268
0.46641780802429
0.466666447297436
0.466968873890299
0.467325413546351
0.4677362328201
0.468201331317001
0.468720534796802
0.469293489201526
0.469919655663314
0.47059830654086
0.471328522526318
0.47210919085726
0.472939004660762
0.473816463448799
0.474739874776195
0.475707357064171
0.47671684358439
0.477766087590164
0.478852668573374
0.479973999617661
0.481127335810654
0.48230978367045
0.483518311534366
0.484749760851124
0.486000858311244
0.487268228744482
0.488548408707755
0.489837860682185
0.491132987793641
0.492430148967619
0.493725674426339
0.495015881433741
0.496297090192489
0.497565639796294
0.498817904140723
0.500050307696254
0.501259341048609
0.502441576113365
0.503593680934449
0.50471243397938
0.505794737847977
0.506837632315664
0.507838306637449
0.508794111044083
0.509702567367758
0.510561378740963
0.511368438318662
0.512121836980827
0.512819869979429
0.513461042501193
0.514044074124778
0.5145679021584
0.51503168385129
0.515434797479659
0.515776842315024
0.516057637489742
0.516277219781358
0.516435840343878
0.516533960420262
0.516572246076246
0.516551562001034
0.516472964425427
0.516337693212468
0.516147163179811
0.515902954716561
0.515606803760426
0.515260591203585
0.514866331797661
0.514426162629764
0.513942331242482
0.513417183471214
0.512853151072185
0.512252739213986
0.511618513904473
0.510953089423454
0.510259115829726
0.509539266608812
0.508796226525103
0.508032679739236
0.507251298248244
0.506454730702587
0.505645591650395
0.504826451255395
0.503999825530853
0.503168167127745
0.502333856711027
0.501499194953545
0.500666395172792
0.499837576631316
0.499014758517286
0.498199854617458
0.497394668690608
0.496600890545415
0.495820092822879
0.495053728479537
0.494303128964133
0.493569503076954
0.492853936497777
0.49215739196532
0.491480710088237
0.490824610765033
0.490189695187866
0.489576448402947
0.488985242398277
0.488416339687617
0.487869897358022
0.487345971546863
0.486844522313064
0.486365418866273
0.485908445116881
0.485473305509117
0.485059631099021
0.484666985838748
0.484294873028518
0.483942741897514
0.483609994275174
0.483295991314596
0.483000060230184
0.482721501012214
0.48245959308163
0.482213601849216
0.481982785144138
0.481766399477914
0.481563706110978
0.481373976890274
0.481196499827654
0.481030584390351
0.480875566476366
0.48073081304932
0.480595726409101
0.480469748076592
0.480352362272738
0.480243098974381
0.480141536531485
0.480047303832717
0.479960082008771
0.479879605665311
0.479805663640012
0.479738099280821
0.479676810245303
0.47962174782368
0.479572915791002
0.479530368796735
0.479494210302873
0.479464590084547
0.47944170130994
0.479425777219072
0.479417087423773
0.479415933853808
0.47942264637668
0.479437578121056
0.47946110053609
0.479493598221061
0.479535463561674
0.479587091211207
0.479648872456188
0.479721189507649
0.47980440976005
0.479898880060802
0.480004921033833
0.480122821500905
0.480252833044307
0.480395164754218
0.480549978203348
0.480717382690484
0.480897430793261
0.481090114268886
0.481295360339609
0.481513028397528
0.48174290716083
0.481984712310752
0.482238084635566
