0.199861448082019
0.199743121584253
0.199588258472585
0.199396669976193
0.199168231346343
0.198902884018819
0.198600637352617
0.198261569913665
0.19788583027768
0.197473637332159
0.197025280063612
0.196541116822574
0.196021574065451
0.195467144578907
0.194878385199087
0.194255914044435
0.193600407287187
0.192912595494568
0.192193259576382
0.191443226380819
0.190663363984955
0.189854576730489
0.189017800058638
0.188153995200848
0.187264143783938
0.18634924240952
0.185410297267949
0.184448318846741
0.183464316792204
0.182459294981184
0.181434246857117
0.180390151081261
0.179327967545969
0.178248633792198
0.177153061868345
0.176042135661821
0.174916708728765
0.173777602640971
0.172625605862503
0.171461473161825
0.170285925558474
0.169099650796664
0.167903304331587
0.166697510807898
0.165482866003783
0.164259939208412
0.16302927599533
0.161791401349726
0.160546823103377
0.159296035627641
0.15803952373204
0.15677776671391
0.155511242503177
0.154240431845691
0.152965822468599
0.151687913172025
0.15040721779281
0.1491242689882
0.147839621790133
0.146553856884131
0.145267583570669
0.143981442371232
0.142696107245994
0.141412287395147
0.140130728621188
0.138852214235032
0.137577565494355
0.136307641568305
0.135043339028216
0.133785590869534
0.13253536507539
0.131293662737353
0.130061515753601
0.128839984129167
0.127630152906848
0.126433128760929
0.125250036288893
0.124082014038836
0.122930210312339
0.121795778784003
0.120679873979846
0.119583646657146
0.118508239128267
0.117454780570386
0.116424382361992
0.11541813348557
0.114437096033929
0.113482300855433
0.112554743370788
0.111655379591205
0.110785122364686
0.10994483787394
0.109135342406082
0.108357399410802
0.107611716860248
0.106898944920426
0.106219673940501
0.105574432763161
0.104963687356023
0.104387839761144
0.103847227356913
0.103342122424113
0.102872732005656
0.102439198047505
0.102041597806572
0.101679944509963
0.101354188248768
0.101064217088781
0.100809858379919
0.100590880245837
0.100406993235157
0.100257852115977
0.100143057795675
0.100062159348732
0.100014656136015
0.1
0.100017597521442
0.10006681232424
0.100146967416504
0.100257347557166
0.100397201638831
0.10056574507896
0.100762162212788
0.100985608682737
0.101235213820291
0.101510083017538
0.101809300086608
0.102131929606274
0.102477019255804
0.102843602136916
0.103230699085272
0.103637320973412
0.104062471007345
0.104505147019183
0.104964343758232
0.105439055182824
0.10592827675494
0.106431007739279
0.106946253507897
0.107473027850963
0.108010355293393
0.108557273416342
0.109112835181623
0.109676111256128
0.110246192332341
0.110822191439948
0.11140324624248
0.111988521311824
0.112577210372389
0.113168538505614
0.113761764304554
0.114356181967272
0.114951123316933
0.115545959735667
0.116140103998622
0.11673301199401
0.117324184314557
0.117913167705428
0.118499556353582
0.119082993003495
0.119663169884395
0.120239829434508
0.120812764808322
0.121381820153639
0.121946890646053
0.122507922269582
0.123064911333463
0.123617903716527
0.124166993832199
0.124712323308903
0.125254079382593
0.125792493000115
0.126327836634315
0.12686042181402
0.127390596374377
0.12791874143541
0.12844526811911
0.128970614017799
0.129495239428961
0.13001962337414
0.130544259421853
0.131069651336719
0.13159630857919
0.132124741682265
0.132655457533459
0.133188954591972
0.133725718072505
0.134266215128413
0.134810890067938
0.135360159638002
0.135914408410569
0.136473984306771
0.137039194293928
0.137610300290219
0.138187515311078
0.138770999890391
0.139360858808329
0.139957138156018
0.140559822765429
0.141168834030707
0.141784028144739
0.142405194772153
0.143032056177003
0.143664266820361
0.144301413439739
0.144943015618852
0.145588526852674
0.146237336109092
0.14688876988471
0.147542094748634
0.148196520364237
0.148851202975188
0.149505249338302
0.150157721082168
0.150807639466994
0.151453990517765
0.15209573049961
0.152731791701327
0.153361088490219
0.15398252359894
0.154594994602795
0.155197400544029
0.15578864865802
0.156367661154996
0.156933382009981
0.157484783713054
0.158020873931788
0.158540702037878
0.159043365450452
0.159528015749424
0.159993864513502
0.160440188838999
0.160866336497563
0.161271730693166
0.161655874381293
0.162018354116118
0.162358843394629
0.162677105470044
0.162972995610517
0.163246462782978
0.163497550745923
0.163726398539199
0.163933240363039
0.164118404842987
0.164282313681751
0.164425479703429
0.164548504299938
0.16465207429382
0.164736958235848
0.16480400215994
0.164854124821905
0.164888312452267
0.164907613057005
0.16491313030334
0.164906017030745
0.164887468430093
0.164858714936287
0.16482101488181
0.164775646960349
0.164723902551074
0.164667077955092
0.164606466596282
0.164543351238919
0.164478996274376
0.164414640128691
0.164351487841875
0.164290703868619
0.164233405148466
0.164180654491577
0.164133454324017
0.164092740833929
0.164059378557206
0.164034155438201
0.164017778397787
0.1640108694376
0.164013962305719
0.164027499745253
0.164051831343481
0.164087211995223
0.164133800990177
0.164191661729896
0.164260762076117
0.164340975328155
0.164432081823151
0.164533771149125
0.164645644957006
0.164767220354221
0.164897933858868
0.165037145890185
0.165184145767822
0.165338157189417
0.165498344153161
0.165663817289392
0.165833640562886
0.166006838305265
0.166182402534989
0.166359300520651
0.166536482541753
0.166712889799869
0.166887462432051
0.167059147577527
0.167226907448178
0.167389727352977
0.167546623626502
0.167696651411841
0.167838912248628
0.167972561417686
0.168096814994691
0.168210956566521
0.168314343565402
0.16840641317776
0.168486687786667
0.168554779909045
0.168610396591328
0.168653343230055
0.168683526786907
0.168700958370943
0.168705755164316
0.16869814167145
0.168678450275549
0.168647121090463
0.168604701100143
0.168551842582366
0.168489300817908
0.168417931090988
0.16833868499145
0.168252606033888
0.168160824613585
0.168064552323827
0.167965075663706
0.167863749170009
0.167761988011072
0.167661260084603
0.167563077665354
0.167468988652113
0.167380567466777
0.167299405661234
0.167227102290322
0.167165254111317
0.167115445672116
0.167079239351556
0.167058165416098
0.167053712157414
0.167067316175211
0.167100352868934
0.167154127200767
0.167229864790687
0.16732870340209
0.167451684873892
0.167599747551895
0.167773719268682
0.167974310917406
0.168202110660572
0.168457578810359
0.168741043412161
0.169052696558003
0.169392591451243
0.169760640238604
0.170156612620198
0.170580135242722
0.171030691875624
0.171507624364722
0.172010134352536
0.172537285749632
0.17308800793645
0.173661099670605
0.174255233670404
0.17486896184147
0.175500721109828
0.176148839821675
0.176811544667365
0.177486968084779
0.178173156095419
0.178868076525079
0.179569627559948
0.180275646588344
0.180983919278139
0.181692188840051
0.182398165427589
0.183099535625289
0.183793971978116
0.184479142516391
0.185152720232364
0.185812392466495
0.186455870163693
0.187080896962038
0.187685258078935
0.188266788962145
0.188823383675672
0.189353002993035
0.189853682173012
0.190323538395392
0.190760777836746
0.19116370236852
0.191530715861996
0.191860330086762
0.192151170191291
0.192401979756046
0.192611625411195
0.192779101012531
0.192903531370558
0.192984175528911
0.19302042958936
0.193011829081593
0.1929580508768
0.192858914644795
0.192714383855052
0.192524566322592
0.192289714300155
0.192010224118565
0.191686635377614
0.191319629690278
0.190910028983483
0.190458793359144
0.189967018519737
0.189435932763218
0.188866893552791
0.188261383667714
0.187621006942199
0.186947483600316
0.18624264519586
0.185508429167192
0.184746873018305
0.183960108138591
0.1831503532752
0.182319907673281
0.181471143900938
0.180606500377264
0.179728473623433
0.178839610258454
0.177942498762823
0.177039761034929
0.176134043766696
0.175228009666445
0.174324328558504
0.173425668390469
0.172534686180301
0.171654018936668
0.170786274586942
0.169934022948145
0.169099786776863
0.168286032934655
0.167495163705796
0.166729508304313
0.165991314607159
0.165282741150014
0.164605849421643
0.163962596491913
0.163354828007545
0.162784271588365
0.162252530655321
0.161761078719791
0.161311254161755
0.160904255522231
0.160541137333042
0.160222806504444
0.159950019288465
0.159723378832978
0.159543333338591
0.159410174827386
0.159324038529447
0.159284902889908
0.159292590196122
0.159346767821283
0.159446950077739
0.159592500670038
0.159782635734764
0.160016427451207
0.160292808204115
0.160610575277046
0.160968396052316
0.161364813691162
0.161798253265559
0.162267028311185
0.162769347769236
0.163303323283307
0.163866976816243
0.164458248550802
0.165075005037173
0.165715047549803
0.166376120615659
0.167055920675921
0.167752104843235
0.168462299716979
0.16918411021951
0.169915128417106
0.170652942290189
0.171395144418494
0.172139340548028
0.172883158008013
0.173624253947427
0.174360323362302
0.175089106886537
0.175808398320651
0.17651605187461
0.177209989102598
0.177888205509348
0.17854877680939
0.179189864822339
0.17980972298902
0.180406701494936
0.180979251989241
0.181525931888951
0.182045408259726
0.182536461266026
0.182997987184915
0.183429000979218
0.183828638427053
0.1841961578061
0.184530941132238
0.184832494953403
0.185100450700719
0.185334564600126
0.185534717148868
0.185700912162316
0.185833275397733
0.18593205276264
0.185997608116573
0.186030420676064
0.186031082033764
0.186000292803707
0.18593885890576
0.185847687503375
0.185727782609819
0.185580240379083
0.18540624409871
0.185207058902784
0.184984026224308
0.184738558007132
0.184472130698529
0.18418627904433
0.183882589709396
0.183562694746884
0.183228264940473
0.18288100304431
0.182522636945899
0.182154912777618
0.181779588002823
0.181398424502712
0.181013181690226
0.180625609677219
0.180237442521009
0.179850391576155
0.179466138976909
0.179086331275312
0.17871257325926
0.178346421974123
0.177989380970651
0.177642894800927
0.177308343783037
0.176987039053962
0.176680217928921
0.176389039584018
0.176114581077621
0.175857833724377
0.175619699834173
0.175400989826751
0.17520241973098
0.175024609076064
0.174868079180246
0.174733251840796
0.174620448427269
0.174529889378311
0.174461694100468
0.174415881265759
0.174392369503037
0.174390978476513
0.174411430343163
0.174453351579198
0.174516275164266
0.174599643110586
0.174702809322931
0.174825042774022
0.174965530978807
0.175123383749961
0.175297637216005
0.175487258082587
0.175691148116723
0.17590814883316
0.17613704636156
0.176376576472796
0.17662542974243
0.1768822568293
0.177145673847189
0.177414267807616
0.177686602112123
0.17796122207272
0.178236660439698
0.178511442916568
0.178784093642585
0.179053140624104
0.179317121096841
0.179574586802095
0.179824109160907
0.180064284331243
0.180293738134291
0.180511130837112
0.180715161779952
0.180904573837647
0.18107815770563
0.181234756002089
0.181373267178882
0.181492649234727
0.181591923225134
0.181670176564331
0.181726566115228
0.181760321064089
0.181770745577176
0.181757221237099
0.181719209256972
0.181656252470791
0.181567977098588
0.181454094285073
0.181314401410424
0.18114878317188
0.180957212434615
0.180739750850206
0.180496549240757
0.180227847746489
0.179933975734299
0.179615351464547
0.179272481512985
0.178905959944597
0.178516467235828
0.178104768941616
0.177671714103558
0.17721823339558
0.176745337003641
0.176254112236251
0.175745720862994
0.175221396178782
0.174682439792231
0.174130218137417
0.17356615870923
0.172991746023706
0.17240851730601
0.171818057910183
0.171221996476345
0.170621999832782
0.170019767652137
0.169417026872886
0.168815525899284
0.168217028595028
0.167623308088035
0.167036140405842
0.166457297963276
0.165888542926157
0.165331620476812
0.164788252009152
0.164260128282899
0.163748902568256
0.163256183813822
0.162783529871936
0.162332440816717
0.16190435239096
0.161500629618682
0.161122560620437
0.160771350668568
0.160448116519309
0.160153881058065
0.159889568293294
0.159655998733185
0.15945388517778
0.159283828957295
0.159146316645218
0.159041717272265
0.158970280064511
0.15893213272595
0.158927280282489
0.158955604500845
0.159016863892159
0.15911069430628
0.159236610118718
0.159394006008211
0.159582159318764
0.159800232995896
0.160047279082793
0.160322242758012
0.160623966892551
0.160951197100299
0.16130258725239
0.161676705422603
0.162072040227914
0.162487007525538
0.162919957425302
0.163369181574127
0.163832920667631
0.164309372142497
0.164796698002335
0.165293032729171
0.165796491232611
0.166305176788984
0.166817188923474
0.167330631189362
0.167843618799975
0.168354286070806
0.168860793631488
0.169361335369847
0.169854145073077
0.170337502734199
0.17080974049528
0.171269248202415
0.17171447855112
0.172143951804608
0.172556260071201
0.17295007113106
0.173324131806236
0.173677270871845
0.174008401509869
0.174316523310649
0.174600723830501
0.174860179717096
0.175094157417147
0.175302013483661
0.17548319450236
0.175637236658999
0.175763764971027
0.175862492208502
0.175933217530216
0.175975824861792
0.175990281042865
0.175976633770596
0.1759350093665
0.175865610393063
0.175768713145769
0.17564466504513
0.175493881951948
0.175316845427571
0.175114099959167
0.174886250168227
0.174633958018555
0.174357940037939
0.174058964565678
0.173737849035964
0.173395457305116
0.173032697028579
0.172650517091668
0.172249905096163
0.171831884903138
0.171397514230813
0.170947882304774
0.170484107556664
0.17000733536637
0.169518735841847
0.169019501630042
0.168510845751891
0.167993999454056
0.16747021007
0.166940738883014
0.166406858984103
0.165869853118014
0.165331011511221
0.164791629676361
0.164253006188377
0.163716440428474
0.163183230292946
0.162654669864895
0.162132047047874
0.161616641161554
0.161109720500494
0.160612539858171
0.160126338019359
0.159652335224959
0.159191730614208
0.158745699650114
0.158315391534664
0.157901926621106
0.157506393831206
0.157129848085937
0.156773307758524
0.156437752159174
0.156124119061129
0.155833302277931
0.155566149301967
0.155323459014482
0.155105979477269
0.154914405816301
0.154749378207429
0.154611479974238
0.154501235807934
0.154419110118973
0.154365505529864
0.15434076151831
0.154345153219496
0.154378890395946
0.154442116582974
0.154534908417228
0.154657275155323
0.154809158388966
0.154990431962323
0.155200902096661
0.155440307726542
0.155708321050982
0.156004548302078
0.156328530732635
0.156679745823244
0.157057608708161
0.157461473818129
0.157890636737039
0.158344336268014
0.158821756703148
0.159322030289724
0.159844239884333
0.160387421784846
0.160950568728806
0.161532633045315
0.162132529946181
0.162749140940678
0.163381317357062
0.164027883952762
0.16468764259411
0.165359375985519
0.166041851427216
0.16673382457996
0.167434043214757
0.168141250925243
0.168854190780371
0.169571608895147
0.170292257897533
0.171014900270186
0.171738311546551
0.172461283341832
0.173182626200626
0.173901172244509
0.174615777604522
0.175325324625397
0.176028723830421
0.176724915638069
0.17741287182387
0.17809159672348
0.178760128175473
0.179417538205009
0.180062933452194
0.180695455351612
0.18131428007214
0.181918618228766
0.182507714380564
0.183080846331411
0.183637324252194
0.184176489645321
0.184697714174164
0.185200398381673
0.18568397032371
0.186147884143759
0.186591618616396
0.187014675687399
0.187416579038505
0.187796872704661
0.188155119771082
0.188490901176631
0.188803814648847
0.189093473794494
0.189359507367725
0.189601558735895
0.189819285560711
0.190012359709876
0.190180467411532
0.190323309660884
0.190440602885188
0.190532079870074
0.190597490946776
0.190636605436451
0.190649213344347
0.190635127293168
0.190594184681664
0.190526250051212
0.190431217640092
0.190309014102201
0.190159601364274
0.189982979593178
0.189779190242671
0.18954831914712
0.189290499628084
0.189005915578477
0.188694804488116
0.188357460374008
0.187994236578612
0.187605548399588
0.187191875515214
0.186753764170724
0.186291829092211
0.185806755096564
0.185299298368002
0.184770287374258
0.184220623398172
0.183651280663517
0.183063306037092
0.182457818292624
0.181836006925605
0.181199130511983
0.180548514607453
0.179885549188017
0.17921168563637
0.178528433282572
0.177837355511282
0.177140065451525
0.176438221268551
0.175733521080713
0.175027697527497
0.174322512017761
0.173619748689921
0.172921208118221
0.172228700801292
0.171544040470972
0.170869037260786
0.17020549077455
0.169555183096304
0.168919871783172
0.168301282882757
0.167701104016415
0.167120977569083
0.166562494025438
0.166027185490876
0.165516519434311
0.165031892688004
0.164574625737605
0.164145957333374
0.163747039451134
0.163378932628936
0.163042601702698
0.162738911961309
0.162468625738765
0.162232399458004
0.162030781138139
0.161864208373831
0.161733006792646
0.161637388993321
0.161577453965105
0.161553186985597
0.161564459991908
0.161611032417488
0.161692552484618
0.161808558940358
0.161958483221716
0.162141652033916
0.16235729032396
0.162604524630113
0.162882386786633
0.163189817961858
0.16352567300677
0.163888725090337
0.164277670597243
0.164691134263139
0.165127674522175
0.165585789041384
0.166063920416409
0.166560462003109
0.167073763859786
0.167602138775014
0.168143868356435
0.168697209156369
0.169260398810555
0.169831662166988
0.170409217382409
0.170991281964718
0.171576078740265
0.172161841725722
0.172746821884982
0.173329292752281
0.173907555903501
0.174479946258361
0.175044837196938
0.175600645474715
0.176145835921055
0.17667892590672
0.17719848956676
0.177703161765789
0.178191641793343
0.178662696777742
0.179115164807544
0.179547957750401
0.1799600637599
0.180350549461682
0.180718561811003
0.181063329614701
0.181384164711501
0.181680462805528
0.181951703948987
0.182197452671076
0.182417357751467
0.182611151637963
0.182778649509386
0.182919747986276
0.183034423493561
0.183122730281104
0.183184798109823
0.183220829612975
0.183231097344146
0.183215940525541
0.183175761512216
0.183111021990028
0.183022238927171
0.182909980301307
0.18277486062633
0.182617536304871
0.182438700834533
0.182239079897671
0.182019426366229
0.181780515254596
0.181523138654776
0.181248100689219
0.180956212517473
0.18064828743334
0.180325136089466
0.179987561886162
0.179636356560862
0.179272296013779
0.178896136404201
0.178508610550341
0.178110424663735
0.177702255446956
0.177284747580789
0.17685851162404
0.176424122345916
0.175982117507302
0.175532997103473
0.175077223076653
0.174615219502629
0.174147373251174
0.173674035115529
0.173195521401608
0.172712115963014
0.172224072663405
0.171731618243296
0.171234955564111
0.170734267198187
0.1702297193296
0.169721465927159
0.169209653147716
0.168694423925147
0.168175922698007
0.167654300226942
0.167129718451546
0.166602355335449
0.166072409648061
0.165540105631547
0.165005697502359
0.164469473737867
0.163931761100422
0.163392928353481
0.162853389627167
0.162313607393874
0.161774095018187
0.161235418849348
0.1606981998289
0.160163114590718
0.159630896035492
0.159102333366745
0.158578271580562
0.158059610406376
0.157547302701315
0.157042352305669
0.156545811372
0.156058777185157
0.155582388494998
0.15511782138784
0.154666284726573
0.154229015192891
0.153807271968246
0.153402331092823
0.153015479544079
0.152648009078189
0.152301209879062
0.151976364060418
0.151674739066809
0.1513975810194
0.151146108051789
0.150921503680247
0.15072491025146
0.150557422509161
0.15042008131913
0.150313867589767
0.150239696422989
0.150198411527561
0.150190779924188
0.150217486968806
0.150279131717595
0.150376222654321
0.15050917379769
0.150678301203611
0.150883819874534
0.151125841085469
0.151404370133873
0.15171930451838
0.152070432549314
0.152457432392106
0.152879871543162
0.153337206736295
0.153828784276691
0.154353840798373
0.154911504440329
0.15550079643581
0.156120633108812
0.156769828271351
0.157447096014805
0.158151053888359
0.158880226457312
0.15963304923377
0.160407872971927
0.161202968319773
0.162016530818578
0.162846686240928
0.163691496257298
0.164548964420284
0.165417042454499
0.166293636838868
0.167176615666613
0.168063815766557
0.168953050067566
0.169842115185959
0.170728799213573
0.171610889681942
0.172486181675682
0.173352486065768
0.174207637830985
0.175049504433389
0.175875994211283
0.176685064750957
0.177474731196343
0.178243074453817
0.178988249247716
0.179708491980778
0.180402128352589
0.181067580688487
0.181703374931013
0.182308147246144
0.182880650197107
0.183419758439578
0.183924473893642
0.18439393034982
0.184827397469014
0.185224284139149
0.18558414115474
0.185906663189461
0.186191690036099
0.186439207092931
0.186649345080558
0.186822378978549
0.186958726176779
0.187058943842078
0.187123725506693
0.187153896890984
0.187150410978738
0.187114342369391
0.187046880937208
0.186949324833115
0.186823072870215
0.186669616339118
0.186490530303927
0.186287464434068
0.186062133431021
0.185816307112412
0.18555180021879
0.185270462010773
0.184974165725945
0.184664797966118
0.184344248086073
0.18401439765492
0.183677110060546
0.183334220326425
0.182987525208279
0.182638773635736
0.182289657561285
0.181941803275499
0.181596763243697
0.181256008515014
0.180920921750311
0.180592790910449
0.180272803641322
0.179962042386665
0.179661480254125
0.179371977654414
0.179094279727669
0.178829014565373
0.178576692230499
0.178337704572917
0.17811232583156
0.177900714009517
0.17770291300307
0.177518855460731
0.177348366343734
0.177191167155009
0.17704688079967
0.176915037036274
0.176795078474792
0.176686367074195
0.176588191089962
0.176499772419525
0.176420274291872
0.176348809245968
0.176284447341632
0.176226224545737
0.176173151236274
0.176124220766822
0.176078418034338
0.17603472799386
0.175992144064768
0.175949676374549
0.175906359787669
0.175861261669041
0.175813489333765
0.175762197137202
0.175706593162115
0.175645945462446
0.175579587826323
0.175506925024151
0.175427437510968
0.175340685555784
0.175246312774255
0.175144049044759
0.175033712791795
0.174915212624467
0.174788548321808
0.174653811160616
0.174511183585488
0.174360938224702
0.17420343625955
0.174039125158641
0.173868535792532
0.173692278947848
0.17351104126367
0.173325580616595
0.173136720984247
0.172945346820303
0.172752396977207
0.172558858215638
0.172365758342507
0.172174159021735
0.171985148304301
0.171799832926024
0.171619330423253
0.171444761118049
0.171277240025599
0.171117868737362
0.17096772733398
0.170827866382146
0.170699299069406
0.170582993530433
0.17047986541736
0.170390770765651
0.170316499205358
0.170257767565789
0.170215213919337
0.170189392107724
0.170180766790989
0.170189709056442
0.170216492621285
0.170261290658926
0.170324173275008
0.170405105654957
0.170503946900478
0.17062044956779
0.170754259915711
0.170904918866802
0.171071863679857
0.17125443032705
0.171451856564005
0.171663285676101
0.171887770879361
0.172124280349452
0.172371702847596
0.172628853907654
0.172894482544323
0.173167278438254
0.173445879550115
0.173728880112093
0.174014838942185
0.174302288023815
0.174589741290958
0.174875703556976
0.175158679523877
0.175437182807685
0.175709744915044
0.175974924106181
0.176231314079771
0.176477552416281
0.176712328717836
0.176934392384679
0.177142559970811
0.177335722064379
0.177512849641898
0.177672999849261
0.177815321166893
0.177939057921093
0.178043554108748
0.178128256507967
0.178192717052914
0.178236594456982
0.178259655074582
0.178261772998006
0.178242929392121
0.178203211075954
0.178142808366491
0.17806201220616
0.177961210601494
0.177840884406262
0.177701602487851
0.177544016320925
0.177368854057177
0.177176914124409
0.176969058412091
0.176746205103997
0.176509321221351
0.176259414942234
0.175997527764692
0.175724726582024
0.175442095739168
0.17515072913888
0.174851722465494
0.174546165592575
0.174235135238586
0.173919687931949
0.173600853343532
0.173279628040666
0.172956969712409
0.172633791910859
0.172310959348014
0.171989283781978
0.171669520520352
0.171352365562358
0.171038453394866
0.17072835545092
0.170422579232772
0.170121568094881
0.169825701675825
0.169535296961778
0.169250609958079
0.16897183793963
0.16869912224538
0.168432551577086
0.168172165757953
0.167917959902629
0.167669888946484
0.167427872479083
0.167191799824416
0.166961535308642
0.166736923654997
0.166517795445029
0.166303972585441
0.166095273720649
0.165891519532512
0.165692537870699
0.165498168659692
0.165308268531501
0.165122715136706
0.164941411090451
0.164764287514383
0.164591307140252
0.164422466945866
0.164257800299325
0.164097378592808
0.163941312352664
0.163789751818071
0.163642886985983
0.163500947125525
0.163364199770238
0.163232949201671
0.163107534442674
0.162988326783304
0.162875726866517
0.16277016136472
0.162672079281781
0.162581947918187
0.162500248539769
0.162427471792611
0.162364112908629
0.162310666747607
0.162267622722436
0.162235459654759
0.16221464060829
0.162205607746719
0.162208777262364
0.162224534420642
0.162253228763956
0.162295169516846
0.1623506212322
0.162419799716003
0.162502868265581
0.162599934253555
0.162711046086834
0.162836190566922
0.16297529067469
0.163128203799511
0.163294720429373
0.163474563315244
0.163667387119619
0.163872778555825
0.164090257021322
0.164319275724925
0.164559223304625
0.164809425929453
0.165069149875706
0.16533760456475
0.165613946046627
0.165897280910782
0.166186670602376
0.166481136119931
0.166779663067434
0.167081207031482
0.167384699251668
0.167689052550112
0.167993167483926
0.168295938682373
0.168596261328673
0.168893037744735
0.169185184035614
0.169471636749246
0.169751359505941
0.170023349551321
0.170286644185847
0.170540327023801
0.170783534034621
0.171015459319815
0.17123536057939
0.171442564222685
0.171636470079946
0.171816555672683
0.171982380002978
0.172133586824451
0.172269907360443
0.172391162438273
0.172497264012054
0.172588216050555
0.172664114770937
0.172725148203834
0.172771595080217
0.172803823035653
0.172822286133006
0.172827521710223
0.172820146565537
0.172800852498265
0.172770401229148
0.17272961873001
0.17267938899816
0.172620647316538
0.17255437304588
0.172481582000255
0.172403318461995
0.17232064689635
0.172234643430031
0.172146387161148
0.172056951370807
0.171967394708792
0.171878752427304
0.171792027737541
0.171708183364073
0.171628133371382
0.171552735335625
0.171482782932648
0.171418999010506
0.171362029211268
0.171312436202723
0.171270694575767
0.171237186457815
0.171212197886568
0.171195915981918
0.171188426946805
0.17118971492045
0.171199661699686
0.17121804733621
0.171244551609435
0.17127875636651
0.171320148712883
0.17136812502873
0.171421995778704
0.171480991074841
0.171544266945183
0.171610912253851
0.171679956211975
0.171750376413074
0.171821107321396
0.171891049137256
0.17195907695968
0.172024050163792
0.172084821908201
0.172140248686407
0.172189199835816
0.172230566918351
0.17226327288797
0.172286280962501
0.172298603120157
0.172299308144819
0.172287529148672
0.172262470505948
0.172223414137378
0.172169725091362
0.172100856374829
0.172016352994133
0.171915855174111
0.171799100731464
0.171665926586911
0.17151626940894
0.171350165390405
0.17116774916761
0.170969251899755
0.170754998534649
0.170525404294357
0.170280970421765
0.170022279236011
0.169749988551101
0.169464825517885
0.169167579954733
0.168859097236811
0.168540270817613
0.168212034459476
0.167875354252032
0.167531220499034
0.167180639554615
0.166824625689863
0.166464193069648
0.166100347917803
0.16573408094628
0.165366360120558
0.164998123829618
0.164630274524124
0.16426367288119
0.163899132548281
0.163537415512485
0.163179228134628
0.162825217880626
0.162475970775044
0.162132009594249
0.161793792808816
0.161461714277036
0.161136103683646
0.160817227710203
0.16050529191609
0.160200443301879
0.159902773519909
0.159612322690427
0.159329083775584
0.159053007458094
0.158784007466362
0.158521966283612
0.158266741174827
0.158018170462396
0.157776079979059
0.157540289625289
0.157310619957461
0.157086898733204
0.156868967341079
0.156656687043253
0.156449944962082
0.156248659744453
0.156052786841367
0.155862323344464
0.155677312326027
0.155497846634362
0.15532407210226
0.155156190132484
0.154994459630834
0.15483919826415
0.1546907830277
0.154549650113587
0.154416294079022
0.154291266320554
0.154175172867447
0.154068671514357
0.153972468320162
0.153887313506199
0.153813996793192
0.153753342221729
0.153706202506262
0.153673452977147
0.153655985169209
0.153654700118684
0.153670501433046
0.153704288200265
0.153756947805348
0.15382934872261
0.153922333352034
0.154036710967264
0.154173250841281
0.154332675613636
0.154515654960326
0.154722799623931
0.154954655857685
0.155211700332595
0.15549433555176
0.155802885810593
0.156137593735919
0.15649861743081
0.156886028245759
0.157299809190319
0.157739853992767
0.158205966808823
0.158697862573882
0.15921516798686
0.159757423107486
0.160324083542959
0.160914523194188
0.161528037526585
0.162163847325518
0.162821102892156
0.163498888631601
0.16419622798189
0.164912088629788
0.165645387957197
0.166394998660577
0.167159754485017
0.167938456014445
0.168729876460024
0.169532767389954
0.170345864345706
0.171167892292163
0.171997570852095
0.172833619278978
0.17367476112617
0.174519728574956
0.175367266388844
0.176216135466723
0.177065115972962
0.177913010028262
0.178758643950875
0.17960087004375
0.180438567929069
0.181270645437457
0.182096039064886
0.182913714015758
0.183722663855862
0.184521909803789
0.185310499693832
0.186087506647423
0.186852027493653
0.187603180982363
0.188340105835662
0.189061958685454
0.189767911945644
0.190457151668125
0.191128875431413
0.191782290309885
0.192416610970004
0.193031057937747
0.1936248560786
0.194197233328104
0.194747419707037
0.195274646650862
0.195778146678258
0.196257153418329
0.196710902010595
0.197138629886106
0.197539577932158
0.197912992037126
0.198258125005982
0.198574238831184
0.198860607297977
0.199116518897658
0.199341280017272
0.199534218369471
0.199694686622028
0.19982206618276
0.199915771092477
0.199975251976071
0.2
0.19998955078331
