-20,-2.60767415380705
-19.9717023723465,-2.59774145920684
-19.9433997599897,-2.58747535770194
-19.9150921707701,-2.57687672252312
-19.8867796125263,-2.56594714198984
-19.8584620930947,-2.55468891559862
-19.8301396203096,-2.54310504886816
-19.8018122020033,-2.53119924688659
-19.7734798460059,-2.518975906501
-19.7451425601455,-2.50644010708692
-19.716800352248,-2.49359759983408
-19.6884532301373,-2.48045479548615
-19.6601012016353,-2.46701875047572
-19.6317442745616,-2.45329715140024
-19.6033824567338,-2.43929829779293
-19.5750157559677,-2.42503108315108
-19.5466441800765,-2.41050497419551
-19.5182677368719,-2.39572998834731
-19.4898864341631,-2.38071666942177
-19.4615002797574,-2.36547606155469
-19.43310928146,-2.35001968139169
-19.4047134470742,-2.3343594885882
-19.376312784401,-2.31850785468422
-19.3479073012394,-2.30247753043498
-19.3194970053865,-2.28628161169554
-19.2910819046373,-2.26993350397297
-19.2626620067845,-2.25344688577579
-19.2342373196191,-2.23683567090405
-19.2058078509299,-2.22011396983689
-19.1773736085036,-2.20329605038553
-19.148934600125,-2.18639629778976
-19.1204908335766,-2.1694291744436
-19.0920423166393,-2.15240917944191
-19.0635890570915,-2.13535080814329
-19.0351310627099,-2.1182685119464
-19.0066683412691,-2.10117665847606
-18.9782009005415,-2.08408949237275
-18.9497287482976,-2.06702109687416
-18.9212518923061,-2.04998535637058
-18.8927703403333,-2.03299592010656
-18.8642841001436,-2.01606616719091
-18.8357931794996,-1.99920917306459
-18.8072975861616,-1.98243767756198
-18.7787973278881,-1.96576405468632
-18.7502924124355,-1.94920028420402
-18.7217828475582,-1.93275792514541
-18.6932686410085,-1.91644809128324
-18.664749800537,-1.90028142864172
-18.636226333892,-1.88426809507286
-18.60769824882,-1.86841774191869
-18.5791655530653,-1.85273949776276
-18.5506282543704,-1.83724195425797
-18.5220863604758,-1.82193315400377
-18.4935398791198,-1.80682058043245
-18.4649888180391,-1.79191114965244
-18.4364331849682,-1.77721120418637
-18.4078729876394,-1.76272650853305
-18.3793082337835,-1.748462246476
-18.350738931129,-1.73442302005576
-18.3221650874024,-1.72061285012073
-18.2935867103285,-1.70703517836925
-18.2650038076299,-1.69369287079689
-18.2364163870274,-1.6805882224644
-18.2078244562397,-1.66772296350577
-18.1792280229835,-1.65509826630099
-18.1506270949739,-1.64271475374425
-18.1220216799236,-1.63057250854582
-18.0934117855436,-1.61867108351419
-18.064797419543,-1.60700951277346
-18.0361785896287,-1.59558632388064
-18.0075553035059,-1.58439955081631
-17.9789275688778,-1.57344674783162
-17.9502953934456,-1.56272500414278
-17.9216587849086,-1.55223095947301
-17.8930177509642,-1.54196082044828
-17.8643722993079,-1.53191037785967
-17.8357224376331,-1.52207502481023
-17.8070681736315,-1.51244977576677
-17.7784095149927,-1.50302928653939
-17.7497464694045,-1.49380787521126
-17.7210790445528,-1.48477954403904
-17.6924072481214,-1.47593800234106
-17.6637310877924,-1.46727669038422
-17.6350505712459,-1.45878880427351
-17.6063657061601,-1.45046732183821
-17.5776765002113,-1.44230502949838
-17.5489829610738,-1.43429455008194
-17.5202850964203,-1.42642837154923
-17.4915829139212,-1.41869887656622
-17.4628764212454,-1.41109837285137
-17.4341656260595,-1.40361912420433
-17.4054505360287,-1.39625338210693
-17.3767311588158,-1.38899341776946
-17.3480075020822,-1.38183155447767
-17.319279573487,-1.37476020007888
-17.2905473806877,-1.36777187942931
-17.2618109313398,-1.36085926660977
-17.233070233097,-1.35401521670263
-17.204325293611,-1.34723279691165
-17.1755761205319,-1.34050531679539
-17.1468227215076,-1.33382635737799
-17.1180651041844,-1.32718979889498
-17.0893032762066,-1.32058984692988
-17.0605372452168,-1.31402105669721
-17.0317670188554,-1.30747835523101
-17.0029926047614,-1.30095706124419
-16.9742140105717,-1.2944529024338
-16.9454312439213,-1.28796203001976
-16.9166443124435,-1.28148103032034
-16.8878532237697,-1.27500693318697
-16.8590579855295,-1.26853721714185
-16.8302586053506,-1.26206981108712
-16.8014550908589,-1.25560309248061
-16.7726474496785,-1.24913588190277
-16.7438356894317,-1.24266743397022
-16.7150198177388,-1.23619742458445
-16.6861998422185,-1.22972593453776
-16.6573757704875,-1.22325342953382
-16.6285476101609,-1.21678073671549
-16.5997153688517,-1.21030901782788
-16.5708790541714,-1.20383973918006
-16.5420386737294,-1.19737463860287
-16.5131942351335,-1.19091568963378
-16.4843457459897,-1.18446506319106
-16.455493213902,-1.17802508702939
-16.4266366464727,-1.17159820329618
-16.3977760513025,-1.16518692453236
-16.3689114359901,-1.15879378848304
-16.3400428081324,-1.15242131210164
-16.3111701753246,-1.14607194514574
-16.2822935451601,-1.13974802377345
-16.2534129252305,-1.13345172455701
-16.2245283231256,-1.12718501933187
-16.1956397464336,-1.12094963129979
-16.1667472027406,-1.11474699279796
-16.1378506996312,-1.1085782051376
-16.1089502446881,-1.10244400090164
-16.0800458454923,-1.09634470907397
-16.0511375096231,-1.09028022335151
-16.0222252446579,-1.08424997396607
-15.9933090581725,-1.07825290331483
-15.9643889577406,-1.07228744566764
-15.9354649509347,-1.06635151118584
-15.9065370453251,-1.06044247445107
-15.8776052484806,-1.05455716766539
-15.8486695679681,-1.04869187864389
-15.8197300113528,-1.04284235368069
-15.7907865861983,-1.03700380532781
-15.7618393000663,-1.03117092508427
-15.7328881605169,-1.02533790095116
-15.7039331751083,-1.01949843976683
-15.6749743513971,-1.01364579419553
-15.6460116969382,-1.00777279420358
-15.6170452192848,-1.0018718828187
-15.5880749259882,-0.995935155932052
-15.5591008245981,-0.989954405868517
-15.5301229226626,-0.983921168418675
-15.501141227728,-0.97782677299724
-15.4721557473388,-0.971662395566064
-15.4431664890378,-0.965419113937017
-15.4141734603664,-0.959087965049761
-15.3851766688639,-0.952660003802883
-15.3561761220681,-0.946126363003614
-15.3271718275153,-0.939478313991387
-15.2981637927396,-0.932707327484358
-15.269152025274,-0.925805134194931
-15.2401365326494,-0.918763784761168
-15.2111173223952,-0.911575708544717
-15.1820944020391,-0.904233770853324
-15.153067779107,-0.896731328156491
-15.1240374611234,-0.889062280876303
-15.0950034556109,-0.881221123352212
-15.0659657700904,-0.873202990597562
-15.0369244120814,-0.865003701487986
-15.0078793891016,-0.856619798045678
-14.9788307086668,-0.848048580510785
-14.9497783782916,-0.839288137919389
-14.9207224054887,-0.830337373938228
-14.891662797769,-0.821196027738722
-14.8625995626421,-0.811864689726278
-14.8335327076157,-0.8023448119759
-14.8044622401959,-0.792638713260814
-14.7753881678874,-0.782749578597887
-14.7463104981928,-0.772681453270593
-14.7172292386136,-0.762439231327996
-14.6881443966492,-0.752028638596279
-14.6590559797978,-0.741456210276731
-14.6299639955556,-0.730729263241898
-14.6008684514173,-0.71985586317841
-14.5717693548762,-0.708844786761404
-14.5426667134238,-0.697705479080568
-14.5135605345499,-0.686448006572348
-14.4844508257428,-0.675083005745464
-14.4553375944893,-0.663621628018234
-14.4262208482743,-0.65207548101565
-14.3971005945815,-0.640456566701722
-14.3679768408927,-0.628777216747714
-14.3388495946882,-0.617050025559969
-14.3097188634468,-0.605287781411171
-14.2805846546454,-0.593503396136427
-14.2514469757598,-0.581709833870029
-14.2223058342638,-0.569920039310226
-14.1931612376298,-0.558146866007426
-14.1640131933286,-0.546403005175875
-14.1348617088295,-0.534700915530173
-14.1057067916,-0.523052754645242
-14.0765484491064,-0.511470312332605
-14.0473866888132,-0.499964946515377
-14.0182215181832,-0.488547522071194
-13.9890529446779,-0.477228353094318
-13.9598809757572,-0.466017149007421
-13.9307056188794,-0.454922964928301
-13.9015268815012,-0.443954156668603
-13.8723447710778,-0.433118340709761
-13.8431592950629,-0.422422359466246
-13.8139704609086,-0.411872252108211
-13.7847782760656,-0.401473231174826
-13.7555827479827,-0.391229665166129
-13.7263838841077,-0.381145067255815
-13.6971816918865,-0.37122209022008
-13.6679761787635,-0.361462527628682
-13.6387673521816,-0.351867321294804
-13.6095552195824,-0.342436574929366
-13.5803397884057,-0.333169573895113
-13.55112106609,-0.324064810905298
-13.521899060072,-0.31512001746173
-13.4926737777872,-0.306332200778712
-13.4634452266695,-0.297697685892302
-13.4342134141511,-0.289212162609594
-13.4049783476631,-0.280870736910209
-13.3757400346348,-0.272667986373357
-13.346498482494,-0.264598019167366
-13.3172536986671,-0.256654536106971
-13.2880056905792,-0.248830895255487
-13.2587544656535,-0.241120178525442
-13.2295000313121,-0.233515259712711
-13.2002423949753,-0.226008873385126
-13.1709815640623,-0.218593684038396
-13.1417175459905,-0.211262354928202
-13.1124503481759,-0.204007615990122
-13.0831799780333,-0.196822330265995
-13.0539064429756,-0.189699558268472
-13.0246297504146,-0.182632619733688
-12.9953499077604,-0.17561515223516
-12.9660669224219,-0.168641166160533
-12.9367808018063,-0.161705095585653
-12.9074915533195,-0.154801844618163
-12.8781991843659,-0.147926828823934
-12.8489037023485,-0.141076011395405
-12.8196051146688,-0.134245933768895
-12.7903034287269,-0.127433740449611
-12.7609986519215,-0.120637197856261
-12.7316907916499,-0.113854707052901
-12.7023798553078,-0.1070853102919
-12.6730658502896,-0.100328691349141
-12.6437487839883,-0.0935851696900016
-12.6144286637956,-0.0868556885614638
-12.5851054971014,-0.0801417971611755
-12.5557792912946,-0.0734456270891641
-12.5264500537624,-0.0667698633390046
-12.4971177918908,-0.060117710135664
-12.4677825130644,-0.0534928519728481
-12.4384442246661,-0.0468994102455937
-12.4091029340778,-0.0403418959127109
-12.3797586486798,-0.0338251586579332
-12.350411375851,-0.0273543330482227
-12.321061122969,-0.0209347822124641
-12.29170789741,-0.0145720395834559
-12.2623517065487,-0.00827174925998264
-12.2329925577586,-0.00203960555457883
-12.2036304584117,0.00411870770393108
-12.1742654158787,0.0101975775469469
-12.1448974375289,0.01619152136265
-12.1155265307302,0.0220952449670406
-12.0861527028493,0.027903698722163
-12.0567759612513,0.033612131197188
-12.0273963133001,0.0392161398960411
-11.9980137663582,0.0447117186075303
-11.9686283277868,0.0500953009698506
-11.9392400049457,0.0553637998813059
-11.9098488051935,0.0605146424318903
-11.8804547358871,0.0655458000758529
-11.8510578043825,0.0704558138131972
-11.821658018034,0.075243814197556
-11.792255384195,0.0799095360382154
-11.762849910217,0.0844533277156501
-11.7334416034507,0.0888761550810102
-11.7040304712452,0.0931795999610898
-11.6746165209483,0.0973658533403423
-11.6451997599066,0.101437703340125
-11.6157801954654,0.105398518162261
-11.5863578349684,0.109252224208298
-11.5569326857584,0.113003279627726
-11.5275047551766,0.116656643587142
-11.498074050563,0.120217741587261
-11.4686405792564,0.12369242718642
-11.4392043485941,0.127086940516584
-11.4097653659124,0.130407864000986
-11.380323638546,0.133662075701658
-11.3508791738284,0.13685670073923
-11.3214319790921,0.139999061237496
-11.2919820616679,0.143096625250436
-11.2625294288857,0.146156955130074
-11.2330740880738,0.149187655790236
-11.2036160465594,0.152196323312857
-11.1741553116685,0.155190494332018
-11.1446918907258,0.158177596614259
-11.1152257910545,0.161164901234557
-11.085757019977,0.164159476724237
-11.0562855848141,0.167168145540536
-11.0268114928854,0.170197443179447
-10.9973347515093,0.173253580221484
-10.9678553680031,0.176342407567397
-10.9383733496826,0.179469385085525
-10.9088887038624,0.182639553856795
-10.8794014378562,0.185857512166301
-10.849911558976,0.189127395353026
-10.8204190745329,0.192452859592038
-10.7909239918367,0.195837069646323
-10.7614263181959,0.199282690589158
-10.7319260609178,0.202791883462439
-10.7024232273086,0.206366304802636
-10.6729178246731,0.210007109933393
-10.6434098603152,0.21371495989365
-10.6138993415372,0.217490031841649
-10.5843862756405,0.221332032749423
-10.5548706699252,0.225240216178705
-10.5253525316901,0.229213401908773
-10.4958318682331,0.233249998168439
-10.4663086868506,0.237348026209453
-10.4367829948379,0.241505146946182
-10.4072547994893,0.245718689377227
-10.3777241080977,0.249985680497957
-10.3481909279548,0.25430287640939
-10.3186552663514,0.258666794327794
-10.2891171305769,0.26307374520114
-10.2595765279196,0.267519866642765
-10.2300334656666,0.272001155899069
-10.200487951104,0.276513502576961
-10.1709399915164,0.281052720867557
-10.1413895941876,0.285614581015189
-10.1118367664001,0.29019483979534
-10.0822815154352,0.294789269780701
-10.0527238485733,0.299393687191632
-10.0231637730933,0.304003978145474
-9.99360129627321,0.308616123138165
-9.96403642538985,0.313226219610982
-9.93446916771889,0.317830502475715
-9.90489953053488,0.322425362491735
-9.87532752111126,0.327007362408906
-9.84575314672033,0.331573250811111
-9.81617641463328,0.33611997361519
-9.7865973321202,0.340644683200154
-9.75701590645003,0.345144745161249
-9.72743214489064,0.349617742702435
-9.69784605470877,0.354061478699016
-9.66825764317007,0.358473975480067
-9.63866691753911,0.36285347239707
-9.60907388507933,0.367198421260809
-9.57947855305309,0.371507479744146
-9.54988092872167,0.375779502861604
-9.52028101934527,0.380013532650295
-9.49067883218297,0.384208786188303
-9.46107437449282,0.388364642097379
-9.43146765353175,0.39248062568678
-9.40185867655566,0.396556392903413
-9.37224745081934,0.400591713260845
-9.34263398357655,0.404586451926058
-9.31301828207997,0.408540551147738
-9.2834003535812,0.412454011213647
-9.25378020533083,0.416326871127403
-9.22415784457836,0.420159189195999
-9.19453327857224,0.423951023719923
-9.16490651455989,0.427702413976036
-9.1352775597877,0.431413361681493
-9.10564642150099,0.435083813122866
-9.07601310694404,0.438713642129841
-9.04637762336012,0.442302634066621
-9.01673997799147,0.445850471006651
-8.98710017807929,0.449356718247465
-8.95745823086375,0.452820812312616
-8.92781414358401,0.456242050576314
-8.89816792347821,0.459619582634303
-8.86851957778349,0.462952403530878
-8.83886911373595,0.466239348937613
-8.80921653857072,0.469479092363869
-8.77956185952189,0.472670144462974
-8.74990508382256,0.475810854480649
-8.72024621870484,0.478899413874743
-8.69058527139984,0.481933862116861
-8.66092224913769,0.484912094667855
-8.63125715914752,0.48783187309995
-8.60159000865747,0.490690837319569
-8.57192080489471,0.493486519825332
-8.54224955508543,0.496216361917405
-8.51257626645485,0.498877731755606
-8.48290094622721,0.501467944145801
-8.45322360162576,0.503984281917461
-8.42354423987285,0.506424018738471
-8.39386286818979,0.508784443198891
-8.364179493797,0.511062883981062
-8.3344941239139,0.513256735921708
-8.30480676575897,0.515363486760535
-8.27511742654975,0.517380744361219
-8.24542611350283,0.519306264183335
-8.21573283383384,0.521137976778924
-8.18603759475751,0.522874015084057
-8.1563404034876,0.524512741274926
-8.12664126723696,0.52605277295914
-8.0969401932175,0.527493008476256
-8.0672371886402,0.528832651086823
-8.03753226071512,0.530071231837276
-8.00782541665143,0.531208630896977
-7.97811666365733,0.532245097175888
-7.94840600894017,0.533181266044323
-7.91869345970634,0.534018174991694
-7.88897902316134,0.534757277077432
-7.85926270650978,0.535400452045863
-7.82954451695537,0.535950014995365
-7.7998244617009,0.536408722513123
-7.77010254794828,0.536779776206842
-7.74037878289855,0.537066823587267
-7.71065317375185,0.537273956276124
-7.68092572770744,0.537405705536735
-7.65119645196368,0.53746703514566
-7.62146535371808,0.537463331645135
-7.59173244016729,0.537400392036709
-7.56199771850703,0.537284408995959
-7.53226119593222,0.537121953707079
-7.5025228796369,0.536919956433245
-7.47278277681422,0.536685684955017
-7.44304089465652,0.536426721022913
-7.41329724035525,0.536150934983716
-7.38355182110102,0.535866458750299
-7.3538046440836,0.535581657294486
-7.32405571649193,0.535305098849115
-7.29430504551409,0.535045524011096
-7.26455263833734,0.534811813940458
-7.23479850214807,0.534612957851593
-7.20504264413189,0.534458019992741
-7.17528507147356,0.534356106307506
-7.14552579135702,0.534316330968089
-7.11576481096539,0.534347782964616
-7.08600213748098,0.534459492928207
-7.05623777808528,0.534660400356728
-7.02647173995897,0.534959321403598
-6.99670403028192,0.535364917378935
-6.96693465623322,0.535885664102032
-6.93716362499114,0.536529822231763
-6.90739094373316,0.537305408690074
-6.87761661963596,0.538220169280727
-6.84784065987544,0.539281552593458
-6.8180630716267,0.540496685271101
-6.7882838620641,0.541872348704942
-6.75850303836116,0.543414957212143
-6.72872060769066,0.545130537737364
-6.69893657722461,0.547024711110026
-6.66915095413423,0.549102674879066
-6.63936374558999,0.551369187737137
-6.60957495876159,0.553828555538374
-6.57978460081797,0.556484618906062
-6.54999267892733,0.559340742419785
-6.5201992002571,0.562399805366539
-6.49040417197396,0.565664194034639
-6.46060760124387,0.569135795526194
-6.430809495232,0.572815993060431
-6.40100986110283,0.576705662737908
-6.37120870602008,0.580805171734539
-6.34140603714673,0.585114377893042
-6.31160186164504,0.589632630679581
-6.28179618667656,0.594358773473417
-6.2519890194021,0.599291147158262
-6.22218036698176,0.604427594984841
-6.19237023657489,0.609765468675548
-6.16255863534019,0.615301635743528
-6.13274557043562,0.621032487999599
-6.1029310490184,0.626953951222283
-6.0731150782451,0.633061495967112
-6.04329766527157,0.639350149492543
-6.01347881725297,0.64581450878066
-5.98365854134376,0.652448754631244
-5.95383684469771,0.659246666807839
-5.92401373446791,0.666201640214183
-5.89418921780679,0.673306702078456
-5.86436330186605,0.680554530121753
-5.83453599379675,0.687937471685053
-5.80470730074928,0.695447563787006
-5.77487722987336,0.703076554082003
-5.74504578831802,0.710815922684624
-5.71521298323167,0.718656904823035
-5.68537882176201,0.726590514279728
-5.65554331105613,0.734607567573427
-5.62570645826045,0.742698708831092
-5.59586827052075,0.750854435294066
-5.56602875498214,0.759065123396603
-5.53618791878913,0.767321055349818
-5.50634576908554,0.775612446158235
-5.47650231301461,0.783929470990458
-5.44665755771891,0.79226229281975
-5.41681151034041,0.800601090244854
-5.38696417802042,0.808936085395842
-5.35711556789966,0.817257571824854
-5.32726568711822,0.825555942276488
-5.29741454281556,0.833821716228663
-5.26756214213057,0.842045567090544
-5.2377084922015,0.850218348940878
-5.207853600166,0.858331122687758
-5.17799747316112,0.866375181528241
-5.14814011832332,0.874342075585865
-5.11828154278846,0.882223635603069
-5.0884217536918,0.890011995566567
-5.05856075816803,0.897699614144983
-5.02869856335125,0.905279294820694
-4.99883517637499,0.912744204601196
-4.96897060437217,0.920087891199991
-4.93910485447516,0.927304298582506
-4.90923793381577,0.934387780779353
-4.87936984952522,0.941333113876858
-4.84950060873417,0.948135506103363
-4.81963021857273,0.954790605940225
-4.78975868617044,0.961294508196225
-4.75988601865631,0.967643757996555
-4.73001222315878,0.973835352649488
-4.70013730680574,0.97986674136736
-4.67026127672455,0.985735822832019
-4.64038414004203,0.991440940609785
-4.61050590388446,0.996980876435295
-4.58062657537757,1.00235484139918
-4.55074616164659,1.00756246508954
-4.52086466981619,1.01260378275264
-4.49098210701055,1.01747922055363
-4.46109848035333,1.02218957903246
-4.43121379696764,1.02673601486541
-4.4013280639761,1.03112002105581
-4.37144128850083,1.0353434056911
-4.34155347766342,1.03940826941533
-4.31166463858497,1.04331698177742
-4.28177477838609,1.0470721566255
-4.25188390418688,1.05067662672602
-4.22199202310695,1.05413341779372
-4.19209914226543,1.05744572212393
-4.16220526878096,1.06061687202275
-4.13231040977169,1.06365031323279
-4.10241457235529,1.06654957855272
-4.07251776364898,1.06931826184731
-4.04261999076948,1.07195999264174
-4.01272126083306,1.07447841148878
-3.9828215809555,1.07687714629095
-3.95292095825216,1.07915978975075
-3.9230193998379,1.08132987811267
-3.89311691282713,1.08339087134827
-3.86321350433385,1.08534613492291
-3.83330918147156,1.0871989232679
-3.80340395135335,1.08895236506641
-3.77349782109185,1.09060945044443
-3.74359079779927,1.09217302014068
-3.71368288858736,1.09364575671092
-3.68377410056747,1.09503017780351
-3.65386444085049,1.09632863152341
-3.62395391654691,1.09754329388323
-3.59404253476679,1.09867616832022
-3.56413030261978,1.09972908723923
-3.53421722721511,1.10070371552351
-3.5043033156616,1.1016015559368
-3.47438857506764,1.10242395632367
-3.44447301254127,1.10317211849848
-3.41455663519007,1.1038471086989
-3.38463945012129,1.10444986946549
-3.35472146444171,1.1049812327975
-3.32480268525778,1.1054419344232
-3.29488311967554,1.1058326290147
-3.26496277480063,1.10615390616913
-3.23504165773836,1.10640630697243
-3.20511977559362,1.10659034095811
-3.17519713547094,1.10670650327074
-3.14527374447447,1.10675529184403
-3.11534960970802,1.1067372244043
-3.08542473827501,1.1066528551137
-3.05549913727853,1.10650279067232
-3.02557281382128,1.10628770570504
-2.99564577500564,1.10600835726738
-2.96571802793361,1.10566559831421
-2.93578957970686,1.10526038998707
-2.90586043742673,1.1047938125878
-2.87593060819421,1.10426707512093
-2.84600009910995,1.10368152330191
-2.81606891727427,1.10303864594442
-2.78613706978717,1.10234007965726
-2.75620456374832,1.10158761179859
-2.72627140625707,1.1007831816539
-2.69633760441244,1.09992887982242
-2.66640316531315,1.09902694581584
-2.63646809605761,1.09807976389181
-2.6065324037439,1.09708985716386
-2.57659609546982,1.09605988004731
-2.54665917833287,1.09499260911965
-2.51672165943023,1.0938909324902
-2.48678354585881,1.09275783779141
-2.45684484471522,1.09159639891886
-2.42690556309576,1.09040976166215
-2.3969657080965,1.08920112838126
-2.36702528681317,1.08797374189496
-2.33708430634127,1.08673086875771
-2.30714277377599,1.08547578210923
-2.27720069621228,1.08421174428786
-2.2472580807448,1.08294198940241
-2.21731493446796,1.08166970605971
-2.18737126447591,1.08039802044507
-2.15742707786253,1.07912997995034
-2.12748238172148,1.07786853754013
-2.09753718314612,1.07661653703974
-2.06759148922962,1.07537669951957
-2.03764530706486,1.0741516109395
-2.00769864374452,1.07294371120361
-1.97775150636099,1.07175528476022
-1.94780390200649,1.07058845286499
-1.91785583777298,1.06944516760633
-1.8879073207522,1.0683272077713
-1.85795835803566,1.06723617660904
-1.82800895671465,1.06617350152516
-1.79805912388027,1.06514043571755
-1.76810886662338,1.06413806173874
-1.73815819203465,1.06316729694602
-1.70820710720451,1.0622289007753
-1.67825561922325,1.06132348375029
-1.64830373518091,1.06045151811482
-1.61835146216737,1.05961334995308
-1.58839880727228,1.05880921264049
-1.55844577758514,1.05803924144822
-1.52849238019525,1.0573034891052
-1.49853862219171,1.05660194210567
-1.4685845106635,1.05593453753582
-1.43863005269936,1.05530118018183
-1.4086752553879,1.05470175967283
-1.37872012581753,1.05413616740636
-1.34876467107654,1.05360431300154
-1.31880889825304,1.05310614002532
-1.28885281443496,1.05264164074111
-1.25889642671012,1.05221086963625
-1.22893974216615,1.05181395549469
-1.19898276789055,1.05145111179519
-1.16902551097069,1.05112264523168
-1.13906797849378,1.05082896217213
-1.10911017754692,1.05057057289446
-1.07915211521703,1.05034809346311
-1.04919379859096,1.05016224513695
-1.01923523475539,1.05001385122849
-0.989276430796895,1.04990383136506
-0.959317393801929,1.04983319313505
-0.929358130856827,1.04980302113531
-0.899398649047817,1.04981446346962
-0.869438955461015,1.04986871578193
-0.839479057182442,1.04996700294192
-0.809518961298004,1.05011055853336
-0.779558674893501,1.05030060232762
-0.749598205054663,1.0505383159553
-0.719637558867118,1.05082481701755
-0.689676743416405,1.05116113190518
-0.659715765787969,1.05154816761741
-0.629754633067191,1.05198668289293
-0.599793352339368,1.05247725898427
-0.569831930689712,1.05302027042016
-0.53987037520338,1.05361585611179
-0.509908692965452,1.05426389116538
-0.479946891060956,1.0549639597667
-0.449984976574849,1.05571532950158
-0.42002295659203,1.05651692747166
-0.390060838197344,1.05736731855487
-0.360098628475596,1.05826468614679
-0.330136334511529,1.05920681570188
-0.300173963389853,1.06019108137198
-0.270211522195246,1.06121443601483
-0.240249018012333,1.0622734048172
-0.210286457925725,1.06336408274557
-0.180323849019985,1.06448213600325
-0.150361198379655,1.06562280763599
-0.12039851308926,1.06678092738925
-0.0904358002332964,1.06795092587972
-0.0604730668962619,1.06912685310166
-0.0305103201626187,1.07030240124557
-0.000547567116846732,1.07147093176395
0.0294151851566029,1.07262550657458
0.0593779295732685,1.0737589232498
0.0893406590486873,1.07486375399755
0.119303366498393,1.0759323881995
0.149266044837912,1.07695707823253
0.179228686982751,1.07792998826307
0.209191285848414,1.07884324566937
0.239153834350382,1.07968899471572
0.269116325404116,1.08045945207441
0.299078751925045,1.0811469637664
0.329041106828577,1.08174406307164
0.359003383030079,1.08224352894258
0.388965573444881,1.08263844444262
0.41892767098828,1.08292225472265
0.448889668575528,1.08308882404582
0.478851559121828,1.08313249137112
0.508813335542333,1.08304812401222
0.538774990752152,1.08283116889774
0.568736517666327,1.08247770097379
0.598697909199853,1.08198446830771
0.628659158267648,1.08134893347534
0.658620257784556,1.08056931084025
0.688581200665377,1.07964459936372
0.718541979824815,1.07857461061784
0.748502588177502,1.07735999171048
0.778463018637995,1.07600224287039
0.808423264120761,1.07450372948161
0.838383317540182,1.07286768840023
0.868343171810549,1.071098228431
0.898302819846063,1.0692003248873
0.928262254560813,1.06717980820429
0.958221468868795,1.06504334662178
0.988180455683911,1.0627984229999
1.01813920791993,1.06045330587597
1.04809771849053,1.05801701491624
1.07805598030928,1.05549928095874
1.1080139862896,1.05291050088547
1.13797172934481,1.05026168760087
1.1679292023881,1.04756441543081
1.19788639833254,1.04483076128961
1.22784331009105,1.04207324199436
1.25779993057643,1.03930474813277
1.28775625270133,1.0365384749155
1.31771226937825,1.03378785046462
1.34766797351959,1.03106646200656
1.37762335803753,1.02838798045155
1.40757841584415,1.02576608385083
1.43753313985135,1.02321438022862
1.46748752297088,1.02074633028806
1.49744155811432,1.0183751704882
1.52739523819309,1.0161138369843
1.55734855611843,1.01397489091471
1.58730150480142,1.01197044550587
1.61725407715297,1.01011209545154
1.64720626608376,1.0084108490049
1.67715806450435,1.00687706320105
1.70710946532507,1.00552038260467
1.73706046145608,1.00434968195216
1.76701104580734,1.00337301303034
1.79696121128861,1.00259755610485
1.82691095080944,1.00202957618093
1.85686025727921,1.00167438434779
1.88680912360703,1.00153630442471
1.91675754270187,1.00161864509453
1.94670550747244,1.00192367767549
1.97665301082724,1.00245261964878
2.00660004567456,1.00320562402518
2.03654660492245,1.00418177459961
2.06649268147875,1.00537908710909
2.09643826825103,1.00679451627638
2.12638335814666,1.00842396868878
2.15632794407278,1.01026232142988
2.18627201893625,1.01230344635091
2.21621557564371,1.01454023983872
2.24615860710154,1.01696465790825
2.27610110621588,1.01956775641994
2.30604306589259,1.02233973619587
2.33598447903731,1.02526999278378
2.36592533855537,1.02834717059412
2.39586563735187,1.03155922111321
2.42580536833163,1.03489346487521
2.45574452439919,1.0383366568558
2.48568309845881,1.04187505493403
2.51562108341448,1.04549449105188
2.54555847216991,1.0491804446877
2.5754952576285,1.05291811824711
2.60543143269341,1.05669251396411
2.63536699026745,1.06048851189681
2.66530192325316,1.06429094859508
2.69523622455277,1.0680846960125
2.7251698870682,1.07185474023221
2.7551029037011,1.07558625957528
2.78503526735276,1.07926470166129
2.8149669709242,1.08287585899438
2.84489800731608,1.08640594265316
2.87482836942877,1.08984165367094
2.90475805016229,1.09317025170221
2.93468704241637,1.09637962058363
2.96461533909037,1.09945833041233
2.99454293308334,1.10239569578056
3.02446981729397,1.10518182982483
3.05439598462063,1.1078076937689
3.08432142796133,1.11026514166262
3.11424614021374,1.1125469600444
3.14417011427516,1.11464690228249
3.17409334304257,1.11655971737848
3.20401581941256,1.11828117304883
3.23393753628136,1.11980807293141
3.26385848654486,1.12113826779905
3.29377866309854,1.12227066069691
3.32369805883755,1.12320520595703
3.35361666665664,1.12394290208076
3.38353447945018,1.12448577851752
3.41345149011216,1.12483687640648
3.4433676915362,1.12500022338639
3.4732830766155,1.12498080261666
3.50319763824289,1.12478451619067
3.53311136931081,1.12441814315876
3.56302426271128,1.12388929241507
3.59293631133592,1.12320635073593
3.62284750807594,1.12237842629087
3.65275784582215,1.12141528797826
3.68266731746495,1.12032730096604
3.71257591589431,1.11912535884422
3.74248363399979,1.11782081281951
3.77239046467051,1.11642539840271
3.8022964007952,1.11495116005693
3.83220143526211,1.11341037428871
3.86210556095911,1.11181547167445
3.89200877077357,1.11017895832163
3.92191105759247,1.1085133372672
3.95181241430233,1.10683103031497
3.98171283378922,1.10514430080935
4.01161230893874,1.10346517783453
4.04151083263606,1.10180538231619
4.07140839776591,1.10017625548726
4.10130499721252,1.09858869015979
4.13120062385966,1.09705306522282
4.16109527059066,1.09557918376023
4.19098893028836,1.09417621515352
4.22088159583512,1.0928526415038
4.25077326011283,1.09161620867246
4.28066391600288,1.0904738822051
4.31055355638622,1.08943180836467
4.34044217414326,1.08849528046093
4.37032976215395,1.0876687106233
4.40021631329773,1.08695560712288
4.43010182045355,1.08635855730809
4.45998627649986,1.08587921617747
4.48986967431459,1.08551830057216
4.51975200677516,1.08527558893057
4.54963326675851,1.08514992650887
4.57951344714103,1.08513923593406
4.6093925407986,1.08524053292035
4.63927054060658,1.08544994694675
4.66914743943979,1.08576274666279
4.69902323017257,1.08617336976127
4.72889790567866,1.0866754570317
4.75877145883132,1.08726189028594
4.78864388250321,1.08792483382925
4.81851516956652,1.08865577913381
4.84838531289283,1.08944559236065
4.87825430535321,1.09028456436689
4.90812213981817,1.09116246283079
4.93798880915765,1.09206858612516
4.96785430624102,1.09299181857186
4.99771862393713,1.09392068671548
5.02758175511423,1.09484341626179
5.05744369264,1.0957479893386
5.08730442938155,1.09662220174968
5.11716395820544,1.09745371990906
5.14702227197759,1.09823013716106
5.1768793635634,1.09893902921188
5.20673522582765,1.09956800841987
5.23658985163454,1.10010477671463
5.26644323384767,1.10053717693913
5.29629536533003,1.10085324243241
5.32614623894404,1.10104124469567
5.35599584755149,1.10108973900819
5.38584418401358,1.1009876078834
5.41569124119088,1.10072410227832
5.44553701194337,1.10028888049117
5.4753814891304,1.09967204470282
5.50522466561069,1.09886417513589
5.53506653424236,1.0978563618231
5.56490708788287,1.09664023399078
5.59474631938908,1.0952079870768
5.62458422161721,1.09355240741295
5.6544207874228,1.0916668946096
5.68425600966082,1.08954548168742
5.71408988118554,1.08718285300425
5.74392239485061,1.08457436002703
5.77375354350901,1.08171603499819
5.80358332001307,1.07860460254368
5.83341171721449,1.07523748926552
5.86323872796427,1.07161283135578
5.89306434511276,1.06772948026231
5.92288856150965,1.06358700642784
5.95271137000394,1.05918570111549
5.98253276344398,1.05452657632412
6.01235273467742,1.04961136278738
6.04217127655125,1.04444250604081
6.07198838191174,1.03902316053242
6.10180404360452,1.0333571817438
6.13161825447447,1.02744911628169
6.16143100736584,1.02130418989428
6.19124229512212,1.01492829336173
6.22105211058614,1.00832796620898
6.25086044660002,1.0015103781876
6.28066729600514,0.994483308476013
6.31047265164221,0.987255122551581
6.3402765063512,0.979834746694387
6.37007885297137,0.972231640092289
6.39987968434126,0.964455764528068
6.42967899329866,0.956517551643799
6.45947677268068,0.948427867794031
6.48927301532365,0.940197976518
6.51906771406319,0.93183949868159
6.54886086173418,0.923364370362627
6.57865245117074,0.914784798576534
6.60844247520628,0.906113214964897
6.63823092667343,0.897362227595472
6.66801779840406,0.888544571048421
6.69780308322933,0.879673054990661
6.7275867739796,0.870760511466045
6.75736886348447,0.861819741155195
6.78714934457281,0.85286345888283
6.81692821007268,0.843904238673971
6.84670545281138,0.834954458680656
6.87648106561545,0.826026246320133
6.90625504131064,0.81713142398101
6.93602737272192,0.808281455666688
6.96579805267347,0.799487394955115
6.99556707398867,0.790759834659411
7.02533442949015,0.782108858576066
7.05510011199969,0.773543995705054
7.08486411433831,0.765074177320166
7.11462642932621,0.756707697256893
7.14438704978279,0.748452175770709
7.17414596852665,0.74031452729897
7.20390317837555,0.732300932436878
7.23365867214647,0.724416814410127
7.26341244265555,0.716666820296169
7.29316448271811,0.709054807211025
7.32291478514864,0.701583833641038
7.35266334276082,0.694256156057762
7.38241014836747,0.687073230911672
7.4121551947806,0.680035722054321
7.44189847481137,0.673143513592514
7.47163998127009,0.666395728129928
7.50137970696624,0.659790750303316
7.53111764470845,0.653326255472166
7.56085378730449,0.646999243373017
7.59058812756125,0.640806076502862
7.62032065828483,0.634742522951164
7.6500513722804,0.628803803357229
7.67978026235229,0.622984641629458
7.70950732130398,0.617279319026025
7.73923254193804,0.611681731163124
7.76895591705618,0.60618544748769
7.79867743945926,0.600783772725947
7.82839710194722,0.595469809799511
7.85811489731913,0.590236523684617
7.88783081837317,0.585076805680252
7.91754485790662,0.579983537545409
7.94725700871589,0.574949654966659
7.97696726359646,0.569968209822278
8.00667561534292,0.565032430720656
8.03638205674897,0.560135781306755
8.06608658060738,0.555272015851891
8.09578917971002,0.550435231668182
8.12548984684783,0.545619917919858
8.15518857481087,0.540821000438676
8.18488535638824,0.536033882189486
8.21458018436812,0.531254479074448
8.24427305153777,0.526479250809466
8.27396395068352,0.521705226654483
8.30365287459077,0.516930025828863
8.33333981604397,0.51215187249413
8.36302476782662,0.507369605238594
8.39270772272131,0.502582681050391
8.42238867350964,0.49779117381771
8.4520676129723,0.492995767445848
8.48174453388899,0.48819774373073
8.51141942903846,0.48339896517615
8.54109229119853,0.478601852987389
8.57076311314601,0.473809360516256
8.60043188765678,0.469024942471798
8.63009860750571,0.464252520245935
8.65976326546674,0.459496443734871
8.68942585431281,0.454761450063351
8.71908636681586,0.450052619641497
8.7487447957469,0.445375330000793
8.77840113387588,0.440735207868101
8.80805537397182,0.436138079943902
8.83770750880273,0.431589922852822
8.8673575311356,0.427096812731691
8.89700543373645,0.42266487491252
8.92665120937027,0.418300234144908
8.95629485080106,0.414008965785371
8.98593635079182,0.409797048359586
9.0155757021045,0.405670317877941
9.04521289750007,0.401634424255796
9.07484792973846,0.397694790157708
9.10448079157858,0.393856572549723
9.13411147577833,0.390124627206511
9.16373997509454,0.386503476381222
9.19336628228305,0.382997279805323
9.22299039009865,0.379609809144668
9.25261229129508,0.376344425996443
9.28223197862504,0.373204063470709
9.3118494448402,0.370191211359504
9.34146468269115,0.367307904857753
9.37107768492746,0.364555716762261
9.40068844429764,0.361935753040299
9.4302969535491,0.359448651626273
9.45990320542824,0.357094584275117
9.48950719268036,0.354873261274939
9.51910890804973,0.352783938797863
9.5487083442795,0.350825428649273
9.57830549411176,0.348996110159881
9.60790035028756,0.347293943954305
9.63749290554681,0.34571648732198
9.66708315262837,0.344260910913576
9.69667108427,0.342924016486997
9.72625669320837,0.341702255431635
9.75583997217906,0.340591747808439
9.78542091391656,0.339588301655411
9.81499951115424,0.338687432323624
9.84457575662437,0.337884381627184
9.87414964305812,0.337174136611914
9.90372116318554,0.33655144777029
9.93329030973558,0.336010846556022
9.96285707543606,0.335546662077505
9.99242145301367,0.335153036877301
10.021983435194,0.334823941732807
10.0515430147015,0.334553189441031
10.0811001842595,0.334334447578208
10.1106549365902,0.334161250251981
10.1402072644147,0.334027008888739
10.1697571604528,0.333925022123324
10.1993046174233,0.333848484879276
10.2288496280439,0.333790496747703
10.258392185031,0.333744069789233
10.2879322810999,0.333702135897326
10.3174699089648,0.333657553871582
10.3470050613387,0.333603116357388
10.3765377309336,0.333531556811501
10.4060679104599,0.33343555665418
10.4355955926273,0.333307752764973
10.4651207701441,0.333140745473315
10.4946434357174,0.33292710718527
10.5241635820533,0.332659391775152
10.5536812018565,0.332330144855277
10.5831962878306,0.331931915019304
10.6127088326782,0.331457266133853
10.6422188291003,0.330898790731673
10.6717262697972,0.330249124535143
10.7012311474676,0.329500962114984
10.7307334548091,0.328647073663028
10.7602331845183,0.327680322832549
10.7897303292903,0.326593685574252
10.8192248818193,0.325380269871175
10.8487168347979,0.324033336252107
10.8782061809178,0.322546318941079
10.9076929128694,0.320912847480123
10.9371770233418,0.319126768644601
10.966658505023,0.317182168454913
10.9961373505996,0.315073394076109
11.0256135527572,0.312795075387285
11.05508710418,0.310342145996707
11.0845579975509,0.307709863476099
11.1140262255517,0.304893828588384
11.143491780863,0.301890003287419
11.1729546561639,0.298694727276889
11.2024148441325,0.295304732926489
11.2318723374455,0.291717158358409
11.2613271287785,0.287929558535382
11.2907792108057,0.283939914201937
11.3202285762,0.279746638554172
11.3496752176332,0.275348581538616
11.3791191277757,0.270745031708643
11.4085602992966,0.265935715595454
11.4379987248638,0.260920794580919
11.467434397144,0.255700859289973
11.4968673088025,0.250276921550906
11.5262974525033,0.244650404002684
11.5557248209091,0.238823127457529
11.5851494066814,0.232797296155873
11.6145712024804,0.226575481077319
11.643990200965,0.220160601495955
11.6734063947926,0.213555904990955
11.7028197766196,0.206764946142584
11.7322303391008,0.199791564160499
11.7616380748901,0.192639859704371
11.7910429766395,0.185314171166503
11.8204450370003,0.177819050692186
11.849844248622,0.170159240215938
11.879240604153,0.162339647790006
11.9086340962404,0.154365324476721
11.9380247175299,0.146241442066589
11.9674124606658,0.137973271872198
11.9967973182911,0.129566164831488
12.0261792830477,0.121025533134862
12.0555583475757,0.112356833568704
12.0849345045144,0.103565552742666
12.1143077465012,0.0946571943414298
12.1436780661726,0.0856372685124995
12.1730454561635,0.0765112834708432
12.2024099091075,0.0672847393698461
12.2317714176368,0.0579631244554903
12.2611299743823,0.0485519134880477
12.2904855719735,0.0390565683829038
12.3198382030386,0.0294825409906352
12.3491878602043,0.0198352779047397
12.3785345360961,0.0101202271566905
12.4078782233379,0.000342846629322935
12.4372189145523,-0.00949138600565647
12.4665566023607,-0.0193769620439355
12.4958912793829,-0.0293083294371996
12.5252229382372,-0.0392798796703033
12.5545515715409,-0.0492859340980445
12.5838771719096,-0.0593207300240692
12.6131997319576,-0.0693784068119498
12.6425192442976,-0.0794529923237661
12.6718357015413,-0.0895383899817404
12.7011490962986,-0.0996283667463089
12.7304594211782,-0.10971654229828
12.7597666687873,-0.119796379702656
12.7890708317317,-0.129861177819798
12.8183719026158,-0.139904065713431
12.8476698740426,-0.14991799928643
12.8769647386135,-0.15989576035399
12.9062564889288,-0.169829958339868
12.9355451175869,-0.179713034755444
12.9648306171853,-0.189537270593135
12.9941129803197,-0.199294796736304
13.0233921995843,-0.208977607456681
13.0526682675722,-0.218577577038261
13.0819411768748,-0.228086479534085
13.111210920082,-0.237496011629105
13.1404774897824,-0.246797818548991
13.169740878563,-0.255983522922094
13.1990010790096,-0.265044756468988
13.2282580837062,-0.273973194362689
13.2575118852356,-0.282760592072044
13.286762476179,-0.291398824471671
13.316009849116,-0.299879926974477
13.3452539966251,-0.308196138417138
13.3744949112829,-0.316339945405652
13.4037325856648,-0.324304127806677
13.4329670123446,-0.332081805052177
13.4621981838946,-0.339666482908662
13.4914260928856,-0.347052100349387
13.5206507318871,-0.354233076157655
13.5498720934669,-0.361204354882517
13.5790901701912,-0.367961451763968
13.608304954625,-0.37450049624421
13.6375164393316,-0.380818273683985
13.6667246168728,-0.38691226490883
13.6959294798089,-0.39278068321893
13.7251310206988,-0.39842250850873
13.7543292320996,-0.403837518157431
13.7835241065673,-0.409026314370188
13.8127156366559,-0.413990347670939
13.8419038149183,-0.418731936272138
13.8710886339055,-0.423254281073078
13.9002700861673,-0.427561476068085
13.9294481642517,-0.431658513977112
13.9586228607053,-0.4355512869449
13.9877941680731,-0.439246582189938
14.0169620788986,-0.442752072521607
14.0461265857238,-0.446076301681458
14.075287681089,-0.449228664503863
14.1044453575331,-0.45221938193059
14.1335996075933,-0.4550594709536
14.1627504238053,-0.457760709600137
14.1918977987032,-0.46033559711352
14.2210417248197,-0.462797309521164
14.2501821946858,-0.465159650819189
14.2793192008309,-0.467437000038395
14.3084527357828,-0.469644254490738
14.3375827920679,-0.471796769526968
14.3667093622109,-0.473910295165908
14.3958324387348,-0.476000909981998
14.4249520141613,-0.478084952661696
14.4540680810102,-0.480178951659312
14.4831806318,-0.482299553399557
14.5122896590473,-0.484463449487414
14.5413951552673,-0.486687303394447
14.5704971129737,-0.488987677096439
14.5995955246783,-0.49138095813769
14.6286903828915,-0.493883287594578
14.657781680122,-0.496510489403619
14.686869408877,-0.499278001507996
14.715953561662,-0.502200809261225
14.7450341309809,-0.505293381507776
14.7741111093358,-0.508569609737187
14.8031844892276,-0.512042750682824
14.8322542631552,-0.515725372706079
14.8613204236159,-0.519629306275654
14.8903829631057,-0.523765598815714
14.9194418741184,-0.528144474160605
14.9484971491467,-0.532775296814386
14.9775487806814,-0.537666541173749
15.0065967612117,-0.542825765831253
15.0356410832251,-0.548259593034615
15.0646817392076,-0.553973693335486
15.0937187216433,-0.5599727754201
15.1227520230148,-0.566260581073202
15.1517816358031,-0.572839885187342
15.1808075524875,-0.579712500691564
15.2098297655456,-0.586879288237824
15.2388482674532,-0.594340170449669
15.2678630506847,-0.602094150506886
15.2968741077126,-0.610139334812011
15.3258814310079,-0.618472959459844
15.3548850130397,-0.627091420209453
15.3838848462758,-0.635990305641037
15.4128809231818,-0.645164433165633
15.4418732362221,-0.654607887545382
15.470861777859,-0.664314061575986
15.4998465405534,-0.674275698579933
15.5288275167645,-0.684484936360491
15.5578046989495,-0.694933352270894
15.5867780795643,-0.705612009061277
15.6157476510627,-0.716511501177223
15.6447134058972,-0.727622001198036
15.6736753365182,-0.738933306119975
15.7026334353747,-0.750434883208833
15.7315876949138,-0.762115915167918
15.7605381075809,-0.773965344390888
15.7894846658198,-0.785971916092997
15.8184273620724,-0.798124220140522
15.8473661887791,-0.810410731424184
15.8763011383783,-0.822819848648827
15.9052322033068,-0.83533993143844
15.9341593759997,-0.847959335681516
15.9630826488904,-0.860666447067054
15.9920020144103,-0.873449712786027
16.0209174649895,-0.886297671395923
16.0498289930559,-0.899198980867489
16.078736591036,-0.912142444852336
16.1076402513542,-0.925117037227629
16.1365399664335,-0.93811192498984
16.1654357286949,-0.951116489582354
16.1943275305578,-0.964120346752928
16.2232153644398,-0.977113365045447
16.2520992227565,-0.990085683036611
16.2809790979221,-1.0030277254319
16.3098549823488,-1.01593021813692
16.3387268684471,-1.02878420241943
16.3675947486257,-1.04158104827475
16.3964586152915,-1.05431246710274
16.4253184608497,-1.06697052379789
16.4541742777036,-1.07954764834662
16.4830260582548,-1.09203664701612
16.511873794903,-1.1044307132091
16.5407174800464,-1.11672343804704
16.569557106081,-1.12890882073273
16.5983926654013,-1.14098127873004
16.6272241503998,-1.15293565778612
16.6560515534673,-1.16476724180805
16.6848748669929,-1.17647176259305
16.7136940833637,-1.18804540939858
16.742509194965,-1.19948483832668
16.7713201941805,-1.21078718148462
16.8001270733918,-1.22195005587346
16.8289298249788,-1.23297157194579
16.8577284413196,-1.243850341764
16.8865229147906,-1.25458548668329
16.915313237766,-1.26517664447498
16.9440994026187,-1.27562397580039
16.9728814017192,-1.28592816994
17.0016592274365,-1.29609044967863
17.0304328721378,-1.30611257524444
17.0592023281882,-1.31599684719781
17.0879675879512,-1.3257461081652
17.1167286437884,-1.33536374331374
17.1454854880594,-1.3448536794632
17.1742381131222,-1.35422038273472
17.2029865113327,-1.36346885463875
17.231730675045,-1.37260462650888
17.2604705966115,-1.38163375219349
17.2892062683826,-1.39056279892311
17.3179376827068,-1.399398836278
17.3466648319309,-1.40814942318858
17.3753877083996,-1.41682259290918
17.4041063044559,-1.42542683591557
17.4328206124409,-1.43397108068589
17.4615306246937,-1.44246467233605
17.4902363335518,-1.45091734909177
17.5189377313504,-1.45933921659159
17.5476348104232,-1.4677407200283
17.5763275631018,-1.47613261414923
17.6050159817159,-1.48452593115078
17.6337000585935,-1.49293194651608
17.6623797860605,-1.50136214286118
17.6910551564409,-1.50982817186948
17.719726162057,-1.51834181441125
17.748392795229,-1.5269149389604
17.7770550482753,-1.53555945843758
17.8057129135122,-1.54428728562493
17.8343663832545,-1.5531102873141
17.8630154498145,-1.56204023736493
17.8916601055032,-1.57108876886819
17.9203003426292,-1.58026732562038
17.9489361534994,-1.58958711313257
17.9775675304188,-1.59905904940892
18.0061944656903,-1.60869371574185
18.034816951615,-1.61850130778158
18.0634349804922,-1.62849158714664
18.0920485446189,-1.63867383384905
18.1206576362906,-1.64905679981278
18.1492622478004,-1.65964866376738
18.1778623714398,-1.67045698779896
18.2064579994982,-1.68148867583915
18.2350491242632,-1.69274993436843
18.2636357380202,-1.70424623560292
18.2922178330529,-1.71598228342467
18.3207954016429,-1.72796198230279
18.3493684360699,-1.74018840943818
18.3779369286116,-1.75266379034716
18.4065008715437,-1.76538947807915
18.4350602571401,-1.77836593624174
18.4636150776726,-1.79159272598167
18.492165325411,-1.80506849704414
18.5207109926232,-1.8187909830048
18.5492520715751,-1.8327570007395
18.5777885545307,-1.84696245416577
18.6063204337518,-1.86140234225958
18.6348477014985,-1.87607077131828
18.6633703500287,-1.89096097140932
18.6918883715984,-1.90606531691292
18.7204017584616,-1.92137535103542
18.7489105028703,-1.93688181414118
18.7774145970746,-1.95257467572171
18.8059140333224,-1.96844316979461
18.8344088038597,-1.98447583350048
18.8628989009307,-2.00066054864339
18.8913843167772,-2.01698458590181
18.9198650436392,-2.03343465141973
18.9483410737549,-2.04999693547474
18.9768123993601,-2.06665716290956
19.0052790126888,-2.08340064500674
19.0337409059729,-2.1002123324827
19.0621980714425,-2.11707686927765
19.0906505013253,-2.13397864682108
19.1190981878473,-2.15090185845918
19.1475411232323,-2.16783055374048
19.1759792997021,-2.18474869226878
19.2044127094766,-2.20164019684758
19.2328413447735,-2.21848900565875
19.2612651978086,-2.23527912323741
19.2896842607954,-2.25199467002769
19.3180985259457,-2.26861993032657
19.346507985469,-2.28513939844807
19.374912631573,-2.30153782296465
19.4033124564631,-2.31780024890823
19.4317074523427,-2.3339120578386
19.4600976114134,-2.34985900571175
19.4884829258744,-2.36562725850477
19.516863387923,-2.38120342557671
19.5452389897544,-2.39657459076619
19.5736097235619,-2.4117283412465
19.6019755815365,-2.42665279417596
19.6303365558673,-2.44133662119745
19.6586926387413,-2.45576907085342
19.6870438223432,-2.46993998899384
19.7153900988561,-2.48383983726211
19.7437314604605,-2.49745970974977
19.7720678993353,-2.51079134791346
19.8003994076569,-2.52382715384817
19.8287259775999,-2.5365602020089
19.8570476013367,-2.54898424946856
19.8853642710377,-2.56109374479381
19.913675978871,-2.57288383561285
19.9419827170029,-2.58435037493926
19.9702844775974,-2.59548992630563
19.9985812528164,-2.60629976774896
