0.932502765402638
0.932353819348496
0.932216023711304
0.932085064625331
0.931956620701447
0.931826412449949
0.931690251076333
0.931544086164085
0.931384051778993
0.931206510554439
0.931008095346207
0.930785748077925
0.930536755433815
0.930258781093353
0.929949894242178
0.929608594134526
0.929233830524012
0.92882501982135
0.928382056878832
0.927905322341958
0.927395685547809
0.926854502987483
0.926283612385736
0.92568532248479
0.925062398650765
0.924418044450499
0.923755879373326
0.923079912896944
0.92239451511871
0.921704384193696
0.921014510838771
0.920330140177959
0.919656731218487
0.918999914259506
0.918365446546523
0.91775916649431
0.917186946809531
0.916654646851686
0.916168064577203
0.915732888416672
0.915354649439304
0.915038674161564
0.914790038358549
0.914613522236897
0.914513567326594
0.91449423544584
0.914559170087937
0.914711560571618
0.914954109286264
0.915289002350687
0.9157178839884
0.916241834903436
0.916861354918499
0.917576350111562
0.918386124657815
0.919289377551115
0.920284204342931
0.921368103997212
0.922537990916978
0.923790212152976
0.925120569756725
0.926524348190338
0.927996346653922
0.929530916138855
0.931122000962389
0.932763184486462
0.934447738672122
0.936168677071162
0.937918810809395
0.939690807071927
0.941477249560864
0.943270700360498
0.945063762615148
0.946849143400779
0.948619716154134
0.950368582012602
0.952089129415002
0.95377509131805
0.955420599395753
0.957020234609365
0.95856907356393
0.960062730103509
0.961497391640875
0.962869849768257
0.964177524753205
0.965418483587245
0.966591451324004
0.967695815517135
0.968731623645833
0.969699573496049
0.970600996547725
0.971437834501407
0.972212609160504
0.972928385966965
0.973588731567381
0.974197665862232
0.974759609062234
0.975279324341448
0.975761856736055
0.97621246898958
0.976636575089036
0.977039672271323
0.977427272304546
0.97780483286431
0.978177689830141
0.978550991321684
0.978929634278241
0.979318204358573
0.979720919900847
0.980141580635633
0.980583521788344
0.981049574142172
0.981542030559164
0.982062619376496
0.982612485008271
0.983192175991447
0.983801640618902
0.984440230204583
0.985106709926408
0.985799277093461
0.98651558658654
0.987252783126473
0.988007539934424
0.988776103263662
0.989554342204528
0.990337803094491
0.991121767804429
0.99190131512147
0.992671384408693
0.993426840693261
0.994162540317726
0.994873396284455
0.995554442430609
0.996200895590627
0.996808214934682
0.997372157714363
0.997888830700535
0.998354736661979
0.998766815306153
0.999122478184101
0.999419637149062
0.999656726051249
0.999832715448281
0.999947120210362
1
0.999991952706326
0.999924101012435
0.99979807236907
0.999615972738104
0.999380354553137
0.999094179421059
0.998760776156339
0.998383794798209
0.997967157308983
0.997515005688726
0.997031648267032
0.996521504946358
0.995989052173152
0.995438768402965
0.994875080804178
0.994302313912246
0.993724640903296
0.993146038103106
0.992570243286061
0.992000718249673
0.991440616074825
0.990892753401475
0.990359587965423
0.989843201555381
0.989345288462457
0.988867149407725
0.988409690849194
0.987973429488706
0.987558501723219
0.98716467771501
0.986791379692369
0.98643770403763
0.986102446673367
0.985784131221189
0.985481039381059
0.985191242962801
0.984912636995494
0.984642973344698
0.984379894281569
0.98412096547152
0.983863707882411
0.983605628152637
0.983344247006888
0.983077125360843
0.982801887814386
0.982516243294937
0.982218002676936
0.98190509326905
0.98157557012606
0.981227624206367
0.980859587457412
0.980469934968937
0.980057284386847
0.979620392827633
0.979158151573995
0.978669578865926
0.978153811127539
0.977610092988062
0.977037766465474
0.97643625968333
0.975805075485497
0.975143780300151
0.974451993584021
0.973729378150985
0.972975631656544
0.972190479472247
0.971373669142627
0.970524966572692
0.969644154047453
0.968731030137358
0.967785411495861
0.966807136508725
0.965796070709823
0.964752113836223
0.963675208356871
0.962565349274952
0.961422594974664
0.960247078859052
0.959039021507166
0.957798743066324
0.956526675588732
0.955223375021223
0.953889532562194
0.952525985110708
0.951133724548904
0.949713905619749
0.948267852187391
0.946797061696214
0.945303207676576
0.943788140179462
0.942253884058178
0.940702635052003
0.939136753663862
0.937558756860683
0.935971307660761
0.934377202706355
0.932779357951552
0.931180792624522
0.929584611649356
0.927993986735336
0.92641213636054
0.924842304891893
0.923287741095104
0.921751676295317
0.920237302452793
0.918747750417671
0.917286068623923
0.915855202475337
0.914457974665863
0.913097066663308
0.911775001569494
0.910494128551762
0.909256609020724
0.908064404707423
0.906919267770228
0.905822733037865
0.904776112470513
0.903780491895965
0.902836730052843
0.901945459947899
0.901107092509788
0.900321822497529
0.899589636598289
0.898910323626331
0.898283486713026
0.897708557356874
0.897184811182583
0.896711385239556
0.896287296652642
0.895911462421928
0.895582720153672
0.895299849491404
0.895061594004808
0.894866683284456
0.894713854982832
0.894601876536661
0.894529566302359
0.89449581383574
0.894499599049075
0.894540009983331
0.894616258941137
0.894727696736864
0.894873824834176
0.895054305158755
0.895268967394475
0.895517813595238
0.8958010199718
0.896118935743159
0.896472078975196
0.896861129365033
0.897286917967603
0.897750413900892
0.898252708107631
0.898794994293459
0.899378547204052
0.900004698445822
0.900674810095845
0.901390246385932
0.902152343782495
0.902962379817406
0.903821541054535
0.904730890601611
0.905691335596655
0.906703595112028
0.907768168926594
0.908885307617247
0.910054984414774
0.911276869255615
0.91255030544046
0.913874289282933
0.915247453097078
0.916668051831364
0.918133953610077
0.919642634390733
0.921191176889595
0.922776273867077
0.924394235802085
0.926041002919945
0.927712161473881
0.929402964115987
0.93110835413162
0.93282299325214
0.934541292706177
0.93625744712007
0.937965470834838
0.939659236170816
0.941332513142675
0.942979010107514
0.944592414817495
0.946166435346307
0.947694840365687
0.949171498264201
0.950590414625108
0.951945767613039
0.953231940859692
0.954443553486018
0.955575486951514
0.956622908479176
0.9575812908663
0.958446428555373
0.959214449904608
0.959881825662814
0.96044537371724
0.960902260244292
0.961249997450677
0.961486438145363
0.961609767429913
0.961618491835355
0.961511426267186
0.961287679145872
0.96094663614789
0.960487942961914
0.959911487476113
0.959217381805926
0.958405944557421
0.957477683700025
0.956433280394534
0.95527357408877
0.953999549154779
0.952612323299124
0.951113137932426
0.949503350637068
0.947784429823707
0.945957951619091
0.944025598980516
0.941989162986997
0.939850546214674
0.937611768064851
0.935274971877953
0.932842433636093
0.9303165720312
0.927699959655024
0.924995335051935
0.92220561536516
0.919333909301963
0.916383530142938
0.913358008524729
0.910261104733778
0.907096820260584
0.903869408378985
0.900583383532543
0.897243529329712
0.893854904970549
0.890422849949681
0.886952986902646
0.883451222485096
0.879923746196241
0.876377027079008
0.872817808249471
0.869253099226784
0.865690166052256
0.862136519201978
0.858599899311809
0.855088260746374
0.851609753055366
0.848172700370752
0.844785578807966
0.841456991942687
0.838195644442917
0.835010313943735
0.831909821259682
0.828902999037426
0.825998658959225
0.823205557616085
0.820532361178285
0.817987609000412
0.815579676308017
0.813316736123617
0.811206720600869
0.809257281947229
0.807475753127153
0.80586910854971
0.804443924956096
0.803206342733768
0.802162027894511
0.801316134963324
0.800673271033453
0.80023746124979
0.800012115988018
0.8
0.800203203796848
0.800623117539537
0.801260407702799
0.802114996771128
0.803186046215977
0.804471942990585
0.805970289763249
0.807677899091417
0.809590791717554
0.811704199143721
0.814012570615032
0.816509584613074
0.819188164929002
0.822040501352719
0.825058074979553
0.828231688099428
0.831551498596138
0.835007058746139
0.838587358267874
0.842280871434213
0.846075608022687
0.849959167841164
0.853918798530829
0.857941456314344
0.862013869325105
0.866122603124142
0.870254127984716
0.874394887501469
0.87853136806138
0.882650168698174
0.886738070840327
0.890782107455876
0.894769631094863
0.89868838033262
0.902526544124434
0.906272823594198
0.909916490796662
0.913447444014588
0.916856259178353
0.920134237026137
0.923273445657386
0.926266758170563
0.929107885117604
0.931791401551849
0.934312768492686
0.93666834867839
0.938855416527988
0.940872162282846
0.942717690348434
0.944392011905778
0.94589603190989
0.947231530638275
0.948401139996076
0.949408314824883
0.950257299499298
0.950953090128669
0.951501392710517
0.951908577607035
0.952181630736196
0.952328101884601
0.952356050560051
0.952273989808056
0.952090828418189
0.951815811943597
0.951458462950318
0.951028520902624
0.950535882076874
0.949990539879564
0.949402525926047
0.94878185221499
0.948138454710718
0.947482138621454
0.946822525636628
0.946169003361363
0.945530677161197
0.944916324605615
0.944334352675162
0.943792757874207
0.943299089369925
0.942860415257929
0.942483292036361
0.942173737353083
0.941937206074976
0.941778569714086
0.941702099232439
0.941711451235547
0.941809657553846
0.941999118201237
0.942281597690457
0.942658224675843
0.943129494885052
0.943695277292156
0.944354823475184
0.945106780091326
0.945949204392658
0.946879582694177
0.947894851694213
0.948991422534825
0.950165207476662
0.951411649049054
0.952725751521952
0.954102114531866
0.955534968679396
0.957018212901582
0.958545453408288
0.96011004395854
0.961705127240402
0.963323677106894
0.964958541410936
0.966602485174547
0.968248233821897
0.9698885162024
0.971516107129104
0.973123869159306
0.974704793348695
0.97625203871743
0.977758970176408
0.979219194674541
0.980626595342953
0.98197536342955
0.983260027837194
0.984475482100373
0.985617008658703
0.986680300310306
0.987661478753856
0.988557110154504
0.989364217695506
0.990080291103932
0.990703293164867
0.991231663263683
0.991664318019937
0.992000649098887
0.992240518307242
0.992384250098353
0.992432621628312
0.992386850518308
0.992248580489917
0.992019865048668
0.99170314939734
0.991301250763884
0.990817337329853
0.990254905943754
0.9896177588001
0.988909979259206
0.988135906975289
0.987300112491386
0.986407371449271
0.985462638551269
0.984471021398891
0.983437754320835
0.982368172290487
0.981267685020784
0.980141751312535
0.978995853721255
0.977835473597434
0.976666066546221
0.97549303834482
0.97432172134971
0.97315735142109
0.97200504538889
0.970869779083219
0.969756365952249
0.96866943629226
0.967613417117686
0.966592512703543
0.96561068583831
0.964671639832028
0.963778801331946
0.962935304006137
0.962143973163961
0.961407311390829
0.960727485283053
0.960106313376549
0.959545255370312
0.959045402751857
0.958607470936792
0.958231793038203
0.957918315383333
0.957666594894938
0.957475798452488
0.957344704343983
0.957271705912325
0.957254817490999
0.957291682712136
0.95737958525583
0.957515462093035
0.957695919255419
0.957917250144404
0.958175456368451
0.958466271072663
0.958785184698201
0.959127473081225
0.959488227772325
0.95986238842812
0.960244777097296
0.960630134194157
0.961013155924337
0.961388532900025
0.961750989656398
0.962095324757372
0.962416451157741
0.962709436470683
0.9629695427749
0.963192265584686
0.96337337159934
0.963508934845833
0.963595370830738
0.963629468324342
0.963608418411641
0.963529840461713
0.9633918046886
0.96319285100338
0.962932003888243
0.962608783058914
0.962223209721428
0.961775808272475
0.961267603339056
0.960700112102302
0.96007533190152
0.959395723167219
0.958664187785238
0.957884043047643
0.957058991398824
0.95619308623668
0.955290694078037
0.954356453443911
0.953395230863108
0.952412074431371
0.951412165397221
0.950400768274191
0.949383180001973
0.948364678695532
0.947350472531347
0.946345649323243
0.945355127336791
0.944383607880882
0.94343553019789
0.942515029150123
0.94162589617012
0.940771543906371
0.939954974954484
0.939178755017392
0.93844499078745
0.937755312788848
0.937110863361556
0.936512289908585
0.935959743467721
0.935452882607738
0.934990882588283
0.934572449663052
0.93419584034817
0.933858885422759
0.93355901837714
0.933293307976606
0.933058494565863
0.932851029701477
