0.143730490284981
0.144577673018764
0.145425557772926
0.146273628559963
0.147121418243369
0.147968508002631
0.148814526430406
0.149659148266115
0.150502092772846
0.151343121767141
0.152182037313844
0.153018679100802
0.15385292151072
0.154684670409889
0.155513859675846
0.15634044748821
0.157164412408967
0.157985749280391
0.158804464970453
0.159620573997091
0.160434094064009
0.161245041541737
0.162053426928513
0.162859250326171
0.163662496966522
0.164463132823844
0.165261100348886
0.166056314359391
0.166848658121407
0.167637979654716
0.168424088294486
0.169206751539758
0.169985692217665
0.170760585990322
0.171531059229116
0.172296687278729
0.173056993130599
0.173811446522751
0.174559463479946
0.175300406304975
0.17603358402873
0.176758253323272
0.177473619878773
0.178178840241656
0.178873024107823
0.179555237061316
0.180224503745305
0.180879811448882
0.181520114089819
0.182144336570243
0.182751379479125
0.183340124112615
0.183909437780545
0.184458179365029
0.18498520509487
0.185489374497578
0.18596955648924
0.186424635561145
0.186853518021183
0.187255138247397
0.187628464910874
0.187972507125263
0.188286320480757
0.18856901292119
0.188819750424209
0.189037762446001
0.18922234709405
0.189372875993591
0.189488798816038
0.189569647440451
0.189615039722194
0.18962468284625
0.189598376246074
0.189536014072543
0.189437587201212
0.189303184769898
0.189132995242381
0.1889273069978
0.188686508448971
0.188411087696509
0.188101631728991
0.187758825182709
0.187383448677513
0.186976376748061
0.186538575392177
0.186071099260237
0.185575088511226
0.185051765362621
0.184502430362262
0.183928458411122
0.183331294566165
0.182712449652447
0.182073495713183
0.181416061325749
0.180741826810472
0.180052519357698
0.17934990809692
0.178635799129889
0.177912030547495
0.177180467447967
0.176442996971561
0.175701523364489
0.17495796308233
0.174214239940816
0.17347228031943
0.172734008421099
0.172001341589108
0.171276185680539
0.170560430493861
0.16985594524693
0.169164574100593
0.168488131722327
0.167828398883939
0.167187118087273
0.166565989212187
0.165966665181672
0.165390747639998
0.164839782641097
0.164315256345998
0.163818590730067
0.163351139302965
0.162914182846612
0.162508925179016
0.162136488954482
0.161797911513506
0.161494140798411
0.161226031353578
0.160994340431757
0.16079972423053
0.160642734285312
0.160523814047422
0.160443295677549
0.160401397086448
0.160398219255814
0.160433743872976
0.160507831313314
0.160620219004112
0.160770520202861
0.160958223221822
0.161182691129028
0.161443161953671
0.161738749421202
0.162068444240325
0.162431115960525
0.162825515414782
0.163250277757819
0.163703926105555
0.164184875776536
0.164691439130971
0.165221830997728
0.165774174674254
0.166346508479002
0.16693679283056
0.167542917822479
0.168162711257652
0.168793947101334
0.169434354307314
0.170081625967619
0.170733428732347
0.171387412443001
0.172041219919892
0.172692496841997
0.173338901656044
0.173978115450584
0.17460785173043
0.175225866027131
0.17582996528204
0.176418016940066
0.176987957694401
0.177537801825222
0.178065649078754
0.178569692036889
0.179048222931947
0.179499639865934
0.179922452398828
0.180315286475925
0.180676888670052
0.181006129720367
0.181302007355615
0.181563648395778
0.181790310132239
0.181981380992591
0.182136380502137
0.18225495855979
0.182336894051492
0.182382092829332
0.182390585089209
0.182362522184141
0.182298172914047
0.182197919336083
0.182062252142319
0.181891765653623
0.181687152480224
0.181449197900315
0.181178774008491
0.180876833685553
0.18054440444046
0.18018258217391
0.17979252491117
0.17937544654951
0.17893261066285
0.17846532440309
0.177974932534159
0.177462811631068
0.176930364472256
0.176379014649427
0.175810201414792
0.175225374781353
0.1746259908876
0.174013507633765
0.173389380592718
0.172755059194701
0.172111983181434
0.171461579321745
0.170805258377839
0.170144412308632
0.169480411694232
0.168814603363825
0.168148308207705
0.167482819153211
0.166819399283754
0.166159280079997
0.165503659762583
0.164853701716512
0.164210532978452
0.16357524276976
0.162948881059824
0.162332457146554
0.161726938243202
0.161133248063372
0.160552265398877
0.159984822687995
0.159431704574695
0.158893646462364
0.158371333068525
0.157865396989909
0.157376417289909
0.156904918122991
0.156451367412871
0.15601617560328
0.155599694501764
0.155202216238291
0.154823972361342
0.154465133094683
0.15412580677809
0.153806039514961
0.15350581504898
0.153225054890757
0.152963618713766
0.152721305036832
0.15249785220802
0.15229293970198
0.152106189739719
0.151937169236374
0.151785392078983
0.151650321732395
0.15153137416758
0.151427921102541
0.151339293542012
0.151264785598101
0.151203658570147
0.151155145258251
0.15111845448143
0.151092775767994
0.15107728418279
0.151071145253314
0.151073519954459
0.151083569709897
0.151100461366758
0.15112337209949
0.151151494198474
0.151184039699212
0.151220244808729
0.151259374087118
0.151300724344056
0.15134362821249
0.151387457364567
0.151431625338224
0.151475589946657
0.151518855247004
0.151560973049121
0.151601543950113
0.151640217885287
0.151676694191413
0.151710721183478
0.151742095251443
0.151770659488877
0.151796301870532
0.151818953001048
0.151838583461805
0.151855200787546
0.151868846108631
0.151879590498655
0.151887531070552
0.15189278686727
0.151895494595502
0.151895804252813
0.151893874699802
0.151889869229623
0.151883951187277
0.15187627969058
0.151867005503606
0.151856267111692
0.151844187044848
0.151830868493625
0.151816392258169
0.151800814067473
0.151784162301611
0.151766436145253
0.151747604195854
0.151727603544843
0.151706339344831
0.1516836848704
0.151659482074601
0.151633542637734
0.151605649499584
0.151575558860969
0.151543002635334
0.151507691326213
0.151469317301827
0.1514275584338
0.151382082063129
0.15133254925309
0.151278619285802
0.15121995435666
0.151156224418874
0.151087112128882
0.151012317842495
0.150931564611223
0.150844603128376
0.150751216575203
0.1506512253185
0.150544491412763
0.150430922862086
0.150310477599551
0.150183167144783
0.150049059903652
0.149908284077689
0.149761030154685
0.149607552956029
0.149448173220605
0.149283278709491
0.149113324820181
0.148938834703531
0.148760398881175
0.148578674365531
0.148394383288881
0.14820831105216
0.148021304008068
0.147834266696896
0.147648158656938
0.147463990834583
0.147282821622086
0.147105752553586
0.146933923692152
0.146768508742511
0.146610709925586
0.1464617526521
0.14632288003323
0.146195347266676
0.146080415936506
0.14597934826481
0.145893401352501
0.145823821445615
0.145771838262169
0.145738659413064
0.145725464948716
0.145733402061061
0.145763579968354
0.145817065007811
0.145894875958633
0.145997979615327
0.146127286628584
0.14628364762827
0.146467849640349
0.146680612806917
0.146922587415843
0.147194351244006
0.147496407215642
0.147829181375024
0.148193021170493
0.148588194044876
0.149014886325503
0.149473202405377
0.149963164205648
0.15048471090828
0.151037698946832
0.151621902242426
0.152237012671422
0.1528826407509
0.153558316527909
0.154263490658393
0.154997535661939
0.155759747338817
0.15654934633629
0.157365479851812
0.158207223461511
0.159073583063182
0.159963496924008
0.160875837824195
0.16180941528882
0.162762977901244
0.163735215692574
0.164724762602762
0.165730199010002
0.16675005432616
0.167782809656958
0.168826900526592
0.169880719667339
0.170942619875505
0.172010916935764
0.173083892616569
0.174159797739811
0.175236855328323
0.176313263835105
0.177387200458347
0.178456824546394
0.179520281096757
0.18057570435311
0.181621221503964
0.182654956486313
0.183675033897056
0.184679583014423
0.185666741930893
0.186634661798323
0.187581511185048
0.188505480543766
0.189404786787845
0.190277677972564
0.191122438076463
0.191937391876634
0.192720909910338
0.193471413513816
0.194187379927571
0.194867347455763
0.195509920665681
0.196113775611509
0.196677665064873
0.197200423732867
0.197680973442528
0.198118328268954
0.198511599582564
0.198860000989371
0.199162853136524
0.199419588353959
0.199629755101593
0.199793022190356
0.199909182744281
0.19997815787008
0.2
0.199974895873447
0.199903169122725
0.199785282428493
0.199621839211075
0.199413584824576
0.199161407222038
0.198866337061386
0.198529547223904
0.198152351719284
0.197736203953999
0.197282694342834
0.19679354724683
0.196270617224709
0.195715884588947
0.195131450262108
0.194519529933731
0.19388244752305
0.193222627957932
0.192542589285758
0.191844934137396
0.191132340570884
0.190407552326941
0.189673368533883
0.188932632904829
0.188188222475284
0.187443035934106
0.186699981605542
0.185961965144346
0.185231877009899
0.184512579788748
0.183806895437964
0.183117592524162
0.182447373534898
0.181798862340419
0.181174591884372
0.180576992182037
0.180008378703975
0.179470941221587
0.178966733189062
0.178497661733486
0.178065478321559
0.177671770167377
0.177317952441254
0.177005261334408
0.176734748028799
0.176507273615349
0.176323504997336
0.176183911809008
0.176088764372402
0.176038132708129
0.176031886608498
0.176069696773905
0.176151037005963
0.176275187443489
0.176441238820216
0.17664809771606
0.176894492767027
0.177178981792364
0.177499959791539
0.177855667757956
0.178244202251157
0.178663525664625
0.179111477122153
0.179585783932212
0.1800840735268
0.180603885808871
0.181142685830703
0.181697876724417
0.182266812805312
0.182846812768734
0.183435172901824
0.184029180232659
0.184626125541028
0.185223316157279
0.185818088478355
0.186407820133256
0.186989941733652
0.187561948149234
0.188121409251582
0.188665980074741
0.189193410345385
0.189701553340327
0.19018837403412
0.190651956504617
0.191090510569573
0.191502377632559
0.191886035721696
0.192240103709905
0.19256334471048
0.192854668646816
0.193113134000032
0.193337948742983
0.193528470473753
0.193684205766115
0.193804808758662
0.19389007900828
0.193939958637383
0.193954528807838
0.193934005557752
0.193878735040244
0.193789188206075
0.193665954974371
0.193509737937851
0.193321345650779
0.193101685549391
0.19285175655582
0.192572641417412
0.192265498833989
0.191931555425908
0.191572097595756
0.191188463336217
0.190782034036027
0.190354226334996
0.189906484077847
0.189440270415103
0.188957060097408
0.188458332007597
0.187945561972413
0.18742021589317
0.186883743231736
0.186337570885124
0.185783097478624
0.185221688103889
0.184654669524696
0.184083325869238
0.183508894823863
0.182932564339079
0.182355469854546
0.18177869204559
0.181203255089643
0.180630125446834
0.180060211144937
0.179494361554896
0.178933367639293
0.178377962652498
0.177828823267746
0.17728657110316
0.176751774615765
0.176224951329868
0.175706570363808
0.175197055217054
0.174696786777988
0.174206106511412
0.173725319783942
0.173254699284975
0.17279448850083
0.172344905200021
0.171906144888358
0.17147838419374
0.171061784142059
0.170656493287526
0.170262650663087
0.169880388519151
0.169509834821848
0.169151115485212
0.168804356315185
0.168469684646982
0.168147230661239
0.167837128368319
0.167539516254251
0.167254537585858
0.166982340376801
0.166723077020286
0.166476903598221
0.166243978880435
0.166024463031291
0.165818516044469
0.165626295929969
0.165447956680279
0.16528364604532
0.165133503148041
0.164997655974462
0.164876218773476
0.164769289402848
0.164676946658534
0.164599247624723
0.164536225081858
0.164487885009273
0.164454204218149
0.164435128149003
0.164430568866214
0.164440403279842
0.164464471622562
0.164502576206656
0.164554480482919
0.164619908419994
0.164698544219066
0.164790032375124
0.164893978092153
0.165009948055661
0.165137471561999
0.165276041999937
0.16542511867608
0.165584128971869
0.165752470816257
0.165929515454657
0.166114610491497
0.166307083180701
0.166506243935712
0.166711390028274
0.166921809443148
0.167136784854261
0.167355597686507
0.16757753222652
0.167801879745279
0.168027942595326
0.168255038245721
0.1684825032186
0.168709696892346
0.168936005137881
0.169160843756441
0.169383661689387
0.169603943973089
0.169821214414649
0.170035037967227
0.170245022786849
0.170450821955948
0.170652134862228
0.17084870822498
0.171040336764422
0.171226863513127
0.171408179771981
0.17158422471642
0.171754984661798
0.17192049199971
0.172080823819805
0.17223610023411
0.17238648242307
0.172532170424404
0.172673400687473
0.172810443417091
0.172943599731617
0.173073198660757
0.173199594008732
0.173323161108377
0.173444293491342
0.173563399498839
0.173680898856445
0.173797219235204
0.173912792819849
0.174028052903343
0.174143430525145
0.174259351168709
0.174376231531785
0.174494476381067
0.174614475500727
0.174736600742448
0.174861203182653
0.174988610390894
0.17511912381172
0.17525301626091
0.175390529535712
0.175531872137682
0.17567721710596
0.175826699958244
0.175980416736447
0.176138422154006
0.176300727842
0.176467300691719
0.176638061292013
0.176812882460644
0.176991587869955
0.177173950768431
0.177359692801074
0.17754848293303
0.17773993648241
0.177933614269796
0.178129021893516
0.178325609141182
0.178522769549449
0.178719840125172
0.178916101242249
0.179110776729331
0.179303034164259
0.179491985391476
0.179676687278823
0.179856142729937
0.180029301968019
0.18019506410593
0.180352279016482
0.180499749515338
0.180636233867238
0.180760448624184
0.180871071801964
0.1809667463988
0.181046084257126
0.18110767026653
0.181150066902771
0.181171819094491
0.181171459405962
0.181147513520797
0.181098506008239
0.181022966350295
0.180919435204831
0.180786470876625
0.180622655965532
0.18042660415824
0.180196967127675
0.179932441502041
0.179631775863624
0.179293777736102
0.178917320517968
0.178501350318992
0.178044892656324
0.177547058966915
0.177007052893427
0.17642417630165
0.17579783498871
0.175127544042972
0.174412932818502
0.173653749489253
0.172849865150748
0.172001277439874
0.171108113646549
0.170170633294285
0.169189230170198
0.16816443378859
0.167096910275949
0.165987462668953
0.164837030620848
0.163646689515321
0.162417648990657
0.161151250880603
0.159848966581826
0.158512393861173
0.157143253119103
0.155743383128605
0.154314736271634
0.152859373297612
0.151379457630733
0.149877249254846
0.148355098206342
0.14681543770695
0.14526077696951
0.143693693710673
0.142116826405156
0.140532866316541
0.138944549339796
0.137354647690594
0.135765961476242
0.134181310182568
0.132603524110441
0.131035435794819
0.129479871438269
0.127939642389849
0.126417536699081
0.124916310773528
0.123438681167187
0.121987316525574
0.120564829712027
0.119173770138403
0.11781661632194
0.116495768688771
0.115213542643209
0.113972161920681
0.112773752240941
0.111620335277016
0.110513822954202
0.109456012092382
0.108448579403896
0.107493076858259
0.106590927424116
0.105743421197974
0.104951711928453
0.104216813944018
0.103539599491465
0.102920796491683
0.102360986718576
0.101860604406337
0.101419935289605
0.101039116080356
0.100718134384705
0.100456829062077
0.100254891028468
0.100111864504746
0.100027148710115
0.1
0.100029534446683
0.100114730860046
0.100254434244702
0.100447359688717
0.100692096677914
0.100987113828503
0.101330764029485
0.101721289984855
0.102156830144203
0.102635425008784
0.103155023798575
0.103713491464179
0.104308616025807
0.104938116219839
0.105599649431729
0.106290819892272
0.107009187112482
0.107752274530553
0.108517578342643
0.109302576487487
0.110104737753153
0.110921530972647
0.111750434273504
0.112588944345027
0.113434585685484
0.114284919790319
0.115137554241337
0.115990151655852
0.11684043845404
0.11768621340213
0.118525355888707
0.119355833891245
0.120175711590095
0.120983156587476
0.121776446689683
0.122553976211607
0.123314261763875
0.124055947484449
0.124777809678318
0.125478760831098
0.126157852964799
0.126814280306805
0.127447381246223
0.128056639555175
0.128641684856283
0.129202292321642
0.129738381592791
0.130250014915737
0.130737394489774
0.131200859033812
0.131640879578952
0.132058054501305
0.132453103814299
0.132826862745082
0.133180274624959
0.133514383129087
0.133830323905861
0.134129315641479
0.134412650610044
0.134681684764183
0.134937827425497
0.135182530638172
0.135417278252659
0.135643574809547
0.135862934296439
0.136076868852843
0.136286877499747
0.136494434971617
0.136700980729035
0.136907908230049
0.137116554537505
0.137328190338256
0.137544010447993
0.137765124872823
0.137992550495294
0.138227203448684
0.138469892238775
0.138721311667287
0.138982037605496
0.139252522660483
0.139533092769958
0.139823944754667
0.140125144850226
0.140436628232724
0.140758199544797
0.141089534421078
0.141430182004103
0.141779568433928
0.142137001286969
0.142501674932004
0.142872676763921
0.14324899426874
0.143629522866716
0.144013074474066
0.144398386718037
0.144784132734756
0.145168931474601
0.145551358435742
0.145929956743062
0.146303248486946
0.14666974623435
0.147027964623289
0.147376431951274
0.147713701668404
0.148038363686715
0.148349055418994
0.148644472462611
0.148923378846918
0.14918461676643
0.149427115726304
0.149649901031471
0.149852101556203
0.150032956736752
0.150191822736062
0.150328177736194
0.150441626321171
0.150531902920189
0.150598874288623
0.150642541011851
0.150663038024588
0.150660634146105
0.150635730639309
0.150588858809169
0.150520676663296
0.150431964664562
0.150323620612431
0.150196653696153
0.150052177768991
0.149891403898329
0.149715632251603
0.149526243382678
0.149324688987367
0.149112482200317
0.148891187508396
0.148662410358068
0.148427786535902
0.148188971402423
0.147947629059974
0.147705421534999
0.147463998054382
0.147224984493986
0.146989973075535
0.146760512385343
0.146538097785255
0.146324162282464
0.146120067920717
0.145927097750794
0.145746448433137
0.145579223520101
0.14542642745961
0.145288960355995
0.145167613517626
0.145063065814557
0.144975880862925
0.144906505046297
0.144855266377611
0.144822374198817
0.144807919708942
0.144811877305001
0.14483410671414
0.144874355889524
0.14493226463702
0.145007368934462
0.145099105900511
0.145206819365693
0.145329765994257
0.145467121901979
0.145617989712067
0.145781405988866
0.145956348987069
0.146141746652818
0.146336484812158
0.146539415482072
0.146749365239513
0.146965143584669
0.147185551235965
0.147409388296113
0.147635462230782
0.147862595604198
0.148089633519073
0.14831545071183
0.148538958257899
0.148759109846034
0.148974907585008
0.149185407310668
0.1493897233661
0.1495870328326
0.14977657919406
0.149957675422444
0.150129706476945
0.150292131214354
0.150444483712951
0.150586374016873
0.150717488312359
0.150837588551487
0.15094651154299
0.151044167533408
0.151130538305162
0.151205674821205
0.151269694448546
0.151322777795239
0.151365165197403
0.151397152894354
0.151419088931136
0.151431368828535
0.151434431061092
0.151428752383744
0.151414843047427
0.151393241943435
0.151364511715419
0.151329233876764
0.151288003969643
0.15124142680042
0.151190111784177
0.151134668429138
0.151075701989551
0.151013809313284
0.15094957490797
0.150883567247081
0.150816335334755
0.150748405545674
0.150680278753744
0.150612427760797
0.150545295034074
0.150479290758805
0.150414791209884
0.150352137444347
0.150291634314233
0.150233549797331
0.150178114641395
0.150125522315573
0.150075929261127
0.150029455431913
0.149986185113688
0.149946168009947
0.149909420580821
0.149875927620475
0.149845644057477
0.149818496961763
0.149794387741062
0.149773194508996
0.149754774606545
0.149738967258068
0.149725596342728
0.149714473261872
0.149705399882706
0.149698171538476
0.14969258006531
0.149688416855886
0.149685475910172
0.149683556863653
0.14968246797368
0.149682029044845
0.149682074274698
0.149682455001506
0.149683042336307
0.14968372966205
0.149684434983303
0.149685103110719
0.149685707665262
0.149686252888082
0.149686775242883
0.149687344798669
0.149688066381855
0.149689080487931
0.149690563944102
0.149692730315678
0.14969583005033
0.149700150355835
0.149706014808355
0.149713782689911
0.149723848055219
0.149736638529725
0.149752613842253
0.149772264097345
0.14979610779399
0.149824689599063
0.149858577885388
0.149898362045922
0.14994464959702
0.149998063085254
0.1500592368136
0.150128813404124
0.150207440215498
0.150295765634793
0.150394435263962
0.150504088022336
0.150625352187137
0.150758841394672
0.150905150625293
0.151064852195541
0.15123849178104
0.151426584493734
0.151629611036909
0.151848013961155
0.152082194043966
0.152332506815106
0.152599259249126
0.152882706645545
0.15318304971622
0.153500431898308
0.153834936909969
0.154186586564671
0.15455533885846
0.154941086343102
0.155343654796394
0.155762802199278
0.156198218027733
0.156649522865654
0.157116268343184
0.157597937403193
0.158093944896794
0.158603638507066
0.159126299998344
0.159661146786748
0.160207333825926
0.160763955800321
0.161330049616718
0.161904597183248
0.162486528463612
0.163074724792841
0.163668022439647
0.164265216399155
0.164865064398663
0.165466291098052
0.166067592465476
0.166667640308128
0.167265086937102
0.167858569944714
0.168446717072109
0.169028151144497
0.169601495051056
0.170165376746273
0.170718434249402
0.17125932061866
0.171786708876924
0.172299296865843
0.172795812005646
0.173275015938291
0.173735709032189
0.174176734727326
0.174596983700379
0.174995397830254
0.175370973945424
0.175722767335501
0.176049895010592
0.176351538693244
0.176626947529069
0.176875440503565
0.177096408554073
0.17728931636739
0.177453703855092
0.17758918730032
0.177695460171409
0.1777722935995
0.177819536518986
0.177837115471408
0.177825034075175
0.177783372165219
0.177712284608466
0.177611999802662
0.177482817867824
0.177325108541167
0.177139308787962
0.176925920142274
0.176685505792979
0.176418687431802
0.176126141881408
0.175808597522734
0.175466830541835
0.175101661017501
0.174713948871728
0.174304589705907
0.173874510546199
0.173424665522071
0.172956031502367
0.172469603713514
0.171966391364616
0.171447413304186
0.170913693733117
0.170366257998254
0.169806128490535
0.169234320671144
0.168651839248475
0.168059674527917
0.167458798955585
0.166850163876064
0.166234696523071
0.165613297260676
0.164986837091286
0.164356155445076
0.1637220582639
0.163085316390947
0.16244666427554
0.161806799000486
0.161166379637316
0.160526026932588
0.159886323326161
0.159247813300049
0.158611004054057
0.157976366501997
0.157344336579791
0.15671531685432
0.15608967841937
0.155467763062579
0.154849885684874
0.154236336951522
0.153627386151629
0.153023284240778
0.152424267039437
0.15183055855789
0.151242374416741
0.150659925330528
0.150083420620735
0.149513071723415
0.148949095655944
0.148391718406898
0.147841178212927
0.147297728686658
0.146761641760124
0.146233210409114
0.145712751124977
0.145200606101988
0.144697145110262
0.144202767026451
0.143717900997015
0.143243007211761
0.142778577268529
0.142325134113374
0.14188323154432
0.14145345327071
0.141036411524279
0.140632745222407
0.140243117688336
0.139868213937657
0.139508737544783
0.13916540710763
0.138838952333066
0.138530109769964
0.138239618220774
0.137968213866398
0.137716625142757
0.137485567410742
0.137275737464204
0.137087807923175
0.136922421561704
0.13678018562135
0.136661666162609
0.13656738250729
0.136497801825046
0.136453333916958
0.136434326248249
0.136441059280809
0.136473742154364
0.136532508762705
0.136617414268532
0.136728432097116
0.136865451445223
0.137028275337549
0.137216619258401
0.137430110381485
0.137668287415536
0.137930601078183
0.138216415204895
0.138525008494228
0.13885557688487
0.139207236554258
0.139579027522882
0.139969917842797
0.140378808343457
0.140804537902779
0.141245889206368
0.141701594953209
0.142170344461806
0.142650790626858
0.143141557173067
0.143641246149636
0.144148445606498
0.144661737391289
0.145179705004561
0.145700941449824
0.146224057014584
0.146747686918725
0.147270498767312
0.14779119974618
0.148308543500511
0.148821336638935
0.149328444808624
0.149828798290143
0.15032139706473
0.150805315310876
0.15127970529178
0.151743800600281
0.152196918733193
0.152638462972641
0.153067923557819
0.153484878136694
0.153888991493332
0.154280014552835
0.154657782672197
0.155022213231685
0.155373302547599
0.155711122133401
0.15603581434213
0.156347587428761
0.156646710076623
0.156933505437095
0.15720834473658
0.157471640509066
0.157723839516479
0.157965415422375
0.158196861287376
0.158418681956985
0.158631386414081
0.158835480169427
0.159031457763868
0.159219795455654
0.159400944165329
0.159575322749007
0.159743311668543
0.159905247124151
0.160061415711363
0.160212049660008
0.160357322708021
0.160497346657471
0.160632168654269
0.160761769226569
0.160886061110068
0.161004888881131
0.161118029411217
0.161225193148254
0.161326026222725
0.161420113368193
0.161506981637951
0.161586104891519
0.161656909016894
0.161718777846824
0.161771059720127
0.161813074632114
0.161844121911757
0.161863488357292
0.161870456756623
0.16186431471424
0.161844363702387
0.161809928251054
0.161760365188968
0.161695072846259
0.161613500128767
0.16151515537422
0.161399614901604
0.161266531167046
0.161115640442433
0.160946769936706
0.160759844284338
0.160554891330855
0.160332047151333
0.16009156024455
0.159833794852852
0.159559233365685
0.159268477773082
0.15896225014416
0.158641392114643
0.158306863376667
0.157959739173371
0.157601206810088
0.157232561203131
0.156855199496131
0.156470614782592
0.156080388981648
0.155686184921817
0.155289737694859
0.154892845348503
0.154497358992779
0.154105172399903
0.153718211182079
0.15333842163517
0.152967759338825
0.152608177605516
0.15226161587173
0.151929988124597
0.151615171456236
0.151318994836294
0.151043228190474
0.150789571869292
0.150559646587078
0.150354983906178
0.150177017335689
0.15002707410778
0.149906367687922
0.149815991068119
0.149756910884714
0.149729962394508
0.149735845334966
0.149775120686181
0.149848208344198
0.149955385707309
0.150096787169095
0.150272404504398
0.15048208812716
0.150725549192189
0.151002362506497
0.151311970209937
0.151653686179545
0.152026701107227
0.152430088196331
0.152862809419196
0.153323722274997
0.153811586985107
0.154325074061809
0.154862772185428
0.155423196324918
0.156004796037458
0.156605963883814
0.157225043897901
0.157860340051275
0.158510124655987
0.159172646652364
0.159846139731823
0.160528830248633
0.161218944878602
0.161914717986963
0.162614398672101
0.163316257456237
0.164018592598699
0.16471973601182
0.165418058763886
0.166111976157789
0.166799952378056
0.16748050470279
0.168152207280606
0.168813694475983
0.169463663789418
0.17010087836149
0.170724169072307
0.171332436249804
0.171924651002128
0.172499856190673
0.173057167061439
0.173595771553122
0.174114930300868
0.174613976354832
0.175092314632689
0.175549421125038
0.175984841872253
0.176398191730788
0.176789152946306
0.177157473550225
0.177502965595503
0.177825503246599
0.178125020737711
0.178401510212561
0.178655019458149
0.178885649544189
0.179093552379186
0.179278928193557
0.179442022959598
0.179583125757704
0.179702566097859
0.179800711205126
0.17987796327772
0.179934756726063
0.179971555401215
0.179988849821028
0.179987154402429
0.179967004708255
0.179928954717161
0.179873574125122
0.179801445687119
0.179713162607547
0.179609325987824
0.179490542339553
0.179357421171353
0.179210572657196
0.179050605393681
0.178878124253199
0.178693728339358
0.17849800905036
0.178291548255258
0.17807491658717
0.177848671856607
0.177613357587095
0.177369501674234
0.177117615168285
0.176858191179305
0.17659170390278
0.176318607762662
0.17603933666774
0.175754303376302
0.175463898963239
0.175168492382964
0.17486843012088
0.174564035925654
0.174255610614166
0.173943431940804
0.173627754522729
0.173308809812847
0.172986806112493
0.172661928616296
0.172334339482268
0.172004177920917
0.171671560298074
0.171336580247108
0.170999308787335
0.170659794446613
0.170318063387363
0.169974119536584
0.169627944721707
0.169279498815484
0.168928719894344
0.168575524415878
0.168219807422248
0.167861442777317
0.1675002834462
0.167136161826667
0.166768890142394
0.166398260908442
0.166024047479532
0.165646004691652
0.165263869607295
0.164877362374195
0.16448618720673
0.164090033498308
0.16368857707197
0.163281481575165
0.16286840002323
0.162448976494482
0.162022847978122
0.161589646374293
0.161149000643676
0.160700539102068
0.16024389185329
0.159778693351806
0.159304585084387
0.158821218358217
0.158328257180994
0.157825381216781
0.157312288799802
0.156788699986873
0.156254359627918
0.155709040432952
0.155152546013041
0.154584713872181
0.154005418326604
0.153414573327969
0.152812135166968
0.152198105034306
0.151572531416621
0.150935512305812
0.150287197201334
0.149627788886359
0.148957544960228
0.148276779111353
0.147585862116564
0.14688522255497
0.1461753472265
0.145456781267511
0.144730127958184
0.143996048218687
0.143255259793487
0.142508536125467
0.141756704923813
0.141000646431837
0.140241291403033
0.1394796187957
0.138716653198337
0.137953461999765
0.137191152319565
0.136430867715781
0.135673784688131
0.134921108996017
0.134174071811491
0.133433925728025
0.132701940646438
0.131979399559651
0.131267594258057
0.130567820977317
0.129881376010156
0.129209551303444
0.128553630061384
0.127914882375028
0.127294560897702
0.126693896585125
0.126114094518193
0.1255563298255
0.125021743721734
0.124511439677122
0.124026479732157
0.123567880970811
0.123136612164528
0.122733590598311
0.1223596790893
0.122015683207362
0.121702348706337
0.121420359173797
0.121170333906357
0.120952826016874
0.120768320779136
0.120617234214984
0.120499911928152
0.120416628188466
0.120367585269463
0.120352913041827
0.120372668824451
0.120426837494316
0.120515331855675
0.12063799326843
0.120794592534796
0.120984831042668
0.121208342163247
0.121464692899674
0.121753385782486
0.122073861006779
0.122425498804922
0.122807622047621
0.123219499065005
0.123660346678261
0.124129333431128
0.124625583009359
0.125148177835011
0.125696162821154
0.126268549271383
0.126864318907249
0.127482428005582
0.128121811626478
0.128781387911699
0.129460062432203
0.130156732562613
0.130870291859672
0.131599634421016
0.132343659200114
0.133101274252802
0.133871400890658
0.134652977716391
0.135444964516582
0.136246345987418
0.137056135269598
0.137873377269295
0.138697151742968
0.139526576124936
0.140360808077906
0.141199047748155
0.142040539708701
