0.196217455912055
0.196740975201787
0.197223910972093
0.197666566309638
0.198069282543233
0.198432437697038
0.198756445228158
0.199041753056078
0.199288842887232
0.19949822983376
0.199670462321359
0.199806122276937
0.199905825582776
0.199970222779948
0.2
0.199995880100334
0.19995862397542
0.199889032012892
0.199787945660836
0.19965624907014
0.199494870773696
0.199304785362526
0.199087015117604
0.198842631555223
0.198572756843291
0.198278565045893
0.197961283153854
0.197622191859874
0.197262626038127
0.196883974889919
0.196487681719188
0.196075243304231
0.195648208835017
0.195208178388881
0.194756800921103
0.194295771751024
0.193826829528706
0.193351752671876
0.192872355267771
0.192390482439647
0.191908005182961
0.191426814681648
0.190948816120318
0.190475922013685
0.190010045079939
0.189553090690083
0.189106948930486
0.188673486320826
0.188254537234393
0.187851895072145
0.187467303246014
0.187102446030664
0.186758939346213
0.186438321537172
0.186142044215228
0.185871463235154
0.185627829874386
0.185412282287332
0.185225837305481
0.185069382653698
0.184943669651825
0.18484930646879
0.184786751993876
0.184756310386656
0.184758126363365
0.184792181273152
0.184858290012819
0.184956098823281
0.185085084005207
0.185244551585012
0.185433637955854
0.185651311511323
0.185896375282397
0.186167470580892
0.186463081645163
0.186781541276278
0.187121037445374
0.187479620845454
0.187855213353533
0.188245617361962
0.188648525930875
0.189061533707162
0.189482148549238
0.189907803791111
0.190335871074055
0.190763673669417
0.191188500211965
0.191607618759622
0.192018291092476
0.19241778716169
0.192803399597333
0.193172458183173
0.193522344206264
0.193850504589551
0.19415446571684
0.194431846861227
0.194680373130502
0.194897887846079
0.195082364275613
0.195231916643695
0.195344810349695
0.195419471327095
0.195454494484264
0.195448651172746
0.195400895635539
0.195310370394602
0.195176410543825
0.194998546920933
0.194776508139171
0.194510221467113
0.194199812552514
0.193845603993677
0.193448112769363
0.193008046545709
0.192526298885951
0.192003943395897
0.191442226844996
0.190842561309544
0.190206515390902
0.189535804567628
0.188832280746054
0.188097921079068
0.187334816127652
0.186545157443989
0.185731224658801
0.184895372158787
0.1840400154428
0.183167617247478
0.18228067353463
0.181381699433588
0.180473215232039
0.179557732508548
0.178637740499012
0.177715692787678
0.17679399441114
0.175874989460833
0.174960949266076
0.174054061235575
0.173156418430639
0.172270009938056
0.171396712104796
0.170538280690382
0.169696343985963
0.168872396941946
0.16806779633839
0.167283757024476
0.166521349245132
0.165781497064489
0.165064977887258
0.164372423070453
0.163704319609255
0.163061012872142
0.162442710351988
0.161849486391539
0.16128128783369
0.160737940539391
0.160219156708795
0.159724542934607
0.15925360891047
0.15880577671179
0.158380390561615
0.157976726990209
0.157594005293754
0.157231398195269
0.156888042609392
0.156563050412087
0.156255519116734
0.155964542359376
0.155689220098078
0.155428668434594
0.155182028970507
0.154948477614973
0.154727232766924
0.154517562801092
0.154318792794434
0.154130310437399
0.153951571082906
0.153782101894775
0.153621505066677
0.153469460092214
0.153325725076506
0.153190137089536
0.153062611571295
0.15294314080851
0.152831791512165
0.152728701534195
0.152634075770377
0.152548181304653
0.152471341857594
0.152403931608571
0.152346368467222
0.152299106874974
0.152262630221657
0.152237442965566
0.152224062547622
0.15222301119162
0.152234807682782
0.152259959216128
0.15229895340436
0.152352250532239
0.152420276140686
0.152503414019236
0.15260199968002
0.152716314380183
0.152846579752731
0.152992953098233
0.153155523381729
0.153334307970724
0.153529250141321
0.15374021737053
0.153967000423692
0.154209313236828
0.154466793584753
0.15473900451701
0.155025436535256
0.155325510477701
0.155638581068699
0.155963941084692
0.156300826081456
0.156648419622101
0.157005858940594
0.157372240971675
0.157746628675049
0.158128057579666
0.15851554247265
0.158908084157192
0.159304676204314
0.159704311624845
0.160105989390315
0.160508720734506
0.160911535171284
0.161313486168802
0.161713656425328
0.16211116269756
0.162505160138422
0.162894846107805
0.163279463426463
0.163658303050224
0.164030706148751
0.164396065580118
0.164753826759506
0.16510348792716
0.165444599827356
0.165776764816467
0.166099635424152
0.166412912397199
0.166716342260617
0.16700971443503
0.167292857953425
0.167565637823574
0.16782795108526
0.168079722613486
0.168320900720332
0.168551452609007
0.168771359733854
0.168980613119726
0.16917920869326
0.169367142677117
0.169544407096326
0.169710985443514
0.169866848546987
0.170011950682528
0.170146225966326
0.170269585062764
0.170381912236954
0.170483062777837
0.170572860813616
0.170651097537118
0.170717529854549
0.170771879467049
0.17081383239044
0.170843038914757
0.170859114001412
0.170861638112415
0.170850158462775
0.170824190684183
0.170783220885327
0.17072670809166
0.170654087045234
0.170564771343223
0.170458156892094
0.17033362565294
0.170190549652325
0.170028295232049
0.169846227510562
0.169643715028225
0.169420134548349
0.169174875985796
0.168907347434941
0.168616980268969
0.168303234282716
0.16796560285164
0.167603618079909
0.167216855911098
0.166804941175483
0.166367552548467
0.165904427395227
0.165415366477223
0.164900238496764
0.164358984456357
0.16379162181009
0.163198248384826
0.162579046049469
0.161934284111065
0.161264322417006
0.160569614143098
0.159850708247778
0.159108251573344
0.158342990575619
0.157555772664186
0.156747547136019
0.155919365686168
0.155072382480094
0.154207853773277
0.15332713706489
0.152431689773648
0.151523067425418
0.150602921343789
0.149672995836612
0.14873512487349
0.147791228251355
0.146843307247579
0.145893439762586
0.14494377495659
0.143996527387888
0.143053970663128
0.142118430613048
0.141192278010382
0.140277920849915
0.139377796214024
0.138494361750402
0.137630086792073
0.136787443153133
0.13596889563696
0.135176892296844
0.13441385449202
0.133682166785017
0.132984166728901
0.132322134595457
0.131698283097524
0.131114747160555
0.130573573800016
0.130076712162381
0.129626003788255
0.129223173156502
0.128869818568147
0.128567403428314
0.128317247983434
0.128120521569501
0.127978235425223
0.127891236121509
0.127860199655896
0.127885626257218
0.127967835942134
0.128106964860999
0.128302962466123
0.128555589530668
0.12886441704131
0.129228825982484
0.129648008024479
0.130120967121915
0.130646522023347
0.131223309686849
0.131849789590567
0.13252424892137
0.133244808619036
0.134009430247795
0.134815923661694
0.135661955425131
0.136545057945047
0.137462639266798
0.138411993481603
0.139390311689764
0.140394693460561
0.141422158726951
0.142469660050843
0.143534095192908
0.144612319919528
0.145701160978672
0.146797429176143
0.14789793248379
0.148999489111908
0.150098940479128
0.151193164014592
0.152279085729135
0.153353692494449
0.154414043971816
0.155457284134905
0.156480652334274
0.157481493854579
0.15845726991906
0.159405567099514
0.16032410609376
0.161210749836394
0.16206351091249
0.162880558247699
0.163660223051974
0.164401003997849
0.165101571617787
0.165760771908579
0.166377629134136
0.166951347821211
0.167481313945637
0.167967095309573
0.168408441113029
0.168805280725523
0.169157721666271
0.169466046803651
0.169730710786995
0.169952335725979
0.170131706135022
0.170269763162264
0.17036759812476
0.170426445373723
0.170447674515738
0.170432782018115
0.170383382228818
0.17030119784374
0.17018804985653
0.170045847028707
0.169876574920391
0.169682284524678
0.169465080551442
0.169227109409157
0.168970546936173
0.168697585935722
0.168410423571754
0.168111248685426
0.167802229094708
0.167485498942062
0.16716314615738
0.166837200105411
0.16650961948859
0.166182280577515
0.16585696584224
0.165535353057999
0.165219004958901
0.164909359512518
0.164607720887035
0.164315251180774
0.164032962981354
0.163761712818542
0.163502195570897
0.163254939881708
0.163020304634396
0.162798476531539
0.162589468815009
0.162393121157466
0.162209100747545
0.16203690458274
0.161875862975152
0.161725144266036
0.161583760735622
0.161450575684934
0.161324311656527
0.161203559751234
0.161086789988254
0.16097236264638
0.160858540514955
0.160743501974296
0.160625354817055
0.160502150714329
0.160371900223367
0.160232588227614
0.160082189694607
0.159918685632967
0.159740079126542
0.159544411321626
0.159329777242179
0.159094341308194
0.158836352433652
0.158554158583105
0.158246220669588
0.157911125681427
0.157547598931454
0.157154515329132
0.156730909584078
0.156275985258338
0.155789122594475
0.155269885056935
0.154718024535163
0.154133485168463
0.15351640576445
0.152867120795086
0.152186159966515
0.151474246371133
0.150732293242425
0.149961399344919
0.149162843043009
0.148338075103361
0.147488710295871
0.146616517867796
0.145723410974383
0.144811435157274
0.143882755968844
0.142939645846561
0.141984470346287
0.141019673847186
0.140047764843537
0.139071300940253
0.138092873669314
0.137115093243617
0.136140573363001
0.135171916184424
0.13421169756456
0.133262452678449
0.132326662112389
0.131406738523091
0.130505013948267
0.129623727846435
0.128765015935854
0.127930899894283
0.12712327797274
0.126343916567771
0.125594442787985
0.124876338041864
0.124190932665218
0.123539401598207
0.122922761113644
0.122341866590437
0.121797411318554
0.121289926314856
0.120819781122612
0.120387185561497
0.11999219238943
0.119634700832686
0.119314460936482
0.119031078684477
0.118784021832523
0.11857262639947
0.118396103755804
0.11825354824946
0.118143945307187
0.118066179949358
0.118019045656076
0.11800125352278
0.118011441644288
0.118048184667224
0.118110003452153
0.118195374788283
0.118302741105404
0.118430520129684
0.118577114432083
0.118740920820337
0.118920339527823
0.11911378315499
0.119319685321506
0.119536508989753
0.119762754422827
0.119996966742737
0.120237743057068
0.120483739124945
0.120733675535719
0.120986343376442
0.121240609366798
0.121495420442853
0.121749807773683
0.122002890197674
0.122253877068079
0.122502070500259
0.122746867015897
0.122987758582433
0.123224333048927
0.123456273982585
0.123683359913256
0.12390546299627
0.124122547107105
0.124334665384438
0.124541957241257
0.124744644866685
0.124943029244189
0.125137485714697
0.125328459115942
0.125516458531952
0.125702051689098
0.125885859037372
0.126068547557602
0.126250824337139
0.126433429958059
0.126617131743193
0.126802716906182
0.126990985652409
0.127182744277852
0.127378798312868
0.127579945757405
0.127786970453351
0.128000635638547
0.128221677725434
0.128450800345456
0.128688668698101
0.128935904240955
0.129193079754334
0.129460714810953
0.12973927167782
0.130029151673961
0.130330692003942
0.130644163083278
0.130969766367902
0.131307632695869
0.131657821145438
0.132020318409678
0.132395038683753
0.132781824057216
0.133180445399851
0.133590603726017
0.134011932019059
0.134443997494145
0.134886304274939
0.135338296456837
0.135799361527116
0.136268834110206
0.136746000004565
0.137230100476121
0.137720336772161
0.138215874818716
0.138715850064038
0.139219372430592
0.139725531338202
0.140233400761421
0.14074204428499
0.141250520122297
0.141757886063048
0.142263204317906
0.142765546229623
0.143263996822142
0.143757659161258
0.144245658502719
0.144727146206018
0.1452013033946
0.145667344345782
0.146124519596229
0.146572118751471
0.147009472990522
0.147435957259221
0.147850992148439
0.148254045455734
0.14864463343137
0.149022321711867
0.14938672594636
0.149737512123015
0.150074396604588
0.150397145883883
0.150705576071355
0.150999552128469
0.15127898686156
0.151543839691954
0.151794115218906
0.152029861592575
0.152251168714731
0.152458166285202
0.152651021712262
0.152829937905163
0.15299515096693
0.153146927805283
0.153285563679252
0.15341137969856
0.15352472029237
0.153625950663363
0.153715454242464
0.153793630158818
0.153860890738873
0.153917659047622
0.153964366484299
0.154001450443983
0.154029352055766
0.154048514007335
0.154059378465043
0.154062385097726
0.154057969211815
0.154046560004497
0.154028578941006
0.154004438261391
0.153974539621446
0.153939272871796
0.153899014978505
0.153854129087896
0.153804963737648
0.153751852215568
0.153695112066806
0.1536350447496
0.153571935438952
0.153506052976974
0.153437649967871
0.153366963014833
0.153294213095298
0.15321960607029
0.153143333322676
0.15306557251839
0.152986488483765
0.152906234191282
0.152824951845143
0.152742774057197
0.152659825102895
0.152576222246082
0.152492077120635
0.152407497156164
0.152322587034289
0.152237450161341
0.152152190142763
0.152066912244017
0.151981724822407
0.151896740713994
0.151812078559621
0.151727864054076
0.151644231102593
0.151561322869142
0.151479292701471
0.151398304918431
0.151318535445929
0.151240172288766
0.151163415826726
0.151088478924534
0.151015586846671
0.150944976969592
0.150876898285516
0.150811610693748
0.150749384077325
0.150690497164729
0.150635236178415
0.150583893273912
0.150536764775346
0.150494149215265
0.15045634518871
0.15042364903343
0.15039635235012
0.150374739378336
0.150359084245542
0.150349648108309
0.150346676206168
0.150350394849926
0.150361008367372
0.150378696030267
0.150403608987215
0.150435867227582
0.15047555660192
0.150522725924475
0.150577384183202
0.150639497882391
0.150708988542435
0.150785730380467
0.150869548194645
0.150960215473637
0.151057452751517
0.151160926226699
0.151270246661863
0.151384968579946
0.151504589769308
0.151628551109074
0.151756236723503
0.151886974471949
0.152020036778721
0.152154641804777
0.152289954960881
0.152425090759495
0.152559115000409
0.152691047282808
0.152819863834348
0.152944500645646
0.153063856896627
0.153176798659234
0.153282162859277
0.153378761478503
0.153465385976551
0.15354081191104
0.153603803732944
0.153653119733333
0.153687517116766
0.153705757175941
0.153706610541726
0.153688862482364
0.153651318225512
0.153592808276792
0.153512193708702
0.153408371394101
0.15328027915894
0.153126900829572
0.152947271150713
0.152740480551055
0.152505679734495
0.152242084076098
0.151948977803085
0.151625717942478
0.151271738018346
0.150886551483086
0.150469754868617
0.150021030644924
0.149540149774941
0.149026973956354
0.148481457542492
0.147903649136109
0.147293692851424
0.14665182924139
0.145978395888733
0.1452738276608
0.1445386566298
0.143773511661413
0.142979117676174
0.142156294589363
0.141305955936381
0.140429107191824
0.139526843791537
0.138600348868004
0.137650890710354
0.13667981996112
0.135688566562649
0.134678636466706
0.1336516081214
0.132609128749975
0.131552910436383
0.130484726032795
0.129406404904337
0.128319828526368
0.12722692594958
0.126129669148002
0.125030068264758
0.123930166770087
0.122832036545694
0.121737772909045
0.120649489590614
0.119569313676534
0.118499380528406
0.117441828691384
0.116398794800917
0.115372408497852
0.114364787360904
0.113378031864816
0.112414220371917
0.111475404164172
0.110563602522342
0.109680797858361
0.108828930906737
0.108009895980474
0.107225536296877
0.106477639378527
0.105767932534807
0.105098078429519
0.104469670740444
0.103884229917122
0.103343199043652
0.102847939813945
0.102399728627616
0.101999752815478
0.10164910700453
0.101348789633212
0.101099699628708
0.100902633259027
0.100758281173551
0.10066722564669
0.100629938040104
0.100646776499763
0.100717983904775
0.100843686085401
0.101023890328093
0.101258484185526
0.101547234609587
0.101889787425037
0.102285667161051
0.102734277257109
0.103234900658715
0.103786700817106
0.104388723105608
0.105039896663452
0.105739036675794
0.106484847096353
0.107275923816519
0.108110758281993
0.108987741555058
0.109905168817429
0.110861244305358
0.111854086665293
0.112881734714934
0.11394215359108
0.115033241262181
0.116152835380102
0.117298720442314
0.118468635232544
0.119660280504895
0.120871326873709
0.122099422868879
0.123342203114099
0.124597296583605
0.125862334891403
0.127134960565773
0.128412835261033
0.129693647858151
0.130975122405822
0.132255025854063
0.133531175533279
0.134801446333033
0.136063777536474
0.137316179268506
0.138556738518264
0.139783624699344
0.140995094714418
0.142189497494374
0.143365277985893
0.144520980565401
0.145655251861521
0.146766842972551
0.147854611069954
0.148917520383431
0.149954642567743
0.150965156456029
0.151948347208924
0.152903604873227
0.153830422368178
0.154728392921582
0.155597206981961
0.156436648636624
0.157246591569015
0.15802699459186
0.158777896795463
0.15949941235301
0.160191725026912
0.16085508242195
0.161489790032417
0.162096205131418
0.162674730551127
0.16322580840295
0.163749913786403
0.164247548534883
0.164719235045552
0.165165510239193
0.165586919694192
0.165984011996743
0.166357333346964
0.166707422457951
0.1670348057818
0.167339993093406
0.167623473459404
0.167885711615928
0.168127144775082
0.168348179876051
0.168549191292709
0.168730519005503
0.168892467241226
0.169035303580177
0.169159258526114
0.169264525530422
0.169351261458032
0.169419587478915
0.169469590365433
0.169501324172553
0.169514812274842
0.169510049731433
0.169487005947664
0.169445627600002
0.169385841789054
0.169307559384118
0.169210678521661
0.169095088219524
0.168960672068393
0.168807311962267
0.168634891830189
0.168443301332461
0.168232439485866
0.168002218184067
0.167752565581378
0.167483429310363
0.167194779506301
0.16688661161438
0.166558948958494
0.1662118450537
0.165845385647737
0.165459690480402
0.165054914753031
0.164631250303804
0.164188926488009
0.163728210765743
0.163249409002729
0.162752865493023
0.162238962715205
0.161708120836309
0.161160796980123
0.160597484278555
0.160018710726559
0.159425037862572
0.158817059297511
0.158195399116155
0.157560710175164
0.156913672322011
0.156254990558864
0.155585393174804
0.154905629868833
0.15421646988488
0.153518700178478
0.152813123633019
0.15210055734146
0.151381830967172
0.150657785195225
0.149929270282943
0.149197144715951
0.148462273973297
0.147725529402594
0.146987787203471
0.146249927515062
0.145512833600754
0.144777391121075
0.144044487483396
0.143315011255082
0.142589851624969
0.141869897896422
0.141156038993985
0.140449162964552
0.139750156453284
0.139059904134049
0.138379288074048
0.137709187012462
0.137050475533487
0.136404023114936
0.135770693034695
0.135151341118788
0.134546814316486
0.133957949089887
0.13338556960766
0.132830485735073
0.132293490815164
0.131775359238722
0.131276843803828
0.13079867286882
0.130341547305824
0.12990613726528
0.129493078765267
0.129102970122758
0.128736368247226
0.128393784820259
0.128075682387945
0.127782470395722
0.127514501198193
0.127272066078892
0.127055391317314
0.126864634342463
0.126699880013848
0.126561137072134
0.12644833480256
0.12636131995472
0.126299853962356
0.126263610506392
0.126252173463548
0.126265035281522
0.126301595819849
0.126361161693175
0.126442946150883
0.126546069523613
0.12666956026348
0.126812356600511
0.126973308833174
0.127151182265819
0.127344660800438
0.127552351184459
0.127772787910315
0.128004438756356
0.128245710952382
0.128494957946664
0.128750486744935
0.129010565785494
0.129273433308317
0.129537306170118
0.129800389051507
0.130060883997044
0.130317000224018
0.130566964131302
0.130809029435709
0.131041487360005
0.131262676794062
0.131470994348779
0.13166490422122
0.131842947789094
0.132003752853191
0.132146042447683
0.132268643140411
0.13237049274824
0.132450647396448
0.132508287855715
0.132542725095733
0.132553405000542
0.132539912197536
0.132501972959462
0.132439457146676
0.1323523791653
0.132240897925675
0.132105315794496
0.131946076543228
0.131763762304624
0.131559089558402
0.131332904176208
0.13108617556483
0.130819989955117
0.130535542892106
0.130234130989379
0.129917143017545
0.129586050402953
0.129242397218118
0.128887789749936
0.128523885735424
0.128152383357476
0.127775010094874
0.127393511521619
0.127009640150421
0.126625144413997
0.126241757875689
0.125861188757793
0.125485109872003
0.125115149031526
0.12475288001878
0.124399814176228
0.124057392680923
0.123726979555747
0.123409855462363
0.123107212312451
0.122820148725191
0.122549666350107
0.122296667065494
0.122061951053801
0.121846215746605
0.121650055623337
0.121473962839725
0.121318328654178
0.121183445613051
0.121069510449029
0.120976627640775
0.120904813576609
0.120854001260298
0.120824045493175
0.120814728463665
0.120825765673064
0.120856812124931
0.120907468704829
0.120977288677332
0.121065784228206
0.121172432981358
0.121296684422675
0.121437966165969
0.121595690000037
0.121769257660207
0.121958066272588
0.122161513424562
0.122379001820744
0.122609943489631
0.122853763512394
0.123109903251644
0.123377823064483
0.12365700449065
0.123946951912966
0.124247193693623
0.12455728279594
0.124876796907082
0.125205338082776
0.125542531940225
0.125888026430221
0.126241490223725
0.126602610752045
0.12697109194301
0.12734665169832
0.127729019159405
0.128117931810773
0.128513132470814
0.128914366220501
0.129321377320253
0.129733906164556
0.130151686322639
0.130574441711732
0.131001883947139
0.131433709910571
0.131869599575002
0.132309214120697
0.132752194373089
0.133198159588945
0.133646706612713
0.134097409420192
0.134549819061811
0.135003464012769
0.135457850932252
0.135912465828915
0.136366775624814
0.136820230105128
0.137272264236291
0.137722300830691
0.138169753531863
0.138614030090205
0.139054535895685
0.139490677730867
0.13992186770483
0.140347527326303
0.140767091672517
0.141180013609029
0.141585768014947
0.141983855967777
0.142373808842386
0.142755192279348
0.143127609979303
0.143490707281748
0.143844174488974
0.144187749898634
0.14452122251156
0.144844434385014
0.145157282605434
0.145459720858903
0.14575176058199
0.146033471680191
0.146304982805957
0.146566481193032
0.146818212048705
0.147060477510251
0.147293635176544
0.147518096230266
0.147734323170381
0.147942827178528
0.14814416514662
0.148338936396179
0.148527779122803
0.148711366601546
0.148890403190883
0.149065620174363
0.1492377714799
0.149407629317029
0.149575979772251
0.149743618401893
0.149911345860676
0.150079963602488
0.150250269687658
0.150423054728434
0.15059909800138
0.150779163752041
0.15096399771364
0.151154323857675
0.151350841390263
0.151554222003943
0.151765107390434
0.151984107015693
0.152211796154493
0.152448714177835
0.152695363082717
0.152952206250363
0.153219667415802
0.153498129828968
0.153787935585066
0.15408938510008
0.154402736705836
0.154728206338147
0.155065967291131
0.155416150010974
0.155778841903047
0.156154087127494
0.156541886360113
0.156942196497534
0.15735493028833
0.157779955874738
0.158217096233092
0.158666128504768
0.159126783213422
0.159598743368462
0.16008164345897
0.160575068346641
0.161078552070605
0.161591576581246
0.162113570424194
0.162643907399513
0.163181905224651
0.163726824232894
0.164277866141864
0.16483417292885
0.165394825851579
0.165958844654224
0.166525186999077
0.167092748164308
0.167660361047628
0.168226796514384
0.168790764126703
0.1693509132878
0.169905834832399
0.170454063090508
0.170994078447551
0.171524310419106
0.172043141253319
0.172548910068503
0.17303991752759
0.17351443104495
0.17397069051489
0.174406914544737
0.174821307169108
0.175212065015686
0.175577384886721
0.175915471714639
0.176224546844608
0.176502856591786
0.176748681016339
0.176960342855204
0.177136216546047
0.177274737276035
0.177374409985851
0.177433818257945
0.177451633017348
0.177426620973457
0.17735765273206
0.177243710508529
0.177083895375496
0.176877433981501
0.176623684680899
0.17632214301989
0.175972446528614
0.175574378774955
0.175127872641884
0.174633012796749
0.174090037327863
0.173499338530944
0.172861462835349
0.172177109867492
0.171447130656347
0.170672524993307
0.169854437965931
0.168994155692078
0.168093100287606
0.167152824107066
0.166175003302641
0.165161430751821
0.164114008409013
0.163034739140344
0.161925718104299
0.160789123743532
0.159627208455189
0.158442289008305
0.157236736777407
0.156012967861229
0.154773433154574
0.153520608439787
0.152256984562094
0.150985057750245
0.14970732014054
0.148426250558461
0.147144305607808
0.145863911112584
0.144587453951875
0.143317274322732
0.142055658460696
0.140804831842078
0.13956695288661
0.138344107173599
0.137138302179341
0.135951462538358
0.134785425826058
0.133641938855736
0.132522654478491
0.131429128870677
0.130362819289934
0.129325082277781
0.128317172284091
0.127340240686629
0.126395335177205
0.125483399484804
0.124605273405458
0.12376169310838
0.122953291688247
0.122180599934205
0.121444047287352
0.12074396295997
0.120080577191698
0.119454022619978
0.118864335744595
0.118311458468792
0.117795239702256
0.117315437014265
0.116871718328284
0.116463663652365
0.116090766842744
0.115752437400974
0.115448002307793
0.115176707899622
0.114937721796091
0.114730134889257
0.114552963407222
0.114405151066564
0.114285571329439
0.114193029782306
0.114126266653971
0.114083959491056
0.114064726009055
0.114067127136785
0.114089670271414
0.11413081276018
0.114188965623577
0.114262497533084
0.114349739054499
0.114448987165697
0.114558510055028
0.114676552203827
0.114801339753516
0.114931086154581
0.115063998091448
0.115198281673833
0.115332148881667
0.115463824247186
0.115591551754241
0.115713601931426
0.115828279112202
0.115933928831905
0.116028945328417
0.116111779110264
0.116180944553234
0.116235027484052
0.116272692707494
0.116292691431356
0.116293868542191
0.116275169683427
0.116235648086707
0.116174471106788
0.116090926410308
0.115984427769087
0.115854520409428
0.115700885870078
0.11552334632315
0.115321868314376
0.115096565881496
0.114847703012494
0.11457569540858
0.114281111520499
0.113964672830629
0.11362725335763
0.113269878364951
0.112893722259273
0.112500105670006
0.11209049170612
0.111666481391914
0.111229808288774
0.110782332315389
0.110326032784402
0.109863000678905
0.10939543019752
0.108925609602058
0.108455911406774
0.107988781953096
0.10752673041828
0.107072317310728
0.10662814250868
0.106196832902571
0.105781029704555
0.105383375491494
0.105006501050021
0.104653012094193
0.10432547592764
0.104026408123027
0.10375825929209
0.103523402019404
0.103324118032524
0.103162585680034
0.103040867787589
0.102960899959999
0.102924479395023
0.102933254271693
0.102988713772769
0.103092178797344
0.103244793415685
0.103447517114188
0.103701117873847
0.104006166120909
0.104363029583492
0.104771869082888
0.10523263528308
0.105745066416763
0.106308687000831
0.106922807549008
0.107586525283978
0.108298725846174
0.109058085991211
0.109863077262932
0.110711970624159
0.111602842022507
0.112533578864096
0.113501887363675
0.114505300735574
0.115541188186042
0.116606764663924
0.117699101323283
0.118815136648507
0.119951688189631
0.121105464853095
0.122273079690918
0.123451063129311
0.124635876576086
0.125823926344818
0.127011577832617
0.128195169887524
0.129371029300967
0.130535485360446
0.131684884397549
0.132815604266645
0.133924068690087
0.13500676140646
0.136060240059417
0.137081149765853
0.138066236303609
0.139012358860639
0.139916502289426
0.140775788812667
0.141587489128556
0.142349032866648
0.14305801834806
0.143712221606834
0.144309604632502
0.14484832279735
0.145326731435513
0.145743391544849
0.146097074586596
0.146386766361925
0.146611669948921
0.146771207687941
0.146865022207965
0.14689297649125
0.146855152978446
0.146751851721211
0.146583587594321
0.146351086584234
0.146055281176037
0.145697304865643
0.145278485828975
0.144800339784658
0.144264562091378
0.143673019125564
0.143027738989325
0.142330901602639
0.141584828237535
0.140791970555531
0.139954899212665
0.139076292099247
0.138158922283776
0.137205645732375
0.136219388876537
0.135203136102903
0.134159917239235
0.133092795110623
0.132004853239345
0.130899183760566
0.129778875624332
0.128647003151968
0.127506615012176
0.126360723678669
0.12521229542731
0.124064240926296
0.122919406468049
0.121780565886174
0.120650413195161
0.119531555984456
0.118426509592216
0.117337692077458
0.116267420002615
0.115217905031589
0.114191251341505
0.113189453839428
0.112214397168489
0.111267855481156
0.110351492950921
0.109466864987449
0.108615420114414
0.107798502463746
0.107017354835058
0.106273122264536
0.105566856043641
0.104899518124719
0.104271985847912
0.10368505692182
0.103139454589067
0.102635832907374
0.102174782076911
0.101756833745567
0.101382466225411
0.101052109555908
0.100766150352434
0.100524936382278
0.100328780814525
0.100177966095045
0.100072747403063
0.100013355651581
0.1
0.100032869853782
0.100112136332635
0.100237953195578
0.100410457218175
0.100629768024185
0.100895987380738
0.101209197972903
0.101569461680033
0.101976817382457
0.102431278332989
0.102932829133122
0.1034814223587
0.104076974884287
0.104719363959205
0.105408423091406
0.106143937797822
0.106925641281646
0.107753210098097
0.108626259870589
0.109544341118887
0.110506935259793
0.111513450839145
0.112563220051519
0.113655495600962
0.114789447952459
0.115964163019627
0.117178640329453
0.118431791699755
0.119722440459539
0.121049321236611
0.122411080330739
0.123806276684424
0.125233383457022
0.126690790201599
0.128176805637583
0.129689661006121
0.131227513989016
0.132788453166395
0.134370502982818
0.135971629186494
0.13758974470163
0.13922271588977
0.140868369152378
0.142524497823761
0.144188869300965
0.145859232355308
0.147533324568918
0.149208879838921
0.150883635891856
0.152555341751375
0.154221765103409
0.155880699504656
0.157529971382422
0.159167446776613
0.160791037777815
0.162398708619056
0.163988481382809
0.165558441289122
0.167106741535386
0.168631607663054
0.170131341431621
0.171604324185292
0.173049019702905
0.174463976526845
0.175847829771774
0.17719930241901
0.17851720610718
0.17980044143445
0.181047997791947
0.182258952752108
0.183432471039406
0.184567803114315
0.185664283404332
0.186721328218499
0.187738433383948
0.188715171644749
0.189651189864539
0.19054620607519
0.191400006414095
0.192212441992499
0.192983425736695
0.193712929242888
0.194400979685063
0.195047656813328
