0.942560122232558
0.94053328943371
0.938567351353189
0.936674297177762
0.934865863289109
0.93315333180881
0.931547312164624
0.930057514578424
0.928692524561613
0.927459587236266
0.926364409634852
0.925410988144298
0.924601467041671
0.923936032715601
0.923412846775342
0.923028019904929
0.922775627095225
0.922647763833783
0.922634641980588
0.922724723412326
0.922904889061643
0.923160640674574
0.923476332407959
0.923835429230305
0.924220788913868
0.924614964158156
0.925000521023251
0.925360369350744
0.925678100207326
0.925938324621602
0.926127007041744
0.926231786084516
0.92624227435577
0.926150328489807
0.925950280174632
0.925639118891576
0.925216617478179
0.924685392479129
0.924050892611789
0.923321310539179
0.922507415479143
0.921622306914255
0.920681092700739
0.919700498075755
0.918698415278373
0.917693406563681
0.916704176130112
0.915749028730728
0.914845334348142
0.914009019153209
0.913254102945573
0.912592302335868
0.912032717065975
0.911581614113883
0.91124232067976
0.911015232931156
0.910897942669189
0.910885479068048
0.910970657564272
0.911144523069181
0.91139687018708
0.911716819270546
0.912093424135177
0.912516285257085
0.912976141409367
0.913465413028552
0.913978672150859
0.914513016473904
0.915068328877216
0.915647408415714
0.916255964179168
0.91690246924627
0.917597877988795
0.918355215923232
0.919189056891344
0.920114907322052
0.921148521459578
0.92230517455347
0.923598922961612
0.925041880840701
0.926643542572058
0.92841017833448
0.930344327385801
0.93244440979454
0.934704472755932
0.937114082445166
0.939658366834577
0.942318209266619
0.945070587060524
0.947889044251802
0.950744282909631
0.953604853505785
0.956437921642252
0.959210086166651
0.961888222359767
0.964440323475296
0.966836314420933
0.969048812734568
0.971053814146174
0.972831282821121
0.974365629735003
0.975646066404491
0.976666825258478
0.977427242143188
0.977931700680687
0.978189442315198
0.978214249767183
0.9780240151641
0.97764020723508
0.977087254565925
0.976391863948815
0.97558229428413
0.974687607274832
0.973736916291318
0.972758654290199
0.971779880576354
0.970825644553752
0.969918422482203
0.969077640723275
0.968319296108127
0.967655680989473
0.967095217349392
0.966642401124776
0.966297854780046
0.966058483193502
0.965917725210938
0.965865890828568
0.965890571953887
0.965977113100738
0.96610912723139
0.966269041276543
0.966438655642158
0.966599702234206
0.966734386170837
0.966825897367077
0.966858879521714
0.966819845653907
0.966697531167536
0.966483177400328
0.966170740677383
0.96575702397113
0.965241730311293
0.964627439033839
0.963919507758612
0.963125904601538
0.962256976528323
0.961325160922496
0.960344648361422
0.959331005270145
0.95830076556391
0.957271000613432
0.95625887689579
0.955281210555338
0.95435402782215
0.953492139848143
0.952708740048286
0.952015031496551
0.951419891337854
0.950929578545868
0.950547490683304
0.950273974601337
0.950106195238928
0.950038065839388
0.950060241978709
0.950160180788929
0.95032226565581
0.95052799547653
0.95075623629191
0.950983531780898
0.951184467754478
0.951332084452972
0.95139832918334
0.951354540684622
0.951171955634859
0.950822226963806
0.950277943158704
0.949513137581285
0.948503776975955
0.947228218848839
0.945667628224929
0.9438063454184
0.941632197834976
0.939136750406537
0.936315490967263
0.933167948641182
0.92969774504436
0.925912579735854
0.921824152812302
0.917448028776572
0.912803446781871
0.907913083038092
0.902802771565019
0.897501189604313
0.892039513892692
0.886451053699902
0.880770866104114
0.875035358475881
0.869281882631035
0.863548324648447
0.857872693976001
0.8522927151992
0.846845425737317
0.841566782760576
0.836491282770516
0.831651597521904
0.827078230244102
0.822799196391197
0.818839733359238
0.815222043703868
0.811965076327584
0.809084349849399
0.806591821901391
0.80449580741369
0.802800948065651
0.801508234026157
0.800615077923974
0.800115439734199
0.8
0.800256377593226
0.800869387113462
0.801821330086627
0.803092313394473
0.804660587875657
0.806502899802646
0.808594847956764
0.810911239281672
0.813426436566146
0.816114692252641
0.818950463244303
0.821908702441729
0.824965123634035
0.828096437252227
0.831280555328197
0.834496764760188
0.837725868645163
0.840950295990482
0.844154180561808
0.847323409970222
0.850445646365382
0.853510320304363
0.856508599531114
0.859433334552916
0.862278983058712
0.865041515405892
0.867718303616611
0.870307996573611
0.872810384381908
0.875226255151186
0.877557247731026
0.879805704167636
0.881974525812555
0.884067037065313
0.886086860638689
0.88803780796732
0.889923787915623
0.891748736268081
0.893516567606004
0.89523115010733
0.89689630258397
0.898515811744734
0.900093466306773
0.901633103252536
0.903138660329451
0.904614227906606
0.906064092625259
0.907492764988447
0.908904983194629
0.910305686175355
0.911699949964801
0.913092883196298
0.914489479640909
0.915894428195246
0.917311883478032
0.918745203067731
0.920196660246878
0.921667143740006
0.923155858167258
0.924660040619777
0.926174709751342
0.927692463960264
0.929203344533651
0.930694778017914
0.932151609592268
0.933556235936703
0.934888842134397
0.936127742708084
0.93724982217424
0.938231065746481
0.939047166279894
0.93967418946695
0.940089275900398
0.940271356103711
0.940201853144973
0.93986534709103
0.939250176360236
0.93834895296636
0.937158971624115
0.935682496563271
0.933926914481501
0.931904747128181
0.929633522303156
0.927135507318991
0.924437313963425
0.92156938848276
0.918565403892372
0.915461574856552
0.912295917365394
0.909107476423985
0.905935544964939
0.902818896256288
0.899795050304428
0.896899592284675
0.894165558034975
0.891622898302465
0.88929802992373
0.887213478627606
0.885387614838743
0.883834480871549
0.882563705348518
0.881580498631466
0.880885721560147
0.880476018856528
0.880344008148011
0.88047851563427
0.880864849892166
0.881485106087269
0.882318493835551
0.883341683029417
0.884529163007977
0.885853611422788
0.887286269953621
0.888797324610439
0.89035628868591
0.89193238648861
0.89349493580402
0.895013726632021
0.896459393186551
0.897803775479049
0.89902026611422
0.900084137279786
0.900972842384892
0.90166628646188
0.902147059349932
0.902400625869304
0.90241546769755
0.902183172482223
0.901698466856995
0.900959191440473
0.899966217542281
0.898723307116969
0.897236919418017
0.895515969727129
0.893571547377952
0.891416601966137
0.889065608049564
0.886534219710468
0.883838927002759
0.880996726485527
0.878024817708443
0.874940336649049
0.871760135712139
0.868500618019542
0.865177631402443
0.861806424840775
0.858401667181096
0.854977524930893
0.851547792913129
0.848126068718083
0.844725959359164
0.84136130646779
0.838046414877072
0.834796268649512
0.831626718574619
0.828554625936779
0.825597948929672
0.822775760426431
0.820108188817459
0.817616277173677
0.815321759920874
0.81324676033293
0.811413416262954
0.809843445420603
0.808557664965255
0.807575483030027
0.806914381860981
0.806589413427584
0.806612728558736
0.806993159858259
0.807735876882429
0.808842129399155
0.810309091120585
0.812129812275371
0.814293284961499
0.816784620613338
0.819585334352193
0.822673726688165
0.826025349204694
0.82961353766032
0.833409993522009
0.837385393394675
0.841510005178881
0.84575429007167
0.850089470676685
0.854488047420668
0.858924248060873
0.863374398162953
0.867817203866032
0.872233941858913
0.876608555100022
0.880927656266651
0.885180444079003
0.889358540398912
0.893455758268457
0.897467812777156
0.901391987805654
0.905226772294995
0.908971479764836
0.912625864403193
0.916189746241363
0.91966265678734
0.923043515100236
0.926330342727187
0.929520024268224
0.93260811865053
0.935588724537845
0.938454401718006
0.941196148834349
0.943803436476262
0.946264293431834
0.948565442834798
0.95069248400635
0.952630114994133
0.954362390138504
0.955873006443536
0.957145612092406
0.958164130122148
0.958913090062762
0.959377960254892
0.959545473595806
0.959403939633363
0.958943536240101
0.958156574560923
0.957037731540873
0.955584245102378
0.953796067946009
0.951675976980266
0.949229636521911
0.946465614619352
0.943395353101537
0.940033093202372
0.936395759810766
0.932502808502402
0.928376040475129
0.924039391292559
0.919518699902427
0.914841464707638
0.910036593508264
0.905134153892745
0.90016513013869
0.895161191903139
0.890154478965984
0.885177405077411
0.880262482599477
0.875442168180873
0.870748728226213
0.866214121484474
0.861869894754389
0.857747086554861
0.853876132698738
0.850286767094312
0.84700791082659
0.844067542673689
0.84149254471211
0.839308517562005
0.837539561106437
0.836208018156008
0.835334180473336
0.834935958755088
0.835028520511659
0.835623902192132
0.836730604271389
0.83835318023744
0.84049183237977
0.843142028876661
0.846294157813398
0.849933234350364
0.854038677236167
0.858584170185126
0.863537622296708
0.868861239701588
0.874511718018988
0.880440562075758
0.88659453576801
0.892916241062109
0.899344821071419
0.905816778056938
0.912266893236454
0.918629231597102
0.924838211629396
0.930829717159483
0.936542226351621
0.941917931560271
0.946903823078332
0.951452709973981
0.955524152124259
0.959085279204126
0.962111474717827
0.964586906088983
0.966504885266883
0.967868048159211
0.968688345361255
0.968986841011675
0.968793321060351
0.968145716682743
0.967089352920857
0.965676036781599
0.963963002892819
0.962011738324571
0.959886711251645
0.957654030692009
0.955380066538078
0.953130060444086
0.950966758791718
0.948949098886339
0.94713097871028
0.945560138966498
0.944277183794348
0.943314763460199
0.942696938574813
0.942438741047392
0.94254594215877
0.943015032951811
0.943833416743687
0.944979808124756
0.946424827492864
0.948131775151764
0.950057564442809
0.952153789430713
0.954367899455427
0.956644450493635
0.958926401812243
0.961156425873566
0.963278199861275
0.965237648494618
0.966984109909479
0.968471399203396
0.969658747640284
0.970511599346948
0.971002251458314
0.971110327933387
0.970823081529599
0.970135522564366
0.969050377004325
0.967577880022525
0.96573541439393
0.963547005925903
0.961042690530062
0.958257769540516
0.955231971489135
0.952008539787478
0.948633266665827
0.945153494308457
0.941617104419994
0.938071517470209
0.934562722592136
0.931134358538704
0.927826865214441
0.924676724063718
0.921715803986571
0.91897082744227
0.916462968973878
0.914207595543636
0.912214154828424
0.910486214030008
0.909021647875272
0.907812970412579
0.90684780107188
0.906109451389214
0.905577614957078
0.905229139714879
0.905038858801531
0.904980454007856
0.905027324522437
0.905153433263849
0.905334103700277
0.905546741695569
0.905771459561736
0.905991583064793
0.906194026498278
0.906369525936905
0.906512726205167
0.906622122708019
0.906699864823587
0.906751432798739
0.906785204776234
0.906811934500277
0.906844163215741
0.906895591162325
0.906980434791027
0.907112795378554
0.907306063129219
0.907572378235475
0.907922166872549
0.908363765928741
0.908903145651945
0.909543734574905
0.910286346320627
0.911129203428628
0.912068049401134
0.913096336927761
0.914205477842928
0.915385138883972
0.916623566774925
0.917907926529914
0.919224638067831
0.920559698127633
0.921898976907537
0.923228481634223
0.924534582202299
0.925804196914843
0.927024939023404
0.928185227057234
0.929274363728997
0.930282589430905
0.931201116958751
0.932022154132913
0.932738920476796
0.933345663150891
0.933837676036907
0.934211324350764
0.934464075570696
0.93459453592886
0.934602490349258
0.93448894261796
0.934256151812431
0.933907660633538
0.933448311282813
0.93288424488506
0.932222881122093
0.931472875646177
0.930644053896848
0.929747321060993
0.928794549004066
0.927798441979305
0.926772383726071
0.92573026915146
0.924686324127071
0.923654917023755
0.922650365471928
0.921686741512642
0.920777677848818
0.919936177379276
0.919174427666102
0.918503621510981
0.917933784452445
0.917473609784476
0.917130301662035
0.916909427006894
0.916814777245273
0.916848241367448
0.917009692354414
0.917296889613067
0.917705400638127
0.918228545614405
0.918857369029087
0.919580642531072
0.920384903216016
0.921254531209288
0.922171869858618
0.923117391044072
0.92406990709071
0.925006829567301
0.925904473921135
0.926738407488853
0.927483836993696
0.928116030246667
0.928610765465089
0.928944800452356
0.929096352884919
0.929045582155276
0.928775062643139
0.928270237943279
0.927519845473843
0.926516301024417
0.925256033176914
0.923739758140867
0.921972686383182
0.919964653495621
0.917730169024396
0.915288378476479
0.912662935403341
0.909881782325988
0.906976841278435
0.903983616873695
0.900940716989968
0.897889298376903
0.894872446624643
0.891934501945698
0.88912034401032
0.886474650567941
0.884041145702182
0.881861854235965
0.879976378971856
0.878421217085752
0.877229131077508
0.876428588234167
0.876043280621538
0.876091735255584
0.876587021408565
0.877536559087636
0.878942029711635
0.880799387038068
0.883098963589314
0.885825665319328
0.88895924515809
0.892474644457243
0.896342390295694
0.900529036116611
0.904997633252935
0.909708221521451
0.914618328160567
0.919683465864688
0.924857622420305
0.930093736355606
0.935344154952821
0.940561072820109
0.945696950867919
0.950704916890711
0.955539149947692
0.96015525132036
0.964510604981299
0.968564730246327
0.97227962863416
0.97562012598021
0.978554209617804
0.981053359038021
0.983092866963182
0.984652146315652
0.9857150172268
0.986269967096834
0.986310375859052
0.985834698081348
0.984846593396104
0.983354997011368
0.981374122727293
0.978923391950297
0.976027283634449
0.972715101841291
0.969020659638676
0.964981880288646
0.960640319027877
0.956040611140442
0.951229854376986
0.946256936002106
0.941171816770238
0.936024785861873
0.930865702186241
0.925743238412999
0.920704144585621
0.915792548158785
0.911049306772719
0.906511429028475
0.902211576976703
0.898177662014863
0.894432543458292
0.890993836280705
0.887873831496398
0.885079529479282
0.882612783291649
0.880470545942511
0.878645212526378
0.877125045519508
0.875894669234282
0.874935617642181
0.874226918542934
0.873745696431468
0.873467776420641
0.873368272216015
0.873422142381921
0.873604700932782
0.87389207055313
0.874261569395895
0.874692025316728
0.875164014445882
0.875660024046269
0.876164542524615
0.876664082126485
0.877147142142263
0.877604122284513
0.878027197194982
0.878410163755179
0.878748272989853
0.879038057879167
0.879277167372968
0.879464215396262
0.879598651739439
0.879680659549374
0.879711081801363
0.879691376767193
0.879623600232436
0.879510410181139
0.879355087970675
0.879161568757454
0.878934473175701
0.87867913205937
0.87840159634438
0.878108625176316
0.877807646628783
0.877506687232257
0.877214268620345
0.87693927189774
0.876690772686049
0.876477852067892
0.876309390685039
0.876193854921032
0.876139085297326
0.87615209784338
0.876238909203638
0.876404395591181
0.876652194399238
0.876984655386422
0.877402845944912
0.877906612161876
0.878494694340117
0.879164892521582
0.87991427453592
0.880739416356242
0.881636662257036
0.882602390586872
0.883633270014096
0.884726490962566
0.885879957668302
0.887092427850399
0.888363589345393
0.889694066100484
0.891085349511843
0.892539655048115
0.894059708208657
0.895648467908699
0.897308799135273
0.899043109964885
0.900852970586443
0.902738733675475
0.90469917620699
0.906731182514097
0.908829487092587
0.910986493368508
0.913192181490058
0.915434114328248
0.917697546463244
0.919965636214383
0.922219755977314
0.924439891500849
0.926605116498882
0.928694125357382
0.93068580383879
0.93255981574077
0.934297182520338
0.935880832984002
0.937296101254431
0.938531153289505
0.939577325141046
0.940429359751126
0.941085533217651
0.941547665922603
0.941821018501962
0.941914077142984
0.941838236930496
0.941607395756892
0.941237474514922
0.940745881794427
0.940150943025664
0.939471314911203
0.938725406060906
0.937930824019746
0.937103867417032
0.936259079855219
0.935408879505175
0.934563275306092
0.933729677314786
0.93291280524693
0.932114695735533
0.931334805426353
0.930570203851426
0.929815847171299
0.929064921437682
0.928309242066149
0.927539694768559
0.926746702302725
0.925920701058423
0.925052611701977
0.92413428881645
0.923158935656133
0.922121471723693
0.921018842806391
0.919850265295471
0.918617398975514
0.917324444920341
0.915978167580531
0.914587842509631
0.913165133371699
0.911723903831455
0.910279971590357
0.908850813152153
0.907455228849962
0.906112978230893
0.904844396078078
0.903669999174921
0.902610093419182
0.901684390125011
0.900911639369377
0.900309287111963
0.899893161613531
0.899677193463966
0.899673172368808
0.899890542783514
0.90033623956678
0.90101456407214
0.901927100519601
0.903072672079541
0.904447335839397
0.906044415677997
0.907854572003472
0.90986590727469
0.912064106179915
0.914432609250315
0.916952818508545
0.919604333472509
0.922365215442805
0.925212277503068
0.928121397072076
0.93106784719241
0.934026642058631
0.93697289161946
0.939882159476716
0.942730817790032
0.945496392517758
0.94815789211006
0.950696112740609
0.953093913328383
0.955336453961525
0.957411391881994
0.959309029907103
0.961022413030682
0.962547369938623
0.963882497266325
0.965029085595867
0.965990987417695
0.966774428547565
0.967387765779306
0.967841194854331
0.968146414126134
0.968316250576828
0.968364256083087
0.968304283004646
0.968150049246111
0.967914703880505
0.967610405171427
0.967247923334849
0.966836280583444
0.966382440838863
0.965891060929361
0.965364314071341
0.964801794939494
0.964200513658121
0.963554983617231
0.962857405179904
0.962097944178616
0.961265100701201
0.960346160168846
0.959327715254226
0.958196243934893
0.956938726085452
0.955543278637041
0.953999787613866
0.952300514410377
0.950440653583498
0.948418820248724
0.946237446891152
0.943903071992815
0.941426506252941
0.938822866214738
0.936111469653305
0.933315591940085
0.930462087578088
0.927580885989987
0.92470437523277
0.921866691415976
0.919102935047016
0.9164483381789
0.913937407991954
0.911603073241936
0.909475859834749
0.907583120666943
0.905948342864798
0.904590552760773
0.903523835491116
0.902756982130658
0.902293272962918
0.902130400984892
0.902260535235271
0.902670519174075
0.903342195279713
0.904252843397683
0.905375717283331
0.906680661315579
0.908134787579778
0.909703192460587
0.9113496915586
0.913037552131326
0.914730203320431
0.916391906102045
0.917988367105775
0.919487283095271
0.920858805880579
0.922075920622931
0.923114733773673
0.923954670137562
0.924578581646572
0.924972773261385
0.925126953883327
0.925034122174992
0.924690398687609
0.92409481663403
0.92324908400866
0.922157329545448
0.92082584425287
0.919262829025181
0.917478157177666
0.915483158783933
0.913290431512426
0.910913680382667
0.908367586607305
0.905667703568787
0.902830376105425
0.899872677742783
0.896812359375917
0.893667802237014
0.890457967797501
0.887202337554056
0.883920836408541
0.880633734523003
0.877361524041617
0.874124768833138
0.870943927319216
0.86783915040766
0.864830058435978
0.861935502744523
0.859173318945533
0.856560080054418
0.854110858342172
0.851839005013775
0.849755956601807
0.8478710762961
0.846191537341042
0.844722254175099
0.843465865233026
0.842422769364388
0.841591215735901
0.840967444977169
0.840545877296113
0.840319341422835
0.840279336619902
0.840416318691388
0.840719999984783
0.841179652844513
0.841784405860673
0.842523522561538
0.843386652906622
0.84436404901662
0.845446737982496
0.846626646272399
0.847896672137688
0.84925070443772
0.850683588382961
0.852191040761614
0.853769519191142
0.855416051750083
0.857128034929561
0.858903009136604
0.860738421930507
0.862631389737444
0.864578468938912
0.866575446952502
0.868617163221308
0.870697368920695
0.872808632715049
0.874942298106623
0.877088495883015
0.879236212971613
0.88137341674043
0.883487231542637
0.885564162184566
0.887590357097516
0.889551902396121
0.891435136779795
0.893226976430033
0.894915238705354
0.89648895354453
0.897938652042093
0.899256622620637
0.900437126536
0.901476566042675
0.902373600335912
0.903129206286646
0.90374668290828
0.90423160035786
0.904591696004876
0.90483672163777
0.904978247175059
0.905029427274354
0.905004737973746
0.904919690955956
0.904790533208782
0.904633939788133
0.904466707102014
0.904305453659075
0.904166334599256
0.904064775581491
0.904015230777004
0.904030968835633
0.904123889782365
0.90430437488364
0.904581170616593
0.904961306995506
0.905450049672931
0.906050884452153
0.906765532136613
0.907593991014514
0.908534603747151
0.909584145011466
0.910737925953956
0.911989911355628
0.913332845394767
0.914758382030377
0.916257216313987
0.917819213364833
0.919433532300786
0.921088743085381
0.922772935004208
0.924473816289863
0.926178805236664
0.927875113943916
0.929549826556914
0.931189974495615
0.932782611631585
0.934314892658591
0.935774157972058
0.937148028207606
0.938424511179772
0.93959212331222
0.940640026776641
0.941558182489542
0.942337517897597
0.942970107168834
0.943449360064379
0.943770214466938
0.943929326364929
0.94392525011241
0.943758601077984
0.943432192425034
0.942951137782574
0.942322912005132
0.941557363095681
0.940666669669078
0.939665240032232
0.938569550994568
0.937397926819013
0.936170261180681
0.934907687502896
0.933632205463668
0.932366273681618
0.931132380473903
0.929952606015521
0.92884819012329
0.927839120166745
0.926943753230037
0.926178485605127
0.925557481014318
0.925092466702512
0.924792603803124
0.924664435292376
0.924711911553975
0.924936490244562
0.925337303950801
0.925911386229127
0.926653944173599
0.927558663798109
0.928618033348249
0.929823669240409
0.931166629685051
0.932637702168788
0.934227652784498
0.93592742781046
0.937728300814857
0.939621961742259
0.941600547748347
0.943656618806576
0.945783084138127
0.947973088151022
0.950219866675731
0.952516585744102
0.954856175903881
0.957231175060705
0.959633592102896
0.96205480214165
0.96448548217695
0.966915593495936
0.969334414268035
0.971730622778813
0.974092428708721
0.976407746978911
0.978664406109408
0.980850380902924
0.982954037693757
0.984964379469216
0.986871277930937
0.988665680029807
0.990339777659481
0.991887130973449
0.993302738110943
0.99458304686203
0.99572590683366
0.996730463842765
0.997597001397171
0.998326737067339
0.998921584145541
0.999383891093099
0.999716172771283
0.999920848246689
1
0.999955168627995
0.999787195631878
0.999496124689338
0.999081169009676
0.998540749101077
0.99787260169464
0.997073956849574
0.996141776597619
0.995073045063561
0.993865097005127
0.992515969313102
0.991024758336542
0.989391965047743
0.987619810093884
0.985712501707961
0.983676441234328
0.981520353581646
0.979255333124814
0.976894799278908
0.974454359977844
0.971951585407815
0.969405698365655
0.966837191336596
0.964267383633811
0.961717934560145
0.959210330422517
0.95676536427443
0.95440262744914
0.952140031287223
0.94999337601233
0.947975981560776
0.946098392449103
0.944368165617174
0.942789746775843
0.941364437285716
0.940090450161085
0.938963050581907
0.937974773438098
0.937115708030103
0.936373838183927
0.935735424752466
0.935185416781661
0.934707877503719
0.93428641173836
0.933904582172809
0.933546303271975
0.93319620315108
0.932839945528378
0.932464505770537
0.932058396958385
0.93161184375605
0.93111690359487
0.930567536231662
0.929959624071838
0.929290946738828
0.92856111421462
0.927771463476401
0.926924923926502
0.926025857080319
0.92507987596827
0.924093649555096
0.923074697215636
0.922031177962381
0.920971678725988
0.919905005571229
0.918839981309128
0.917785252558144
0.916749108925565
0.915739316632521
0.914762968595934
0.913826352708128
0.912934839816403
0.912092792694364
0.911303497105618
0.910569115878154
0.909890666722572
0.909268024326906
0.908699947032612
0.908184128128893
0.907717271485937
0.907295190874978
0.906912931890703
0.906564914900965
0.90624509690648
0.90594714961189
0.905664650407754
0.905391282365105
0.905121038779357
0.904848427301518
0.904568668296543
0.904277881805781
0.903973257394416
0.903653201262237
0.903317455305572
0.902967183349066
0.90260502051565
0.902235082657015
0.901862933898017
0.901495511618028
0.901141009551392
0.900808721081414
0.900508846166656
0.900252266612478
0.900050295525391
0.899914407709538
0.899855958440018
0.899885898445461
0.900014493035381
0.900251053114551
0.900603685350557
0.901079068029488
0.901682258188438
0.902416534501823
0.903283279177354
0.904281900845902
0.905409799165474
0.906662370657381
0.908033054199633
0.909513413656697
0.911093254353331
0.912760769519114
0.914502712443738
0.91630458988481
0.918150872243763
0.920025216147971
0.92191069531889
0.923790035934327
0.925645853073522
0.927460885233166
0.92921822428977
0.930901538631861
0.932495287472411
0.933984924561897
0.935357089646266
0.936599786049719
0.937702542714547
0.938656558911271
0.939454829660522
0.940092249707955
0.94056569369461
0.940874070000824
0.941018345647739
0.941001539652645
0.940828682387023
0.940506738809181
0.940044493959845
0.939452399832711
0.938742383664605
0.937927618819809
0.937022260743318
0.936041151885964
0.934999501003055
0.933912543726846
0.932795192730502
0.931661687049863
0.930525251119895
0.929397774730257
0.928289525333878
0.927208903894653
0.926162254697742
0.925153738256512
0.924185274650995
0.923256562371047
0.922365175090065
0.921506735866136
0.920675165183005
0.919862996145595
0.919061747184531
0.918262339951231
0.9174555478405
0.916632458883946
0.915784935712061
0.914906054950979
0.913990508831029
0.913034952929819
0.91203828580697
0.911001848730277
0.909929536634412
0.908827814760498
0.907705638950874
0.906574281164384
0.905447065282419
0.904339021553671
0.903266470952161
0.902246553196591
0.901296714123122
0.900434169468678
0.899675362884671
0.899035436162676
0.898527729236326
0.898163326566244
0.897950665068713
0.897895216873218
0.897999257952765
0.898261731129299
0.898678209179485
0.899240960817926
0.899939119279023
0.900758950119629
0.901684211788816
0.902696599528936
0.903776260358988
0.90490236432806
0.906053714998777
0.907209380316533
0.908349323727639
0.909455014710666
0.910509997852083
0.911500400284461
0.912415358744768
0.913247349704508
0.913992408942231
0.914650230505641
0.915224139141436
0.915720934817167
0.916150612750543
0.916525967202849
0.9168620919741
0.917175794842334
0.917484946908953
0.917807790755394
0.918162233322969
0.918565150377171
0.919031729238289
0.91957487513471
0.920204704103452
0.920928141920408
0.92174864423896
0.922666048143601
0.923676559913781
0.924772878194392
0.925944446244786
0.927177821745353
0.928457148018622
0.929764706679178
0.93108152883008
0.932388040090015
0.933664714026682
0.934892708991955
0.936054464851027
0.937134238566344
0.93811856088793
0.938996600329039
0.939760424959348
0.940405157103594
0.94092902056803
0.94133328431762
0.941622110403616
0.941802317235256
0.941883071880606
0.941875526892858
0.941792418157243
0.941647640451998
0.941455816867195
0.941231877015722
0.940990657217712
0.940746533679217
0.940513097264436
0.940302875926152
0.940127108351369
0.93999557002335
0.939916450800609
0.939896281344993
0.939939904343476
0.940050485481419
0.940229558531251
0.940477098688658
0.940791618368176
0.941170279998423
0.941609020864282
0.942102685658926
0.942645163068162
0.943229523358639
0.943848154539531
0.944492895189422
0.945155162477017
0.945826074261561
0.946496564453135
0.94715749106912
0.947799736668604
0.948414301107339
0.948992386851659
0.949525477430093
0.950005409983426
0.950424443280819
0.950775322971513
0.951051346197582
0.951246427954683
0.951355171703652
0.951372946657683
0.951295973858091
0.951121422580655
0.95084751777755
0.950473658172356
0.950000543326804
0.94943030655069
0.948766649014475
0.948014968948395
0.947182478483529
0.946278299623672
0.945313530141348
0.944301269962319
0.943256598914321
0.942196497612462
0.94113970474657
0.940106506098132
0.939118453181633
0.938198012375715
0.937368148650336
0.936651851348287
0.936071612767319
0.935648873330485
0.935403449748688
0.935352964607462
0.935512297111473
0.935893075190866
0.936503228750512
0.937346622509155
0.938422784661138
0.939726744576407
0.941248989056029
0.942975542439008
0.94488817129927
0.946964709786287
0.949179497063809
0.951503914000931
0.953907002466032
0.956356147441065
0.958817799852232
0.961258216604748
0.963644193871699
0.965943770230975
0.968126877735351
0.970165921360826
0.972036270390676
0.973716649008489
0.975189417519456
0.976440740006443
0.977460638660323
0.978242939309878
0.97878511663347
0.979088051000194
0.979155711725866
0.978994783633684
0.978614255110969
0.978024986319814
0.977239275856551
0.976270443005949
0.975132440878425
0.973839513260347
0.972405905081689
0.970845633163411
0.969172320511701
0.967399094043934
0.965538542423501
0.963602727797117
0.961603242798743
0.959551302313126
0.957457858252681
0.955333725033388
0.953189703542053
0.951036692136899
0.948885774550828
0.946748276377908
