0.430756600477492
0.436246904731192
0.441766693098244
0.44730934676833
0.452868257371086
0.45843683761181
0.464008531795488
0.469576826247778
0.475135259640273
0.480677433225575
0.486197020985626
0.49168777969425
0.497143558892127
0.502558310769456
0.507926099948425
0.513241113154344
0.518497668761025
0.52369022619267
0.528813395161318
0.533861944715813
0.538830812075324
0.543715111217764
0.548510141191054
0.553211394113117
0.557814562824742
0.562315548158185
0.566710465783445
0.570995652593774
0.575167672591951
0.579223322239407
0.583159635231242
0.586973886661655
0.590663596546241
0.594226532669971
0.597660712732514
0.600964405765764
0.604136132802041
0.607174666775376
0.610079031642518
0.612848500714825
0.615482594196896
0.617981075932702
0.62034394936496
0.622571452718583
0.624664053424126
0.626622441802197
0.628447524034811
0.630140414454468
0.631702427186485
0.633135067184486
0.634440020703235
0.635619145256817
0.63667445911381
0.637608130384208
0.638422465755741
0.639119898939526
0.639702978887018
0.640174357841627
0.640536779289452
0.640793065874084
0.640946107340501
0.64099884857267
0.640954277788566
0.640815414954967
0.640585300482564
0.640266984259687
0.639863515080264
0.639377930518552
0.638813247299768
0.638172452211911
0.637458493599998
0.636674273479525
0.635822640301307
0.634906382395027
0.633928222113733
0.632890810696389
0.63179672386024
0.630648458129461
0.629448427901121
0.628198963244176
0.626902308421861
0.625560621122643
0.624175972379823
0.622750347154928
0.62128564555534
0.619783684652138
0.618246200859901
0.616674852836375
0.615071224856289
0.613436830610474
0.611773117378582
0.610081470521343
0.608363218236314
0.60661963651959
0.604851954274863
0.603061358510662
0.601248999566502
0.599415996309048
0.597563441240288
0.595692405461019
0.593803943434809
0.591899097499834
0.589978902078724
0.588044387539693
0.586096583665751
0.584136522692725
0.582165241881057
0.580183785590909
0.578193206834953
0.576194568288274
0.574188942740083
0.572177412977341
0.570161071095905
0.568141017240361
0.566118357779293
0.564094202928244
0.562069663838093
0.560045849171834
0.558023861197895
0.55600479143299
0.553989715872126
0.551979689847655
0.549975742563236
0.547978871352064
0.545990035711898
0.544010151172043
0.542040083049659
0.54008064015446
0.53813256850203
0.536196545096676
0.534273171844834
0.53236296965967
0.530466372816598
0.52858372361798
0.526715267423375
0.524861148099251
0.523021403939237
0.521195964102661
0.519384645615456
0.517587150973432
0.515803066383538
0.514031860674096
0.512272884900058
0.51052537266427
0.50878844117049
0.507061093018552
0.505342218746719
0.503630600120845
0.501924914164653
0.500223737920163
0.498525553922198
0.496828756365951
0.495131657941845
0.493432497307469
0.491729447162144
0.490020622885791
0.488304091700244
0.486577882307906
0.484839994959871
0.483088411903176
0.481321108154799
0.479536062548408
0.477731268998583
0.475904747926411
0.4740545577899
0.472178806662547
0.470275663803691
0.468343371164904
0.46638025477759
0.464384735968239
0.462355342349269
0.460290718535153
0.45818963653553
0.45605100577915
0.453873882724837
0.451657480018131
0.449401175154828
0.447104518615278
0.44476724143599
0.442389262187822
0.439970693332717
0.43751184693364
0.435013239695045
0.432475597313721
0.429899858122429
0.427287176011125
0.424638922612904
0.421956688743996
0.419242285089275
0.416497742126724
0.413725309286207
0.410927453339689
0.408106856021717
0.405266410880623
0.402409219362403
0.399538586130725
0.396658013627919
0.393771195883191
0.390882011575676
0.387994516361307
0.385112934473862
0.38224164961195
0.379385195125186
0.376548243514316
0.373735595261657
0.370952167009932
0.368202979109379
0.365493142554915
0.362827845337202
0.360212338233607
0.357651920067338
0.35515192246548
0.352717694149166
0.350354584791806
0.348067928484042
0.345863026846969
0.343745131838092
0.3417194282975
0.339791016284732
0.337964893259904
0.33624593616564
0.334638883469369
0.333148317228408
0.331778645243079
0.330534083365694
0.329418638035731
0.328436089113717
0.327589973088319
0.326883566732779
0.326319871288177
0.325901597251943
0.325631149850579
0.325510615275667
0.325541747761859
0.325725957584672
0.326064300054546
0.326557465581666
0.327205770883572
0.32800915140454
0.32896715501205
0.330078937031488
0.331343256675435
0.332758474918541
0.334322553863132
0.336033057634258
0.337887154835999
0.339881622593473
0.3420128521972
0.344276856358286
0.346669278074411
0.349185401097788
0.35182016198728
0.354568163717693
0.357423690810005
0.360380725937029
0.363432967949783
0.366573851260723
0.369796566511117
0.373094082441168
0.37645916887325
0.379884420710703
0.383362282847275
0.386885075875471
0.390445022475847
0.394034274363777
0.397644939665431
0.401269110590693
0.404898891267594
0.408526425600543
0.412143925013226
0.415743695936611
0.419318166902925
0.422859915107942
0.42636169230625
0.429816449907502
0.433217363145876
0.436557854200101
0.439831614147393
0.443032623641463
0.446155172212326
0.449193876093954
0.452143694494746
0.454999944235327
0.457758312688225
0.46041486896442
0.462966073302605
0.465408784628018
0.467740266258984
0.469958189750584
0.472060636876198
0.474046099758857
0.475913479175347
0.477662081066759
0.479291611299524
0.480802168730925
0.482194236642494
0.483468672613514
0.484626696915047
0.48566987951238
0.486600125770499
0.487419660963137
0.488131013691031
0.488736998319265
0.489240696546959
0.489645438225044
0.489954781539471
0.490172492677974
0.490302525098353
0.490348998515345
0.490316177721407
0.490208451354221
0.490030310720582
0.489786328782412
0.489481139406242
0.489119416972458
0.488705856435143
0.488245153917463
0.487741987921308
0.487201001223378
0.486626783523224
0.48602385490189
0.485396650142887
0.48474950396033
0.48408663717221
0.483412143850011
0.482729979469344
0.482043950079892
0.481357702506861
0.480674715590379
0.479998292463758
0.479331553866467
0.478677432482914
0.478038668293772
0.477417804922622
0.476817186957143
0.476238958220846
0.475685060968603
0.475157235976723
0.474657023496256
0.474185765036407
0.473744605943448
0.473334498739276
0.472956207182773
0.47261031101629
0.472297211358981
0.472017136708134
0.471770149509306
0.47155615325568
0.471374900076776
0.471225998776369
0.471108923279179
0.471023021445567
0.470967524213131
0.470941555023697
0.470944139493714
0.470974215285567
0.471030642136736
0.471112212003114
0.471217659272129
0.47134567100066
0.471494897132031
0.47166396064575
0.471851467593035
0.472056016970655
0.472276210385208
0.472510661459673
0.472758004934014
0.473016905411677
0.473286065704229
0.473564234726985
0.473850214899396
0.47414286900525
0.474441126469321
0.474743989009091
0.475050535622537
0.475359926875727
0.475671408457141
0.475984313969201
0.476298066931458
0.476612181974251
0.47692626520634
0.477240013745159
0.477553214403638
0.477865741533307
0.478177554029256
0.478488691508705
0.478799269681165
0.479109474934619
0.479419558168529
0.47972982791092
0.480040642763132
0.480352403222035
0.480665542935507
0.480980519452728
0.481297804536261
0.481617874107923
0.481941197905032
0.482268228927732
0.482599392761592
0.482935076862663
0.483275619894432
0.483621301207742
0.483972330555662
0.484328838135441
0.484690865049114
0.485058354272957
0.485431142223902
0.485808951008119
0.48619138143333
0.486577906862103
0.486967867978226
0.48736046853258
0.487754772128487
0.488149700099591
0.488544030525759
0.488936398424546
0.489325297147349
0.489709081000599
0.490085969103331
0.490454050483225
0.49081129040383
0.491155537906278
0.491484534539398
0.49179592424283
0.492087264338673
0.492356037578304
0.492599665182518
0.492815520805019
0.493000945341634
0.493153262500528
0.493269795042157
0.493347881591836
0.493384893922599
0.493378254601588
0.493325454889507
0.49322407277979
0.493071791062067
0.492866415293229
0.492605891559029
0.492288323909529
0.491911991352986
0.491475364294816
0.490977120311125
0.490416159149931
0.489791616857524
0.48910287893247
0.488349592415445
0.487531676829375
0.486649333891176
0.485703055923729
0.484693632904473
0.483622158095107
0.482490032205334
0.481298966052249
0.480050981685796
0.478748411959717
0.477393898536376
0.47599038832286
0.474541128344665
0.473049659072051
0.47151980622275
0.469955671073032
0.468361619317228
0.466742268523486
0.465102474240897
0.463447314820032
0.461782075015424
0.460112228444499
0.45844341898297
0.456781441181674
0.45513221979428
0.453501788509178
0.451896267982214
0.450321843269718
0.448784740763525
0.447291204731368
0.445847473567186
0.444459755856531
0.443134206362356
0.441876902036125
0.44069381815829
0.439590804710919
0.438573563083494
0.437647623210728
0.436818321238755
0.43609077781309
0.435469877078533
0.43496024647763
0.43456623743043
0.434291906974162
0.434141000437089
0.434116935216173
0.434222785723429
0.434461269560828
0.434834734978496
0.435345149665674
0.435994090918489
0.436782737223103
0.437711861287214
0.438781824547203
0.439992573172557
0.441343635583411
0.442834121491309
0.444462722467524
0.446227714037506
0.448126959294314
0.450157914018194
0.452317633283872
0.454602779531534
0.457009632072087
0.459534097991861
0.462171724416797
0.464917712091005
0.467766930219715
0.470713932521903
0.473752974433323
0.476878031396353
0.480082818168981
0.483360809081385
0.486705259164993
0.490109226075578
0.49356559272895
0.497067090565058
0.500606323353978
0.504175791455132
0.507767916439429
0.511375065982603
0.514989578937026
0.518603790488627
0.522210057305266
0.525800782582974
0.529368440896972
0.532905602765155
0.536404958832948
0.539859343589985
0.543261758530943
0.546605394675142
0.549883654362052
0.553090172242805
0.556218835390968
0.559263802459357
0.562219521813466
0.565080748576083
0.567842560522003
0.570500372766194
0.573049951193551
0.575487424583206
0.577809295385465
0.580012449114638
0.582094162326345
0.584052109153322
0.585884366379274
0.587589417035855
0.589166152513536
0.59061387318268
0.591932287526849
0.593121509795937
0.594182056192335
0.59511483960883
0.595921162942431
0.596602711013629
0.59716154112588
0.59760007230522
0.597921073264882
0.598127649144635
0.598223227079192
0.598211540654498
0.598096613314962
0.597882740788724
0.597574472601835
0.597176592755785
0.596694099646093
0.596132185302653
0.595496214035281
0.594791700570277
0.594024287765947
0.593199723996751
0.592323840297229
0.591402527357884
0.590441712465964
0.589447336484429
0.588425330962384
0.587381595469872
0.586321975249143
0.585252239273389
0.584178058802354
0.58310498652235
0.582038436355862
0.580983664023264
0.579945748436092
0.578929573997879
0.577939813884797
0.576980914374167
0.576057080284469
0.575172261585652
0.574330141233471
0.573534124276184
0.572787328276289
0.572092575084093
0.571452383993804
0.570868966306513
0.570344221317972
0.569879733742474
0.569476772577391
0.569136291406166
0.568858930130677
0.568645018117052
0.568494578732177
0.568407335241322
0.568382718030662
0.568419873111845
0.568517671859372
0.568674721925321
0.568889379269939
0.569159761240909
0.569483760628627
0.569859060619765
0.570283150566575
0.570753342485106
0.571266788191514
0.571820496982189
0.572411353760429
0.573036137509859
0.573691540012853
0.574374184710785
0.575080645602055
0.575807466073602
0.576551177561911
0.577308317940448
0.578075449532021
0.578849176646686
0.579626162548636
0.580403145758832
0.581176955604189
0.581944526928643
0.582702913886618
0.583449302745085
0.584181023626647
0.584895561132802
0.585590563793715
0.586263852298445
0.586913426467568
0.587537470938419
0.588134359541835
0.588702658358039
0.58924112744835
0.589748721268456
0.59022458777816
0.590668066271566
0.591078683960731
0.591456151354616
0.591800356483778
0.592111358029547
0.592389377424339
0.592634789997211
0.592848115245711
0.593030006321455
0.593181238822533
0.593302698990912
0.593395371417206
0.593460326358672
0.593498706778869
0.593511715219142
0.593500600612904
0.59346664515356
0.593411151325859
0.593335429208418
0.59324078415225
0.593128504936176
0.592999852495264
0.592856049312731
0.592698269559239
0.592527630056253
0.592345182132088
0.592151904430605
0.591948696723262
0.591736374765468
0.591515666227991
0.591287207723693
0.591051542939141
0.590809121869767
0.590560301146444
0.590305345430512
0.590044429843765
0.589777643389608
0.589504993311747
0.589226410327433
0.58894175466352
0.588650822815615
0.588353354943295
0.58804904280808
0.58773753815536
0.58741846143713
0.587091410769007
0.586755971012773
0.586411722874628
0.586058251909332
0.585695157321743
0.585322060459551
0.58493861289466
0.584544503995249
0.584139467896353
0.583723289783556
0.583295811412117
0.582856935792522
0.582406630982833
0.58194493293841
0.581471947380293
0.580987850654814
0.580492889568631
0.579987380195302
0.579471705661521
0.578946312933238
0.578411708633778
0.577868453937792
0.577317158596194
0.576758474158055
0.576193086465663
0.57562170750842
0.575045066729954
0.574463901890508
0.573878949593424
0.573290935590136
0.572700564982544
0.572108512444875
0.571515412589114
0.570921850598723
0.570328353254786
0.569735380476682
0.569143317496188
0.568552467779287
0.567963046804224
0.567375176797256
0.56678888251946
0.566204088188696
0.56562061561062
0.565038183581552
0.564456408614093
0.563874807023824
0.56329279840229
0.562709710487887
0.56212478543241
0.561537187446959
0.560946011796791
0.560350295100714
0.559749026876824
0.559141162262966
0.558525635827348
0.557901376372412
0.557267322623451
0.556622439682688
0.555965736119707
0.555296281560343
0.554613224628439
0.55391581108843
0.553203402031501
0.552475491944131
0.55173172649535
0.550971919877806
0.550196071538034
0.549404382132924
0.548597268552442
0.54777537785304
0.546939599951994
0.546091078939902
0.545231222876914
0.544361711947723
0.543484504860929
0.542601843389993
0.541716254965523
0.540830553242011
0.539947836576212
0.53907148436908
0.538205151238362
0.537352759004571
0.536518486488872
0.535706757137458
0.53492222450296
0.534169755629386
0.533454412402743
0.532781430944875
0.532156199142926
0.531584232421194
0.531071147875783
0.53062263690541
0.530244436483706
0.529942299229516
0.529721962441743
0.529589116274266
0.529549371234334
0.52960822519441
0.52977103011287
0.530042958662998
0.530428970972539
0.530933781677481
0.531561827493863
0.532317235510186
0.533203792400417
0.534224914753741
0.535383620712065
0.536682503099885
0.538123704223534
0.5397088925081
0.54143924113046
0.543315408796022
0.545337522794928
0.547505164460799
0.549817357141576
0.552272556777808
0.554868645168885
0.557602925992362
0.560472123625697
0.563472384803581
0.566599283127678
0.56984782642906
0.573212466967092
0.576687114432042
0.580265151702378
0.58393945329171
0.587702406404633
0.591545934505575
0.595461523290081
0.599440248934015
0.603472808482872
0.607549552231002
0.611660517928976
0.615795466646778
0.619943920110952
0.624095199325379
0.628238464278074
0.632362754530256
0.63645703047906
0.640510215081634
0.644511235826013
0.648449066733099
0.652312770174351
0.656091538291316
0.659774733805996
0.663351930015165
0.666812949767098
0.670147903225794
0.673347224235485
0.676401705107124
0.679302529658457
0.682041304350238
0.684610087372967
0.687001415551247
0.68920832894632
0.691224393051443
0.693043718489488
0.694660978137317
0.696071421617041
0.697270887110068
0.698255810465855
0.69902323159328
0.699570798138531
0.699896766469229
0.7
0.699879964909911
0.699536723316816
0.698970923987775
0.698183790678127
0.69717710820444
0.695953206368386
0.694514941859472
0.692865678274438
0.691009264399995
0.688950010913297
0.68669266566111
0.684242387684062
0.681604720156507
0.678785562415498
0.675791141254071
0.672627981654526
0.669302877136609
0.665822859893591
0.662195170886102
0.658427230059299
0.654526606843673
0.650500991093383
0.646358164608736
0.642105973381186
0.637752300690237
0.633305041171878
0.628772075967782
0.624161249053605
0.619480344833292
0.614737067074596
0.609939019249027
0.605093686327272
0.600208418068983
0.595290413833627
0.590346708927148
0.585384162487345
0.58040944689951
0.575429038722779
0.570449211097153
0.565476027591178
0.560515337440943
0.555572772122456
0.550653743191594
0.545763441318764
0.54090683643924
0.536088678934769
0.531313501757688
0.526585623405218
0.52190915164909
0.517287987923972
0.512725832277444
0.508226188784429
0.503792371330039
0.499427509666645
0.495134555653717
0.490916289592371
0.486775326570746
0.482714122741135
0.478734981455184
0.474840059189406
0.471031371199646
0.467310796849905
0.463680084568012
0.46014085638801
0.45669461204657
0.453342732608384
0.450086483603112
0.446927017663983
0.443865376665637
0.440902493366022
0.438039192564167
0.435276191792307
0.432614101567179
0.430053425231125
0.42759455841909
0.425237788192442
0.422983291884865
0.420831135709331
0.418781273178241
0.416833543391327
0.414987669247744
0.413243255639935
0.41159978768741
0.41005662906842
0.408613020506752
0.407268078469474
0.406020794129452
0.404870032643895
0.403814532797058
0.402852907051617
0.401983642049124
0.401205099595447
0.400515518162204
0.399913014930008
0.399395588393821
0.398961121545084
0.39860738563937
0.398332044552424
0.398132659721411
0.398006695662261
0.397951526048079
0.397964440327821
0.398042650858878
0.398183300521831
0.398383470780611
0.398640190146568
0.398950443000596
0.399311178723553
0.399719321081714
0.400171777811037
0.400665450341504
0.40119724360087
0.401764075835738
0.402362888387047
0.402990655356749
0.403644393102766
0.404321169500134
0.405018112907645
0.405732420781219
0.406461367877667
0.407202313995449
0.407952711202404
0.408710110504239
0.409472167911775
0.410236649869479
0.411001438012672
0.41176453322591
0.412524058980337
0.413278263933295
0.414025523779049
0.414764342345118
0.415493351934338
0.416211312918371
0.416917112593855
0.417609763317723
0.418288399943374
0.418952276584244
0.419600762735959
0.420233338792527
0.420849590995969
0.42144920586229
0.422031964129848
0.422597734278847
0.42314646567287
0.423678181375175
0.424192970693682
0.42469098150942
0.425172412443485
0.425637504917399
0.426086535161139
0.426519806222041
0.426937640026285
0.427340369542782
0.42772833109704
0.428101856879978
0.428461267693787
0.42880686597378
0.429138929121801
0.429457703183251
0.429763396896062
0.430056176136249
0.430336158780817
0.430603410005031
0.430857938027285
0.431099690311134
0.431328550230537
0.431544334200947
0.431746789275746
0.431935591204551
0.432110342947253
0.432270573635233
0.432415737969129
0.432545216040702
0.432658313564942
0.432754262507408
0.432832222090997
0.432891280165909
0.432930454926384
0.432948696957996
0.43294489159968
0.432917861605411
0.432866370091371
0.432789123755571
0.432684776358229
0.432551932452612
0.432389151357594
0.432194951364768
0.43196781417453
0.431706189557111
0.431408500236038
0.431073146992826
0.430698513992967
0.430282974334262
0.429824895819341
0.429322646954733
0.428774603179104
0.428179153323163
0.427534706303369
0.426839698050759
0.426092598675135
0.425291919863346
0.42443622250856
0.423524124565235
0.42255430912197
0.421525532681554
0.420436633634426
0.419286540908339
0.418074282773421
0.416798995778033
0.415459933786892
0.414056477088923
0.412588141538276
0.411054587687927
0.409455629871377
0.407791245184175
0.40606158231346
0.404266970160393
0.402407926197411
0.400485164499643
0.398499603387702
0.39645237261742
0.394344820050974
0.392178517743354
0.389955267378165
0.387677104987551
0.385346304892378
0.382965382800923
0.380537098007091
0.378064454632654
0.37555070186211
0.37299933312364
0.370414084175001
0.36779893005931
0.365158080902229
0.362495976529198
0.359817279888923
0.357126869277273
0.354429829364015
0.351731441033325
0.349037170057676
0.346352654633463
0.343683691815458
0.341036222895829
0.338416317781912
0.335830158435108
0.33328402144109
0.330784259788889
0.328337283943252
0.325949542300947
0.323627501127225
0.321377624073506
0.319206351381409
0.317120078881421
0.315125136896872
0.313227769165253
0.31143411188945
0.309750173030982
0.30818181195597
0.306734719542255
0.305414398852836
0.304226146476762
0.303175034633649
0.302265894132313
0.301503298267585
0.300891547732295
0.300434656613762
0.300136339535962
0.3
0.300028719966594
0.300225250715181
0.300592005005012
0.301131050554279
0.301844104844138
0.302732531245366
0.303797336456591
0.305039169234525
0.306458320388522
0.308054724004228
0.309827959854
0.311777256945407
0.313901498153342
0.316199225876277
0.318668648652921
0.321307648672048
0.324113790105558
0.327084328192973
0.330216219004412
0.333506129808831
0.336950449974684
0.340545302331352
0.344286554921509
0.348169833077048
0.352190531754219
0.356343828067191
0.360624693963217
0.365027908986953
0.369548073086105
0.37417961941548
0.378916827101514
0.383753833934392
0.38868464896
0.39370316494884
0.398803170723927
0.40397836333421
0.409222360064419
0.414528710276148
0.419890907078597
0.425302398830505
