0.714689826072758
0.714911835630375
0.715253541815077
0.71571262965884
0.716283750732357
0.716958614333979
0.717726161547142
0.718572819834631
0.71948283315717
0.720438659981672
0.721421429083161
0.722411440843639
0.723388699903398
0.724333463606626
0.725226789769926
0.726051066937599
0.72679051049914
0.727431608838238
0.727963505042249
0.728378301588288
0.7286712777774
0.728841012434191
0.728889407432019
0.728821610837768
0.728645841781076
0.728373122422559
0.728016925506388
0.727592748821595
0.727117630359962
0.726609619955551
0.726087224647472
0.725568845868361
0.725072226792518
0.724613927768804
0.724208846726545
0.723869799813069
0.72360717535609
0.723428671619964
0.723339125835711
0.723340438738701
0.723431595462767
0.723608780238852
0.723865579054967
0.724193261373515
0.724581129285319
0.725016920208085
0.72548724749517
0.725978062173646
0.726475118521368
0.726964426339567
0.727432673573653
0.727867604348377
0.72825833945812
0.728595628810312
0.728872028162265
0.729081995605562
0.729221906513414
0.729289988944524
0.729286184660706
0.729211943838035
0.729069964115757
0.728863886731108
0.72859796404826
0.728276713744742
0.727904575232908
0.727485583557715
0.727023075042675
0.726519437396795
0.725975914914553
0.725392476887831
0.724767754510333
0.72409904851194
0.723382406641326
0.722612767051821
0.721784160767242
0.720889963832554
0.719923187597561
0.718876793931397
0.717744021091594
0.716518705519773
0.715195585026223
0.713770569650471
0.712240967909915
0.710605658113619
0.708865196839906
0.707021859450838
0.705079610524742
0.703044005199279
0.700922025496866
0.698721858616386
0.696452626791825
0.69412408052341
0.691746268681467
0.689329200090928
0.686882511674606
0.684415158043342
0.681935136578072
0.679449260588841
0.676962991122755
0.674480335515376
0.672003817947316
0.669534524204182
0.667072219677633
0.664615536525026
0.662162222958655
0.659709444986849
0.657254128686945
0.654793329343113
0.65232461259524
0.649846432157658
0.647358488690703
0.644862055029574
0.64236025415496
0.639858277967768
0.637363537027622
0.634885733839996
0.632436854929772
0.630031079716211
0.627684607003678
0.62541540262715
0.623242874354048
0.621187482468253
0.619270296485918
0.617512510127814
0.615934927965907
0.614557438052876
0.613398485324992
0.612474560645148
0.611799720036526
0.611385147969016
0.611238777526021
0.611364978929413
0.611764326269064
0.612433450407405
0.613364983947977
0.61454760191162
0.615966159398873
0.617601925079297
0.619432906887503
0.621434263874541
0.623578795817155
0.625837499983751
0.628180182453011
0.630576109636904
0.632994684230232
0.635406128745425
0.637782159139428
0.640096630835903
0.642326139716524
0.644450561413274
0.646453513478269
0.648322726722598
0.650050314168798
0.651632928605088
0.653071802600887
0.654372667966146
0.655545554924624
0.656604474627384
0.657566991956227
0.658453698754224
0.659287600570252
0.660093432620369
0.660896922863478
0.661724021787232
0.662600119642468
0.663549272408537
0.664593457694539
0.665751881080228
0.667040352092944
0.668470747141507
0.670050574341307
0.671782652340463
0.673664912082728
0.675690327017572
0.677846973698024
0.680118221102339
0.682483043486291
0.684916448224843
0.687390007033409
0.689872476257509
0.692330489659649
0.694729305372302
0.697033587467699
0.699208201942777
0.70121900683733
0.703033616684124
0.704622122504438
0.705957750069491
0.707017441093331
0.707782344341249
0.708238206256785
0.708375653551192
0.708190363179262
0.707683118160789
0.706859750713992
0.705730977064461
0.704312131003259
0.702622805718531
0.700686415551509
0.698529691073729
0.696182122201272
0.693675364919359
0.691042627564894
0.688318052498482
0.685536108399111
0.682731007358504
0.679936159478781
0.677183675843052
0.674503928605288
0.671925174617031
0.669473246568049
0.667171313165623
0.665039707514161
0.663095820681691
0.661354055542367
0.659825834441313
0.65851965309883
0.65744117249252
0.656593340241336
0.655976533252455
0.655588714042205
0.655425594144979
0.655480799297651
0.655746032535407
0.656211232852602
0.656864728562052
0.657693385825309
0.658682753934481
0.659817209730352
0.661080103992379
0.662453912710583
0.663920395852471
0.66546076560258
0.667055865136064
0.668686357869941
0.670332925910242
0.671976475182963
0.673598343604374
0.675180507708335
0.676705782486898
0.678158008877859
0.679522223386506
0.680784804768454
0.681933593507646
0.682957980952867
0.683848966357695
0.6845991816141
0.685202885077191
0.685655927440265
0.685955694029247
0.686101029046457
0.686092148123196
0.685930545977704
0.68561890598288
0.685161018017527
0.684561710123767
0.683826798266537
0.682963056956652
0.681978211744217
0.680880952715374
0.679680966241164
0.678388980442872
0.677016818258643
0.675577450715549
0.674085042107966
0.672554978315502
0.671003869497474
0.66944951888793
0.667910850372858
0.666407788924226
0.664961089737579
0.663592113997464
0.662322551490326
0.661174092701056
0.660168055465023
0.65932497359999
0.658664157113147
0.658203235476382
0.657957697007568
0.657940438520151
0.658161340056134
0.65862687966413
0.659339802807424
0.660298860087711
0.66149862556659
0.662929406093941
0.664577249760488
0.666424058945731
0.668447810508816
0.670622882555929
0.672920484008259
0.675309179989847
0.677755502957344
0.68022463660623
0.682681157008915
0.685089813261134
0.687416328215744
0.689628198735555
0.691695474351228
0.693591493299613
0.695293555654472
0.696783514635336
0.698048269158705
0.699080143223763
0.699877140726328
0.700443067675117
0.700787517433508
0.700925718406497
0.700878247408443
0.700670615653354
0.700332737780585
0.699898297449154
0.699404025701906
0.698888910433598
0.698393356833841
0.697958319580152
0.697624427817379
0.697431123591705
0.697415833448934
0.697613191417469
0.698054329654198
0.69876625072747
0.699771292945315
0.701086697412333
0.70272428271687
0.704690230406635
0.706984981790697
0.709603244180113
0.712534102503425
0.715761230345033
0.71926319287439
0.72301383286628
0.726982730046431
0.731135723309706
0.735435484918431
0.739842135559017
0.744313889076859
0.748807715785063
0.75328001341885
0.75768727505833
0.761986743650286
0.766137043116545
0.770098776443913
0.773835081618605
0.777312136813764
0.780499606884019
0.783371023990122
0.785904096092658
0.788080938135741
0.789888222001595
0.791317242757476
0.79236390032855
0.793028597491983
0.793316056963303
0.793235062287653
0.792798129195903
0.792021115969357
0.790922783101413
0.789524314071841
0.787848810282689
0.785920774073793
0.783765594180154
0.781409047967518
0.778876834258584
0.776194149533607
0.773385318771445
0.770473490229087
0.767480401101055
0.764426218336768
0.761329456024069
0.758206967783911
0.75507400968676
0.751944366420429
0.748830530933584
0.745743925661746
0.742695151811027
0.73969425210716
0.736750971967249
0.733875004246022
0.731076203544935
0.728364757520243
0.725751304625894
0.723246990194548
0.720863455589205
0.718612758226505
0.716507223447379
0.714559232353572
0.712780952703423
0.711184022639153
0.709779199286552
0.708575986030977
0.70758225345887
0.706803869515111
0.706244354344954
0.705904574574486
0.705782490471947
0.705872967585607
0.706167662155244
0.706654986944714
0.707320161256193
0.708145345883633
0.709109860767114
0.710190480240957
0.711361798138216
0.71259665272097
0.713866599531216
0.71514241886281
0.716394643680366
0.717594093472989
0.718712399722657
0.719722509360568
0.720599153731319
0.721319272118757
0.721862380729285
0.722210880089395
0.722350295999989
0.722269451405728
0.721960568691946
0.721419303931343
0.720644716395776
0.719639178167792
0.718408229891338
0.716960389568757
0.715306921837125
0.713461575354474
0.711440295824373
0.709260921828258
0.706942870071723
0.704506815943021
0.701974374491651
0.699367786122858
0.696709610525895
0.694022431657278
0.691328576020838
0.688649846046926
0.686007270082264
0.683420870353946
0.680909450247341
0.678490402308078
0.676179538504652
0.67399094442675
0.671936859200426
0.670027582932049
0.668271413411944
0.666674613588427
0.665241410947657
0.663974029401838
0.662872753609101
0.661936024847595
0.661160566680748
0.660541537726575
0.660072707934286
0.659746653931865
0.659554968293476
0.659488477034908
0.659537459319834
0.659691863278638
0.659941512020106
0.660276294354506
0.660686335428663
0.661162143369359
0.661694729097099
0.662275697654375
0.66289731063008
0.663552520490772
0.664234978786689
0.664939021227271
0.665659633466911
0.66639240206742
0.667133455483199
0.667879400036775
0.668627255719362
0.669374396280955
0.670118497496884
0.670857496753008
0.671589566227241
0.672313101012399
0.673026722576703
0.673729297043269
0.674419966932869
0.675098194291225
0.675763812539944
0.676417083964817
0.677058759491921
0.677690137295967
0.678313116822922
0.678930244969615
0.679544751421705
0.680160570480928
0.680782347086367
0.68141542512901
0.682065816555194
0.682740150140421
0.683445599185021
0.684189787739263
0.68498067531605
0.685826420407938
0.68673522350842
0.687715150762812
0.688773939857078
0.689918790304694
0.691156140916006
0.69249143792666
0.693928898006043
0.695471271137156
0.69711960911909
0.698873046146442
0.700728598513933
0.70268099092279
0.704722517072025
0.706842942150856
0.709029454465246
0.711266672701987
0.713536714244585
0.715819328512596
0.718092097527294
0.72033070386051
0.722509263869438
0.72460072174564
0.726577297512745
0.728410979805164
0.730074052163131
0.731539639797868
0.732782262415059
0.733778377818887
0.734506900714857
0.734949681423041
0.735091930110631
0.734922573629619
0.734434534047838
0.733624920407933
0.73249512803418
0.731050842708824
0.729301950124438
0.72726235404983
0.724949709491862
0.722385079673256
0.71959252777468
0.716598656029161
0.713432105857047
0.710123033268512
0.70670257374607
0.703202310287883
0.699653757304257
0.69608787169512
0.692534600789236
0.689022474997615
0.685578251125321
0.682226610392914
0.678989913424673
0.675888012832784
0.67293812261299
0.670154742395111
0.667549633668453
0.665131844415677
0.662907778112152
0.660881302742672
0.659053895308847
0.657424817202174
0.655991315757026
0.65474884723954
0.653691316448654
0.652811327993488
0.652100444169812
0.651549444203609
0.651148579488863
0.650887819354845
0.650757081894644
0.650746444510365
0.650846329115553
0.651047657407418
0.651341972293673
0.65172152242995
0.652179307877269
0.65270908609267
0.653305338774155
0.653963201436734
0.654678358935642
0.655446911408854
0.65626521621917
0.657129712377999
0.658036734581216
0.658982324348731
0.659962045816951
0.660970813487928
0.662002738708628
0.663051000872509
0.664107748350225
0.665164033023507
0.666209781077979
0.66723380146969
0.668223832276114
0.669166624027418
0.670048058129819
0.670853297669067
0.671566967233968
0.672173357929311
0.672656653443924
0.673001172881724
0.673191626022971
0.67321337672632
0.673052710275972
0.672697100590643
0.672135473316204
0.671358460903045
0.670358645813097
0.669130788010028
0.667672032868718
0.665982095614132
0.664063418388489
0.661921296076305
0.659563967117595
0.657002665736279
0.654251632325696
0.651328079180949
0.648252109355701
0.645046587146502
0.641736959559032
0.638351029066937
0.63491867900682
0.631471554027666
0.628042699091249
0.624666161561739
0.621376561888882
0.618208639243796
0.615196779179205
0.612374530932987
0.609774122359687
0.607425980651913
0.605358267003649
0.603596433179767
0.602162807606393
0.601076218106783
0.600351657801832
0.6
0.600027767144453
0.600436958089792
0.60122493716731
0.602384387681615
0.603903331672528
0.60576521697798
0.607949071844183
0.61042972654151
0.613178100647633
0.616161553840676
0.619344297191731
0.622687861047459
0.626151614643227
0.629693331585359
0.633269794295468
0.636837429437315
0.640352965273942
0.643774100865591
0.64706017606144
0.65017283041125
0.653076638481133
0.655739708656717
0.658134232409719
0.66023697123711
0.662029669092056
0.663499379135651
0.664638695054908
0.665445879003704
0.665924880398443
0.666085242288549
0.665941894754889
0.665514837682407
0.664828718209594
0.663912311071832
0.662797912819496
0.661520663398358
0.660117810729656
0.658627935632745
0.657090155623485
0.655543326745697
0.654025262622955
0.65257198934968
0.651217053694335
0.649990900407041
0.648920332273822
0.648028064022537
0.647332378357827
0.646846889389945
0.646580415635322
0.646536961715102
0.64671580496607
0.64711168050163
0.647715055900605
0.648512484724497
0.649487026517296
0.650618719854562
0.651885094389824
0.653261707687186
0.654722692903525
0.656241304051155
0.657790446579883
0.659343182304917
0.660873199207551
0.662355238280512
0.663765471311975
0.665081825238014
0.666284250385834
0.667354931530431
0.668278442156003
0.669041843620964
0.669634732052184
0.670049236730029
0.670279974469084
0.670323965055385
0.670180513180183
0.669851062527243
0.669339027741944
0.668649609953414
0.667789601352527
0.666767184064408
0.665591728208206
0.66427359362124
0.662823939249901
0.661254543684945
0.659577639752969
0.657805765477635
0.655951633103035
0.654028017238375
0.652047662549817
0.650023210805653
0.647967146489674
0.645891759650219
0.643809124164216
0.641731089181047
0.639669281182825
0.637635113865304
0.635639802913476
0.633694382720088
0.631809722171789
0.629996536800204
0.628265394854087
0.626626715180799
0.625090755195808
0.623667587651636
0.622367065376592
0.621198773623891
0.620171970139991
0.619295513516466
0.618577780824069
0.618026575935058
0.617649030316391
0.617451498419616
0.617439450101163
0.61761736277674
0.617988616242168
0.618555393274532
0.619318589254376
0.620277734111705
0.621430929884032
0.622774807070775
0.624304502762196
0.626013663201672
0.627894472999136
0.629937712647669
0.632132845306684
0.634468133013604
0.636930781588424
0.639507112527046
0.642182759172065
0.644942883442263
0.647772408437581
0.650656261360647
0.65357962045497
0.656528159097381
0.659488279837025
0.662447331076649
0.665393799266284
0.668317469935781
0.671209551630199
0.67406275781718
0.676871343082418
0.679631091380574
0.682339255716654
0.6849944503407
0.687596498283661
0.690146238778047
0.692645300725121
0.695095849824237
0.697500318206484
0.699861126357469
0.702180407724845
0.704459746647894
0.706699940094168
0.708900793130963
0.711060957101104
0.713177818132363
0.715247441922626
0.717264578758554
0.719222730507601
0.721114278948422
0.722930672359152
0.72466266486095
0.726300600713432
0.727834733677669
0.729255569795838
0.730554220570964
0.731722752639705
0.732754519673727
0.733644462458969
0.734389363902144
0.734988047090718
0.73544150645109
0.735752964448946
0.735927849071226
0.735973690414912
0.735899937960754
0.735717703394984
0.735439437017186
0.735078548696404
0.734648986875329
0.734164791152714
0.733639635395082
0.733086379063493
0.732516644442007
0.731940436706398
0.731365822293129
0.730798678872032
0.730242527475471
0.729698454104788
0.729165124557459
0.728638892449095
0.72811399660714
0.727582840354025
0.727036341838131
0.726464341659315
0.72585605170043
0.725200527419534
0.7244871449507
0.723706064241653
0.72284866012527
0.721907904644873
0.720878686062168
0.719758052673318
0.718545372719578
0.717242405161614
0.715853279736736
0.714384388376783
0.712844193575266
0.711242962509933
0.709592438521774
0.707905463816748
0.706195568911172
0.704476545334021
0.702762018407806
0.701065036562501
0.699397692630902
0.697770790990666
0.696193572341287
0.694673505433186
0.693216152311839
0.691825110719465
0.690502034327753
0.689246728570779
0.688057317112347
0.686930471509179
0.685861694498216
0.684845645603905
0.683876496472751
0.682948302522904
0.682055377153904
0.681192654887363
0.680356030380052
0.679542661230563
0.678751223842701
0.677982113257871
0.677237579763769
0.676521797162411
0.675840859769841
0.675202707455772
0.674616980248652
0.674094806168375
0.673648527947907
0.673291376115171
0.673037097483138
0.672899549402239
0.672892271136069
0.673028044408291
0.6733184555237
0.673773471485698
0.67440104222051
0.675206740387201
0.676193449321067
0.677361108451638
0.67870652408652
0.680223251794273
0.681901554793681
0.683728440806034
0.685687777797432
0.687760486977011
0.689924809373416
0.692156640334929
0.69442992443788
0.696717101591449
0.698989593641659
0.7012183195472
0.703374226265337
0.705428821883014
0.707354697285907
0.70912602279826
0.710719006761561
0.71211230395268
0.713287363062156
0.714228704138537
0.714924118918775
0.715364789258098
0.715545321382154
0.715463696334514
0.715121139697624
0.714521916331542
0.713673058403349
0.712584037271572
0.711266391747796
0.709733326793291
0.707999297745754
0.706079595650621
0.70398994915416
0.70174615768665
0.699363769334689
0.696857814910042
0.694242607333359
0.691531612654275
0.688737395936133
0.685871641972304
0.682945247511676
0.679968478498044
0.676951182914129
0.673903047298993
0.670833882994023
0.667753926761517
0.66467413967742
0.661606488160738
0.658564191668021
0.655561922919876
0.652615948473726
0.649744199920384
0.646966268845565
0.644303321828061
0.641777935000869
0.639413850934391
0.637235663671565
0.63526844052484
0.633537291624376
0.632066900098512
0.630881027111064
0.630002006743059
0.629450245885141
0.629243743923866
0.629397646106861
0.629923843124703
0.630830627732105
0.6321224172381
0.633799548518639
0.635858149938787
0.638290092303083
0.64108301876039
0.644220451540089
0.647681971543251
0.651443465194484
0.65547743160335
0.659753342001763
0.664238042618521
0.668896191618234
0.673690720457489
0.678583309979993
0.683534871765947
0.688506025649531
0.693457564901942
0.698350901325972
0.703148483401424
0.707814181637559
0.712313636406664
0.71661456472663
0.720687023701851
0.724503629589089
0.728039732692783
0.731273549474309
0.734186254341639
0.736762034529044
0.738988112242184
0.740854738797363
0.742355165797019
0.743485598437825
0.744245135835788
0.744635702780091
0.744661976614088
0.744331312021864
0.743653665419801
0.742641519474187
0.741309807056528
0.739675832782213
0.737759189231344
0.735581664095577
0.733167133897088
0.730541439638291
0.727732239800958
0.724768836538765
0.721681971694822
0.718503590399776
0.715266571419382
0.712004425055834
0.708750961180566
0.705539931791439
0.702404654240476
0.699377622865006
0.696490118075137
0.693771822915383
0.691250457655628
0.688951443025979
0.686897602265634
0.685108911209402
0.683602304216369
0.682391541909703
0.6814871445252
0.680896392259575
0.680623391482943
0.6806692031575
0.681032027411777
0.681707436077556
0.682688643213466
0.683966802306237
0.685531318025826
0.687370160155468
0.689470167635053
0.691817331529075
0.694397047113689
0.697194327099726
0.700193970176627
0.703380681465846
0.706739143989824
0.710254042768091
0.713910045521185
0.717691746079896
0.721583578360257
0.725569710091086
0.729633926311677
0.733759512959105
0.737929150631743
0.74212482786957
0.74632778207994
0.750518474630343
0.754676604717226
0.758781164506381
0.762810535839145
0.766742626626065
0.770555043019016
0.774225291668706
0.777731004927243
0.781050180816593
0.784161429002208
0.787044213911069
0.789679086512537
0.792047897110801
0.794133982726654
0.795922324199541
0.797399669926452
0.798554625067403
0.799377706976316
0.799861369448088
0.8
0.799789895731668
0.799229224252769
0.798317976672826
0.797057919678554
0.795452553274425
0.793507079851836
0.791228388928975
0.788625060239472
0.785707385936416
0.782487410628826
0.778978985900281
0.775197833997933
0.771161613645857
0.766889979541101
0.762404626129745
0.757729305808035
0.752889811798707
0.747913916634591
0.742831258429293
0.737673168886838
0.732472439228134
0.727263022796137
0.722079675926675
0.71695754160593
0.711931683337856
0.707036579372953
0.702305589867235
0.697770411522631
0.693460535702147
0.689402726833366
0.685620538059101
0.682133880541676
0.67895866158679
0.676106504864916
0.673584563543198
0.671395434195076
0.669537176046706
0.668003436582856
0.666783680914789
0.665863518756622
0.665225119509833
0.664847702953555
0.664708090501907
0.664781300019106
0.665041165855015
0.665460965126994
0.666014031348502
0.666674337281338
0.66741703032813
0.668218905819352
0.669058806095336
0.669917936229039
0.670780090455353
0.671631786733193
0.672462310229519
0.67326366974386
0.674030474059864
0.674759737802442
0.675450628499148
0.676104168118846
0.676722903341237
0.677310559176585
0.677871690312584
0.678411343748687
0.678934744945746
0.679447017950593
0.679952947848311
0.680456791558408
0.680962140540186
0.681471836522721
0.681987939035966
0.682511741390527
0.683043829918019
0.683584179805724
0.684132279781123
0.684687277243467
0.685248135198282
0.685813792502811
0.686383319434208
0.686956061391367
0.687531764569277
0.688110678629821
0.68869363266273
0.689282082016322
0.689878124819197
0.69048448816134
0.691104484919304
0.691741943072389
0.692401110055697
0.69308653523487
0.693802933979662
0.694555037080309
0.695347429417136
0.696184381886141
0.697069680625341
0.6980064575973
0.698997026574473
0.700042728549528
0.701143790548014
0.702299201743447
0.703506610646786
0.704762246941455
0.706060871238871
0.707395755617292
0.708758697263645
0.710140066856615
0.711528892512612
0.712912979178467
0.714279062321831
0.715612993678864
0.716899955714925
0.718124700389937
0.719271806851373
0.720325951859321
0.721272186129927
0.722096209407487
0.722784636971495
0.723325250468656
0.723707226430749
0.723921336580396
0.723960115005323
0.723817988450612
0.723491367279421
0.722978696019601
0.72228046377676
0.721399176084861
0.720339290919361
0.719107122560725
0.717710717725404
0.716159708849875
0.714465149610049
0.712639337689208
0.710695629494601
0.708648251002312
0.70651210823037
0.704302600058092
0.702035435287335
0.699726455041343
0.697391460879295
0.695046048422834
0.692705445888395
0.690384356727382
0.688096805612116
0.685855987270523
0.683674118152742
0.681562291578879
0.679530337825871
0.677586691508053
0.675738269526297
0.673990363734681
0.672346553229112
0.670808641728445
0.66937662583022
0.668048699924533
0.666821303198309
0.665689213432603
0.664645691180897
0.663682676431373
0.662791038037575
0.661960874108511
0.661181859260454
0.660443632245885
0.659736215101928
0.659050452722035
0.65837845977523
0.657714060298153
0.657053204178098
0.656394344225026
0.655738757669097
0.655090796760926
0.654458054705392
0.653851435401789
0.653285118333012
0.652776413349018
0.652345503898478
0.652015081324583
0.651809876984563
0.651756102995022
0.651880816162442
0.652211222954141
0.652773946040926
0.653594274866194
0.654695423768528
0.656097821345995
0.657818453983444
0.659870284795831
0.662261766740428
0.664996465427053
0.668072803350238
0.671483933048082
0.675217742244568
0.679256989547781
0.683579564946141
0.688158865347171
0.692964271896861
0.697961712933346
0.703114294264028
0.708382977071643
0.713727283174478
0.719106007573887
0.724477919167571
0.729802432107651
0.735040232430528
0.740153847153806
0.745108145885044
0.749870767974464
0.754412471228058
0.758707401047786
0.762733281465752
0.766471531793833
0.769907314447009
0.773029520871348
0.775830703396172
0.778306961240274
0.780457788863816
0.782285894421386
0.783796995305396
0.784999596752895
0.785904758311239
0.786525851709866
0.786878312455507
0.78697938633895
0.786847871084492
0.786503852646163
0.785968435199068
0.785263463713052
0.784411238134251
0.783434218624695
0.782354721990938
0.781194610324795
0.779974973925976
0.778715811712091
0.777435713475399
0.77615154944571
0.774878173594754
0.773628147904765
0.772411495366807
0.771235489727661
0.770104489935622
0.769019826827504
0.76797974884811
0.766979432510803
0.766011061918917
0.76506398001077
0.764124912315332
0.763178261970023
0.76220647262258
0.76119045368644
0.760110060317097
0.758944618499122
0.757673483851519
0.756276621239979
0.754735191088727
0.753032127464055
0.751152692597325
0.749084992556456
0.746820439277099
0.744354145128654
0.741685237601688
0.738817083532196
0.735757414479614
0.732518347390408
0.729116297435655
0.725571782827118
0.721909124401758
0.718156045724693
0.714343182299346
0.710503511097336
0.706671713942361
0.702883490224051
0.699174835915052
0.695581306867946
0.69213728484653
0.688875264685342
0.685825180378238
0.683013786795827
0.680464112164388
0.678194994462486
0.676220712575011
0.674550720466642
0.673189489882223
0.672136464237601
0.671386123517376
0.670928157228526
0.670747739846901
0.670825900804699
0.671139978958225
0.671664149692055
0.672370011391802
0.673227216974249
0.674204135510329
0.675268528711397
0.676388227160639
0.677531791637851
0.6786691456782
0.679772166587817
0.68081522347015
0.681775652351515
0.682634160184489
0.683375151304528
0.683986971769386
0.684462068874913
0.684797064969404
0.684992746440663
0.685053970388644
0.684989492991326
0.684811724897788
0.684536420122999
0.684182305863008
0.683770661393794
0.68332485476498
0.682869846360106
0.682431668582049
0.682036890953181
0.681712079814964
0.68148326159203
0.681375398271787
0.681411883361167
0.681614066133146
0.682000811479122
0.682588102147044
0.683388689572272
0.684411798897374
0.685662893123216
0.687143500628487
0.688851109528375
0.690779131504851
0.692916936821797
0.69524996123132
0.697759884380884
0.700424878147635
0.703219922066598
0.706117181700905
0.709086444450038
0.712095605939177
0.715111198818483
0.718098954570704
0.721024387827314
0.723853391777737
0.726552832571924
0.729091130208821
0.731438813310471
0.733569035432769
0.735458041176431
0.737085571339301
0.738435197682057
0.73949457953678
0.74025563642905
0.740714633052446
0.740872175260169
0.740733118143058
0.740306389661041
0.739604735598245
0.738644393734401
0.737444706986372
0.736027686803162
0.734417539238611
0.732640166837343
0.730722659729213
0.728692789132778
0.726578515835977
0.724407525187794
0.722206798750127
0.720002231090239
0.717818298316754
0.715677782958237
0.713601557736678
0.711608428780061
0.709715036923855
0.707935814036078
0.706282989817999
0.704766643321648
0.703394792510715
0.702173514582771
0.701107089464141
0.700198158868096
0.699447893546586
0.698856161832461
0.698421693225579
0.698142231582933
0.698014673390985
0.698035187590891
0.69819931446073
0.698502042103872
0.698937860123645
0.699500791059758
0.700184401102179
0.700981792465836
0.701885580587737
0.702887859979551
0.703980163115694
0.705153417140709
0.706397903421732
0.707703225034121
0.709058287135836
0.710451294848106
0.711869772712068
0.713300609037789
0.714730127517718
0.716144187366868
0.717528312013973
0.718867845049458
0.720148130794492
0.721354715554649
0.722473564428861
0.723491287526022
0.724395368659109
0.725174389092048
0.725818238746192
0.726318307452762
0.72666764936733
0.726861114524423
0.726895442666535
0.726769315875955
0.726483368098169
0.726040151289667
0.725444059562375
0.724701214243183
0.72381931413755
0.722807456409379
0.721675934310089
0.720436018472285
0.719099728614168
0.717679602289007
0.716188466790532
0.714639219540693
0.713044621306628
0.711417105495806
0.709768605643695
0.708110402117904
0.70645298809056
0.704805954039078
0.703177889470493
0.701576300253266
0.700007539889155
0.69847675325211
0.696987831727565
0.695543379254056
0.694144689437531
0.692791734607132
0.69148316833756
0.69021634350818
0.688987348341735
0.687791063017326
0.686621239350311
0.685470605661458
0.684330998323555
0.683193520599458
0.68204872831205
0.68088684066997
0.679697973280349
0.678472389085964
0.677200761746336
0.675874444916067
0.674485740028092
0.673028154623572
0.671496643028845
0.669887821292083
0.668200148768696
0.666434069577093
0.66459210830831
0.662678915820186
0.660701262619405
0.658667979160603
0.656589844288992
0.65447942493466
0.652350871944241
0.65021967852389
0.648102409088396
0.646016407298157
0.643979492667211
0.642009655307872
0.640124758127534
0.638342255119232
0.636678933319797
0.635150684599328
0.633772311763767
0.632557371585344
0.631518055422376
0.630665106156408
0.63000776836855
0.629553767101511
0.629309309302208
0.629279101188948
0.629466374392939
0.629872913816931
0.630499080736823
0.631343825718478
0.632404687376303
0.633677774780298
0.635157733319249
0.636837695927562
0.638709223649026
0.640762241407201
0.642984976448901
0.645363908107891
0.647883738204827
0.650527391489155
0.653276055004158
0.656109264118995
0.659005041259777
0.661940091160029
0.664890053846176
0.667829813710038
0.670733860051271
0.673576691562726
0.676333254546589
0.678979402346022
0.681492361694923
0.68385119053972
0.686037211450617
0.68803440505525
0.689829748993861
0.691413489668608
0.692779336457612
0.693924570969446
0.694850067180281
0.695560221758722
0.696062797367393
0.696368685060449
0.696491594907752
0.696447686523902
0.696255153145974
0.695933774203448
0.695504451911183
0.694988747284592
0.694408430157781
0.693785056348248
0.693139583155121
0.692492032024928
0.691861204609122
0.691264455718126
0.6907175239934
0.690234418608473
0.68982735809154
0.689506755532775
0.689281243068269
0.68915772765916
0.689141469818121
0.689236177056426
0.689444104387147
0.689766155156443
0.69020197670141
0.690750046755757
0.691407748045664
0.692171430041879
0.693036458272089
0.69399725287401
0.695047319123885
0.696179273464894
0.697384869061378
0.698655025112718
0.699979864086651
0.701348760702112
0.702750405943981
0.704172888671972
0.705603796543139
0.707030337052694
0.708439478558972
0.709818110238595
0.711153219053028
0.712432081025891
0.713642463450942
0.714772834085278
0.715812572935312
0.71675218191387
0.717583487430478
0.718299830867545
0.71889624188633
0.71936958959383
0.719718706782911
0.719944482734549
0.720049920447065
0.720040154639703
0.719922427474633
0.719706019660285
0.719402135444911
0.719023740983652
0.718585356659776
0.718102805148209
0.717592918305022
0.717073207318803
0.716561501928201
0.716075565845674
0.715632696775253
0.715249320512798
0.714940589510288
0.714719996913255
0.714599017390142
