0.482540482291618
0.486207809078474
0.48974994346507
0.493140888591834
0.496356331560964
0.499373840852674
0.502173105031722
0.504736212283143
0.507047965335475
0.509096221545534
0.510872243658194
0.512371043312541
0.513591696985541
0.514537612923485
0.515216727810584
0.515641613480861
0.515829476828657
0.515802040069857
0.515585293436226
0.515209117978157
0.514706782096141
0.514114321386808
0.513469817042968
0.512812593074703
0.51218235674369
0.51161830960165
0.51115825823817
0.510837754188681
0.510689291423591
0.510741587504377
0.511018970992634
0.511540893235535
0.512321577474995
0.513369812618819
0.514688893264652
0.516276701972193
0.518125924605191
0.520224385045695
0.522555481904036
0.525098707138042
0.527830224821947
0.530723487676816
0.533749869340785
0.536879291620433
0.540080827987192
0.543323267201036
0.54657562398051
0.549807586915198
0.552989897166029
0.556094654771879
0.559095552455161
0.561968039601007
0.564689421510218
0.567238901058337
0.569597571517021
0.571748370510652
0.573676005901339
0.575366864832909
0.576808917230709
0.577991624755493
0.578905865546311
0.579543884054463
0.579899273862464
0.579966999597132
0.5797434618943
0.579226606882061
0.578416078871793
0.577313411962123
0.575922253181473
0.574248606759993
0.572301086296534
0.570091159151707
0.567633365540691
0.564945493697466
0.562048692291001
0.558967502111617
0.555729790979109
0.552366578858497
0.548911744240503
0.545401607817037
0.541874395152978
0.538369586159916
0.534927165402918
0.531586793275101
0.52838692350445
0.525363896972527
0.522551045120463
0.519977838044416
0.517669112565248
0.515644414007981
0.513917482154034
0.512495906939925
0.511380973171003
0.510567706082345
0.510045121364457
0.509796674680117
0.509800897157243
0.51003219527857
0.510461786405926
0.511058735232378
0.51179105204095
0.512626810973982
0.513535245700958
0.514487780936977
0.515458961136134
0.516427242202291
0.51737561798529
0.518292060362588
0.519169759499591
0.520007159067117
0.520807789397444
0.521579909421623
0.522335975422494
0.523091960877891
0.523866556732056
0.524680285158941
0.525554562175077
0.526510745294714
0.52756920183171
0.528748431533239
0.530064274119393
0.531529228177807
0.53315190292785
0.534936618845952
0.536883167259966
0.538986733001639
0.54123797826818
0.543623280186596
0.546125109377596
0.548722532235226
0.551391815803806
0.55410711114715
0.556841189040121
0.559566200713585
0.562254436265553
0.564879054199129
0.567414757317172
0.569838392821351
0.572129457828078
0.574270495498955
0.57624737143905
0.578049424774249
0.579669493197886
0.581103816088819
0.582351824361256
0.583415829833096
0.584300630433658
0.585013050377892
0.585561436408748
0.585955132285713
0.58620395384967
0.586317686237824
0.58630562321359
0.586176166208091
0.585936497666222
0.585592339799047
0.585147806028453
0.584605348438788
0.583965800590046
0.583228511253832
0.582391561145365
0.581452051658088
0.580406452053133
0.579250989578276
0.577982065629182
0.576596680335172
0.575092847847751
0.573469985111116
0.571729257965191
0.569873870028398
0.567909281876172
0.565843350512247
0.56368638195605
0.561451092867023
0.559152480412784
0.556807602970962
0.554435277632403
0.552055703735354
0.54969002468732
0.54735984300088
0.545086705659428
0.54289157852376
0.540794329389554
0.538813239430827
0.536964562066136
0.535262146750037
0.533717142850046
0.532337795690505
0.531129343143564
0.530094016977373
0.52923114871895
0.528537375263706
0.528006935087166
0.527632041907928
0.527403319221202
0.527310276449096
0.527341805678567
0.527486677174465
0.527734012103813
0.52807371217256
0.528496828086897
0.528995851786574
0.529564921093788
0.530199929582061
0.530898538878928
0.531660095050968
0.532485454962376
0.533376732349702
0.534336976644668
0.535369800170057
0.536478971138445
0.537667990852542
0.538939673636198
0.540295747355096
0.541736490990645
0.543260423714084
0.544864057396342
0.546541721622293
0.548285467200104
0.5500850510093
0.551928001947564
0.55379976483417
0.555683916506843
0.557562446087371
0.559416089546039
0.561224707300844
0.562967692658501
0.564624398435904
0.566174569071805
0.567598765914159
0.568878774102865
0.569997980506249
0.570941713452637
0.571697536462709
0.572255489770283
0.572608275056787
0.572751380459883
0.572683144497589
0.572404759031961
0.571920212746717
0.571236177807854
0.57036184340363
0.569308700720033
0.568090284610353
0.566721877782202
0.565220183777589
0.563602975390463
0.561888725479064
0.560096227411146
0.558244212643304
0.556350973184982
0.554433996922852
0.552509623957769
0.550592732195928
0.548696460388966
0.546831976577829
0.545008299404209
0.543232178958017
0.541508042688241
0.539838010394923
0.538221980443679
0.536657787131881
0.535141426649143
0.533667346407002
0.532228789784082
0.530818185686252
0.529427569912471
0.528049023305771
0.526675110206424
0.525299299941999
0.523916354086307
0.522522663054579
0.521116517285368
0.519698300747745
0.518270597709504
0.516838207462831
0.515408065840826
0.513989076652409
0.512591860377966
0.511228431364054
0.509911818106731
0.508655643822139
0.507473686214803
0.506379436066995
0.505385673945405
0.504504082976984
0.503744913369677
0.503116711288346
0.502626121031594
0.502277765416348
0.502074205108661
0.502015973589471
0.502101680748537
0.502328174966128
0.50269075113722
0.50318339053318
0.503799017740711
0.504529760167524
0.505367196702158
0.506302583953273
0.507327050920734
0.508431755784987
0.509608001542419
0.510847310258355
0.512141458560989
0.513482479485277
0.514862637753988
0.516274386951649
0.517710317748364
0.519163106352663
0.520625471748451
0.522090149073471
0.52354988483145
0.524997457627833
0.526425725924901
0.527827702075845
0.529196649763201
0.530526200064565
0.531810479805364
0.533044244714713
0.534223009225435
0.535343164570676
0.53640207711464
0.537398159574059
0.538330908878686
0.539200905806254
0.540009773124014
0.540760090687211
0.541455267701
0.542099374071992
0.542696934397636
0.543252689620004
0.543771332674571
0.544257225577487
0.544714106311268
0.545144794590188
0.545550906117567
0.54593258529041
0.546288266459894
0.546614473808265
0.546905669633759
0.547154160315973
0.547350068429281
0.547481378343105
0.547534061160178
0.547492282971512
0.547338698140229
0.547054826678707
0.546621511795581
0.546019450433309
0.545229786198092
0.544234750637689
0.543018335511269
0.541566975700076
0.539870219918735
0.537921364591903
0.535718025331551
0.533262620529024
0.530562742764319
0.527631396081921
0.524487080676963
0.521153711102535
0.517660359609007
0.514040822459496
0.510333013780282
0.506578198409377
0.502820081984262
0.499103782837278
0.495474715831628
0.491977422788581
0.488654387389116
0.485544874202264
0.482683831689071
0.480100897623136
0.477819542401557
0.475856381314609
0.474220681187048
0.47291408014401
0.471930531878522
0.471256478020939
0.470871244359131
0.470747649051135
0.470852803906955
0.471149083555464
0.471595232072342
0.472147572588483
0.472761282630487
0.473391696512377
0.47399559599088
0.474532451554712
0.474965579036162
0.475263179570353
0.475399235117153
0.475354236619528
0.47511572720983
0.474678648502446
0.474045483746249
0.473226197285493
0.472237975243111
0.471104777465537
0.469856715443859
0.468529275063464
0.467162406564209
0.465799506963834
0.464486322373243
0.463269799091553
0.462196913102145
0.461313507600289
0.460663167481117
0.460286158327411
0.460218455394942
0.460490885446002
0.461128401089288
0.462149503619821
0.463565826302965
0.465381885711688
0.467595004217365
0.470195402172097
0.473166453831562
0.476485096780255
0.480122380662205
0.484044137508723
0.488211752997675
0.49258301566657
0.497113019504511
0.501755094512451
0.506461739768154
0.511185534256793
0.515880002198514
0.520500411764714
0.525004488846169
0.529353030820437
0.533510408948664
0.537444951986804
0.541129207688899
0.544540082972489
0.547658867470852
0.550471148880663
0.552966631802604
0.555138874554729
0.55698496061886
0.558505122883716
0.559702339622939
0.560581921165894
0.561151105486421
0.561418679481521
0.561394640599592
0.561089910796129
0.560516111659186
0.559685406094444
0.55861040834352
0.557304160491398
0.555780170163613
0.554052500978167
0.552135904643881
0.550045981506215
0.547799354925246
0.545413844186394
0.542908620714148
0.540304333166322
0.537623188479067
0.53488897802622
0.532127040638103
0.529364157161825
0.526628374391162
0.523948759398346
0.521355088414315
0.518877477290411
0.516545963111993
0.514390048623314
0.51243822268895
0.510717471012726
0.509252791740725
0.508066730397512
0.507178947875814
0.506605833972705
0.506360177311363
0.506450900491937
0.506882867073185
0.507656764598826
0.508769065450752
0.510212064934082
0.511973993768687
0.514039200160107
0.51638839491854
0.518998951740812
0.521845253802578
0.524899077243222
0.528130001961866
0.53150584035869
0.534993075213243
0.538557298737474
0.54216364591017
0.545777216417424
0.549363480811755
0.552888667781259
0.556320130614207
0.559626691985735
0.562778967024999
0.565749665200437
0.568513871860656
0.571049310279191
0.573336584780566
0.57535940499727
0.577104790562464
0.578563254635085
0.579728963647087
0.58059986962945
0.581177810491493
0.581468572775403
0.581481910760482
0.581231515419173
0.580734926689078
0.58001338286857
0.579091601698272
0.577997488867667
0.576761771275617
0.575417554343294
0.573999804973808
0.572544764298689
0.571089297052855
0.569670187166431
0.56832339183279
0.567083268781499
0.565981793627704
0.565047785869514
0.564306163260461
0.563777244814728
0.563476122554168
0.563412121253826
0.563588363894293
0.564001458324305
0.564641317845124
0.565491125145507
0.566527445359481
0.567720490120514
0.569034530484162
0.570428452626537
0.571856446430808
0.573268813568945
0.57461287857412
0.57583398376332
0.576876546770292
0.577685157924291
0.578205693777481
0.578386422741841
0.578179079027768
0.577539881851315
0.576430478155792
0.574818788830022
0.572679740548954
0.569995867858418
0.566757772917797
0.562964433343153
0.558623351797399
0.553750544289038
0.548370367499735
0.542515188793976
0.536224905799979
0.529546325518602
0.522532415746624
0.515241444127527
0.507736022308843
0.500082074442238
0.49234775057514
0.484602306329196
0.476914970634608
0.469353823198756
0.461984702854854
0.45487016699592
0.448068520994324
0.441632934886916
0.435610662721471
0.430042377862442
0.4249616352891
0.420394469527719
0.416359134374887
0.412865988018
0.409917524562144
0.40750855034704
0.405626500799463
0.404251890933861
0.403358890010352
0.402916008316412
0.402886881598135
0.403231136381435
0.403905317356271
0.404863856220051
0.406060059967842
0.407447095656696
0.40897894823586
0.410611328191217
0.412302506553985
0.414014056303009
0.415711481354919
0.417364717166337
0.418948490416619
0.420442529216591
0.421831619687808
0.423105509441555
0.424258663299605
0.425289881368125
0.426201794123335
0.427000253315664
0.427693641080707
0.428292122511192
0.428806868970314
0.429249280520931
0.429630235950948
0.429959397975642
0.430244599315439
0.430491332544379
0.430702362977774
0.430877479546556
0.431013393745003
0.431103791511536
0.431139537493865
0.431109025748847
0.430998665719668
0.430793487494144
0.430477846038337
0.430036200459059
0.429453941493097
0.428718238439134
0.42781887570133
0.426749049032969
0.425506092457153
0.424092108673149
0.422514478477924
0.420786228262632
0.418926238878656
0.416959283980356
0.414915891195171
0.412832024983263
0.410748595653126
0.40871080451398
0.406767340385791
0.404969447473918
0.403369888779233
0.402021832606928
0.400977692234102
0.400287950306081
0.4
0.400157034408343
0.400797013985133
0.401951739335771
0.403646053230985
0.405897191633144
0.408714298914259
0.412098117512296
0.416040857217296
0.420526244299378
0.425529745971915
0.43101896138651
0.436954166612069
0.443288997951169
0.449971255545444
0.456943807529309
0.464145573980819
0.471512569529279
0.478978983624305
0.486478278046072
0.493944282129044
0.5013122672713
0.508519983509187
0.51550864217182
0.52222382983567
0.528616339947597
0.534642909575276
0.540266849803652
0.545458559373826
0.550195912321514
0.554464511689147
0.558257802931277
0.561577042470546
0.564431119036793
0.566836227955925
0.568815401439488
0.570397901118762
0.571618482493936
0.572516544523226
0.573135181125301
0.573520154757451
0.573718815295494
0.573778990010771
0.573747872353372
0.573670938364945
0.573590919741964
0.573546861769228
0.573573292503482
0.573699526714705
0.57394912424297
0.574339517705862
0.574881819045584
0.575580808428095
0.57643510272552
0.577437494479997
0.57857544612977
0.579831718647892
0.581185108862725
0.582611265838109
0.584083553996047
0.585573929326245
0.587053795148755
0.588494805517131
0.589869587438071
0.591152357533797
0.592319414407132
0.593349494539531
0.594223986752908
0.594927007743524
0.595445348566009
0.595768308811676
0.595887441200924
0.595796234040025
0.59548976217713
0.59496433850463
0.594217197560593
0.593246240351091
0.592049865230223
0.59062690373072
0.588976672937045
0.587099147730375
0.584995247479688
0.582667223022739
0.580119121610369
0.577357300399197
0.574390953545735
0.57123261437631
0.567898592772744
0.564409308987519
0.560789488606434
0.557068189186318
0.553278636941438
0.549457861334715
0.545646126038985
0.541886165878954
0.538222250409435
0.534699105085482
0.531360729922117
0.52824916258197
0.525403237528503
0.522857394932502
0.520640592263874
0.518775367945636
0.517277100261658
0.516153496217088
0.515404334707762
0.515021476726536
0.514989143057591
0.515284447655757
0.515878163342228
0.516735686190236
0.51781815656139
0.51908368860901
0.520488656475218
0.521988984508189
0.523541390591839
0.525104535937245
0.526640041119418
0.528113336325295
0.529494323192242
0.530757835691561
0.531883897661609
0.532857784252765
0.533669903196921
0.534315519025232
0.534794348802567
0.535110061419953
0.535269713910221
0.535283157677779
0.535162445130443
0.53492126324171
0.53457441540868
0.534137367011918
0.533625863763138
0.533055625676993
0.532442113727452
0.531800361296901
0.531144858674075
0.530489476295131
0.529847411245738
0.529231141749624
0.528652375867154
0.528121983240855
0.527649902210296
0.527245018684249
0.52691501748238
0.526666211113152
0.526503354824177
0.526429459963746
0.526445619995712
0.526550864745477
0.526742058526245
0.52701385668287
0.527358732853443
0.527767086016624
0.528227432359369
0.528726682410118
0.529250499016886
0.529783726906832
0.530310880042185
0.530816669067454
0.531286548069886
0.531707257844884
0.532067342004856
0.532357612658751
0.532571544012812
0.532705575021003
0.532759306000025
0.532735578714899
0.532640434588471
0.53248295111428
0.532274961967087
0.532030671424635
0.531766178275548
0.531498928167036
0.531247116167275
0.53102906306509
0.530862589551605
0.530764411936903
0.530749581522374
0.530830987302376
0.531018938475783
0.531320839507363
0.531740966404602
0.532280348682374
0.532936757378659
0.533704795637829
0.534576084940222
0.53553953713528
0.53658170009779
0.537687163100225
0.538839006871232
0.540019282754394
0.541209505335137
0.542391143297697
0.543546094035501
0.544657128598111
0.545708294856577
0.546685268260193
0.547575641208694
0.548369143854961
0.549057791073559
0.549635952373118
0.550100343687646
0.550449942237384
0.550685827975865
0.550810957491867
0.550829878551091
0.550748395663231
0.550573199052321
0.550311471089359
0.549970485511799
0.549557215506214
0.549077966884524
0.548538052080013
0.547941519496101
0.547290950863182
0.546587336739821
0.545830037215739
0.545016831353111
0.544144055088554
0.54320682338287
0.542199328535697
0.541115202967605
0.539947931595785
0.538691296356135
0.537339833591642
0.535889284036396
0.534337015036685
0.532682395481069
0.530927105629909
0.529075366567347
0.527134077231274
0.5251128507616
0.523023946070927
0.520882094894463
0.518704228920815
0.51650911574824
0.514316916170266
0.512148678509467
0.510025788255495
0.507969393023637
0.5059998237707
0.504136033262046
0.502395071992034
0.500791620171186
0.499337592091072
0.498041826273904
0.496909871441152
0.495943874642037
0.495142574023716
0.494501394856305
0.49401264369747
0.493665792131119
0.493447838464274
0.493343733216468
0.49333685226508
0.493409500171973
0.493543425540877
0.493720330246994
0.493922355023611
0.494132525148207
0.494335141787949
0.494516106871429
0.49466317206718
0.494766105476736
0.494816772889497
0.49480913379151
0.494739155659518
0.494604653293082
0.494405062929205
0.494141163537191
0.493814759903389
0.493428343792332
0.492984750531246
0.49248682874406
0.491937140614477
0.491337708964807
0.490689825605573
0.48999393287796
0.489249587146842
0.488455509308629
0.487609723288747
0.486709779179468
0.485753053293606
0.484737113182817
0.48366013179682
0.482521331644591
0.481321437248918
0.480063112524517
0.478751359084265
0.477393851969187
0.476001190934485
0.474587048176925
0.473168197170215
0.471764411939244
0.470398231453885
0.469094589618456
0.467880317302922
0.466783528718727
0.465832909897506
0.465056931811968
0.464483014543746
0.464136671657424
0.464040665445077
0.464214203888886
0.464672209047892
0.465424684175125
0.46647620334475
0.467825542902808
0.469465468881054
0.471382688891649
0.473557971223987
0.47596642816267
0.478577955186098
0.481357812902926
0.484267334507811
0.487264738304798
0.490306022516678
0.493345918176579
0.496338875338688
0.499240058060885
0.502006324485131
0.50459716973514
0.506975611124017
0.509108997183631
0.510969724177652
0.512535845953884
0.513791565173199
0.514727596100177
0.515341391263958
0.515637226431839
0.515626140535187
0.515325729506081
0.51475979547816
0.513957855514891
0.512954516965676
0.511788729694712
0.51050292872132
0.509142084157624
0.507752678598738
0.506381635152552
0.505075221913295
0.503877960702221
0.502831569145538
0.501973965482789
0.501338364783688
0.500952493431615
0.500837945798563
0.501009703042074
0.501475829015202
0.502237352570417
0.503288339283396
0.504616149088149
0.506201869791435
0.508020910221167
0.510043731151161
0.512236687398783
0.514562950837529
0.516983481674973
0.519458014326164
0.521946024603343
0.524407646714178
0.526804511614117
0.529100482434126
0.531262267790831
0.533259899530432
0.535067067582922
0.536661310820855
0.538024068842241
0.539140605163572
0.539999817179839
0.54059395222792
0.540918252030224
0.540970549602857
0.54075084334773
0.540260872526867
0.539503716706918
0.538483439175907
0.537204790924902
0.535672987737316
0.533893568441887
0.531872337677263
0.529615391803712
0.527129222090293
0.52442088519773
0.521498227438735
0.51837014647001
0.515046872061104
0.511540246465168
0.507863984717718
0.5040338959051
0.500068048031381
0.495986861492922
0.491813119236133
0.48757188529235
0.483290327401074
0.478997443682029
0.474723697623099
0.470500569839924
0.46636003896374
0.46233400746827
0.458453691112148
0.45474899283037
0.451247883262163
0.447975810588409
0.444955161936139
0.442204797290912
0.439739674674538
0.43757058236402
0.435703990248359
0.434142028173571
0.432882594469215
0.431919592959368
0.43124329182939
0.430840792946698
0.430696595818518
0.430793236502395
0.431111978638805
0.431633531495822
0.43233876861574
0.433209420404656
0.434228714834484
0.435381942310814
0.436656923629055
0.43804436367859
0.439538078002137
0.441135084282768
0.442835556097038
0.444642641608258
0.446562155046151
0.448602153604624
0.45077241658654
0.453083847062904
0.455547818863331
0.458175493290436
0.460977130516454
0.463961420188892
0.467134854402009
0.470501163982335
0.474060836122847
0.477810727940571
0.481743786700078
0.485848883420535
0.490110762542186
0.494510106433232
0.499023709914372
0.503624756785669
0.508283187650809
0.512966146209333
0.517638489660593
0.522263347938108
0.526802716148462
0.531218064781453
0.535470952926499
0.53952363079951
0.543339619270486
0.546884255696306
0.550125197116121
0.553032873672387
0.555580886899359
0.557746349203116
0.559510162385459
0.560857234395326
0.561776634598473
0.562261688728475
0.56231001532543
0.561923505904542
0.561108251359965
0.559874417245855
0.558236070639313
0.556210961334873
0.553820260201114
0.551088257694411
0.548042025808784
0.544711047165553
0.541126815515679
0.537322412625733
0.53333206731127
0.529190703217942
0.524933482766644
0.520595355401657
0.516210618835013
0.511812502295038
0.507432780801633
0.503101429160943
0.498846323674343
0.494692998491611
0.490664462131594
0.4867810779951
0.483060510775041
0.479517738614624
0.476165128772339
0.473012572522056
0.4700676731426
0.467335979217595
0.464821254140016
0.462525771742816
0.460450627380451
0.45859605356612
0.456961729405655
0.455547073523427
0.454351510898877
0.453374704968884
0.452616747445414
0.452078299499772
0.451760679233742
0.451665891666105
0.451796598795801
0.452156028658302
0.452747823677065
0.453575830040195
0.454643831317232
0.455955231080357
0.457512690906698
0.459317731797194
0.461370308719168
0.463668369612481
0.466207411723847
0.468980049467512
0.471975609060962
0.475179765856864
0.478574240497179
0.48213656967503
0.485839966347111
0.489653282663305
0.493541086671079
0.497463861044614
0.501378328751563
0.505237906805624
0.508993285190993
0.512593123837862
0.515984856343172
0.519115585140207
0.521933049192561
0.524386642177713
0.526428456666704
0.528014328104622
0.529104851524024
0.529666343915706
0.529671726037443
0.529101299124664
0.527943394408969
0.526194876455165
0.523861484978882
0.520958003874306
0.517508250528149
0.513544882983882
0.509109027017307
0.504249729568498
0.499023249136654
0.493492197589547
0.487724551289119
0.481792552425796
0.475771523935876
0.469738623310385
0.46377156196131
0.457947317571353
0.452340867002866
0.447023966873517
0.442064007821069
0.437522966786462
0.43345647936256
0.429913051417703
0.426933425855211
0.424550116575793
0.422787117550299
0.421659790484073
0.421174929976289
0.421331000476779
0.422118534857738
0.423520680191595
0.425513872501704
0.428068618963832
0.431150363404318
0.434720409065056
0.438736871560549
0.443155634781982
0.447931283218836
0.4530179857468
0.458370308314836
0.463943936065909
0.469696289128638
0.475587020481628
0.481578388761718
0.487635503494361
0.493726444797326
0.499822263979109
0.505896875461552
0.511926853957922
0.517891153709943
0.523770768731494
0.529548354353824
0.535207830878823
0.540733989818337
0.546112122056674
0.551327685381165
0.556366026273034
0.561212167756393
0.565850671608178
0.57026557949477
0.57444043379094
0.57835837512583
0.582002310256233
0.58535514084362
0.588400041241572
0.591120771589367
0.593502011426318
0.595529698722133
0.597191359652308
0.598476415584615
0.599376455494964
0.599885464276806
0.6
0.599719315947999
0.599045426045015
0.5979831149108
0.59653989609871
0.594725923957355
0.592553865916032
0.590038742777956
0.58719774480502
0.5840500310285
0.580616518396921
0.576919666183607
0.572983259655696
0.568832195500246
0.564492270060238
0.559989970191728
0.555352265629304
0.550606401224969
0.545779687351661
0.540899287140262
0.535992000008749
0.531084042064818
0.526200825306389
0.521366738971411
0.516604937750529
0.511937142724588
0.507383461687978
0.502962235857161
0.498689919765187
0.494581000372938
0.490647960097753
0.486901286627519
0.483349530153697
0.479999406156687
0.476855939274446
0.473922641258349
0.47120171374897
0.468694264757584
0.46640052646257
0.464320061335318
0.462451943767661
0.460794905305064
0.459347433270839
0.458107814922845
0.457074122199319
0.456244135432715
0.455615207962095
0.45518407716282
0.454946630840839
0.454897641019635
0.455030479711308
0.455336833167932
0.455806432248757
0.456426816846933
0.457183151772612
0.458058110106729
0.459031837880988
0.460082011100274
0.461183992729258
0.462311093463777
0.46343493606241
0.464525918893728
0.465553770327393
0.466488181820792
0.467299504169732
0.467959488523544
0.468442051508861
0.468724042232569
0.468785988085564
0.468612796160631
0.46819438772001
0.467526244468488
0.466609847353676
0.465452991158061
0.464069961186066
0.46248156179309
0.460714990255275
0.458803553437583
0.456786228781105
0.454707075195694
0.452614503409985
0.450560419099229
0.448599255588027
0.446786916021322
0.44517964753153
0.443832872030242
0.442799999758575
0.442131252593627
0.441872524298063
0.442064304401766
0.442740691224306
0.443928517710232
0.445646611301677
0.447905206079207
0.450705521944275
0.454039521790914
0.457889853527082
0.462229979569585
0.467024492164947
0.472229608692715
0.47779383709151
0.483658797804795
0.489760185253315
0.496028848870417
0.50239197123633
0.508774318855465
0.515099539661803
0.521291480426259
0.52727549688285
0.532979729588017
0.538336319275122
0.543282536755824
0.54776180423929
0.551724587271593
0.555129139316102
0.557942084266595
0.560138825860576
0.561703776977845
0.562630406088295
0.562921102554294
0.562586866980139
0.561646837201805
0.560127664681101
0.558062759860667
0.555491428303306
0.552457922044957
0.549010432418389
0.545200051565859
0.541079729900112
0.536703255882098
0.532124282692984
0.52739542376457
0.522567435815775
0.517688504179758
0.512803640981199
0.507954202338679
0.503177526431192
0.498506690181256
0.493970378651376
0.489592858176129
0.485394041869694
0.481389634523132
0.477591343053101
0.474007138552174
0.470641556544609
0.467496023157991
0.464569196441317
0.46185731383916
0.459354538711462
0.457053300619712
0.454944625752376
0.453018455233078
0.451263950075258
0.449669782185306
0.44822441107715
0.446916345883565
0.445734391899376
0.44466788035593
0.44370687950251
0.442842384458987
0.442066482797822
0.441372492491458
0.440755068780903
0.440210276716836
0.439735626603335
0.439330070319245
0.438993957463594
0.438728951412384
0.438537906615598
0.438424709731054
0.438394088412096
0.438451392671972
0.438602354682853
0.438852833590034
0.439208552406015
0.439674834285119
0.440256345472248
0.440956851986795
0.441778996671465
0.442724102638151
0.443792008413525
0.444980939258717
0.446287418239646
0.447706219681001
0.449230366664908
0.450851173246314
0.452558331057508
0.4543400389672
0.456183173447659
0.458073496290583
0.459995895306675
0.461934652659341
0.463873734540936
0.465797095029979
0.467688986206954
0.469534265998266
0.471318694810661
0.473029211861037
0.474654182245709
0.476183606268707
0.477609283389256
0.478924924367322
0.480126206776823
0.481210770990103
0.482178155961834
0.483029676578098
0.483768246886483
0.484398156065069
0.484924806386829
0.485354424548167
0.485693759413491
0.485949780349417
0.486129390770065
0.486239171206225
0.486285165101734
0.486272718631536
0.486206383178485
0.486089885802413
0.485926169236313
0.485717498845116
0.48546562981015
0.485172023805875
0.48483810086947
0.484465509272172
0.484056394200163
0.483613645114452
0.48314110189838
0.482643701363999
0.482127548346367
0.481599899362581
0.481069051473116
0.4805441343156
0.480034808994704
0.47955088328252
0.479101858075057
0.478696424934013
0.478341938519478
0.478043890537742
0.477805413301909
0.477626841020716
0.47750535546419
0.477434739759259
0.477405259879405
0.477403688116113
0.477413476720006
0.477415083281078
0.477386442608236
0.477303573200237
0.47714130019087
0.476874071188049
0.47647683695253
0.475925965566355
0.475200156752211
0.474281322388182
0.473155400020975
0.471813068259781
0.470250336225597
0.468468983586513
0.466476832942746
0.464287842224559
0.461922011103821
0.459405101958793
0.456768182434264
0.454047002872897
0.451281227638135
0.448513544400508
0.445788679636615
0.443152351739543
0.440650195140146
0.438326689606931
0.436224128387686
0.434381657084095
0.432834412167212
0.431612783953283
0.430741823823197
0.43024080968856
0.430122977427731
0.430395419511961
0.43105914561036
0.432109293903011
0.433535476433471
0.435322237356936
0.437449599606874
0.439893673471297
0.442627299931211
0.445620702382121
0.448842122468828
0.452258419069973
0.455835613757122
0.459539371049863
0.463335407177323
0.467189826498279
0.471069389885531
0.474941723923829
0.478775483423524
