-20,-0.951970926014375
-19.9847714774793,-0.929586281844679
-19.9691237191084,-0.907664951011353
-19.9530780012176,-0.886202664947076
-19.9366544981992,-0.865194260250975
-19.9198723096337,-0.84463378290189
-19.9027494944807,-0.824514582268874
-19.8853031103226,-0.804829395763334
-19.8675492560053,-0.785570425026041
-19.8495031163286,-0.766729404545884
-19.8311790077122,-0.74829766357893
-19.8125904239912,-0.730266182186463
-19.7937500816855,-0.712625642147382
-19.7746699642533,-0.695366473429755
-19.7553613649637,-0.678478896832975
-19.7358349281345,-0.661952963339
-19.7161006885647,-0.645778590640869
-19.6961681090584,-0.629945597250411
-19.676046115992,-0.614443734525713
-19.6557431329145,-0.599262716902903
-19.6352671122043,-0.584392250566284
-19.6146255648277,-0.569822060745745
-19.593825588261,-0.555541917790504
-19.5728738926498,-0.54154166213325
-19.5517768252862,-0.527811228228471
-19.5305403934905,-0.51434066752259
-19.5091702859829,-0.501120170491407
-19.4876718928343,-0.488140087761685
-19.466050324082,-0.475390950318311
-19.4443104270932,-0.462863488785991
-19.4224568027586,-0.450548651764577
-19.4004938205927,-0.438437623189637
-19.3784256328148,-0.426521838684513
-19.3562561874798,-0.41479300086663
-19.3339892407252,-0.40324309356904
-19.3116283681961,-0.391864394937914
-19.2891769757049,-0.380649489367704
-19.266638309181,-0.369591278237918
-19.2440154639599,-0.358682989418653
-19.2213113934592,-0.347918185516093
-19.1985289172846,-0.337290770834023
-19.1756707288075,-0.326794997032779
-19.1527394022499,-0.31642546747303
-19.1297373993135,-0.306177140238052
-19.1066670753837,-0.296045329834751
-19.08353068534,-0.286025707580451
-19.0603303889986,-0.276114300689326
-19.037068256215,-0.266307490079222
-19.0137462716687,-0.256602006926355
-18.9903663393531,-0.246994928002056
-18.9669302867902,-0.237483669832081
-18.9434398689895,-0.228065981725135
-18.919896772169,-0.218739937723027
-18.8963026172527,-0.209503927530203
-18.8726589631623,-0.200356646485333
-18.8489673099145,-0.19129708464204
-18.8252291015382,-0.182324515029731
-18.8014457288235,-0.173438481168837
-18.777618531913,-0.164638783917544
-18.7537488027458,-0.155925467729217
-18.7298377873646,-0.147298806401335
-18.7058866880934,-0.138759288397679
-18.6818966655954,-0.130307601825883
-18.6578688408175,-0.121944619152238
-18.6338042968299,-0.113671381734783
-18.6097040805658,-0.105489084254405
-18.5855692044692,-0.0973990591217021
-18.5614006480546,-0.0894027609349922
-18.5371993593859,-0.0815017510619538
-18.5129662564778,-0.0736976824140657
-18.4887022286254,-0.0659922844793167
-18.464408137666,-0.0583873486745893
-18.4400848191771,-0.0508847140747695
-18.4157330836144,-0.0434862535710247
-18.3913537173935,-0.036193860505869
-18.3669474839181,-0.0290094358276675
-18.342515124559,-0.0219348758021587
-18.3180573595847,-0.0149720603134269
-18.2935748890488,-0.00812284178164394
-18.2690683936346,-0.00138903471977628
-18.2445385354604,0.00522759405353682
-18.2199859588474,0.0117253345326184
-18.195411291053,0.0181025419672931
-18.1708151429696,0.024357644626221
-18.1461981097928,0.0304891508821811
-18.1215607716599,0.0364956556244368
-18.0969036942599,0.0423758460070193
-18.0722274294168,0.0481285065451122
-18.0475325156486,0.0537525235747744
-18.0228194787013,0.0592468890938872
-17.9980888320613,0.0646107040045535
-17.9733410774461,0.069843180779106
-17.9485767052747,0.0749436455734769
-17.9237961951191,0.079911539812894
-17.8990000161375,0.0847464212757381
-17.8741886274905,0.089447964701916
-17.8493624787402,0.0940159619522991
-17.8245220102355,0.0984503217456614
-17.7996676534807,0.102751068999148
-17.7747998314921,0.106918343797638
-17.7499189591398,0.110952400016468
-17.7250254434782,0.114853603620861
-17.7001196840644,0.118622430664118
-17.6752020732643,0.12225946500521
-17.6502729965497,0.125765395764815
-17.6253328327841,0.129141014537263
-17.6003819544992,0.1323872123741
-17.5754207281624,0.135504976553343
-17.5504495144358,0.138495387146743
-17.5254686684264,0.141359613395743
-17.5004785399293,0.144098909905239
-17.4754794736634,0.146714612662731
-17.4504718094994,0.149208134889086
-17.4254558826824,0.151580962725912
-17.4004320240474,0.153834650763435
-17.3754005602291,0.155970817411877
-17.3503618138665,0.157991140118637
-17.3253161038018,0.159897350433005
-17.3002637452748,0.161691228919873
-17.2752050501119,0.163374599923779
-17.2501403269118,0.164949326184703
-17.2250698812263,0.166417303307378
-17.1999940157373,0.167780454086358
-17.1749130304306,0.169040722689807
-17.149827222766,0.170200068705857
-17.1247368878445,0.17126046105643
-17.0996423185723,0.172223871784652
-17.0745438058226,0.173092269723323
-17.0494416385943,0.173867614053385
-17.0243361041689,0.174551847762887
-16.9992274882656,0.175146891018606
-16.9741160751936,0.175654634464161
-16.9490021480039,0.176076932460211
-16.9238859886384,0.17641559628401
-16.8987678780791,0.176672387307372
-16.8736480964951,0.176849010173706
-16.848526923389,0.176947105996435
-16.8234046377429,0.176968245602589
-16.7982815181636,0.176913922846802
-16.7730924781753,0.176827362727509
-16.7479034381871,0.17675170900179
-16.7227143981988,0.176688206410822
-16.6975253582105,0.176638007419608
-16.6723363182222,0.176602166318737
-16.647147278234,0.176581633574541
-16.6219582382457,0.176577250458144
-16.5967691982574,0.176589743983832
-16.5715801582691,0.176619722186901
-16.5463911182809,0.176667669770623
-16.5212020782926,0.176733944151198
-16.4960130383043,0.176818771928606
-16.470823998316,0.176922245810058
-16.4456349583278,0.177044322011322
-16.4204459183395,0.177184818159574
-16.3952568783512,0.177343411719578
-16.370067838363,0.177519638963004
-16.3448787983747,0.177712894498462
-16.3196897583864,0.177922431377517
-16.2945007183981,0.178147361789402
-16.2693116784099,0.178386658354572
-16.2441226384216,0.178639156024459
-16.2189335984333,0.178903554592007
-16.193744558445,0.179178421814631
-16.1685555184568,0.179462197148325
-16.1433664784685,0.179753196088649
-16.1181774384802,0.180049615111334
-16.0929883984919,0.180349537202264
-16.0677993585037,0.18065093796361
-16.0426103185154,0.180951692280002
-16.0174212785271,0.181249581525728
-15.9922322385388,0.181542301291189
-15.9670431985506,0.181827469604127
-15.9418541585623,0.182102635618577
-15.916665118574,0.182365288741986
-15.8914760785858,0.182612868168642
-15.8662870385975,0.182842772785336
-15.8410979986092,0.18305237141314
-15.8159089586209,0.183239013347299
-15.7907199186327,0.183400039155508
-15.7655308786444,0.183532791693325
-15.7403418386561,0.183634627294071
-15.7151527986678,0.1837029270894
-15.6899637586796,0.183735108415729
-15.6647747186913,0.183728636260891
-15.639585678703,0.183681034704749
-15.6143966387147,0.183589898307082
-15.5892075987265,0.183452903395782
-15.5640185587382,0.183267819208354
-15.5388295187499,0.183032518839828
-15.5136404787616,0.182744989950456
-15.4884514387734,0.182403345187105
-15.4632623987851,0.182005832272847
-15.4380733587968,0.181550843720124
-15.4128843188086,0.181036926123816
-15.3876952788203,0.180462788991746
-15.362506238832,0.179827313071433
-15.3373171988437,0.179129558133424
-15.3121281588555,0.178368770173136
-15.2869391188672,0.177544387994964
-15.2617500788789,0.176656049144302
-15.2365610388906,0.175703595155238
-15.2113719989024,0.174687076083887
-15.1861829589141,0.173606754299667
-15.1609939189258,0.17246310750933
-15.1358048789375,0.171256830991164
-15.1106158389493,0.169988839019502
-15.085426798961,0.168660265462565
-15.0602377589727,0.167272463539583
-15.0350487189844,0.165827004726264
-15.0098596789962,0.1643256768008
-14.9846706390079,0.162770481025931
-14.9594815990196,0.16116362846587
-14.9342925590314,0.159507535440384
-14.9091035190431,0.157804818121787
-14.8839144790548,0.156058286284167
-14.8587254390665,0.154270936217774
-14.8335363990783,0.152445942825129
-14.80834735909,0.150586650919057
-14.7831583191017,0.148696565746524
-14.7579692791134,0.146779342765796
-14.7327802391252,0.144838776708074
-14.7075911991369,0.142878789958313
-14.6824021591486,0.140903420293499
-14.6572131191603,0.138916808020025
-14.6320240791721,0.136923182555228
-14.6068350391838,0.134926848501283
-14.5816459991955,0.132932171262779
-14.5564569592072,0.130943562262198
-14.531267919219,0.128965463810221
-14.5060788792307,0.127002333690352
-14.4808898392424,0.125058629519597
-14.4557007992542,0.123138792949033
-14.4305117592659,0.121247233769842
-14.4053227192776,0.119388313991921
-14.3801336792893,0.117566331963351
-14.3549446393011,0.115785506599902
-14.3297555993128,0.114049961794291
-14.3045665593245,0.112363711075105
-14.2793775193362,0.11073064258515
-14.254188479348,0.109154504448461
-14.2289994393597,0.107638890594301
-14.2038103993714,0.106187227105205
-14.1786213593831,0.104802759154481
-14.1534323193949,0.103488538596518
-14.1282432794066,0.102247412270861
-14.1030542394183,0.101082011078238
-14.07786519943,0.0999947398835596
-14.0526761594418,0.098987768297457
-14.0274871194535,0.0980630223840758
-14.0022980794652,0.0972221773387402
-13.977109039477,0.0964666511746461
-13.9519199994887,0.0957975994530637
-13.9267309595004,0.0952159110865732
-13.9015419195121,0.0947222052397025
-13.8763528795239,0.0943168293459798
-13.8511638395356,0.0939998582549084
-13.8259747995473,0.0937710945167414
-13.800785759559,0.0936300698072134
-13.7755967195708,0.0935760474886153
-13.7504076795825,0.0936080262978089
-13.7252186395942,0.0937247451460128
-13.7000295996059,0.0939246890094811
-13.6748405596177,0.0942060958845823
-13.6496515196294,0.0945669647753051
-13.6244624796411,0.0950050646759061
-13.5992734396528,0.0955179445062989
-13.5740843996646,0.0961029439529174
-13.5488953596763,0.0967572051631727
-13.523706319688,0.0974776852373236
-13.4985172796998,0.0982611694575921
-13.4733282397115,0.0991042851907304
-13.4481391997232,0.100003516396989
-13.4229501597349,0.10095521867557
-13.3977611197467,0.101955634774206
-13.3725720797584,0.103000910488467
-13.3473830397701,0.104087110874818
-13.3221939997818,0.105210236700287
-13.2970049597936,0.106366241050913
-13.2718159198053,0.107551046020875
-13.246626879817,0.108760559404396
-13.2214378398287,0.109990691313126
-13.1962487998405,0.111237370642796
-13.1710597598522,0.112496561314343
-13.1458707198639,0.113764278216648
-13.1206816798756,0.115036602780209
-13.0954926398874,0.116309698113747
-13.0703035998991,0.117579823638643
-13.0451145599108,0.118843349159423
-13.0199255199226,0.120096768312019
-12.9947364799343,0.121336711335372
-12.969547439946,0.122559957115991
-12.9443583999577,0.123763444459306
-12.9191693599695,0.124944282546074
-12.8939803199812,0.126099760536649
-12.8687912799929,0.127227356290552
-12.8436022400046,0.128324744173517
-12.8184132000164,0.129389801928931
-12.7932241600281,0.130420616595358
-12.7680351200398,0.131415489456573
-12.7428460800515,0.132372940015228
-12.7176570400633,0.133291708985874
-12.692468000075,0.134170760307574
-12.6672789600867,0.13500928218072
-12.6420899200984,0.135806687136876
-12.6169008801102,0.13656261115453
-12.5917118401219,0.137276911837486
-12.5665228001336,0.137949665676291
-12.5413337601454,0.138581164416486
-12.5161447201571,0.139171910560711
-12.4909556801688,0.139722612034595
-12.4657666401805,0.140234176049104
-12.4405776001923,0.140707702194442
-12.415388560204,0.141144474802796
-12.3901995202157,0.141545954619167
-12.3650104802274,0.141913769821178
-12.3398214402392,0.14224970643021
-12.3146324002509,0.142555698157384
-12.2894433602626,0.14283381572887
-12.2642543202743,0.143086255735706
-12.2390652802861,0.143315329053835
-12.2138762402978,0.143523448880359
-12.1886872003095,0.143713118432114
-12.1634981603212,0.143886918352613
-12.138309120333,0.144047493873148
-12.1131200803447,0.144197541773495
-12.0879310403564,0.144339797187124
-12.0627420003682,0.144477020295193
-12.0375529603799,0.144611982952888
-12.0123639203916,0.144747455290834
-11.9871748804033,0.144886192333423
-11.9619858404151,0.145030920674961
-11.9367968004268,0.145184325253552
-11.9116077604385,0.145349036261598
-11.8864187204502,0.145527616230793
-11.861229680462,0.145722547328421
-11.8360406404737,0.145936218900733
-11.8108516004854,0.146170915298159
-11.7856625604971,0.146428804016097
-11.7604735205089,0.146711924184035
-11.7352844805206,0.1470221754348
-11.7100954405323,0.147361307184823
-11.684906400544,0.147730908355388
-11.6597173605558,0.14813239756401
-11.6345283205675,0.148567013814218
-11.6093392805792,0.149035807711268
-11.584150240591,0.149539633230489
-11.5589612006027,0.15007914006425
-11.5337721606144,0.150654766572771
-11.5085831206261,0.151266733363268
-11.4833940806379,0.151915037521181
-11.4582050406496,0.152599447516471
-11.4330160006613,0.153319498807212
-11.407826960673,0.154074490161835
-11.3826379206848,0.154863480720591
-11.3574488806965,0.155685287815798
-11.3322598407082,0.156538485569497
-11.3070708007199,0.157421404286019
-11.2818817607317,0.158332130655826
-11.2566927207434,0.159268508785671
-11.2315036807551,0.160228142068719
-11.2063146407668,0.161208395906766
-11.1811256007786,0.162206401294979
-11.1559365607903,0.163219059277769
-11.130747520802,0.164243046282448
-11.1055584808138,0.165274820335132
-11.0803694408255,0.166310628161101
-11.0551804008372,0.167346513169275
-11.0299913608489,0.16837832431788
-11.0048023208607,0.169401725855492
-10.9796132808724,0.170412207928694
-10.9544242408841,0.17140509804439
-10.9292352008958,0.172375573371526
-10.9040461609076,0.173318673863472
-10.8788571209193,0.174229316178738
-10.853668080931,0.175102308373937
-10.8284790409427,0.175932365339096
-10.8032900009545,0.176714124941445
-10.7781009609662,0.177442164839848
-10.7529119209779,0.178111019927942
-10.7277228809896,0.178715200360005
-10.7025338410014,0.179249210109469
-10.6773448010131,0.179707566005939
-10.6521557610248,0.180084817192607
-10.6269667210366,0.180375564942005
-10.6017776810483,0.180574482764279
-10.57658864106,0.180676336738526
-10.5513996010717,0.180676005994252
-10.5262105610835,0.180568503266833
-10.5010215210952,0.180348995447828
-10.4758324811069,0.180012824048326
-10.4506434411186,0.179555525491141
-10.4254544011304,0.178972851145624
-10.4002653611421,0.178260787017245
-10.3750763211538,0.17741557300287
-10.3498872811655,0.176433721621852
-10.3246982411773,0.175312036132757
-10.299509201189,0.174047627945711
-10.2743201612007,0.172637933241013
-10.2491311212124,0.171080728705883
-10.2239420812242,0.169374146302936
-10.1987530412359,0.167516686986278
-10.1735640012476,0.16550723328395
-10.1483749612594,0.163345060668851
-10.1231859212711,0.161029847644227
-10.0979968812828,0.158561684474312
-10.0728078412945,0.155941080495737
-10.0476188013063,0.153168969950882
-10.022429761318,0.150246716290403
-9.99724072132971,0.14717611489869
-9.97205168134144,0.143959394202963
-9.94686264135316,0.140599215134133
-9.92167360136489,0.137098668915253
-9.89648456137662,0.133461273161505
-9.87129552138834,0.129690966283989
-9.84610648140007,0.125792100198202
-9.8209174414118,0.121769431346829
-9.79572840142352,0.117628110055385
-9.77053936143525,0.113373668248183
-9.74535032144697,0.109012005561051
-9.7201612814587,0.104549373896146
-9.69497224147043,0.0999923604729475
-9.66978320148215,0.0953478694381466
-9.64459416149388,0.0906231021054428
-9.6194051215056,0.0858255359043302
-9.59421608151733,0.08096290212459
-9.56902704152906,0.0760431625504397
-9.54383800154078,0.0710744850850264
-9.51864896155251,0.0660652184721434
-9.49345992156424,0.0610238662276488
-9.46827088157596,0.0559590598980203
-9.44308184158769,0.0508795317677484
-9.41789280159942,0.0457940871408225
-9.39270376161114,0.0407115763243521
-9.36751472162287,0.0356408664443733
-9.34232568163459,0.0305908132250962
-9.31713664164632,0.0255702328632305
-9.29194760165805,0.0205878741285781
-9.26675856166977,0.0156523908208128
-9.2415695216815,0.0107723147102509
-9.21638048169322,0.00595602908750915
-9.19119144170495,0.0012117430432187
-9.16600240171668,-0.00345253340552415
-9.14081336172841,-0.00802901323052913
-9.11562432174013,-0.0125101552442069
-9.09043528175186,-0.016888685788699
-9.06524624176358,-0.0211576191707845
-9.04005720177531,-0.0253102767586913
-9.01486816178704,-0.0293403046652422
-8.98967912179876,-0.0332416899505081
-8.96449008181049,-0.037008775286261
-8.93930104182222,-0.0406362720339553
-8.91411200183394,-0.0441192716976379
-8.88892296184567,-0.0474532557230274
-8.86373392185739,-0.050634103623937
-8.83854488186912,-0.0536580994271661
-8.81335584188085,-0.056521936436881
-8.78816680189257,-0.0592227203292726
-8.7629777619043,-0.0617579705978394
-8.73778872191603,-0.0641256203789396
-8.71259968192775,-0.0663240146962047
-8.68741064193948,-0.0683519071709557
-8.6622216019512,-0.0702084552538474
-8.63703256196293,-0.0718932140405298
-8.61184352197466,-0.0734061287411035
-8.58665448198638,-0.074747525879526
-8.56146544199811,-0.0759181033048351
-8.53627640200984,-0.0769189191010839
-8.51108736202156,-0.0777513794871801
-8.48589832203329,-0.0784172258013845
-8.46070928204502,-0.0789185206680241
-8.43552024205674,-0.0792576334460053
-8.41033120206847,-0.079437225059983
-8.38514216208019,-0.0794602323155341
-8.35995312209192,-0.0793298517994298
-8.33476408210365,-0.0790495234651074
-8.30957504211537,-0.078622914001732
-8.2843860021271,-0.07805390008284
-8.25919696213882,-0.0773465515875108
-8.23400792215055,-0.0765051148833433
-8.20881888216228,-0.0755339962562897
-8.18362984217401,-0.0744377455676277
-8.15844080218573,-0.0732210402131377
-8.13325176219746,-0.0718886694538927
-8.10806272220918,-0.0704455191820685
-8.08287368222091,-0.0688965571788683
-8.05768464223264,-0.0672468189151054
-8.03249560224436,-0.0655013939382565
-8.00730656225609,-0.0636654128829451
-7.98211752226782,-0.0617440351349113
-7.95692848227954,-0.0597424371716127
-7.93173944229127,-0.0576658015957651
-7.90655040230299,-0.0555193068714043
-7.88136136231472,-0.0533081177655064
-7.85617232232645,-0.0510373764918842
-7.83098328233817,-0.0487121945480347
-7.8057942423499,-0.0463376452298968
-7.78060520236163,-0.0439187568041244
-7.75541616237335,-0.0414605063125343
-7.73022712238508,-0.038967813978876
-7.7050380823968,-0.0364455381840272
-7.67984904240853,-0.0338984709721706
-7.65466000242026,-0.0313313340474614
-7.62947096243198,-0.0287487752181845
-7.60428192244371,-0.0261553652434194
-7.57909288245544,-0.0235555950357936
-7.55390384246716,-0.0209538731730039
-7.52871480247889,-0.0183545236704269
-7.50352576249062,-0.0157617839673018
-7.47833672250234,-0.0131798030796435
-7.45314768251407,-0.0106126398742188
-7.42795864252579,-0.0080642614195555
-7.40276960253752,-0.00553854137205034
-7.37758056254925,-0.0030392583577406
-7.35239152256097,-0.000570094313199473
-7.3272024825727,0.00186536724774765
-7.30201344258443,0.00426364307123678
-7.27682440259615,0.00662135213043993
-7.25163536260788,0.00893521774437546
-7.2264463226196,0.0112020698660954
-7.20125728263133,0.0134188475535042
-7.17606824264306,0.0155826016315858
-7.15087920265478,0.0176904975502789
-7.12569016266651,0.0197398184376995
-7.10050112267824,0.0217279683438941
-7.07531208268996,0.0236524756658815
-7.05012304270169,0.0255109967404217
-7.02493400271342,0.0273013195867972
-6.99974496272514,0.0290213677779376
-6.97455592273687,0.0306692044144899
-6.94936688274859,0.0322430361729825
-6.92417784276032,0.0337412173960717
-6.89898880277205,0.035162254190023
-6.87379976278377,0.0365048084920991
-6.8486107227955,0.0377677020684115
-6.82342168280722,0.0389499204010744
-6.79823264281895,0.0400506164221784
-6.77304360283068,0.0410691140512012
-6.7478545628424,0.0420049114919926
-6.72266552285413,0.0428576842454166
-6.69747648286586,0.0436272877941036
-6.67228744287758,0.0443137599165632
-6.64709840288931,0.04491732258911
-6.62190936290104,0.0454383834356723
-6.59672032291276,0.0458775366875479
-6.57153128292449,0.0462355636175501
-6.54634224293622,0.0465134324157028
-6.52115320294794,0.0467122974767012
-6.49596416295967,0.0468334980727065
-6.47077512297139,0.0468785563886642
-6.44558608298312,0.0468491749012168
-6.42039704299485,0.0467472330863514
-6.39520800300657,0.0465747834451911
-6.3700189630183,0.0463340468417348
-6.34482992303003,0.0460274071508603
-6.31964088304175,0.0456574052194876
-6.29445184305348,0.0452267321484025
-6.2692628030652,0.0447382219068636
-6.24407376307693,0.0441948432966731
-6.21888472308866,0.0435996912868968
-6.19369568310038,0.042955977744801
-6.16850664311211,0.0422670215928182
-6.14331760312384,0.0415362384254224
-6.11812856313556,0.0407671296236628
-6.09293952314729,0.0399632710087292
-6.06775048315902,0.0391283010793055
-6.04256144317074,0.0382659088805525
-6.01737240318247,0.0373798215553519
-5.99218336319419,0.0364737916309149
-5.96699432320592,0.0355515840959885
-5.94180528321765,0.0346169633256764
-5.91661624322937,0.0336736799123218
-5.8914272032411,0.0327254574619564
-5.86623816325283,0.0317759794165203
-5.84104912326455,0.0308288759623788
-5.81586008327628,0.0298877110856262
-5.790671043288,0.0289559698342627
-5.76548200329973,0.0280370458465817
-5.74029296331146,0.0271342292039994
-5.71510392332318,0.0262506946651394
-5.68991488333491,0.0253894903362321
-5.66472584334664,0.0245535268308503
-5.63953680335836,0.0237455669696726
-5.61434776337009,0.0229682160683775
-5.58915872338182,0.0222239128589445
-5.56396968339354,0.0215149210865844
-5.53878064340527,0.0208433218212792
-5.51359160341699,0.0202110065194882
-5.48840256342872,0.0196196708680117
-5.46321352344045,0.0190708094383005
-5.43802448345217,0.0185657111757037
-5.4128354434639,0.0181054557442649
-5.38764640347563,0.0176909107437356
-5.36245736348735,0.0173227298115017
-5.33726832349908,0.0170013516181257
-5.3120792835108,0.0167269997612191
-5.28689024352253,0.016499683558397
-5.26170120353426,0.0163191997361409
-5.23651216354598,0.0161851350075283
-5.21132312355771,0.0160968695279921
-5.18613408356944,0.0160535812145619
-5.16094504358116,0.0160542509104275
-5.13575600359289,0.0160976683731593
-5.11056696360462,0.0161824390615395
-5.08537792361634,0.016306991692696
-5.06018888362807,0.0164695865381191
-5.03499984363979,0.0166683244241532
-5.00981080365152,0.0169011563997369
-4.98462176366325,0.0171658940314847
-4.95943272367497,0.0174602202836928
-4.9342436836867,0.0177817009384958
-4.90905464369843,0.0181277965092232
-4.88386560371015,0.0184958745979881
-4.85867656372188,0.018883222646705
-4.8334875237336,0.0192870610290743
-4.80829848374533,0.0197045564295958
-4.78310944375706,0.0201328354543811
-4.75792040376878,0.0205689984174372
-4.73273136378051,0.0210101332451832
-4.70754232379224,0.0214533294412599
-4.68235328380396,0.0218956920531829
-4.65716424381569,0.0223343555820965
-4.63197520382742,0.0227664977768035
-4.60678616383914,0.0231893532533799
-4.58159712385087,0.0236002268820442
-4.55640808386259,0.0239965068835411
-4.53121904387432,0.0243756775781166
-4.50603000388605,0.0247353317312263
-4.48084096389777,0.025073182441418
-4.4556519239095,0.025387074517378
-4.43046288392123,0.0256749952929238
-4.40527384393295,0.0259350848307726
-4.38008480394468,0.0261656454682073
-4.3548957639564,0.0263651506603009
-4.32970672396813,0.0265322530791537
-4.30451768397986,0.0266657919306155
-4.27932864399158,0.026764799453242
-4.25413960400331,0.026828506567706
-4.22895056401504,0.0268563476486093
-4.20376152402676,0.0268479643945318
-4.17857248403849,0.0268032087762673
-4.15338344405022,0.0267221450474555
-4.12819440406194,0.0266050508062518
-4.10300536407367,0.0264524171012223
-4.07781632408539,0.026264947579326
-4.05262728409712,0.02604355667858
-4.02743824410885,0.0257893668728176
-4.00224920412057,0.0255037049807672
-3.9770601641323,0.02518809755651
-3.95187112414403,0.0248442653831602
-3.92668208415575,0.0244741170963315
-3.90149304416748,0.0240797419685685
-3.87630400417921,0.0236634018904078
-3.85111496419093,0.023227522588036
-3.82592592420266,0.0227746841216282
-3.80073688421438,0.0223076107123114
-3.77554784422611,0.0218291599493043
-3.75035880423784,0.0213423114320852
-3.72516976424956,0.0208501549054087
-3.69998072426129,0.0203558779476169
-3.67479168427302,0.0198627532749195
-3.64960264428474,0.0193741257261638
-3.62441360429647,0.0188933989940235
-3.59922456430819,0.0184240221695258
-3.57403552431992,0.0179694761673636
-3.54884648433165,0.0175332600995309
-3.52365744434337,0.0171188776644339
-3.4984684043551,0.0167298236178049
-3.47327936436683,0.0163695703904527
-3.44809032437855,0.0160415549161579
-3.42290128439028,0.0157491657308545
-3.397712244402,0.0154957304016664
-3.37252320441373,0.015284503341395
-3.34733416442546,0.0151186540607176
-3.32214512443718,0.0150012559066771
-3.29695608444891,0.0149352753320606
-3.27176704446064,0.0149235617360032
-3.24657800447236,0.014968837911664
-3.22138896448409,0.0150736911321301
-3.19619992449582,0.0152405649008711
-3.17101088450754,0.0154717513881098
-3.14582184451927,0.0157693845694719
-3.12063280453099,0.016135434078241
-3.09544376454272,0.0165716997775457
-3.07025472455445,0.0170798070538758
-3.04506568456617,0.0176612028285069
-3.0198766445779,0.0183171522787674
-2.99468760458963,0.0190487362566205
-2.96949856460135,0.0198568493878307
-2.94430952461308,0.0207421988310403
-2.9191204846248,0.0217053036724659
-2.89393144463653,0.0227464949286264
-2.86874240464826,0.023865916126605
-2.84355336465998,0.0250635244288061
-2.81836432467171,0.0263390922670441
-2.79317528468344,0.0276922094490884
-2.76798624469516,0.0291222856995088
-2.74279720470689,0.0306285535958103
-2.71760816471861,0.0322100718604253
-2.69241912473034,0.0338657289691335
-2.66723008474207,0.0355942470368962
-2.64204104475379,0.0373941859429063
-2.61685200476552,0.0392639476578571
-2.59166296477725,0.0412017807379825
-2.56647392478897,0.0432057849523148
-2.5412848848007,0.0452739160117899
-2.51609584481243,0.047403990371292
-2.49090680482415,0.0495936900784155
-2.46571776483588,0.0518405676456127
-2.4405287248476,0.0541420509254341
-2.41533968485933,0.0564954479717222
-2.39015064487106,0.0588979518728537
-2.36496160488278,0.0613466455463794
-2.33977256489451,0.0638385064876621
-2.31458352490624,0.0663704114683097
-2.28939448491796,0.0689391411833034
-2.26420544492969,0.0715413848486974
-2.23901640494141,0.0741737447545726
-2.21382736495314,0.0768327407805337
-2.18863832496487,0.0795148148834165
-2.16344928497659,0.082216335568986
-2.13826024498832,0.0849336023612393
-2.11307120500005,0.0876628502844577
-2.08788216501177,0.0904002543743542
-2.0626931250235,0.0931419342355427
-2.03750408503523,0.0958839586630829
-2.01231504504695,0.0986223503460387
-1.98712600505868,0.101353090670833
-1.9619369650704,0.104072124641674
-1.93674792508213,0.106775365934496
-1.91155888509386,0.109458702099699
-1.88636984510558,0.112117999927519
-1.86118080511731,0.114749110988099
-1.83599176512904,0.117347877356346
-1.81080272514076,0.119910137529402
-1.78561368515249,0.12243173254212
-1.76042464516421,0.124908512283296
-1.73523560517594,0.127336342012671
-1.71004656518767,0.129711109075814
-1.68485752519939,0.132028729811069
-1.65966848521112,0.134285156639764
-1.63447944522285,0.136476385327899
-1.60929040523457,0.138598462404576
-1.5841013652463,0.140647492719573
-1.55891232525803,0.142619647119696
-1.53372328526975,0.144511170220903
-1.50853424528148,0.146318388250756
-1.4833452052932,0.148037716933476
-1.45815616530493,0.149665669387889
-1.43296712531666,0.151198864006703
-1.40777808532838,0.152634032284135
-1.38258904534011,0.153968026557597
-1.35740000535184,0.155197827628326
-1.33221096536356,0.15632055222516
-1.30702192537529,0.15733346027546
-1.28183288538702,0.158233961947169
-1.25664384539874,0.159019624426418
-1.23145480541047,0.159688178395772
-1.20626576542219,0.160237524179228
-1.18107672543392,0.160665737521418
-1.15588768544565,0.160971074970071
-1.13069864545737,0.161151978832717
-1.1055096054691,0.161207081680744
-1.08032056548083,0.161135210376351
-1.05513152549255,0.160935389600531
-1.02994248550428,0.160606844863038
-1.004753445516,0.160149004978249
-0.979564405527731,0.159561503993942
-0.954375365539457,0.158844182563211
-0.929186325551183,0.157997088753026
-0.90399728556291,0.157020478286261
-0.878808245574636,0.155914814217362
-0.853619205586362,0.154680766045131
-0.828430165598089,0.153319208269405
-0.803241125609815,0.151831218401556
-0.778052085621541,0.150218074441888
-0.752863045633268,0.148481251839917
-0.727674005644994,0.146622419956375
-0.70248496565672,0.144643438048349
-0.677295925668446,0.142546350801462
-0.652106885680173,0.140333383435143
-0.626917845691899,0.138006936409069
-0.601728805703626,0.135569579760544
-0.576539765715352,0.133024047104057
-0.551350725727078,0.130373229325465
-0.526161685738805,0.127620168004163
-0.500972645750531,0.124768048597211
-0.475783605762257,0.12182019341979
-0.450594565773983,0.118780054456398
-0.42540552578571,0.115651206037007
-0.400216485797436,0.112437337411936
-0.375027445809162,0.109142245258435
-0.349838405820889,0.105769826151023
-0.324649365832615,0.102324069026362
-0.299460325844341,0.0988090476720028
-0.274271285856068,0.0952289132667002
-0.249082245867794,0.0915878869980993
-0.22389320587952,0.0878902527816018
-0.198704165891247,0.0841403501020205
-0.173515125902973,0.0803425669973291
-0.148326085914699,0.0765013332013866
-0.123137045926425,0.0726211134600135
-0.0979480059381518,0.0687064010322234
-0.0727589659498781,0.0647617113858017
-0.0475699259616044,0.0607915760938036
-0.0223808859733307,0.0568005369359164
0.00280815401494294,0.0527931402060504
0.0279971940032166,0.0487739312249857
0.0531862339914903,0.0447474490544511
0.078375273979764,0.0407182214066486
0.103564313968038,0.0366907597410057
0.128753353956311,0.0326695545378373
0.153942393944585,0.0286590707366674
0.179131433932859,0.0246637433251954
0.204320473921132,0.020687973063334
0.229509513909406,0.0167361223253855
0.25469855389768,0.0128125110422925
0.279887593885953,0.008921412725006
0.305076633874227,0.00506705054935668
0.330265673862501,0.00125359348242542
0.355454713850774,-0.00251484756973225
0.380643753839048,-0.00623422361301791
0.405832793827322,-0.00990055143449357
0.431021833815596,-0.0135099175088008
0.456210873803869,-0.0170584819598078
0.481399913792143,-0.0205424825942937
0.506588953780417,-0.0239582390230243
0.53177799376869,-0.0273021568828648
0.556967033756964,-0.0305707321716274
0.582156073745238,-0.0337605557051768
0.607345113733511,-0.0368683177039288
0.632534153721785,-0.0398908125132931
0.657723193710059,-0.0428249434598498
0.682912233698332,-0.0456677278421327
0.708101273686606,-0.0484163020518381
0.73329031367488,-0.0510679268181219
0.758479353663153,-0.0536199925643992
0.783668393651427,-0.0560700248637652
0.808857433639701,-0.0584156899758316
0.834046473627975,-0.0606548004444501
0.859235513616248,-0.0627853207325142
0.884424553604522,-0.064805372866808
0.909613593592796,-0.0667132420627631
0.934802633581069,-0.0685073822959925
0.959991673569343,-0.0701864217846637
0.985180713557617,-0.0717491683441488
1.01036975354589,-0.0731946145730081
1.03555879353416,-0.0745219428272413
1.06074783352244,-0.075730529937904
1.08593687351071,-0.0768199516256895
1.11112591349899,-0.0777899865649029
1.13631495348726,-0.078640620048476
1.16150399347553,-0.0793720472052778
1.18669303346381,-0.079984675720995
1.21188207345208,-0.0804791280143186
1.23707111344035,-0.0808562428210695
1.26226015342863,-0.081117076140255
1.2874491934169,-0.0812629014978669
1.31263823340517,-0.0812952094865189
1.33782727339345,-0.0812157065417626
1.36301631338172,-0.0810263129191369
1.38820535337,-0.0807291598396477
1.41339439335827,-0.0803265857754739
1.43858343334654,-0.0798211318521891
1.46377247333482,-0.0792155363486922
1.48896151332309,-0.0785127282812959
1.51415055331136,-0.0777158200640201
1.53933959329964,-0.0768280992430354
1.56452863328791,-0.0758530193093526
1.58971767327619,-0.0747941896002383
1.61490671326446,-0.0736553643063718
1.64009575325273,-0.0724404306084449
1.66528479324101,-0.0711533959736401
1.69047383322928,-0.0697983746491989
1.71566287321755,-0.0683795733970145
1.74085191320583,-0.0669012765198341
1.7660409531941,-0.0653678302361401
1.79122999318237,-0.0637836264670801
1.81641903317065,-0.0621530861048318
1.84160807315892,-0.0604806418375115
1.8667971131472,-0.0587707206110625
1.89198615313547,-0.057027725813484
1.91717519312374,-0.0552560192711865
1.94236423311202,-0.0534599031511866
1.96755327310029,-0.0516436018661887
1.99274231308856,-0.0498112440823467
2.01793135307684,-0.0479668449315886
2.04312039306511,-0.0461142885318031
2.06830943305338,-0.0442573109189033
2.09349847304166,-0.0423994834947712
2.11868751302993,-0.0405441970943386
2.14387655301821,-0.0386946467735595
2.16906559300648,-0.0368538174177826
2.19425463299475,-0.035024470267027
2.21944367298303,-0.0332091304509284
2.2446327129713,-0.0314100756216523
2.26982175295957,-0.029629325767903
2.29501079294785,-0.0278686342873086
2.32019983293612,-0.0261294803879729
2.3453888729244,-0.0244130628828927
2.37057791291267,-0.0227202954332832
2.39576695290094,-0.0210518032886961
2.42095599288922,-0.0194079215631964
2.44614503287749,-0.017788695077849
2.47133407286576,-0.0161938797904254
2.49652311285404,-0.0146229458236187
2.52171215284231,-0.0130750820932486
2.54690119283058,-0.0115492025279906
2.57209023281886,-0.0100439538621686
2.59727927280713,-0.00855772497316412
2.62246831279541,-0.00708865772510858
2.64765735278368,-0.00563465927079264
2.67284639277195,-0.00419341575423782
2.69803543276023,-0.00276240734718818
2.7232244727485,-0.00133892454397141
2.74841351273677,7.99143691909768e-05
2.77360255272505,0.00149714476220734
2.79879159271332,0.00291593612556143
2.8239806327016,0.00433957165694674
2.84916967268987,0.00577142708187627
2.87435871267814,0.00721494882535924
2.89954775266642,0.00867363165628336
2.92473679265469,0.0101509959299159
2.94992583264296,0.0116505645568851
2.97511487263124,0.013175839829129
3.00030391261951,0.0147302802345685
3.02549295260778,0.0163172773926802
3.05068199259606,0.0179401332426967
3.07587103258433,0.0196020376148704
3.10106007257261,0.0213060463130941
3.12624911256088,0.0230550598342037
3.15143815254915,0.0248518028455255
3.17662719253743,0.026698804537683
3.2018162325257,0.0285983799644013
3.22700527251397,0.0305526124750681
3.25219431250225,0.0325633373391757
3.27738335249052,0.0346321266545299
3.3025723924788,0.0367602756233257
3.32776143246707,0.0389487902718986
3.35295047245534,0.0411983766812439
3.37813951244362,0.0435094317862994
3.40332855243189,0.0458820357925848
3.42851759242016,0.0483159462491432
3.45370663240844,0.0508105938069022
3.47889567239671,0.0533650796816446
3.50408471238499,0.0559781748307916
3.52927375237326,0.058648320843255
3.55446279236153,0.0613736325317417
3.57965183234981,0.0641519022071857
3.60484087233808,0.0669806056054761
3.63002991232635,0.0698569094274274
3.65521895231463,0.0727776804440372
3.6804079923029,0.0757394961105634
3.70559703229117,0.0787386566248684
3.73078607227945,0.0817711983578746
3.75597511226772,0.084832908576893
3.781164152256,0.0879193413760568
3.80635319224427,0.0910258347221628
3.83154223223254,0.0941475285189028
3.85673127222082,0.0972793835878013
3.88192031220909,0.100416201460162
3.90710935219736,0.103552644871003
3.93229839218564,0.106683258843303
3.95748743217391,0.109802492248946
3.98267647216219,0.112904719731482
4.00786551215046,0.115984263875256
4.03305455213873,0.119035417505558
4.05824359212701,0.122052466005238
4.08343263211528,0.125029709534659
4.10862167210355,0.127961485043899
4.13381071209183,0.130842187968813
4.1589997520801,0.133666293505785
4.18418879206838,0.136428377363823
4.20937783205665,0.139123135896946
4.23456687204492,0.141745405524626
4.2597559120332,0.144290181353289
4.28494495202147,0.146752634917531
4.31013399200974,0.149128130965718
4.33532303199802,0.151412243221006
4.36051207198629,0.1536007690554
4.38570111197456,0.155689743021393
4.41089015196284,0.157675449192725
4.43607919195111,0.159554432273058
4.46126823193938,0.161323507438665
4.48645727192766,0.162979768888595
4.51164631191593,0.164520597083222
4.53683535190421,0.165943664659415
4.56202439189248,0.167246941017933
4.58721343188075,0.168428695585829
4.61240247186903,0.169487499763747
4.6375915118573,0.170422227574903
4.66278055184557,0.171232055039182
4.68796959183385,0.171916458302295
4.71315863182212,0.172475210556033
4.7383476718104,0.172908377791556
4.76353671179867,0.173216313433156
4.78872575178694,0.173399651905099
4.81391479177522,0.173459301188913
4.83910383176349,0.173396434432884
4.86429287175176,0.173212480679442
4.88948191174004,0.172909114779644
4.91467095172831,0.172488246567026
4.93985999171659,0.171952009365649
4.96504903170486,0.17130274790934
4.99023807169313,0.170543005750705
5.01542711168141,0.169675512239706
5.04061615166968,0.168703169152236
5.06580519165795,0.167629037049306
5.09099423164623,0.166456321447215
5.1161832716345,0.165188358878258
5.14137231162278,0.163828602920348
5.16656135161105,0.162380610272216
5.19175039159932,0.160848026948765
5.2169394315876,0.159234574668582
5.24212847157587,0.157544037502699
5.26731751156414,0.155780248850329
5.29250655155242,0.153947078803627
5.31769559154069,0.152048421959484
5.34288463152896,0.150088185732022
5.36807367151724,0.148070279214807
5.39326271150551,0.145998602636928
5.41845175149379,0.143877037451976
5.44364079148206,0.141709437093649
5.46882983147033,0.139499618426249
5.49401887145861,0.137251353912774
5.51920791144688,0.134968364517629
5.54439695143515,0.132654313355268
5.56958599142343,0.130312800090371
5.5947750314117,0.127947356089447
5.61996407139998,0.125561440318133
5.64515311138825,0.123158435972931
5.67034215137652,0.120741647830739
5.6955311913648,0.118314300294327
5.72072023135307,0.115879536106891
5.74590927134134,0.113440415704112
5.77109831132962,0.110999917167641
5.79628735131789,0.108560936739805
5.82147639130616,0.106126289855509
5.84666543129444,0.103698712643887
5.87185447128271,0.101280863849213
5.89704351127099,0.0988753271179522
5.92223255125926,0.0964846135966963
5.94742159124753,0.094111164783976
5.97261063123581,0.0917573555777254
5.99779967122408,0.0894254974594129
6.02298871121235,0.0871178417555886
6.04817775120063,0.084836582917836
6.0733667911889,0.082583861762847
6.09855583117718,0.080361768615563
6.12374487116545,0.0781723463000397
6.14893391115372,0.0760175929248825
6.174122951142,0.0738994644127479
6.19931199113027,0.0718198767265041
6.22450103111854,0.0697807077481553
6.24969007110682,0.0677837987705535
6.27487911109509,0.0658309555661935
6.30006815108336,0.0639239490020098
6.32525719107164,0.0620645151740048
6.35044623105991,0.0602543550407228
6.37563527104818,0.0584951335399807
6.40082431103646,0.0567884781788534
6.42601335102473,0.0551359770926276
6.45120239101301,0.0535391765742477
6.47639143100128,0.051999578081626
6.50158047098955,0.0505186347360352
6.52676951097783,0.0490977473305926
6.5519585509661,0.0477382598735286
6.57714759095437,0.0464414546964716
6.60233663094265,0.0452085471633094
6.62752567093092,0.0440406800202815
6.6527147109192,0.0429389174327455
6.67790375090747,0.0419042387585212
6.70309279089574,0.0409375321117972
6.72828183088402,0.0400395877752481
6.75347087087229,0.0392110915212177
6.77865991086056,0.0384526179055589
6.80384895084884,0.0377646235999203
6.82903799083711,0.0371474408299548
6.85422703082538,0.0366012709880261
6.87941607081366,0.0361261784895351
6.90460511080193,0.0357220849419255
6.92979415079021,0.0353887636947868
6.95498319077848,0.0351258348382172
6.98017223076675,0.034932760714773
7.00536127075503,0.0348088420078918
7.0305503107433,0.0347532144666762
7.05573935073157,0.0347648463233486
7.08092839071985,0.0348425364555988
7.10611743070812,0.0349849133414196
7.1313064706964,0.0351904348489485
7.15649551068467,0.0354573888982965
7.18168455067294,0.0357838950264157
7.20687359066122,0.0361679068797636
7.23206263064949,0.036607215652927
7.25725167063776,0.0370994544845005
7.28244071062604,0.0376421038144514
7.30762975061431,0.0382324976999787
7.33281879060259,0.0388678310795601
7.35800783059086,0.039545167967527
7.38319687057913,0.0402614505541803
7.40838591056741,0.0410135091792097
7.43357495055568,0.0417980731390767
7.45876399054395,0.0426117822821161
7.48395303053223,0.0434511993384641
7.5091420705205,0.0443128229255928
7.53433111050877,0.0451931011642638
7.55952015049705,0.0460884458341756
7.58470919048532,0.0469952469934999
7.6098982304736,0.0479098879819406
7.63508727046187,0.0488287607229417
7.66027631045014,0.0497482812372437
7.68546535043842,0.0506649052771949
7.71065439042669,0.0515751439890659
7.73584343041496,0.0524755795091365
7.76103247040324,0.0533628803985207
7.78622151039151,0.0542338168215981
7.81141055037979,0.0550852753735099
7.83659959036806,0.0559142734634789
7.86178863035633,0.0567179731626975
7.88697767034461,0.0574936944281953
7.91216671033288,0.058238927617428
7.93735575032115,0.0589513452122951
7.96254479030943,0.0596288126758696
7.9877338302977,0.0602693983702739
8.01292287028597,0.0608713824698254
8.03811191027425,0.0614332648097547
8.06330095026252,0.0619537716174295
8.0884899902508,0.0624318610800397
8.11367903023907,0.0628667277100722
8.13886807022734,0.0632578054775506
8.16405711021562,0.0636047696859072
8.18924615020389,0.0639075375763957
8.21443519019216,0.0641662676541219
8.23962423018044,0.0643813577369652
8.26481327016871,0.0645534417368586
8.29000231015699,0.0646833851910026
8.31519135014526,0.064772279568563
8.34038039013353,0.0648214353861842
8.36556943012181,0.0648323741731724
8.39075847011008,0.0648068193344241
8.41594751009835,0.0647466859660419
8.44113655008663,0.0646540696850313
8.4663255900749,0.0645312345404863
8.49151463006318,0.0643806000791872
8.51670367005145,0.064204727643531
8.54189271003972,0.0640063059841498
8.567081750028,0.0637881362734315
8.59227079001627,0.063553116609403
8.61745983000454,0.0633042261020688
8.64264886999282,0.0630445086362922
8.66783790998109,0.0627770564066646
8.69302694996937,0.0625049933205198
8.71821598995764,0.062231458365331
8.74340502994591,0.0619595890361708
8.76859406993419,0.0616925049177443
8.79378310992246,0.0614332915137303
8.81897214991073,0.0611849844138127
8.84416118989901,0.0609505538858716
8.86935022988728,0.060732889977369
8.89453926987555,0.0605347882060267
8.91972830986383,0.0603589359154983
8.9449173498521,0.060207899366916
8.97010638984037,0.0600841116319845
8.99529542982865,0.0599898613477407
9.02048446981692,0.0599272823872387
9.04567350980519,0.0598983444943079
9.07086254979347,0.0599048449241898
9.09605158978174,0.0599484011253601
9.12124062977002,0.0600304444912076
9.14642966975829,0.0601522152035202
9.17161870974656,0.0603147581829764
9.19680774973484,0.0605189201550785
9.22199678972311,0.0607653478332565
9.24718582971139,0.0610544872142385
9.27237486969966,0.0613865839742789
9.29756390968793,0.061761684948481
9.32275294967621,0.0621796406693036
9.34794198966448,0.0626401089343987
9.37313102965275,0.0631425593682627
9.39832006964103,0.0636862789367846
9.4235091096293,0.0642703783687009
9.44869814961757,0.0648937994332134
9.47388718960585,0.0655553230186375
9.49907622959412,0.0662535779529268
9.5242652695824,0.0669870505032892
9.54945430957067,0.0677540944888855
9.57464334955894,0.0685529419377847
9.59983238954722,0.0693817142169687
9.62502142953549,0.0702384335622162
9.65021046952377,0.071121034933179
9.67539950951204,0.072027378117882
9.70058854950031,0.072955260010234
9.72577758948858,0.0739024269839335
9.75096662947686,0.0748665872863841
9.77615566946513,0.0758454233768942
9.80134470945341,0.0768366041345193
9.82653374944168,0.077837796862399
9.85172278942995,0.0788466790173463
9.87691182941823,0.0798609495957337
9.9021008694065,0.0808783401093915
9.92728990939477,0.0818966250882671
9.95247894938305,0.0829136320499681
9.97766798937132,0.0839272508800212
10.0028570293596,0.0849354425706866
10.0280460693479,0.0859362472704725
10.0532351093361,0.0869277916010511
10.0784241493244,0.0879082952030885
10.1036131893127,0.0888760764775148
10.128802229301,0.0898295574939736
10.1539912692892,0.0907672680435592
10.1791803092775,0.0916878488184551
10.2043693492658,0.0925900537066978
10.2295583892541,0.0934727511959728
10.2547474292423,0.094334924886077
10.2799364692306,0.0951756731154202
10.3051255092189,0.0959942077126573
10.3303145492072,0.0967898518902078
10.3555035891954,0.0975620373019967
10.3806926291837,0.0983103002932134
10.405881669172,0.0990342773751931
10.4310707091602,0.0997336999636439
10.4562597491485,0.10040838842336
10.4814487891368,0.101058245467211
10.5066378291251,0.101683248961572
10.5318268691133,0.102283444194463
10.5570159091016,0.102858935666337
10.5822049490899,0.103409878466908
10.6073939890782,0.10393646930431
10.6325830290664,0.104438937255517
10.6577720690547,0.104917534309044
10.682961109043,0.10537252577265
10.7081501490313,0.105804180619987
10.7333391890195,0.106212761850872
10.7585282290078,0.106598516940088
10.7837172689961,0.106961668449394
10.8089063089844,0.107302404876644
10.8340953489726,0.107620871814663
10.8592843889609,0.107917163490766
10.8844734289492,0.10819131475555
10.9096624689374,0.108443293586846
10.9348515089257,0.108672994171493
10.960040548914,0.108880230623943
10.9852295889023,0.109064731396586
11.0104186288905,0.109226134432168
11.0356076688788,0.109363983103766
11.0607967088671,0.109477722982534
11.0859857488554,0.109566699467846
11.1111747888436,0.109630156308566
11.1363638288319,0.109667235038114
11.1615528688202,0.109676975339586
11.1867419088085,0.10965831635078
11.2119309487967,0.10961009891228
11.237119988785,0.109531068755125
11.2623090287733,0.109419880617815
11.2874980687616,0.109275103275747
11.3126871087498,0.109095225459508
11.3378761487381,0.10887866263193
11.3630651887264,0.108623764587484
11.3882542287146,0.108328823831398
11.4134432687029,0.107992084690015
11.4386323086912,0.107611753098312
11.4638213486795,0.107186007005235
11.4890103886677,0.10671300733265
11.514199428656,0.106190909419244
11.5393884686443,0.105617874876739
11.5645775086326,0.104992083782247
11.5897665486208,0.104311747127637
11.6149555886091,0.103575119444288
11.6401446285974,0.102780511519774
11.6653336685857,0.101926303121639
11.6905227085739,0.101010955642772
11.7157117485622,0.100033024582696
11.7409007885505,0.0989911717796125
11.7660898285388,0.0978841773090878
11.791278868527,0.0967109509669237
11.8164679085153,0.0954705432560333
11.8416569485036,0.0941621557999273
11.8668459884918,0.0927851511087922
11.8920350284801,0.0913390616280248
11.9172240684684,0.0898235980034685
11.9424131084567,0.0882386565024432
11.9676021484449,0.0865843255349381
11.9927911884332,0.0848608912250004
12.0179802284215,0.083068841988369
12.0431692684098,0.0812088720787235
12.068358308398,0.0792818840714943
12.0935473483863,0.07728899026097
12.1187363883746,0.0752315129533821
12.1439254283629,0.0731109836457042
12.1691144683511,0.0709291410870158
12.1943035083394,0.0686879282263933
12.2194925483277,0.0663894880583623
12.244681588316,0.064036158383914
12.2698706283042,0.0616304655119107
12.2950596682925,0.0591751169323224
12.3202487082808,0.0566729929991239
12.345437748269,0.0541271376667598
12.3706267882573,0.0515407483298499
12.3958158282456,0.0489171648211875
12.4210048682339,0.0462598576280657
12.4461939082221,0.0435724153915053
12.4713829482104,0.0408585317570312
12.4965719881987,0.0381219916492237
12.521761028187,0.0353666570453388
12.5469500681752,0.032596452325829
12.5721391081635,0.0298153492815945
12.5973281481518,0.0270273518592435
12.6225171881401,0.024236480726536
12.6477062281283,0.0214467577405356
12.6728952681166,0.0186621904007961
12.6980843081049,0.0158867563691763
12.7232733480932,0.0131243881366264
12.7484623880814,0.0103789579155368
12.7736514280697,0.0076542628339968
12.798840468058,0.0049540105056274
12.8240295080462,0.00228180504552278
12.8492185480345,-0.000358866400676353
12.8744075880228,-0.00296464655144564
12.8995966280111,-0.005532320248848
12.9247856679993,-0.00805882602839676
12.9499747079876,-0.0105412669496447
12.9751637479759,-0.0129769206428114
13.0003527879642,-0.0153632485318948
13.0255418279524,-0.0176979041999984
13.0507308679407,-0.0199787408679623
13.075919907929,-0.0222038179628119
13.1011089479173,-0.0243714067579592
13.1262979879055,-0.0264799950724988
13.1514870278938,-0.0285282910222719
13.1766760678821,-0.0305152258206113
13.2018651078704,-0.0324399556317775
13.2270541478586,-0.0343018624850397
13.2522431878469,-0.0361005542620878
13.2774322278352,-0.0378358637749899
13.3026212678234,-0.0395078469561763
13.3278103078117,-0.0411167801859482
13.3529993478,-0.0426631567867201
13.3781883877883,-0.0441476827166403
13.4033774277765,-0.0455712714983302
13.4285664677648,-0.0469350384212807
13.4537555077531,-0.0482402940588936
13.4789445477414,-0.049488537143287
13.5041335877296,-0.0506814468427657
13.5293226277179,-0.0518208744883307
13.5545116677062,-0.0529088347967141
13.5797007076945,-0.0539474966382511
13.6048897476827,-0.0549391733983863
13.630078787671,-0.0558863129818114
13.6552678276593,-0.056791487508132
13.6804568676476,-0.0576573827475967
13.7056459076358,-0.0584867873447826
13.7308349476241,-0.0592825818772718
13.7560239876124,-0.060047727795241
13.7812130276006,-0.0607852562865993
13.8064020675889,-0.0614982571108058
13.8315911075772,-0.062189867442854
13.8567801475655,-0.0628632607670974
13.8819691875537,-0.0635216358586691
13.907158227542,-0.064168205888206
13.9323472675303,-0.064806187683468
13.9575363075186,-0.0654387911792491
13.9827253475068,-0.0660692090847377
14.0079143874951,-0.06670060679521
14.0331034274834,-0.067336112572656
14.0582924674717,-0.0679788080176513
14.0834815074599,-0.0686317188525214
14.1086705474482,-0.0692978060336133
14.1338595874365,-0.0699799572082964
14.1590486274248,-0.0706809785301848
14.184237667413,-0.0714035868440082
14.2094267074013,-0.0721504022495764
14.2346157473896,-0.0729239410523807
14.2598047873778,-0.0737266091065779
14.2849938273661,-0.0745606955543965
14.3101828673544,-0.0754283669644152
14.3353719073427,-0.0763316618696799
14.3605609473309,-0.0772724857052548
14.3857499873192,-0.0782526061435565
14.4109390273075,-0.0792736488246872
14.4361280672958,-0.0803370934779639
14.461317107284,-0.0814442704299544
14.4865061472723,-0.0825963574935423
14.5116951872606,-0.083794377231888
14.5368842272489,-0.0850391945905935
14.5620732672371,-0.0863315148909408
14.5872623072254,-0.0876718821767279
14.6124513472137,-0.0890606779069914
14.637640387202,-0.0904981199867517
14.6628294271902,-0.0919842621278611
14.6880184671785,-0.0935189935320526
14.7132075071668,-0.0951020388883879
14.738396547155,-0.0967329586774592
14.7635855871433,-0.0984111497749317
14.7887746271316,-0.100135846347275
14.8139636671199,-0.101906121032866
14.8391527071081,-0.103720886401988
14.8643417470964,-0.105578896689647
14.8895307870847,-0.107478749795504
14.914719827073,-0.109418889545681
14.9399088670612,-0.111397608211566
14.9650979070495,-0.113413049281205
14.9902869470378,-0.115463210479232
15.0154759870261,-0.117545947031705
15.0406650270143,-0.119658975172557
15.0658540670026,-0.12179987588871
15.0910431069909,-0.123966098901177
15.1162321469792,-0.126154966879734
15.1414211869674,-0.128363679888936
15.1666102269557,-0.130589320063395
15.191799266944,-0.132828856510313
15.2169883069322,-0.13507915043732
15.2421773469205,-0.13733696050358
15.2673663869088,-0.13959894839208
15.2925554268971,-0.141861684600794
15.3177444668853,-0.144121654450227
15.3429335068736,-0.146375264304508
15.3681225468619,-0.148618848002843
15.3933115868502,-0.15084867349771
15.4185006268384,-0.153060949695685
15.4436896668267,-0.155251833496221
15.468878706815,-0.157417437023109
15.4940677468033,-0.159553835042671
15.5192567867915,-0.161657072562037
15.5444458267798,-0.163723172600097
15.5696348667681,-0.165748144122923
15.5948239067564,-0.167727990134635
15.6200129467446,-0.169658715913826
15.6452019867329,-0.171536337384777
15.6703910267212,-0.173356889611813
15.6955800667094,-0.175116435404222
15.7207691066977,-0.176811074018262
15.745958146686,-0.17843694994186
15.7711471866743,-0.179990261746702
15.7963362266625,-0.181467270991491
15.8215252666508,-0.182864311159306
15.8467143066391,-0.184177796611082
15.8719033466274,-0.185404231536423
15.8970923866156,-0.186540218882126
15.9222814266039,-0.187582469238005
15.9474704665922,-0.188527809658885
15.9726595065805,-0.189373192400892
15.9978485465687,-0.19011570354951
16.023037586557,-0.190752571516258
16.0482266265453,-0.191281175380261
16.0734156665336,-0.191699053050456
16.0986047065218,-0.192003909223712
16.1237937465101,-0.19219362311372
16.1489827864984,-0.192266255925163
16.1741718264866,-0.192220058047359
16.1993608664749,-0.192053475941376
16.2245499064632,-0.191765158694413
16.2497389464515,-0.19135396421519
16.2749279864397,-0.190818965044059
16.300117026428,-0.190159453751615
16.3253060664163,-0.189374947899745
16.3504951064046,-0.188465194539302
16.3756841463928,-0.187430174218902
16.4008731863811,-0.186270104479824
16.4260622263694,-0.184985442812503
16.4512512663577,-0.183576889050787
16.4764403063459,-0.182045387180891
16.5016293463342,-0.180392126542911
16.5268183863225,-0.178618542403768
16.5520074263108,-0.17672631588166
16.577196466299,-0.174717373203384
16.6023855062873,-0.172593884277394
16.6275745462756,-0.170358260567062
16.6527635862638,-0.168013152250404
16.6779526262521,-0.165561444654481
16.7031416662404,-0.163006253954783
16.7283307062287,-0.160350922132205
16.7535197462169,-0.157599011182653
16.7787087862052,-0.154754296576932
16.8038978261935,-0.151820759971345
16.8289950378992,-0.148844307833782
16.8541189901567,-0.145871220817068
16.8792429416251,-0.142906068821176
16.9043666137521,-0.139953601539448
16.9294897276367,-0.137018737601676
16.9546120038837,-0.134106552996267
16.9797331624573,-0.131222268841641
17.0048529225334,-0.128371238534381
17.0299710023522,-0.125558934305432
17.0550871190674,-0.122790933219468
17.0802009885962,-0.120072902656339
17.1053123254659,-0.11741058531733
17.1304208426595,-0.11480978380264
17.1555262514593,-0.112276344810179
17.180628261288,-0.109816143009277
17.2057265795473,-0.107435064646288
17.2308209114539,-0.10513899094227
17.2559109598728,-0.102933781345897
17.2809964251472,-0.100825256707509
17.3060770049249,-0.098819182442674
17.3311523939817,-0.0969212517557717
17.3562222840405,-0.0951370689959426
17.3812863635859,-0.0934721332192004
17.4063443176752,-0.0919318220315453
17.4313958277442,-0.0905213757885788
17.456440571408,-0.0892458822273037
17.4814782222571,-0.0881102616055499
17.5065084496466,-0.0871192524237247
17.531530918481,-0.0862773978023799
17.5565452889918,-0.0855890325873677
17.5815512165081,-0.0850582712521454
17.6065483512215,-0.084688996664088
17.631536337942,-0.0844848497784464
17.6565148158468,-0.0844492203199025
17.6814834182211,-0.0845852385075035
17.7064417721892,-0.0848957678741215
17.7313894984371,-0.0853833992265344
17.7563262109249,-0.0860504457867402
17.7812515165893,-0.0868989395492724
17.8061650150344,-0.0879306288830859
17.8310662982117,-0.0891469774000797
17.855954950088,-0.0905491641055601
17.8808305462998,-0.0921380848389543
17.9056926537948,-0.0939143550059448
17.9305408304589,-0.0958783135958926
17.9553746247281,-0.098030028471104
17.9801935751847,-0.100369302907111
18.0049972101363,-0.102895683355836
18.0297850471774,-0.105608468396295
18.0545565927323,-0.108506718830419
18.0793113415778,-0.111589268874734
18.1040487763458,-0.114854738392057
18.1287683670024,-0.118301546101076
18.1534695703052,-0.121927923695811
18.1781518292349,-0.12573193080146
18.2028145724008,-0.129711470688129
18.2274572134192,-0.133864306659432
18.2520791502616,-0.138188079028998
18.2766797645726,-0.142680322594546
18.3012584209549,-0.147338484516417
18.3258144662188,-0.152159942505332
18.3503472285953,-0.157142023222667
18.3748560169099,-0.162282020795743
18.3993401197152,-0.167577215350499
18.4237988043783,-0.17302489146448
18.4482313161224,-0.178622356444332
18.4726368770185,-0.184366958333873
18.4970146849232,-0.190256103561437
18.5213639123619,-0.196287274138347
18.5456837053503,-0.202458044324248
18.5699731821539,-0.208766096679416
18.5942314319784,-0.215209237429129
18.6184575135885,-0.221785411070684
18.6426504538499,-0.228492714159549
18.6668092461884,-0.235329408217522
18.690932848962,-0.242293931712509
18.7150201837396,-0.249384911066557
18.7390701334797,-0.256601170656091
18.7630815406021,-0.263941741775806
18.7870532049463,-0.271405870545312
18.8109838816072,-0.278993024745327
18.8348722786413,-0.286702899577986
18.8587170546319,-0.29453542235348
18.8825168161062,-0.302490756112843
18.9062701147908,-0.310569302204122
18.9299754446958,-0.318771701836328
18.9536312390149,-0.327098836642473
18.9772358668266,-0.335551828289554
19.000787629584,-0.344132037179499
19.024284757375,-0.3528410602908
19.047725404938,-0.361680728215772
19.0711076474135,-0.370653101453049
19.0944294758112,-0.379760466019019
19.117688792172,-0.389005328445362
19.1408834044005,-0.398390410232645
19.1640110207436,-0.407918641832063
19.1870692438857,-0.417593156228755
19.2100555646336,-0.427417282200758
19.2329673551561,-0.437394537327506
19.255801861745,-0.44752862082075
19.278556197059,-0.457823406248968
19.30122733181,-0.468282934223606
19.3238120858472,-0.478911405111853
19.3463071185916,-0.489713171836085
19.3687089187694,-0.500692732814538
19.391013793388,-0.511854725091145
19.4132178558964,-0.523203917694794
19.4353170134642,-0.534745205259355
19.4573069533115,-0.546483601925701
19.4791831280155,-0.55842423553548
19.5009407397164,-0.570572342113448
19.5225747231378,-0.582933260620585
19.544079727336,-0.595512427943961
19.565450096084,-0.608315374070947
19.5866798467953,-0.62134771737499
19.6077626478882,-0.634615159917185
19.6286917944884,-0.648123482642315
19.6494601823695,-0.661878540319335
19.6700602800298,-0.675886256044228
19.6904840988104,-0.690152615087347
19.7107231609657,-0.70468365782739
19.7307684656119,-0.719485471469655
19.7506104524956,-0.734564180196798
19.7702389635524,-0.749925933345774
19.7896432022608,-0.765576891144654
19.8088116908435,-0.781523207477714
19.8277322254308,-0.797771009076869
19.8463918293824,-0.814326370462804
19.8647767050616,-0.831195283881445
19.8828721844872,-0.848383623402795
19.9006626794433,-0.865897102272707
19.9181316318195,-0.883741222538595
19.9352614651887,-0.901921215913568
19.9520335389017,-0.920441974808603
19.9684281063069,-0.939307972460219
19.9844242790711,-0.958523171125804
20,-0.978090917427672
