0.452679866236388
0.4557414296852
0.458833459662908
0.461951776822837
0.465092094633357
0.468250031738083
0.47142112513307
0.474600844097793
0.477784604811122
0.480967785578282
0.484145742590086
0.487313826131466
0.490467397152634
0.493601844112991
0.496712600005315
0.499795159465669
0.502845095873077
0.505858078342093
0.508829888511197
0.511756437030243
0.51463377965118
0.517458132827784
0.520225888732259
0.522933629599286
0.525578141311314
0.528156426142675
0.530665714584404
0.533103476176383
0.535467429278686
0.53775554971962
0.539966078264003
0.542097526851637
0.544148683562606
0.546118616273076
0.548006674972478
0.549812492720437
0.551535985229386
0.553177349066573
0.554737058476958
0.55621586083636
0.557614770752065
0.558935062835893
0.560178263182447
0.561346139592847
0.562440690591656
0.563464133291884
0.564418890169942
0.565307574819011
0.566132976755654
0.566898045360415
0.567605873038727
0.568259677693526
0.568862784605651
0.56941860782219
0.569930631156621
0.570402388907568
0.570837446405546
0.571239380498887
0.571611760091336
0.57195812684441
0.572281976157584
0.572586738538702
0.572875761475641
0.573152291918266
0.573419459476993
0.573680260440981
0.573937542714937
0.574193991768885
0.574452117689994
0.574714243419676
0.57498249425271
0.575258788668144
0.575544830554197
0.575842102881357
0.576151862869431
0.576475138685435
0.576812727699983
0.577165196320349
0.577532881408597
0.5779158932832
0.578314120292535
0.57872723493842
0.579154701517752
0.579595785240165
0.580049562769668
0.580514934128425
0.580990635891326
0.581475255590767
0.581967247242291
0.582464947893351
0.582966595089628
0.583470345146111
0.583974292103493
0.584476487244532
0.584974959039853
0.585467733388251
0.585952854013027
0.586428402873163
0.586892520446392
0.587343425740302
0.58777943588775
0.588198985183844
0.588600643423784
0.588983133403816
0.589345347451466
0.589686362856088
0.590005456076562
0.590302115609651
0.590576053410073
0.590827214761721
0.591055786508593
0.591262203563854
0.591447153625987
0.591611580042088
0.591756682770017
0.591883917403213
0.591994992234461
0.592091863347648
0.592176727739546
0.592252014486756
0.592320373986068
0.592384665309609
0.592447941729055
0.592513434475921
0.592584534817315
0.592664774538526
0.592757804935303
0.592867374429599
0.592997304932808
0.593151467090074
0.593333754547963
0.593548057395708
0.593798234937159
0.594088087956588
0.594421330646458
0.594801562369193
0.595232239427789
0.595716647021867
0.596257871566302
0.596858773549048
0.597521961103072
0.598249764464475
0.599044211484949
0.599907004361657
0.600839497741536
0.601842678349851
0.602917146284734
0.604063098110363
0.605280311871502
0.606568134141374
0.607925469203343
0.609350770454725
0.61084203410828
0.612396795253693
0.614012126327653
0.615684638027146
0.617410482686294
0.619185360122726
0.621004525944941
0.622862802297788
0.624754591008851
0.626673889084516
0.628614306490757
0.630569086140338
0.632531125995341
0.634493003181609
0.636447000000161
0.6383851317097
0.64029917594427
0.642180703620898
0.644021111183712
0.645811654023679
0.647543480906745
0.649207669237841
0.650795260983965
0.652297299076376
0.653704864109899
0.65500911115634
0.656201306509202
0.657272864178104
0.658215381953633
0.659020676866753
0.659680819871247
0.66018816958311
0.660535404917056
0.660715556467586
0.660722036490022
0.6605486673458
0.660189708285737
0.659639880455195
0.658894390015725
0.657948949288934
0.656799795839915
0.655443709429435
0.65387802677619
0.65210065408271
0.650110077290777
0.647905370044554
0.645486199351771
0.642852828945354
0.640006120359575
0.636947531746246
0.633679114467434
0.630203507511697
0.626523929790815
0.622644170383356
0.618568576800157
0.614302041354814
0.609849985729604
0.605218343833771
0.600413543056872
0.595442484024817
0.590312518970328
0.585031428832868
0.579607399205512
0.574048995247921
0.568365135685385
0.562565066014003
0.556658331031362
0.550654746810681
0.544564372234315
0.538397480199786
0.532164528608229
0.525876131241273
0.519543028628127
0.513176058999844
0.506786129422708
0.500384187197292
0.493981191604094
0.487588086070939
0.481215770831391
0.474875076137532
0.468576736084535
0.462331363098633
0.456149423134378
0.450041211621554
0.444016830196842
0.438086164250281
0.432258861311888
0.426544310299432
0.420951621644357
0.415489608309282
0.410166767707281
0.404991264530448
0.399970914492853
0.39511316899115
0.390425100684554
0.385913389994879
0.381584312526576
0.377443727406419
0.373497066542483
0.369749324802352
0.366205051111074
0.362868340470212
0.359742826900271
0.356831677309977
0.35413758629704
0.351662771886377
0.349408972212961
0.347377443157771
0.345568956946378
0.343983801720739
0.342621782095564
0.341482220711222
0.340563960795473
0.339865369746378
0.33938434374843
0.339118313433365
0.339064250596097
0.339218675974872
0.339577668102981
0.340136873237233
0.34089151636584
0.341836413295477
0.342965983813959
0.344274265921367
0.345754931118465
0.347401300736988
0.349206363291832
0.351162792830416
0.353262968249488
0.355498993544572
0.357862718951982
0.360345762938086
0.362939534985203
0.365635259118285
0.36842399811138
0.371296678307889
0.374244114983841
0.377257038178837
0.380326118915095
0.383441995721092
0.386595301372784
0.389776689762279
0.392976862801199
0.396186597263794
0.399396771473256
0.402598391733563
0.405782618408655
0.40894079155075
0.412064455980254
0.415145385720849
0.418175607695149
0.421147424588624
0.424053436792372
0.426886563338767
0.429640061747921
0.432307546707361
0.434883007512192
0.437360824198347
0.43973578230724
0.44200308622618
0.444158371055302
0.446197712958367
0.448117637961684
0.449915129172379
0.451587632394439
0.453133060128151
0.454549793945844
0.455836685244067
0.456993054379545
0.458018688203322
0.458913836014442
0.459679203961274
0.460315947925106
0.460825664926897
0.46121038310407
0.461472550309853
0.461615021393007
0.461641044220679
0.461554244511711
0.461358609551796
0.461058470865644
0.460658485924568
0.460163618970714
0.459579121041596
0.458910509280487
0.458163545619742
0.457344214925191
0.456458702690322
0.455513372369217
0.45451474243695
0.453469463265548
0.452384293902628
0.45126607883841
0.450121724845134
0.448958177970799
0.447782400766838
0.446601349826632
0.445421953708898
0.444251091316782
0.443095570800151
0.441962109044953
0.44085731180981
0.439787654566078
0.438759464093609
0.437778900880301
0.436851942369351
0.435984367093834
0.435181739733963
0.434449397128064
0.433792435264017
0.433215697273621
0.432723762448139
0.432320936289119
0.432011241604472
0.431798410655875
0.431685878359614
0.431676776539316
0.43177392922536
0.431979848992312
0.432296734322446
0.432726467980266
0.433270616379981
0.433930429925125
0.434706844296914
0.435600482665518
0.436611658796236
0.437740381020515
0.438986357039941
0.440348999529676
0.441827432506366
0.443420498424267
0.445126765962234
0.446944538463304
0.448871862987832
0.450906539940545
0.453046133231396
0.455287980929835
0.457629206371867
0.460066729679251
0.462597279650222
0.465217405981254
0.467923491779647
0.470711766327021
0.473578318054201
0.47651910768843
0.479529981534359
0.482606684850819
0.485744875285964
0.488940136334012
0.492187990777453
0.49548391407927
0.498823347690403
0.502201712238378
0.505614420563765
0.509056890571804
0.512524557867306
0.516012888141661
0.519517389281531
0.52303362316958
0.526557217148371
0.530083875119349
0.533609388249693
0.537129645260612
0.540640642271631
0.544138492176279
0.54761943352561
0.551079838897015
0.554516222726866
0.55792524858671
0.561303735883945
0.564648665969227
0.567957187634245
0.571226621984961
0.574454466676989
0.577638399501428
0.580776281311213
0.583866158279874
0.586906263486532
0.589895017822981
0.59283103022079
0.595713097198575
0.598540201731845
0.601311511450146
0.604026376168678
0.606684324763952
0.609285061405609
0.611828461159034
0.614314564975942
0.616743574092702
0.619115843858709
0.621431877019643
0.623692316482966
0.625897937595457
0.628049639964948
0.630148438860744
0.632195456229371
0.634191911364407
0.636139111271049
0.638038440767896
0.639891352370017
0.641699355998831
0.643464008565559
0.645186903476045
0.646869660105544
0.648513913292657
0.650121302901932
0.651693463504704
0.653232014227598
0.654738548817658
0.656214625972339
0.657661759981651
0.65908141172845
0.660474980091375
0.661843793793124
0.66318910373473
0.664512075854182
0.6658137845452
0.667095206669206
0.668357216190526
0.669600579461676
0.670825951182199
0.672033871050966
0.67322476112817
0.674398923919394
0.67555654119024
0.676697673515954
0.677822260566447
0.678930122123006
0.680020959818873
0.681094359591789
0.682149794832588
0.683186630209917
0.684204126147325
0.685201443925221
0.686177651376583
0.687131729141915
0.688062577445709
0.688969023353663
0.689849828467159
0.690703697008982
0.691529284252043
0.692325205240928
0.693090043754459
0.693822361456127
0.694520707178279
0.695183626285269
0.695809670060451
0.696397405061908
0.696945422392175
0.697452346827873
0.697916845756201
0.698337637866584
0.698713501547392
0.69904328293965
0.699325903601856
0.699560367742561
0.699745768980165
0.699881296592328
0.699966241220695
0.7
0.699982081084249
0.699912107546388
0.699789820631753
0.699615082349572
0.699387877390784
0.69910831436459
0.69877662635019
0.698393170764342
0.697958428549373
0.697473002690373
0.696937616074197
0.69635310870678
0.695720434308969
0.695040656314692
0.694314943298667
0.693544563864133
0.692730881024082
0.691875346112333
0.690979492263378
0.690044927502249
0.68907332748782
0.688066427954738
0.687026016900769
0.685953926567643
0.684852025264451
0.683722209083403
0.682566393558151
0.68138650531504
0.680184473767474
0.678962222903159
0.677721663213239
0.676464683811359
0.675193144789361
0.673908869854825
0.672613639293807
0.67130918330008
0.669997175709917
0.668679228178864
0.66735688483427
0.666031617434362
0.664704821061535
0.663377810374227
0.66205181643829
0.660727984155195
0.659407370300671
0.658090942183615
0.65677957693119
0.655474061402112
0.654175092726143
0.652883279463838
0.651599143376574
0.650323121793016
0.649055570554209
0.647796767515755
0.646546916581766
0.645306152241777
0.644074544578316
0.642852104709644
0.641638790629091
0.640434513399612
0.639239143659582
0.638052518393563
0.636874447919683
0.63570472304359
0.634543122327466
0.633389419421505
0.632243390404537
0.631104821080015
0.629973514173604
0.628849296378878
0.627732025198377
0.626621595528275
0.625517945936394
0.624421064585036
0.623330994752281
0.622247839907845
0.62117176830244
0.620103017032638
0.619041895546714
0.617988788560566
0.616944158356769
0.615908546443928
0.614882574557855
0.613866944990543
0.612862440237552
0.611869921959091
0.610890329254865
0.609924676257491
0.608974049054079
0.608039601950252
0.607122553095496
0.606224179493217
0.605345811423208
0.604488826308334
0.603654642061185
0.602844709950042
0.602060507026885
0.601303528163217
0.600575277742154
0.599877261057637
0.599210975473545
0.598577901397133
0.597979493122387
0.597417169599689
0.596892305188597
0.596406220450498
0.595960173037497
0.5955553487331
0.595192852699028
0.594873700980975
0.594598812324182
0.594369000347468
0.59418496612181
0.594047291196718
0.593956431114578
0.593912709449812
0.593916312406177
0.59396728400189
0.594065521868407
0.594210773684821
0.594402634265853
0.594640543317391
0.594923783869566
0.595251481393326
0.595622603602593
0.596035960940229
0.59649020774234
0.596983844071851
0.597515218208885
0.598082529782219
0.598683833523072
0.599317043619628
0.599979938648111
0.600670167053829
0.60138525315351
0.602122603628311
0.602879514475272
0.603653178383568
0.604440692500733
0.605239066553128
0.606045231284179
0.606856047173465
0.607668313399396
0.608478777008198
0.60928414225194
0.610081080058653
0.610866237597969
0.611636247906256
0.612387739535911
0.613117346194241
0.613821716338244
0.614497522692556
0.61514147165888
0.615750312586269
0.616320846872827
0.616849936870523
0.617334514566074
0.617771590012087
0.618158259483907
0.618491713338954
0.618769243556597
0.618988250937987
0.619146251946622
0.619240885171762
0.619269917398258
0.619231249267768
0.619122920517778
0.618943114786375
0.618690163972228
0.618362552140819
0.61795891896957
0.617478062726227
0.616918942776507
0.616280681618857
0.615562566445932
0.614764050234297
0.613884752365745
0.612924458785579
0.61188312170517
0.61076085885811
0.609557952321273
0.608274846914114
0.606912148191522
0.605470620047507
0.603951181948905
0.602354905820132
0.600683012601799
0.598936868507609
0.597117981005529
0.595227994550592
0.593268686097876
0.59124196042526
0.589149845296345
0.586994486494515
0.584778142759459
0.582503180657532
0.58017206941715
0.577787375759931
0.57535175875748
0.572867964742693
0.57033882230301
0.567767237381428
0.565156188509043
0.562508722190701
0.559827948462728
0.557117036638968
0.554379211258321
0.551617748243703
0.548835971278969
0.546037248406735
0.543224988846348
0.54040264002749
0.537573684831076
0.534741639025301
0.531910048880937
0.529082488946281
0.52626255995867
0.523453886866069
0.520660116929177
0.517884917871614
0.515131976043233
0.51240499455946
0.50970769137776
0.507043797271029
0.504417053656814
0.501831210240921
0.499290022434073
0.496797248501
0.494356646402512
0.491971970292915
0.489646966637434
0.487385369917161
0.485190897892469
0.483067246399716
0.481018083660469
0.47904704408733
0.477157721575715
0.475353662276565
0.473638356850945
0.472015232213729
0.470487642779976
0.469058861234251
0.46773206884977
0.466510345390956
0.465396658639625
0.464393853591498
0.463504641376054
0.46273158795872
0.462077102690089
0.46154342677209
0.461132621715795
0.460846557869763
0.460686903101426
0.460655111716959
0.4607524137073
0.460979804409474
0.461338034673038
0.461827601621349
0.462448740096373
0.463201414873925
0.464085313733575
0.465099841463878
0.466244114879293
0.467516958919891
0.468916903899078
0.470442183957772
0.472090736776136
0.47386020458588
0.475747936517553
0.47775099230809
0.479866147384339
0.482089899328353
0.484418475720062
0.486847843342566
0.489373718724858
0.49199157998633
0.494696679937088
0.497484060377989
0.500348567534441
0.503284868548598
0.5062874689456
0.509350730981109
0.512468892769666
0.515636088086351
0.518846366728027
0.5220937153151
0.525372078410259
0.52867537982724
0.531997544000143
0.535332517282456
0.538674289044539
0.542016912439035
0.545354524705436
0.548681366887878
0.551991802844081
0.555280337428248
0.558541633736567
0.561770529310753
0.564962051202684
0.56811142981162
0.571214111414694
0.574265769321118
0.57726231359098
0.580199899270311
0.583074933105345
0.585884078710377
0.588624260175311
0.591292664110705
0.593886740139862
0.596404199859071
0.598843014298439
0.601201409926775
0.60347786325454
0.605671094098952
0.607780057584757
0.609803934962948
0.611742123337726
0.613594224399148
0.615360032265236
0.617039520542656
0.618632828719516
0.620140248007208
0.621562206750622
0.622899255527413
0.624152052057366
0.625321346042162
0.626407964054245
0.627412794590753
0.628336773404964
0.629180869223174
0.629946069949632
0.630633369456075
0.631243755045594
0.631778195673108
0.632237630996775
0.632622961326131
0.632935038523928
0.633174657909441
0.633342551201628
0.633439380531002
0.633465733539507
0.633422119578202
0.63330896700312
0.633126621560565
0.632875345844192
0.632555319797721
0.632166642229085
0.631709333294207
0.631183337901635
0.630588529982815
0.629924717567073
0.629191648595272
0.628389017401795
0.62751647179086
0.626573620630336
0.625560041884103
0.624475291002638
0.623318909590903
0.622090434272726
0.620789405671658
0.619415377429798
0.617967925188201
0.616446655455178
0.614851214292134
0.613181295750282
0.611436649995897
0.609617091066306
0.607722504203847
0.60575285272022
0.603708184349141
0.601588637050805
0.599394444237408
0.597125939394707
0.594783560080374
0.592367851285534
0.589879468151471
0.587319178038842
0.58468786195193
0.581986515325366
0.579216248185391
0.576378284702037
0.573473962152552
0.570504729319989
0.567472144354073
0.564377872124264
0.561223681097311
0.558011439773585
0.554743112718043
0.551420756222831
0.548046513639314
0.544622610417716
0.541151348892582
0.537635102851938
0.534076311927448
0.530477475841866
0.526841148548982
0.523169932299743
0.519466471666673
0.515733447556869
0.511973571241909
0.508189578430945
0.504384223411117
0.500560273277222
0.496720502270362
0.492867686243081
0.489004597266324
0.48513399839144
0.481258638578396
0.477381247799442
0.473504532325628
0.469631170201893
0.465763806914894
0.46190505125634
0.458057471383381
0.45422359107653
0.450405886194683
0.446606781326117
0.442828646633735
0.439073794892473
0.435344478716512
0.431642887973861
0.427971147385902
0.424331314309673
0.420725376700918
0.417155251256332
0.413622781733875
0.410129737450544
0.406677811957593
0.403268621893767
0.399903706017769
0.396584524421797
0.393312457928592
0.390088807675027
0.386914794885805
0.383791560841303
0.380720167043997
0.377701595588231
0.374736749738299
0.37182645471992
0.368971458730206
0.366172434171051
0.363429979110662
0.360744618977541
0.358116808490692
0.355546933829215
0.353035315043589
0.35058220871008
0.348187810828603
0.34585225996322
0.343575640623109
0.341357986880474
0.339199286220301
0.33709948361529
0.33505848581758
0.333076165857135
0.331152367734853
0.329286911296595
0.327479597272475
0.325730212463841
0.324038535058548
0.322404340053222
0.320827404759472
0.319307514369218
0.317844467552666
0.316438082060907
0.315088200303645
0.313794694871272
0.31255747396933
0.311376486732399
0.310251728383653
0.309183245205668
0.308171139287697
0.307215573014395
0.30631677326103
0.305475035260509
0.304690726108026
0.30396428786998
0.30329624026478
0.302687182884488
0.302137796927778
0.3016488464165
0.301221178870183
0.300855725415126
0.300553500307223
0.300315599850464
0.300143200695982
0.300037557509709
0.3
0.300031929300135
0.300134813704185
0.300310183758514
0.300559626715029
0.300884780356163
0.30128732620556
0.301768982142367
0.302331494440985
0.302976629262028
0.303706163624062
0.304521875889442
0.305425535801124
0.306418894110805
0.307503671841999
0.308681549234671
0.30995415442093
0.311323051883794
0.312789730753347
0.314355592996622
0.316021941559185
0.317789968517792
0.319660743304482
0.321635201063157
0.323714131200019
0.325898166189162
0.328187770694271
0.330583231066566
0.333084645278038
0.335691913347567
0.338404728315686
0.341222567821644
0.344144686333952
0.347170108082877
0.350297620740288
0.353525769889014
0.356852854320296
0.36027692219422
0.363795768094046
0.367406931001264
0.371107693213952
0.374895080226653
0.378765861585539
0.382716552728111
0.386743417812149
0.390842473534037
0.39500949393209
0.399240016165966
0.403529347258831
0.407872571784589
0.412264560478251
0.416699979743402
0.421173302026768
0.425678817026083
0.430210643693855
0.434762742996206
0.439328931382748
0.443902894920512
0.448478204042132
0.453048328856045
0.457606654964153
0.462146499730404
0.466661128941995
0.471143773803386
0.475587648202118
0.479985966184396
0.484331959577747
0.488618895697566
0.49284009507418
0.496988949137105
0.501058937793502
0.505043646838328
0.508936785134521
0.512732201502532
0.516423901259762
0.520006062351927
0.523473051020032
0.526819436948493
0.53004000784201
0.533129783381041
0.536084028508113
0.538898265999825
0.54156828828209
0.544090168449068
0.546460270449227
0.548675258405118
0.550732105036681
0.552628099161225
0.554360852246684
0.555928303998205
0.557328726961722
0.558560730131761
0.559623261554363
0.56051560991969
0.561237405142548
0.561788617932729
0.562169558360739
0.562380873428084
0.562423543654887
0.56229887870109
0.562008512040989
0.561554394714176
0.560938788179236
0.560164256299726
0.559233656494958
0.558150130091063
0.556917091910518
0.555538219140979
0.554017439526677
0.552358918927907
0.550567048296273
0.548646430115216
0.546601864357098
0.544438334009634
0.54216099022577
0.53977513715223
0.537286216492836
0.534699791863423
0.532021532995612
0.52925719984699
0.526412626675284
0.523493706133929
0.520506373446087
0.517456590713528
0.514350331416024
0.511193565155881
0.507992242700998
0.504752281378484
0.501479550869189
0.498179859451763
0.494858940742828
0.491522440977727
0.488175906873928
0.484824774116691
0.481474356503913
0.478129835784257
0.474796252219683
0.471478495900397
0.468181298836992
0.464909227851183
0.461666678283062
0.458457868529214
0.455286835422377
0.452157430459546
0.449073316881636
0.446037967603913
0.443054663992501
0.440126495478332
0.437256359995943
0.434446965230587
0.431700830653207
0.429020290318944
0.426407496401019
0.423864423428121
0.421392873189786
0.41899448027075
0.416670718171897
0.414422905972241
0.412252215483356
0.410159678844906
0.408146196507356
0.40621254554564
0.404359388245562
0.402587280902959
0.400896682774268
0.399287965116061
0.397761420250384
0.396317270592416
0.394955677576948
0.39367675042066
0.392480554657938
0.391367120389246
0.390336450182687
0.389388526571428
0.388523319092128
0.387740790812371
0.38704090429833
0.386423626977536
0.38588893585561
0.385436821550147
0.385067291609611
0.384780373090027
0.38457611436753
0.38445458617021
0.384415881818439
0.384460116668617
0.384587426761266
0.384797966680413
0.385091906637281
0.385469428797379
0.385930722876096
0.386475981033828
0.387105392107455
0.387819135220581
0.388617372820286
0.389500243193285
0.39046785251907
0.391520266522089
0.392657501788974
0.393879516820414
0.395186202890355
0.396577374787825
0.39805276151872
0.399611997046455
0.401254611151292
0.40298002048857
0.404787519925844
0.406676274238097
0.408645310238849
0.410693509422937
0.412819601194224
0.415022156748294
0.417299583676597
0.419650121354203
0.422071837168718
0.424562623642673
0.42712019649616
0.42974209369047
0.43242567548718
0.435168125550483
0.437966453113674
0.440817496223606
0.443717926069671
0.446664252396507
