0.53541847399853
0.539945502234259
0.544493787790211
0.549056320202629
0.553625906707362
0.558195186129542
0.562756643504928
0.567302625403338
0.571825355922114
0.576316953315177
0.580769447220894
0.585174796449686
0.589524907290056
0.593811652289554
0.598026889465112
0.602162481895115
0.606210317643665
0.610162329965622
0.614010517739242
0.617746966071564
0.621363867020159
0.624853540373402
0.628208454430096
0.631421246718134
0.634484744590769
0.63739198563822
0.640136237851533
0.642711019475058
0.645110118483455
0.647327611618898
0.649357882924062
0.651195641706626
0.652835939871299
0.654274188555935
0.65550617400902
0.656528072646756
0.657336465229156
0.657928350095977
0.65830115540493
0.65845275031654
0.658381455072115
0.658086049913709
0.657565782797569
0.65682037585549
0.655850030561618
0.654655431565699
0.653237749157415
0.651598640330404
0.649740248418727
0.647665201283006
0.64537660802812
0.642878054239244
0.6401735957282
0.637267750787375
0.634165490954061
0.630872230293746
0.627393813216817
0.623736500849125
0.619906955983011
0.615912226641638
0.611759728295733
0.607457224778205
0.603012807948379
0.598434876163906
0.593732111624597
0.588913456658534
0.583988089026737
0.578965396328447
0.573854949594567
0.568666476162057
0.563409831926992
0.558094973078522
0.552731927420144
0.54733076538836
0.541901570882011
0.536454412018254
0.530999311933239
0.525546219747076
0.520104981813548
0.514685313375248
0.509296770744381
0.503948724128283
0.498650331216881
0.493410511646702
0.488237922452722
0.483140934615333
0.478127610804932
0.473205684421174
0.468382540017833
0.463665195197373
0.459060284051966
0.45457404221968
0.45021229361601
0.445980438891951
0.441883445660311
0.437925840522172
0.434111702915283
0.430444660795782
0.426927888154161
0.423564104355764
0.42035557528551
0.417304116266002
0.414411096707826
0.411677446440714
0.409103663664442
0.406689824448945
0.404435593704231
0.40234023753231
0.400402636865642
0.398621302289603
0.396994389940197
0.395519718362796
0.394194786213153
0.393016790678222
0.391982646491651
0.391089005417029
0.390332276071241
0.389708643960492
0.389214091602851
0.38884441861333
0.388595261630769
0.388462113969904
0.388440344887051
0.388525218353752
0.388711911239429
0.38899553081158
0.389371131470154
0.389833730641496
0.390378323766526
0.390999898327483
0.391693446867608
0.392453978968437
0.393276532159778
0.394156181747973
0.39508804955845
0.396067311598893
0.39708920465941
0.398149031875792
0.399242167291266
0.400364059460937
0.401510234151283
0.402676296194625
0.403857930565272
0.40505090275003
0.406251058490955
0.407454322982427
0.408656699608046
0.409854268305154
0.411043183646293
0.412219672727323
0.41338003295145
0.414520629796953
0.415637894654051
0.416728322813081
0.417788471682056
0.418814959306795
0.419804463261168
0.420753719968706
0.421659524509928
0.422518730962322
0.423328253312062
0.424085066968319
0.424786210902598
0.42542879042683
0.4260099806153
0.426527030366716
0.426977267094159
0.427358102022232
0.427667036062566
0.427901666231075
0.428059692563006
0.428138925474965
0.42813729351686
0.428052851451029
0.427883788590893
0.427628437327212
0.427285281766583
0.426852966404101
0.426330304750263
0.425716287831126
0.425010092480486
0.424211089343444
0.423318850512098
0.422333156716231
0.421254003994803
0.420081609777622
0.418816418310875
0.417459105365031
0.416010582169129
0.414471998521321
0.412844745031969
0.411130454462252
0.409331002128305
0.40744850534809
0.4054853219156
0.40344404759442
0.401327512630108
0.399138777288202
0.396881126431888
0.394558063160333
0.392173301535428
0.389730758431039
0.387234544544866
0.384688954618557
0.382098456916747
0.379467682020261
0.37680141099267
0.374104562982782
0.371382182328427
0.368639425229092
0.365881546056484
0.363113883373055
0.360341845728824
0.357570897306572
0.354806543484628
0.352054316385031
0.349319760472983
0.346608418271015
0.343925816248504
0.34127745094386
0.338668775373104
0.336105185774649
0.333592008735873
0.331134488742742
0.328737776189169
0.326406915878197
0.324146836042409
0.321962337906327
0.319858085808952
0.317838597900116
0.315908237419983
0.314071204566889
0.312331528954808
0.310693062658095
0.309159473837797
0.30773424094082
0.306420647460541
0.305221777245132
0.304140510337909
0.30317951933241
0.302341266223714
0.301627999736612
0.301041753110788
0.300584342322972
0.30025736472619
0.300062198086711
0.3
0.300071707667976
0.30027803802105
0.300619488169786
0.301096336172546
0.301708642107077
0.302456249435696
0.303338786655452
0.304355669226352
0.305506101772429
0.306789080552016
0.308203396195144
0.309747636707306
0.311420190740075
0.313219251130104
0.315142818708868
0.317188706386109
0.319354543510382
0.321637780510205
0.324035693819261
0.326545391088766
0.329163816689529
0.331887757505469
0.334713849019298
0.337638581689873
0.340658307619317
0.343769247506404
0.346967497881005
0.350249038612528
0.353609740683363
0.357045374216321
0.360551616743054
0.364124061698343
0.36775822712318
0.371449564557533
0.375193468101853
0.378985283624525
0.382820318090863
0.386693848987696
0.390601133816276
0.394537419625071
0.398497952553096
0.402477987353639
0.406472796867818
0.410477681417036
0.41448797808343
0.418499069847544
0.42250639455288
0.426505453667607
0.430491820814548
0.434461150041561
0.438409183805694
0.442331760645796
0.446224822519855
0.450084421784896
0.453906727799093
0.457688033127496
0.461424759334714
0.46511346234978
0.468750837390381
0.472333723435535
0.47585910723775
0.479324126867514
0.482726074784806
0.486062400434046
0.489330712360544
0.492528779848076
0.495654534078673
0.498706068817075
0.501681640623522
0.504579668599751
0.507398733674058
0.510137577432282
0.512795100502409
0.515370360501266
0.517862569552541
0.52027109138598
0.522595438028285
0.524835266096813
0.526990372707797
0.529060691011407
0.531046285366597
0.532947346169353
0.534764184348694
0.536497225545513
0.53814700399027
0.539714156096422
0.541199413787533
0.542603597577138
0.543927609421608
0.545172425367605
0.546339088017064
0.54742869883415
0.548442410320115
0.549381418083615
0.550246952835622
0.551040272339727
0.551762653350242
0.552415383572106
0.55299975367814
0.553517049420623
0.553968543875531
0.554355489858931
0.554679112556041
0.554940602404284
0.555141108272204
0.555281730976422
0.555363517178821
0.555387453705805
0.55535446233087
0.555265395060658
0.555121029963301
0.554922067576082
0.554669127927238
0.554362748204166
0.55400338109732
0.553591393845674
0.553127068005917
0.552610599963381
0.552042102198241
0.551421605315739
0.550749060844099
0.550024344798451
0.549247262003551
0.548417551162344
0.547534890651602
0.546598905019924
0.545609172157493
0.544565231101068
0.543466590431909
0.542312737218711
0.541103146452175
0.539837290912716
0.538514651407996
0.537134727312514
0.535697047337535
0.53420118045609
0.532646746904869
0.531033429182395
0.529360982961141
0.527629247830094
0.52583815778385
0.523987751374556
0.522078181443977
0.520109724354614
0.518082788641201
0.515997923006965
0.51385582359281
0.511657340452018
0.509403483168125
0.507095425559289
0.504734509418695
0.502322247247256
0.499860323942052
0.497350597411507
0.494795098096189
0.492196027382281
0.489555754903061
0.486876814732202
0.484161900481155
0.481413859321287
0.478635684959766
0.475830509606262
0.473001594975383
0.470152322377195
0.467286181955277
0.464406761138298
0.461517732377143
0.458622840245031
0.455725887982844
0.45283072357595
0.449941225452164
0.447061287893046
0.44419480625256
0.441345662078101
0.438517708229104
0.435714754087855
0.432940550955721
0.430198777725882
0.427493026920724
0.424826791178458
0.42220345026926
0.419626258716305
0.417098334091639
0.414622646050826
0.412202006163941
0.409839058593637
0.407536271663974
0.405295930356337
0.403120129761316
0.40101076950785
0.398969549183385
0.396997964751302
0.395097305964527
0.393268654767099
0.39151288466864
0.38983066107013
0.38822244251333
0.386688482820513
0.385228834086025
0.383843350476599
0.382531692793292
0.38129333374451
0.380127563876722
0.379033498107354
0.3780100828027
0.377056103342872
0.376170192115408
0.375350836879517
0.374596389443761
0.373905074601423
0.373274999269678
0.372704161781092
0.372190461278749
0.371731707169452
0.371325628592912
0.370969883868526
0.370662069885263
0.370399731404187
0.370180370247225
0.370001454349922
0.369860426659926
0.369754713866919
0.369681734953464
0.36963890955978
0.369623666158791
0.369633450040744
0.369665731109347
0.369718011493666
0.36978783298187
0.369872784284369
0.369970508134907
0.370078708238747
0.370195156077219
0.370317697577582
0.370444259656456
0.370572856643899
0.370701596593739
0.370828687483863
0.370952443307993
0.371071290058012
0.371183771593198
0.371288555389819
0.371384438161531
0.371470351337846
0.371545366384829
0.371608699948966
0.37165971880212
0.371697944562462
0.37172305816353
0.371734904040939
0.371733494003988
0.371719010757393
0.371691811036732
0.371652428319915
0.371601575076157
0.371540144513499
0.371469211786019
0.371390034622368
0.371304053338336
0.371212890197638
0.371118348087143
0.371022408475271
0.370927228625229
0.370835138038213
0.370748634105532
0.37067037695289
0.370603183464669
0.370550020481028
0.370513997165881
0.370498356549306
0.370506466253641
0.37054180841835
0.370607968844721
0.370708625387382
0.370847535625661
0.371028523853671
0.371255467433842
0.371532282564195
0.371862909515099
0.372251297396321
0.372701388520041
0.373217102429874
0.373802319670012
0.374460865372147
0.375196492740914
0.376012866521198
0.376913546532622
0.377901971358026
0.378981442273597
0.380155107508585
0.381425946922173
0.382796757184145
0.384270137544379
0.385848476274048
0.387533937858578
0.389328451019088
0.391233697635061
0.393251102636516
0.395381824928969
0.397626749408949
0.399986480121917
0.402461334608068
0.405051339474774
0.40775622722737
0.410575434382627
0.413508100881728
0.416553070811746
0.419708894436808
0.422973831532114
0.426345856006027
0.42982266178751
0.433401669948294
0.437080037021489
0.440854664470806
0.444722209257302
0.448679095443615
0.45272152676903
0.456845500122545
0.461046819835336
0.465321112708786
0.469663843689517
0.474070332098721
0.478535768319555
0.48305523084347
0.487623703574106
0.492236093285841
0.496887247133239
0.501571970107526
0.506285042336798
0.511021236128023
0.51577533265092
0.520542138166583
0.525316499707185
0.530093320117259
0.534867572371867
0.539634313092442
0.54438869518712
0.549125979549033
0.553841545753151
0.558530901699891
0.563189692161733
0.567813706197506
0.572398883407697
0.576941319013085
0.581437267748161
0.585883146569996
0.590275536192534
0.594611181465531
0.598886990626504
0.603100033463049
0.607247538431615
0.611326888787238
0.615335617786761
0.619271403035683
0.623132060055782
0.626915535157189
0.630619897704388
0.634243331870789
0.637784127980889
0.641240673542685
0.644611444075742
0.647894993842262
0.651089946589538
0.654194986412272
0.657208848842476
0.660130312272916
0.662958189817456
0.665691321708046
0.668328568323695
0.67086880394141
0.673310911292915
0.67565377700402
0.677896287985766
0.680037328838085
0.682075780317626
0.68401051891182
0.68584041755111
0.687564347480744
0.689181181302661
0.690689797186898
0.692089084240621
0.693377949011602
0.694555323091613
0.695620171774029
0.696571503708966
0.697408381488654
0.698129933085473
0.698735364055379
0.699223970410293
0.699595152054575
0.699848426672989
0.699983443950719
0.7
0.699898051862971
0.699677731956322
0.699339362320444
0.698883468533947
0.698310793153757
0.697622308541451
0.696819228938174
0.695903021653248
0.694875417235566
0.693738418501951
0.692494308302881
0.691145655913237
0.689695321944025
0.688146461680313
0.686502526760734
0.68476726512493
0.682944719167012
0.681039222045515
0.679055392113264
0.676998125443966
0.674872586446154
0.672684196569086
0.670438621119413
0.668141754221619
0.665799701969353
0.663418763828742
0.661005412368372
0.658566271403898
0.656108092657927
0.653637731047945
0.65116211872646
0.648688238008119
0.646223093328282
0.643773682386308
0.641346966634507
0.6389498412804
0.636589104975394
0.634271429367327
0.63200332869744
0.629791129624198
0.627640941456998
0.625558626982183
0.623549774061861
0.62161966818293
0.619773266129372
0.618015170945347
0.616349608350007
0.614780404757196
0.61331096704445
0.611944264205999
0.610682811013873
0.60952865379978
0.608483358458278
0.607548000758986
0.606723159042212
0.606008909358573
0.605404823099012
0.604909967147183
0.604522906571515
0.604241709859634
0.604063956683078
0.603986748165733
0.604006719615009
0.604120055660724
0.604322507732985
0.604609413797079
0.604975720250715
0.60541600587686
0.605924507733973
0.606495148854757
0.607121567614667
0.60779714862231
0.608515054975749
0.609268261721397
0.610049590345934
0.610851744126315
0.611667344158575
0.612488965882853
0.613309175919663
0.614120569031173
0.614915805020916
0.615687645386064
0.616428989538025
0.617132910409803
0.617792689272056
0.618401849584301
0.618954189713023
0.619443814354586
0.619865164507856
0.620213045849072
0.620482655369953
0.620669606149044
0.620769950135942
0.620780198838251
0.620697341811722
0.620518862865199
0.62024275390338
0.619867526342215
0.619392220043756
0.618816409729487
0.618140208843474
0.617364270849096
0.616489787955487
0.615518487282182
0.614452624482695
0.613294974859808
0.612048822017199
0.610717944103576
0.609306597716719
0.607819499545662
0.606261805839645
0.604639089802402
0.602957317019716
0.601222819037048
0.599442265212252
0.597622632975966
0.595771176639234
0.593895394894089
0.592002997158379
0.590101868920829
0.588200036246362
0.586305629604924
0.584426847189472
0.582571917890463
0.580749064095022
0.578966464479038
0.577232216959726
0.57555430197469
0.573940546251288
0.572398587227089
0.570935838278499
0.569559454910226
0.568276302053138
0.567092922612374
0.566015507401194
0.565049866589154
0.564201402785763
0.563475085872793
0.562875429690065
0.562406470670693
0.562071748512621
0.561874288963782
0.561816588788476
0.561900602972553
0.562127734214837
0.562498824741962
0.563014150473381
0.56367341755294
0.564475761253013
0.56541974724683
0.56650337523445
0.567724084897691
0.56907876414946
0.570563759633238
0.572174889419064
0.573907457833242
0.575756272350241
0.577715662466803
0.579779500470322
0.581941224005912
0.584193860339481
0.586530052207473
0.58894208513775
0.591421916120494
0.593961203502866
0.596551337976625
0.599183474523954
0.601848565183294
0.604537392494216
0.60724060347813
0.609948744010038
0.612652293435526
0.615341699286818
0.618007411951949
0.620639919151951
0.623229780082402
0.625767659077758
0.628244358659537
0.630650851832694
0.632978313498331
0.635218150855338
0.637362032668461
0.639401917285842
0.641330079295063
0.643139134713242
0.644822064613746
0.646372237099493
0.647783427540699
0.649049837003189
0.650166108801973
0.651127343123768
0.651929109671336
0.652567458292
0.65303892756236
0.653340551311074
0.653469863071515
0.65342489846611
0.653204195534212
0.652806793025322
0.652232226689385
0.651480523605633
0.650552194600984
0.649448224818308
0.648170062503868
0.646719606091833
0.645099189671973
0.643311566934388
0.64135989369229
0.63924770909051
0.636978915613423
0.634557758011288
0.631988801268696
0.629276907742692
0.626427213601264
0.623445104695264
0.620336191998305
0.617106286749858
0.613761375436627
0.610307594746239
0.606751206625391
0.603098573571926
0.599356134286706
0.595530379806834
0.591627830236618
0.587655012186787
0.583618437025882
0.579524580040491
0.57537986059313
0.571190623358173
0.566963120707336
0.562703496306892
0.558417769979146
0.554111823870771
0.549791389960447
0.545462038928059
0.541129170397382
0.536798004554031
0.532473575130315
0.528160723738826
0.523864095527013
0.519588136115816
0.51533708977673
0.511114998793456
0.506925703946726
0.502772846053924
0.498659868488927
0.49459002060212
0.490566361955898
0.486591767287162
0.482668932105376
0.478800378832743
0.474988463391882
0.471235382146195
0.467543179098754
0.46391375325712
0.460348866073916
0.456850148876203
0.453419110200788
0.450057142957334
0.446765531346658
0.443545457467641
0.440398007552908
0.437324177780503
0.434324879616394
0.431400944650501
0.428553128897056
0.425782116538391
0.4230885230996
0.420472898049835
0.4179357268342
0.415477432348261
0.41309837587488
0.410798857510479
0.408579116114796
0.406439328824572
0.404379610177494
0.402400010897924
0.400500516400447
0.398681045071072
0.39694144638893
0.395281498953503
0.393700908483837
0.392199305856718
0.390776245250506
0.389431202460227
0.388163573447577
0.386972673186786
0.385857734863796
0.384817909482045
0.383852265923265
0.382959791506232
0.382139393080418
0.381389898684939
0.380710059796334
0.38009855418143
0.37955398936408
0.379074906706871
0.378659786101195
0.37830705125128
0.378015075530175
0.37778218837816
0.377606682206846
0.377486819765316
0.377420841918181
0.377406975779401
0.377443443140281
0.377528469125144
0.377660291004044
0.37783716708832
0.37805738563207
0.37831927366065
0.378621205646079
0.378961611948889
0.379338986946394
0.379751896768597
0.380198986565023
0.38067898722862
0.381190721506462
0.38173310943132
0.382305173013202
0.382906040135584
0.3835349476073
0.384191243327828
0.384874387530893
0.385583953078947
0.386319624788971
0.387081197778252
0.387868574827092
0.388681762763843
0.38952086788612
0.390386090440381
0.391277718190344
0.3921961191127
0.393141733266329
0.394115063888623
0.395116667779442
0.396147145039774
0.397207128238052
0.398297271082496
0.399418236682555
0.400570685486594
0.401755262986338
0.402972587281206
0.404223236597578
0.405507736859131
0.406826549404769
0.408180058950243
0.409568561888375
0.410992255020907
0.412451224812296
0.413945437252458
0.415474728411374
0.417038795763817
0.418637190357149
0.420269309889271
0.421934392757466
0.423631513131988
0.425359577101067
0.427117319926324
0.428903304439763
0.430715920605317
0.432553386259646
0.434413749038463
0.436294889486191
0.43819452533829
0.440110216957233
0.442039373894847
0.443979262545706
0.445927014848444
0.447879637984412
0.449834025015937
0.451786966399778
0.453735162305112
0.455675235659638
0.457603745842228
0.459517202935912
0.461412082451032
0.463284840425027
0.465131928802648
0.466949810998422
0.468734977541877
0.470483961705478
0.472193355015362
0.473859822545805
0.475480117899903
0.47705109778123
0.478569736064141
0.480033137273988
0.481438549392733
0.482783375910276
0.484065187047172
0.485281730080344
0.486430938709755
0.487510941410845
0.488520068724707
0.489456859445495
0.490320065672351
0.491108656701098
0.491821821739095
0.492458971434853
0.493019738222221
0.49350397548715
0.493911755573077
0.494243366648899
0.494499308471112
0.494680287079083
0.494787208469395
0.494821171301818
0.494783458695581
0.494675529180242
0.494499006870552
0.494255670939187
0.493947444465115
0.493576382738591
0.493144661106359
0.492654562442544
0.492108464331911
0.491508826052728
0.490858175446288
0.490159095759354
0.489414212544303
0.488626180699632
0.487797671730822
0.486931361308247
0.486029917195047
0.485095987613595
0.484132190114471
0.483141101006762
0.482125245403074
0.481087087926919
0.480029024124258
0.478953372614838
0.477862368012844
0.476758154640099
0.475642781048888
0.474518195365318
0.473386241458113
0.472248655931924
0.471107065938604
0.469962987794567
0.468817826387283
0.467672875349305
0.466529317973838
0.465388228841968
0.464250576128133
0.463117224547302
0.4619889389047
0.460866388206684
0.459750150289565
0.458640716921873
0.457538499334561
0.456443834133168
0.455356989545753
0.454278171960668
0.45320753270873
0.452145175045212
0.451091161288179
0.450045520071011
0.449008253668526
0.447979345357813
0.446958766776707
0.445946485244805
0.444942471013899
0.443946704416731
0.442959182885031
0.441979927809766
0.441008991218519
0.440046462246775
0.43909247338168
0.438147206458531
0.437210898391785
0.436283846623839
0.435366414276093
0.434459034987974
0.433562217430635
0.432676549482887
0.431802702057747
0.430941432568561
0.430093588024284
0.429260107743884
0.428442025680288
0.427640472344584
0.4268566763215
0.426091965367463
0.425347767082835
0.424625609150209
0.42392711913101
0.423254023813024
0.422608148101999
0.421991413450955
0.421405835821579
0.420853523172796
0.420336672472534
0.419857566229726
0.419418568544727
0.419022120677624
0.418670736135336
0.418366995279949
0.418113539462397
0.417913064687383
0.417768314817341
0.417682074325208
0.417657160607843
0.417696415874059
0.417802698623414
0.4179788747341
0.418227808180498
0.41855235140317
0.418955335356247
0.419439559259306
0.420007780082908
0.420662701798968
0.421406964428999
0.422243132925084
0.42317368592005
0.42420100438483
0.425327360232357
0.426554904908484
0.427885658011449
0.429321495982227
0.430864140908686
0.432515149486968
0.434275902183692
0.436147592642645
0.438131217379444
0.440227565807337
0.442437210636708
0.444760498690197
0.447197542174355
0.449748210447761
0.452412122324195
0.455188638948151
0.458076857278351
0.461075604213291
0.464183431391024
0.467398610693459
0.470719130483418
0.474142692600597
0.477666710140314
0.481288306036683
0.48500431246945
0.488811271111357
0.492705434230366
0.496682766658628
0.500738948637473
0.504869379545162
0.509069182511491
0.513333209920775
0.517656049802046
0.522032033102698
0.526455241839162
