-20,-1.1444575280165
-19.9857325526172,-1.12414196152879
-19.9710607993749,-1.10408619639725
-19.9560024708538,-1.08428921116618
-19.9405745753046,-1.06474942968427
-19.9247933983784,-1.04546479246805
-19.9086745094695,-1.02643282245469
-19.8922327734,-1.00765068529917
-19.875482366332,-0.989115244458432
-19.8584367949442,-0.970823111363321
-19.8411089180462,-0.952770691013918
-19.8235109699319,-0.934954223350248
-19.8056545848879,-0.917369820752227
-19.787550822373,-0.900013502014316
-19.769210192473,-0.882881223124328
-19.7506426813115,-0.865968905154763
-19.7318577761637,-0.849272459550879
-19.7128644900732,-0.832787811073943
-19.6936713858218,-0.816510918631809
-19.6742865991385,-0.800437794203187
-19.6547178610669,-0.784564520037056
-19.6349725194387,-0.76888726428531
-19.6150575594182,-0.75340229520497
-19.5949796231054,-0.738105994046447
-19.5747450281943,-0.722994866726421
-19.5543597856967,-0.708065554367881
-19.5338296167501,-0.693314842775809
-19.5131599685323,-0.678739670904658
-19.492356029313,-0.664337138363296
-19.4714227426739,-0.650104511994089
-19.4503648209326,-0.636039231555411
-19.4291867578039,-0.622138914530792
-19.4078928403382,-0.608401360083129
-19.3864871601691,-0.594824552168729
-19.3649736241106,-0.581406661823327
-19.3433559641354,-0.568146048630488
-19.3216377467702,-0.555041261381925
-19.2998223819417,-0.542091037939029
-19.277913131303,-0.529294304305368
-19.255913116073,-0.516650172920834
-19.2338253244161,-0.504157940189521
-19.2116526183909,-0.491817083255209
-19.1893977404927,-0.479627256040386
-19.1670633198164,-0.467588284567068
-19.1446518778607,-0.455700161580159
-19.1221658339979,-0.443963040496733
-19.0996075106281,-0.432377228707282
-19.0769791380384,-0.420943180257716
-19.054282858985,-0.409661487943575
-19.0315207330148,-0.398532874850585
-19.0086947405438,-0.387558185378198
-18.9858067867058,-0.376738375785249
-18.9628587049868,-0.366074504299069
-18.9398522606575,-0.355567720831557
-18.9167891540169,-0.345219256347582
-18.8936710234576,-0.335030411932793
-18.8704994483648,-0.325002547609359
-18.8472759518582,-0.31513707094938
-18.824002003387,-0.305435425536653
-18.800679021186,-0.295899079328175
-18.7773083746019,-0.286529512967169
-18.7538913862972,-0.277328208099565
-18.730429334339,-0.26829663574573
-18.7069234541797,-0.259436244778839
-18.6833749405354,-0.250748450560585
-18.6597849491687,-0.242234623783962
-18.6361545985807,-0.233896079571686
-18.6124849716186,-0.225734066877299
-18.5887771170021,-0.217749758234316
-18.5650320507751,-0.209944239896842
-18.5412507576851,-0.202318502412899
-18.517434192496,-0.194873431669348
-18.4935832812372,-0.187609800444728
-18.4696989223923,-0.180528260503596
-18.4457819880319,-0.173629335263063
-18.4218333248923,-0.16691341305917
-18.3978537554034,-0.160380741037627
-18.37384407867,-0.15403141969013
-18.3498050714062,-0.147865398054158
-18.3257374888285,-0.141882469590752
-18.3016420655075,-0.136082268751278
-18.2775195161815,-0.130464268240755
-18.2533705365339,-0.125027776981808
-18.2291958039365,-0.119771938779852
-18.2049959781594,-0.114695731686676
-18.180771702051,-0.109797968056218
-18.1565236021878,-0.105077295283025
-18.1322522894973,-0.100532197210642
-18.1079583598538,-0.0961609961941191
-18.0836423946497,-0.0919618557977728
-18.059304961343,-0.0879327841065574
-18.0349466139816,-0.0840716376266605
-18.0105678937077,-0.0803761257484487
-17.9861693292399,-0.0768438157425236
-17.9617514373378,-0.0734721382575144
-17.9373147232467,-0.0702583932862784
-17.9128596811263,-0.0671997565654464
-17.8883867944614,-0.0642932863717343
-17.8638965364579,-0.0615359306771501
-17.8393893704231,-0.0589245346241601
-17.8148657501317,-0.056455848281056
-17.790326120179,-0.054126534637161
-17.7657709163202,-0.0519331777971656
-17.7412005657975,-0.0498722913337485
-17.7166154876563,-0.0479403267577546
-17.6920160930489,-0.0461336820655305
-17.6674027855289,-0.0444487103235835
-17.6427759613344,-0.0428817282514992
-17.6181360096621,-0.041429024765035
-17.5934833129321,-0.0400868694424972
-17.5688182470439,-0.038851520878867
-17.5441411816238,-0.0377192348937004
-17.5194524802652,-0.0366862725605321
-17.4947525007599,-0.0357489080273835
-17.4700415953237,-0.0349034360999713
-17.4453201108143,-0.0341461795613402
-17.4205883889424,-0.033473496203875
-17.3958467664776,-0.0328817855519667
-17.3710955754473,-0.032367495256004
-17.3463351433309,-0.0319271271408144
-17.3215657932475,-0.031557242894177
-17.2967878441398,-0.0312544693835388
-17.2720016109522,-0.0310155035916029
-17.2472074048049,-0.0308371171639608
-17.2224055331632,-0.0307161605644388
-17.1975963000025,-0.0306495668362741
-17.1727800059707,-0.0306343549696241
-17.1479569485447,-0.0306676328782422
-17.1231274221856,-0.0307465999903751
-17.0982917184889,-0.0308685494610886
-17.0734501263325,-0.0310308700152464
-17.0486029320214,-0.0312310474322818
-17.0237504194299,-0.0314666656856758
-16.9988928701408,-0.0317354077516983
-16.9740305635823,-0.0320350561034634
-16.9491637771629,-0.0323634929076926
-16.9242927864036,-0.0327186999427672
-16.8994178650688,-0.0330987582576802
-16.8745392852951,-0.0335018475923634
-16.8496573177178,-0.0339262455805749
-16.8247722315969,-0.0343703267570638
-16.7998842949413,-0.0348325613911273
-16.774993774631,-0.035311514168888
-16.7501009365395,-0.0358058427466987
-16.7252060456542,-0.036314296198003
-16.7003093661959,-0.0368357133757644
-16.6754111617387,-0.0373690212122198
-16.6505116953274,-0.0379132329772303
-16.6256112295964,-0.038467446515903
-16.6007100268867,-0.0390308424854399
-16.5758173280454,-0.0395622833590621
-16.5509246292041,-0.0400207036901372
-16.5260319303628,-0.0404055050482391
-16.5011392315215,-0.0407161567151766
-16.4762465326801,-0.0409521941727569
-16.4513538338388,-0.0411132176854574
-16.4264611349975,-0.0411988909906
-16.4015684361562,-0.0412089401073468
-16.3766757373149,-0.041143152274532
-16.3517830384736,-0.0410013750260223
-16.3268903396322,-0.0407835154109634
-16.3019976407909,-0.0404895393649269
-16.2771049419496,-0.0401194712366347
-16.2522122431083,-0.0396733934736017
-16.227319544267,-0.0391514464687218
-16.2024268454257,-0.0385538285685134
-16.1775341465843,-0.0378807962424628
-16.152641447743,-0.0371326644116446
-16.1277487489017,-0.0363098069335667
-16.1028560500604,-0.0354126572389915
-16.0779633512191,-0.0344417091153134
-16.0530706523777,-0.0333975176299416
-16.0281779535364,-0.032280700186039
-16.0032852546951,-0.0310919377019024
-15.9783925558538,-0.0298319759042521
-15.9534998570125,-0.0285016267247031
-15.9286071581712,-0.0271017697877525
-15.9037144593298,-0.025633353977704
-15.8788217604885,-0.0240973990710881
-15.8539290616472,-0.0224949974203144
-15.8290363628059,-0.0208273156735095
-15.8041436639646,-0.0190955965147662
-15.7792509651233,-0.0173011604083415
-15.7543582662819,-0.0154454073297086
-15.7294655674406,-0.0135298184657893
-15.7045728685993,-0.0115559578661683
-15.679680169758,-0.00952547402663352
-15.6547874709167,-0.00744010138598713
-15.6298947720753,-0.0053016617167502
-15.605002073234,-0.00311206539013151
-15.5801093743927,-0.000873312495461872
-15.5552166755514,0.00141250620578872
-15.5303239767101,0.00374320851128587
-15.5054312778688,0.00611652021416937
-15.4805385790274,0.00853007476401956
-15.4556458801861,0.0109814131717028
-15.4307531813448,0.0134679841769169
-15.4058604825035,0.0159871446967169
-15.3809677836622,0.0185361605726314
-15.3560750848209,0.0211122076331894
-15.3311823859795,0.0237123730877566
-15.3062896871382,0.0263336572665317
-15.2813969882969,0.0289729757203679
-15.2565042894556,0.0316271616927741
-15.2316115906143,0.0342929689750069
-15.2067188917729,0.0369670751535883
-15.1818261929316,0.0396460852578942
-15.1569334940903,0.0423265358136325
-15.132040795249,0.0450048993061079
-15.1071480964077,0.0476775890551239
-15.0822553975664,0.0503409645012438
-15.057362698725,0.0529913369009009
-15.0324699998837,0.055624975425555
-15.0075773010424,0.0582381136577184
-14.9826846022011,0.0608269564742639
-14.9577919033598,0.0633876873049731
-14.9328992045185,0.065916475751807
-14.9080065056771,0.0684094855519065
-14.8831138068358,0.0708628828648619
-14.8582211079945,0.0732728448623579
-14.8333284091532,0.0756355685959098
-14.8084357103119,0.0779472801160902
-14.7835430114705,0.0802042438144034
-14.7586503126292,0.0824027719568357
-14.7337576137879,0.0845392343760907
-14.7088649149466,0.0866100682876476
-14.6839722161053,0.0886117881930502
-14.659079517264,0.0905409958322893
-14.6341868184226,0.0923943901457652
-14.6092941195813,0.0941687772051494
-14.58440142074,0.0958610800715039
-14.5595087218987,0.0974683485382732
-14.5346160230574,0.0989877687162581
-14.5097233242161,0.100416672417405
-14.4848306253747,0.101752546294216
-14.4599379265334,0.102993040691808
-14.4350452276921,0.10413597817011
-14.4101525288508,0.105179361654416
-14.3852598300095,0.106121382173467
-14.3603671311681,0.106960426145464
-14.3354744323268,0.10769508217385
-14.3105817334855,0.108324147316386
-14.2856890346442,0.108846632792971
-14.2607963358029,0.109261769099754
-14.2359036369616,0.10956901049942
-14.2110109381202,0.109768038860044
-14.1861182392789,0.109858766817582
-14.1612255404376,0.109841340239895
-14.1363328415963,0.109716139973216
-14.111440142755,0.109483782855009
-14.0865474439137,0.109145121980419
-14.0616547450723,0.108701246212761
-14.036762046231,0.108153478931849
-14.0118693473897,0.107503376017342
-13.9869766485484,0.106752723067703
-13.9620839497071,0.105903531858753
-13.9371912508657,0.104958036049204
-13.9122985520244,0.103918686143901
-13.8874058531831,0.102788143728778
-13.8625131543418,0.101569274994776
-13.8376204555005,0.100265143571052
-13.8127277566592,0.0988790026908572
-13.7878350578178,0.097414286716301
-13.7629423589765,0.0958746020509958
-13.7380496601352,0.0942637174721287
-13.7131569612939,0.0925855539159406
-13.6882642624526,0.0908441737528166
-13.6633715636113,0.0890437695902441
-13.6384788647699,0.087188652643738
-13.6135861659286,0.0852832407174762
-13.5886934670873,0.0833320458378202
-13.563800768246,0.0813396615841105
-13.5389080694047,0.0793107501621229
-13.5140153705633,0.0772500292663529
-13.489122671722,0.0751622587778448
-13.4642299728807,0.073052227344626
-13.4393372740394,0.0709247388919204
-13.4144445751981,0.0687845991092234
-13.3895518763568,0.0666366019610116
-13.3646591775154,0.0644855162673539
-13.3397664786741,0.06233607239998
-13.3148737798328,0.0601929491384657
-13.2899810809915,0.0580607607301109
-13.2650883821502,0.0559440441958357
-13.2401956833089,0.0538472469229959
-13.2153029844675,0.0517747145844577
-13.1904102856262,0.0497306794215489
-13.1655175867849,0.0477192489266675
-13.1406248879436,0.0457443949593646
-13.1157321891023,0.0438099433276505
-13.0908394902609,0.0419195638641119
-13.0659467914196,0.0400767610241877
-13.0410540925783,0.0382848650316375
-13.016161393737,0.0365470235938764
-12.9912686948957,0.0348661942074398
-12.9663759960544,0.03324513707141
-12.941483297213,0.0316864086241805
-12.9165905983717,0.0301923557164851
-12.8916978995304,0.0287651104311647
-12.8668052006891,0.0274065855577257
-12.8419125018478,0.0261184707273462
-12.8170198030065,0.0249022292116363
-12.7921271041651,0.0237590953861597
-12.7672344053238,0.0226900728574928
-12.7423417064825,0.0216959332504318
-12.7174490076412,0.0207772156498789
-12.6925563087999,0.0199342266899478
-12.6676636099585,0.0191670412809287
-12.6427709111172,0.0184755039629606
-12.6178782122759,0.0178592308735688
-12.5929855134346,0.01731761231465
-12.5680928145933,0.0168498159030241
-12.543200115752,0.0164547902873265
-12.5183074169106,0.0161312694127908
-12.4934147180693,0.0158777773143619
-12.468522019228,0.0156926334175944
-12.4436293203867,0.0155739583259222
-12.4187366215454,0.0155196800721289
-12.3938439227041,0.015527540811213
-12.3689512238627,0.0155951039313077
-12.3440585250214,0.0157197615588925
-12.3191658261801,0.0158987424342072
-12.2942731273388,0.0161291201325505
-12.2693804284975,0.016407821607
-12.2444877296561,0.0167316360280346
-12.2195950308148,0.0170972238955487
-12.1947023319735,0.017501126398836
-12.1698096331322,0.0179397750002542
-12.1449169342909,0.0184095012184826
-12.1200242354496,0.0189065465875166
-12.0951315366082,0.0194270727678223
-12.0702388377669,0.0199671717863761
-12.0453461389256,0.0205228763826424
-12.0204534400843,0.0210901704378868
-11.995560741243,0.0216649994655716
-11.9706680424017,0.0222432811409411
-11.9457753435603,0.0228209158482556
-11.920882644719,0.0233937972244861
-11.8959899458777,0.0239578226786198
-11.8710972470364,0.024508903866055
-11.8462045481951,0.0250429770978783
-11.8213118493537,0.0255560136651118
-11.7964191505124,0.0260440300583013
-11.7715264516711,0.0265030980630785
-11.7466337528298,0.0269293547125787
-11.7217410539885,0.0273190120778336
-11.6968483551472,0.0276683668774757
-11.6719556563058,0.0279738098883149
-11.6470629574645,0.0282318351385496
-11.6221702586232,0.0284390488655938
-11.5972775597819,0.0285921782207118
-11.5723848609406,0.0286880797028787
-11.5474921620993,0.0287237473045265
-11.5225994632579,0.028696320352095
-11.4977067644166,0.0286030910245953
-11.4728140655753,0.0284415115337096
-11.447921366734,0.0282092009493139
-11.4230286678927,0.0279039516547007
-11.3981359690513,0.0275237354162329
-11.37324327021,0.027066709052654
-11.3483505713687,0.0265312196898335
-11.3234578725274,0.0259158095873452
-11.2985651736861,0.0252192205239427
-11.2736724748448,0.0244403977297433
-11.2487797760034,0.023578493353731
-11.2238870771621,0.0226328694560596
-11.1989943783208,0.0216031005155707
-11.1741016794795,0.0204889754439397
-11.1492089806382,0.0192904990989181
-11.1243162817969,0.0180078932902604
-11.0994235829555,0.0166415972730932
-11.0745308841142,0.0151922677247012
-11.0496381852729,0.013660778201972
-11.0247454864316,0.0120482180780422
-10.9998527875903,0.0103558909580193
-10.9749600887489,0.00858531257501128
-10.9500673899076,0.00673820816907156
-10.9251746910663,0.00481650935304555
-10.900281992225,0.00282235047069289
-10.8753892933837,0.000758064453831139
-10.8504965945424,-0.00137382181338838
-10.825603895701,-0.00357059261362773
-10.8007111968597,-0.00582934898817918
-10.7758184980184,-0.00814701478942884
-10.7509257991771,-0.0105203431807235
-10.7260331003358,-0.0129459235692191
-10.7011404014945,-0.0154201889561773
-10.6762477026531,-0.0179394236881192
-10.6513550038118,-0.0204997715912553
-10.6264623049705,-0.0230972444706883
-10.6015696061292,-0.0257277309550373
-10.5766769072879,-0.02838700566635
-10.5517842084465,-0.0310707386944623
-10.5268915096052,-0.033774505354334
-10.5019988107639,-0.0364937962043189
-10.4771061119226,-0.039224027302836
-10.4522134130813,-0.0419605506804756
-10.42732071424,-0.0446986650042028
-10.4024280153986,-0.0474336264100104
-10.3775353165573,-0.0501606594801107
-10.352642617716,-0.0528749683405411
-10.3277499188747,-0.0555717478548858
-10.3028572200334,-0.058246194889675
-10.2779645211921,-0.0608935196269154
-10.2530718223507,-0.0635089568991168
-10.2281791235094,-0.0660877775221098
-10.2032864246681,-0.0686252996008907
-10.1783937258268,-0.0711168997836804
-10.1535010269855,-0.0735580244393298
-10.1286083281441,-0.0759442007331581
-10.1037156293028,-0.0782710475762518
-10.0788229304615,-0.0805342864231928
-10.0539302316202,-0.082729751893113
-10.0290375327789,-0.0848534021889006
-10.0041448339376,-0.0869013292892983
-9.97925213509624,-0.0888697688885496
-9.95435943625492,-0.0907551100581668
-9.92946673741361,-0.0925539046053118
-9.90457403857229,-0.0942628761022131
-9.87968133973097,-0.0958789285609916
-9.85478864088965,-0.0973991547282415
-9.82989594204833,-0.0988208439737252
-9.80500324320702,-0.100141489747593
-9.7801105443657,-0.101358796580652
-9.75521784552438,-0.102470686602376
-9.73032514668306,-0.103475305551632
-9.70543244784175,-0.104371028255394
-9.68053974900043,-0.105156463551222
-9.65564705015911,-0.105830458629801
-9.63075435131779,-0.106392102774548
-9.60586165247648,-0.106840730476106
-9.58096895363516,-0.107175923900527
-9.55607625479384,-0.107397514691075
-9.53118355595252,-0.10750558508486
-9.50629085711121,-0.107500468327001
-9.48139815826989,-0.107382748366649
-9.45650545942857,-0.107153258821026
-9.43161276058725,-0.106813081195653
-9.40672006174593,-0.106363542351136
-9.38182736290462,-0.105806211209241
-9.3569346640633,-0.105142894693561
-9.33204196522198,-0.104375632902804
-9.30714926638066,-0.103506693517601
-9.28225656753935,-0.102538565444805
-9.25736386869803,-0.101473951706418
-9.23247116985671,-0.100315761583592
-9.20757847101539,-0.0990671020295724
-9.18268577217408,-0.0977312683689438
-9.15779307333276,-0.0963117343041223
-9.13290037449144,-0.0948121412536367
-9.10800767565012,-0.0932362870503822
-9.0831149768088,-0.0915881140316473
-9.05822227796749,-0.0898716965563101
-9.03332957912617,-0.0880912279881197
-9.00843688028485,-0.0862510071874205
-8.98354418144353,-0.0843554245569845
-8.95865148260222,-0.0824089476907863
-8.9337587837609,-0.0804161066775357
-8.90886608491958,-0.0783814791135676
-8.88397338607826,-0.076309674882222
-8.85908068723695,-0.0742053207591387
-8.83418798839563,-0.0720730449048785
-8.80929528955431,-0.0699174613079714
-8.78440259071299,-0.0677431542428446
-8.75950989187168,-0.0655546628080893
-8.73461719303036,-0.0633564656111575
-8.70972449418904,-0.0611529656658415
-8.68483179534772,-0.0589484755687494
-8.65993909650641,-0.0567472030204573
-8.63504639766509,-0.0545532367560796
-8.61015369882377,-0.0523705329486524
-8.58526099998245,-0.0502029021469813
-8.56036830114113,-0.0480539968074542
-8.53547560229982,-0.0459272994767874
-8.5105829034585,-0.0438261116797617
-8.48569020461718,-0.0417535435627288
-8.46079750577586,-0.0397125043400554
-8.43590480693455,-0.0377056935867343
-8.41101210809323,-0.0357355934161567
-8.38611940925191,-0.0338044615775427
-8.36122671041059,-0.0319143255027817
-8.33633401156928,-0.0300669773274913
-8.31144131272796,-0.0282639699059811
-8.28654861388664,-0.0265066138345532
-8.26165591504532,-0.024795975492213
-8.236763216204,-0.0231328761024495
-8.21187051736269,-0.0215178918142987
-8.18697781852137,-0.0199513547954831
-8.16208511968005,-0.0184333553250489
-8.13719242083874,-0.0169637448676443
-8.11229972199742,-0.0155421401064404
-8.0874070231561,-0.0141679279067179
-8.06251432431478,-0.0128402711773684
-8.03762162547346,-0.0115581155930264
-8.01272892663215,-0.0103201971352754
-7.98783622779083,-0.00912505040740824
-7.96294352894951,-0.00797101767357145
-7.93805083010819,-0.00685625856983201
-7.91315813126687,-0.00577876043177677
-7.88826543242556,-0.0047363491807157
-7.86337273358424,-0.00372670070842736
-7.83848003474292,-0.0027473526986578
-7.81358733590161,-0.00179571682228618
-7.78869463706029,-0.000869091242191833
-7.76380193821897,3.53266365913426e-05
-7.73890923937765,0.000920427235876202
-7.71401654053633,0.00178917575653047
-7.68912384169502,0.00264459907714771
-7.6642311428537,0.00348977266124323
-7.63933844401238,0.00432780753346962
-7.61444574517106,0.00516183738341219
-7.58955304632975,0.00599500585325906
-7.56466034748843,0.00683045406305531
-7.53976764864711,0.00767130842437762
-7.51487494980579,0.00852066879013564
-7.48998225096448,0.00938159698483902
-7.46508955212316,0.0102571057561093
-7.44019685328184,0.0111501481844825
-7.41530415444052,0.0120636075846845
-7.3904114555992,0.0130002879275935
-7.36551875675789,0.0139629048080698
-7.34062605791657,0.0149540769797681
-7.31573335907525,0.0159763184739733
-7.29084066023393,0.0170320313154661
-7.26594796139262,0.0181234988444506
-7.2410552625513,0.0192528796496886
-7.21616256370998,0.0204222021142293
-7.19126986486866,0.0216333595715029
-7.16637716602735,0.0228881060661111
-7.14148446718603,0.0241880527103974
-7.11659176834471,0.0255346646248499
-7.09169906950339,0.0269292584475946
-7.06680637066207,0.0283730003956841
-7.04191367182076,0.0298669048586057
-7.01702097297944,0.031411833502412
-6.99212827413812,0.0330084948611431
-6.9672355752968,0.0346574443907565
-6.94234287645549,0.0363590849596096
-6.91745017761417,0.0381136677486578
-6.89255747877285,0.0399212935339242
-6.86766477993153,0.0417819143234709
-6.84277208109022,0.0436953353210314
-6.8178793822489,0.0456612171886629
-6.79298668340758,0.0476790785812006
-6.76809398456626,0.0497482989259636
-6.74320128572495,0.0518681214220272
-6.71830858688363,0.054037656234442
-6.69341588804231,0.0562558838600104
-6.66852318920099,0.058521658642624
-6.64363049035968,0.0608337124176727
-6.61873779151836,0.063190658266669
-6.59384509267704,0.0655909943649317
-6.56895239383572,0.0680331079069482
-6.5440596949944,0.0705152790958385
-6.51916699615309,0.0730356851851722
-6.49427429731177,0.0755924045632026
-6.46938159847045,0.0781834208713745
-6.44448889962913,0.0808066271506976
-6.41959620078782,0.0834598300112532
-6.3947035019465,0.0861407538216799
-6.36981080310518,0.0888470449169653
-6.34491810426386,0.0915762758242322
-6.32002540542255,0.0943259495074253
-6.29513270658123,0.0970935036328943
-6.27024000773991,0.0998763148587847
-6.24534730889859,0.102671703151913
-6.22045461005728,0.105476936136394
-6.19556191121596,0.108289233478699
-6.17066921237464,0.111105771314073
-6.14577651353332,0.113923686719306
-6.120883814692,0.116740082236736
-6.09599111585069,0.11955203045409
-6.07109841700937,0.12235657864435
-6.04620571816805,0.1251507534692
-6.02131301932674,0.127931565748908
-5.99642032048542,0.130696015300597
-5.9715276216441,0.1334410958459
-5.94663492280278,0.136163799987834
-5.92174222396146,0.138861124255621
-5.89684952512015,0.141530074214825
-5.87195682627883,0.144167669638916
-5.84706412743751,0.146770949736981
-5.82217142859619,0.149336978430888
-5.79727872975488,0.151862849673862
-5.77238603091356,0.154345692801006
-5.74749333207224,0.156782677900969
-5.72260063323092,0.159171021196671
-5.69770793438961,0.161507990421732
-5.67281523554829,0.163790910178136
-5.64792253670697,0.166017167259564
-5.62302983786565,0.168184215923939
-5.59813713902433,0.170289583097865
-5.57324444018302,0.17233087349499
-5.5483517413417,0.174305774629783
-5.52345904250038,0.176212061707853
-5.49856634365906,0.178047602373701
-5.47367364481775,0.179810361296787
-5.44878094597643,0.181498404576895
-5.42388824713511,0.183109903950101
-5.39899554829379,0.184643140777109
-5.37410284945248,0.186096509796369
-5.34921015061116,0.18746852262521
-5.32431745176984,0.188757810993177
-5.29942475292852,0.18996312969288
-5.2745320540872,0.191083359234949
-5.24963935524589,0.192117508195044
-5.22474665640457,0.193064715242421
-5.19985395756325,0.193924250841127
-5.17496125872193,0.194695518616641
-5.15006855988062,0.195378056382505
-5.1251758610393,0.195971536823377
-5.10028316219798,0.196475767832736
-5.07539046335666,0.19689069250541
-5.05049776451535,0.197216388786945
-5.02560506567403,0.197453068783721
-5.00071236683271,0.197601077739521
-4.97581966799139,0.197660892686069
-4.95092696915008,0.19763312077669
-4.92603427030876,0.197518497313936
-4.90114157146744,0.197317883483421
-4.87624887262612,0.197032263807575
-4.85135617378481,0.196662743334213
-4.82646347494349,0.196210544575931
-4.80157077610217,0.195677004217273
-4.77667807726085,0.195063569607384
-4.75178537841953,0.194371795056456
-4.72689267957822,0.193603337954697
-4.7019999807369,0.19275995473277
-4.67710728189558,0.191843496682732
-4.65221458305426,0.19085590565833
-4.62732188421295,0.189799209673246
-4.60242918537163,0.188675518415359
-4.57753648653031,0.187487018694486
-4.55264378768899,0.18623596984021
-4.52775108884768,0.184924699065513
-4.50285839000636,0.183555596810779
-4.47796569116504,0.182131112081611
-4.45307299232372,0.180653747792522
-4.4281802934824,0.179126056127257
-4.40328759464109,0.177550633924973
-4.37839489579977,0.175930118100076
-4.35350219695845,0.174267181101941
-4.32860949811714,0.172564526419233
-4.30371679927582,0.17082488413204
-4.2788241004345,0.169051006513529
-4.25393140159318,0.167245663681435
-4.22903870275186,0.165411639298342
-4.20414600391055,0.163551726318457
-4.17925330506923,0.161668722777448
-4.15436060622791,0.159765427620919
-4.12946790738659,0.157844636566217
-4.10457520854528,0.155909137991586
-4.07968250970396,0.15396170884613
-4.05478981086264,0.152005110573727
-4.02989711202132,0.150042085043854
-4.00500441318001,0.148075350482331
-3.98011171433869,0.146107597395228
-3.95521901549737,0.144141484479596
-3.93032631665605,0.14217963451533
-3.90543361781474,0.14022463023328
-3.88054091897342,0.138279010155727
-3.8556482201321,0.136345264406535
-3.83075552129078,0.134425830489628
-3.80586282244946,0.132523089035912
-3.78097012360815,0.130639359520428
-3.75607742476683,0.128776895953234
-3.73118472592551,0.12693788254935
-3.70629202708419,0.125124429385021
-3.68139932824288,0.123338568049511
-3.65650662940156,0.121582247303605
-3.63161393056024,0.119857328758006
-3.60672123171892,0.118165582586759
-3.58182853287761,0.116508683292747
-3.55693583403629,0.114888205544122
-3.53204313519497,0.113305620102289
-3.50715043635365,0.111762289863631
-3.48225773751233,0.110259466038628
-3.45736503867102,0.108798284493288
-3.4324723398297,0.107379762278879
-3.40757964098838,0.106004794376818
-3.38268694214706,0.104674150686178
-3.35779424330575,0.103388473281657
-3.33290154446443,0.102148273969959
-3.30800884562311,0.100953932172347
-3.28311614678179,0.0998056931607005
-3.25822344794048,0.0987036666736572
-3.23333074909916,0.0976478259383751
-3.20843805025784,0.0966380071221462
-3.18354535141652,0.0956739092364762
-3.15865265257521,0.0947550945143548
-3.13375995373389,0.0938809892792918
-3.10886725489257,0.093050885322279
-3.08397455605125,0.0922639418001891
-3.05908185720993,0.0915191876662502
-3.03418915836862,0.0908155246401628
-3.0092964595273,0.090151730722184
-2.98440376068598,0.0895264642521005
-2.95951106184466,0.0889382685104993
-2.93461836300335,0.0883855768561305
-2.90972566416203,0.0878667183894855
-2.88483296532071,0.0873799241290096
-2.85994026647939,0.0869233336826701
-2.83504756763808,0.0864950023939344
-2.81015486879676,0.0860929089376198
-2.78526216995544,0.0857149633375806
-2.76036947111412,0.0853590153748399
-2.73547677227281,0.0850228633515805
-2.71058407343149,0.0847042631734082
-2.68569137459017,0.0844009377095271
-2.66079867574885,0.0841105863879455
-2.63590597690753,0.0838308949805758
-2.61101327806622,0.0835595455311506
-2.5861205792249,0.0832942263772339
-2.56122788038358,0.0830326422163147
-2.53633518154226,0.0827725241650133
-2.51144248270095,0.0825116397598409
-2.48654978385963,0.0822478028477271
-2.46165708501831,0.081978883314667
-2.43676438617699,0.0817028166013673
-2.41187168733568,0.0814176129556375
-2.38697898849436,0.0811213663725354
-2.36208628965304,0.0808122631748636
-2.33719359081172,0.0804885901885621
-2.31230089197041,0.0801487424698061
-2.28740819312909,0.0797912305431971
-2.26251549428777,0.0794146871132915
-2.23762279544645,0.0790178732148428
-2.21273009660513,0.0785996837704914
-2.18783739776382,0.078159152528213
-2.1629446989225,0.0776954563545824
-2.13805200008118,0.0772079188638228
-2.11315930123986,0.0766960133666187
-2.08826660239855,0.0761593651267828
-2.06337390355723,0.0755977529180194
-2.03848120471591,0.0750111098771985
-2.01358850587459,0.0743995236547143
-1.98869580703328,0.0737632358666064
-1.96380310819196,0.0731026408571533
-1.93891040935064,0.0724182837845583
-1.91401771050932,0.0717108580461251
-1.88912501166801,0.0709812020629242
-1.86423231282669,0.0702302954473542
-1.83933961398537,0.0694592545802005
-1.81444691514405,0.06866932762673
-1.78955421630273,0.0678618890240566
-1.76466151746142,0.0670384334744155
-1.7397688186201,0.0662005694811085
-1.71487611977878,0.0653500124656968
-1.68998342093746,0.064488577506532
-1.66509072209615,0.0636181717399044
-1.64019802325483,0.0627407864659763
-1.61530532441351,0.0618584890022246
-1.59041262557219,0.0609734143273804
-1.56551992673088,0.0600877565587991
-1.54062722788956,0.0592037603058557
-1.51573452904824,0.0583237119413344
-1.49084183020692,0.0574499308318943
-1.46594913136561,0.0565847605675479
-1.44105643252429,0.0557305602287176
-1.41616373368297,0.054889695727854
-1.39127103484165,0.0540645312608235
-1.36637833600033,0.0532574209013331
-1.34148563715902,0.0524707003695847
-1.3165929383177,0.0517066790041444
-1.29170023947638,0.0509676319637305
-1.26680754063506,0.0502557926832635
-1.24191484179375,0.049573345606126
-1.21702214295243,0.0489224192121639
-1.19212944411111,0.0483050793585626
-1.16723674526979,0.0477233229483449
-1.14234404642848,0.0471790719389318
-1.11745134758716,0.0466741677009448
-1.09255864874584,0.0462103657352854
-1.06766594990452,0.0457893307544736
-1.04277325106321,0.0454126321323157
-1.01788055222189,0.0450817397241799
-0.99298785338057,0.0447980200585358
-0.968095154539253,0.0445627328989286
-0.943202455697935,0.0443770281742544
-0.918309756856617,0.0442419432740513
-0.8934170580153,0.0441584007045526
-0.868524359173982,0.0441272061004297
-0.843631660332664,0.0441490465865187
-0.818738961491347,0.0442244894833303
-0.793846262650029,0.0443539813498111
-0.768953563808711,0.0445378473566316
-0.744060864967394,0.0447762909832092
-0.719168166126076,0.0450693940317277
-0.694275467284758,0.0454171169515703
-0.669382768443441,0.0458192994678195
-0.644490069602123,0.0462756615077894
-0.619597370760806,0.0467858044199121
-0.594704671919488,0.0473492124796954
-0.56981197307817,0.0479652546778771
-0.544919274236853,0.0486331867863008
-0.520026575395535,0.0493521536974246
-0.495133876554217,0.0501211920337158
-0.4702411777129,0.050939233023465
-0.445348478871582,0.051805105639778
-0.420455780030264,0.0527175399996179
-0.395563081188947,0.0536751710198091
-0.370670382347629,0.0546765423268222
-0.345777683506311,0.0557201104169611
-0.320884984664994,0.0568042490632344
-0.295992285823676,0.0579272539647346
-0.271099586982359,0.059087347633734
-0.246206888141041,0.0602826845149775
-0.221314189299723,0.0615113563307627
-0.196421490458406,0.062771397644394
-0.171528791617088,0.0640607916334556
-0.14663609277577,0.0653774760630945
-0.121743393934453,0.0667193494481382
-0.096850695093135,0.0680842773914132
-0.0719579962518174,0.0694700990840904
-0.0470652974104998,0.0708746339522802
-0.0221725985691821,0.0722956884324474
0.00272010027213554,0.0737310628565414
0.0276127991134532,0.0751785584260549
0.0525054979547708,0.0766359842525558
0.0773981967960885,0.0781011644406084
0.102290895637406,0.0795719451874359
0.127183594478724,0.0810462018721856
0.152076293320041,0.0825218461062874
0.176968992161359,0.0839968327151428
0.201861691002677,0.0854691666202838
0.226754389843994,0.0869369095902151
0.251647088685312,0.0883981868274133
0.27653978752663,0.0898511933584262
0.301432486367947,0.0912942001937117
0.326325185209265,0.0927255602237834
0.351217884050583,0.0941437138184149
0.3761105828919,0.0955471940960884
0.401003281733218,0.0969346318315839
0.425895980574535,0.0983047599705764
0.450788679415853,0.0996564177213536
0.475681378257171,0.100988554195285
0.500574077098489,0.102300231569445
0.525466775939806,0.103590627746854
0.550359474781124,0.104859038492044
0.575252173622441,0.106104879022238
0.600144872463759,0.107327685037117
0.625037571305077,0.108527113173137
0.649930270146394,0.109702940871464
0.674822968987712,0.110855065651882
0.699715667829029,0.111983503788469
0.724608366670347,0.113088388386359
0.749501065511665,0.114169966862523
0.774393764352983,0.115228597837168
0.7992864631943,0.116264747446076
0.824179162035618,0.117278985087847
0.849071860876935,0.118271978623712
0.873964559718253,0.119244489051138
0.898857258559571,0.120197364675945
0.923749957400888,0.121131534811031
0.948642656242206,0.122048003033003
0.973535355083524,0.122947840031039
0.998428053924841,0.123832176085149
1.02332075276616,0.124702193213576
1.04821345160748,0.125559117031416
1.07310615044879,0.126404208364637
1.09799884929011,0.127238754665401
1.12289154813143,0.128064061276122
1.14778424697275,0.128881442590789
1.17267694581406,0.129692213162975
1.19756964465538,0.130497678810377
1.2224623434967,0.131299127765949
1.24735504233802,0.132097821925477
1.27224774117934,0.132894988240918
1.29714044002065,0.133691810308009
1.32203313886197,0.134489420195444
1.34692583770329,0.135288890561442
1.37181853654461,0.136091227101754
1.39671123538592,0.136897361371049
1.42160393422724,0.137708144017308
1.44649663306856,0.138524338466252
1.47138933190988,0.13934661508999
1.49628203075119,0.140175545891075
1.52117472959251,0.141011599729942
1.54606742843383,0.141855138120309
1.57096012727515,0.142706411613679
1.59585282611646,0.143565556790432
1.62074552495778,0.144432593871358
1.6456382237991,0.145307424959746
1.67053092264042,0.146189832920384
1.69542362148174,0.147079480898113
1.72031632032305,0.147975912474833
1.74520901916437,0.148878552460229
1.77010171800569,0.149786708307881
1.79499441684701,0.150699572144974
1.81988711568832,0.151616223400446
1.84477981452964,0.15253563201323
1.86967251337096,0.153456662199162
1.89456521221228,0.154378076752318
1.91945791105359,0.155298541853809
1.94435060989491,0.156216632358654
1.96924330873623,0.157130837529056
1.99413600757755,0.158039567180436
2.01902870641886,0.158941158204759
2.04392140526018,0.15983388143417
2.0688141041015,0.160715948806647
2.09370680294282,0.161585520794331
2.11859950178414,0.162440714054396
2.14349220062545,0.163279609261738
2.16838489946677,0.164100259082472
2.19327759830809,0.164900696247116
2.21817029714941,0.165678941682483
2.24306299599072,0.166433012661703
2.26795569483204,0.167160930932314
2.29284839367336,0.167860730783202
2.31774109251468,0.168530467012101
2.34263379135599,0.169168222756528
2.36752649019731,0.169772117152363
2.39241918903863,0.170340312785718
2.41731188787995,0.170871022905416
2.44220458672126,0.171362518365077
2.46709728556258,0.171813134265739
2.4919899844039,0.17222127627183
2.51688268324522,0.172585426575428
2.54177538208654,0.172904149485802
2.56666808092785,0.173176096623466
2.59156077976917,0.173400011700165
2.61645347861049,0.173574734868509
2.64134617745181,0.173699206627249
2.66623887629312,0.173772471270477
2.69113157513444,0.173793679871369
2.71602427397576,0.173762092793336
2.74091697281708,0.173677081723766
2.76580967165839,0.173538131227752
2.79070237049971,0.173344839821411
2.81559506934103,0.173096920566583
2.84048776818235,0.172794201190775
2.86538046702366,0.172436623738294
2.89027316586498,0.172024243760461
2.9151658647063,0.171557229054758
2.94005856354762,0.171035857964543
2.96495126238894,0.170460517252772
2.98984396123025,0.169831699564806
3.01473666007157,0.169150000496983
3.03962935891289,0.168416115289115
3.06452205775421,0.167630835160488
3.08941475659552,0.166795043310229
3.11430745543684,0.165909710604118
3.13920015427816,0.164975890971031
3.16409285311948,0.163994716533204
3.18898555196079,0.162967392495397
3.21387825080211,0.161895191818865
3.23877094964343,0.160779449706704
3.26366364848475,0.159621557927747
3.28855634732607,0.158422959006657
3.31344904616738,0.157185140308239
3.3383417450087,0.155909628044264
3.36323444385002,0.15459798123124
3.38812714269134,0.153251785627616
3.41301984153265,0.151872647678846
3.43791254037397,0.150462188498572
3.46280523921529,0.149022037913859
3.48769793805661,0.147553828602083
3.51259063689792,0.146059190346509
3.53748333573924,0.144539744436996
3.56237603458056,0.142997098241562
3.58726873342188,0.141432839973652
3.61216143226319,0.139848533679054
3.63705413110451,0.138245714465319
3.66194682994583,0.136625883995393
3.68683952878715,0.134990506265902
3.71173222762846,0.133341003689158
3.73662492646978,0.131678753496483
3.7615176253111,0.130005084478912
3.78641032415242,0.128321274079635
3.81130302299374,0.126628545850842
3.83619572183505,0.124928067285803
3.86108842067637,0.123220948035089
3.88598111951769,0.121508238513912
3.91087381835901,0.119790928905529
3.93576651720032,0.118069948563542
3.96065921604164,0.116346165813846
3.98555191488296,0.114620388154791
4.01044461372428,0.112893362851943
4.03533731256559,0.111165777921635
4.06023001140691,0.109438263495287
4.08512271024823,0.107711393554305
4.11001540908955,0.10598568802315
4.13490810793086,0.10426161520609
4.15980080677218,0.102539594551
4.1846935056135,0.100819999721574
4.20958620445482,0.0991031619573535
4.23447890329613,0.0973893736990926
4.25937160213745,0.0956788924552163
4.28426430097877,0.0939719448834744
4.30915699982009,0.0922687310603583
4.33404969866141,0.0905694289094589
4.35894239750272,0.0888741987587065
4.38383509634404,0.0871831879953569
4.40872779518536,0.0854965357866862
4.43362049402668,0.0838143778336428
4.45851319286799,0.082136851124175
4.48340589170931,0.0804640986526367
4.50829859055063,0.0787962740715523
4.53319128939195,0.0771335462421214
4.55808398823326,0.0754761036501616
4.58297668707458,0.073824158654716
4.6078693859159,0.0721779515373139
4.63276208475722,0.0705377543208446
4.65765478359854,0.0689038743282021
4.68254748243985,0.0672766574522635
4.70744018128117,0.0656564911103887
4.73233288012249,0.0640438068584439
4.75722557896381,0.0624390826413736
4.78211827780512,0.0608428446595399
4.80701097664644,0.0592556688324229
4.83190367548776,0.0576781818438078
4.85679637432908,0.0561110617552577
4.88168907317039,0.0545550381774772
4.90658177201171,0.0530108919920903
4.93147447085303,0.0514794546193613
4.95636716969435,0.0499616068304777
4.98125986853566,0.0484582771061476
5.00615256737698,0.0469704395464406
5.0310452662183,0.0454991113399819
5.05593796505962,0.0440453498037905
5.08083066390094,0.0426102490081882
5.10572336274225,0.0411949360043058
5.13061606158357,0.039800566674719
5.15550876042489,0.0384283212306746
5.18040145926621,0.0370793993821564
5.20529415810752,0.0357550152097101
5.23018685694884,0.0344563917694425
5.25507955579016,0.0331847554649335
5.27997225463148,0.0319413302219277
5.30486495347279,0.03072733150358
5.32975765231411,0.0295439602057194
5.35465035115543,0.0283923964730252
5.37954304999675,0.0272737934781978
5.40443574883806,0.0261892712071202
5.42932844767938,0.0251399102936361
5.4542211465207,0.0241267459479264
5.47911384536202,0.0231507620225255
5.50400654420334,0.0222128852597728
5.52889924304465,0.0213139797639714
5.55379194188597,0.0204548417406811
5.57868464072729,0.0196361945444487
5.60357733956861,0.0188586840748525
5.62847003840992,0.0181228745590237
5.65336273725124,0.0174292447568182
5.67825543609256,0.0167781846225462
5.70314813493388,0.0161699924546419
5.72804083377519,0.0156048725618887
5.75293353261651,0.0150829334718045
5.77782623145783,0.0146041867035787
5.80271893029915,0.0141685461245255
5.82761162914046,0.0137758279054244
5.85250432798178,0.013425751086359
5.8773970268231,0.0131179387607693
5.90228972566442,0.0128519198814223
5.92718242450573,0.0126271316879095
5.95207512334705,0.0124429227511087
5.97696782218837,0.0122985566258454
6.00186052102969,0.0121932160987724
6.02675321987101,0.0121260080142691
6.05164591871232,0.0120959686570093
6.07653861755364,0.0121020696657354
6.10143131639496,0.0121432244487756
6.12632401523628,0.0122182950679558
6.15121671407759,0.0123260995538188
6.17610941291891,0.0124654196115041
6.20100211176023,0.0126350086732737
6.22589481060155,0.0128336002505329
6.25078750944286,0.0130599165353054
6.27568020828418,0.0133126771985002
6.3005729071255,0.0135906083299816
6.32546560596682,0.0138924514634429
6.35035830480814,0.014216972627397
6.37525100364945,0.0145629713622667
6.40014370249077,0.0149292896425862
6.42503640133209,0.0153148206427288
6.44992910017341,0.0157185172843707
6.47482179901472,0.0161394005040893
6.49971449785604,0.0165765671800839
6.52460719669736,0.0170291976580062
6.54949989553868,0.0174965628172903
6.57439259437999,0.0179780306211876
6.59928529322131,0.0184730720959225
6.62417799206263,0.0189812666869956
6.64907069090395,0.0195023069436647
6.67396338974526,0.0200360024859989
6.69885608858658,0.0205822832126427
6.7237487874279,0.021141201711499
6.74864148626922,0.021712934839948
6.77353418511053,0.0222977844459153
6.79842688395185,0.0228961772060889
6.82331958279317,0.02350866356281
6.84821228163449,0.0241359157466162
6.87310498047581,0.0247787248770509
6.89799767931712,0.0254379971401526
6.92289037815844,0.0261147490469482
6.94778307699976,0.0268101017832779
6.97267577584108,0.027525274667324
6.99756847468239,0.0282615777372712
7.02246117352371,0.0290204034975483
7.04735387236503,0.02980321785805
7.07224657120635,0.0306115503065797
7.09713927004766,0.0314469833604359
7.12203196888898,0.0323111413485608
7.1469246677303,0.0332056785809319
7.17181736657162,0.0341322669668633
7.19671006541294,0.0350925831485736
7.22160276425425,0.0360882952207108
7.24649546309557,0.0371210491104888
7.27138816193689,0.0381924546966424
7.29628086077821,0.0393040717485179
7.32117355961952,0.0404573957692613
7.34606625846084,0.041653843829224
7.37095895730216,0.0428947404773391
7.39585165614348,0.0441813038193388
7.42074435498479,0.0455146318522407
7.44563705382611,0.0468956891445398
7.47052975266743,0.0483252939509818
7.49542245150875,0.0498041058496644
7.52031515035006,0.051332613987515
7.54520784919138,0.052911126017927
7.5701005480327,0.0545397578115128
7.59499324687402,0.0562184240175642
7.61988594571533,0.0579468295499024
7.64477864455665,0.0597244620663869
7.66967134339797,0.0615505855064462
7.69456404223929,0.0634242347456176
7.71945674108061,0.0653442114202795
7.74434943992192,0.0673090809695483
7.76924213876324,0.069317170934735
7.79413483760456,0.0713665705498485
7.81902753644588,0.07345513164944
7.84392023528719,0.0755804709126394
7.86881293412851,0.0777399734545946
7.89370563296983,0.079930797768728
7.91859833181115,0.0821498820153192
7.94349103065246,0.0843939516439656
7.96838372949378,0.0866595283294955
7.9932764283351,0.0889429401929837
8.01816912717642,0.0912403332716757
8.04306182601773,0.0935476841939249
8.06795452485905,0.0958608140077336
8.09284722370037,0.0981754031042091
8.11773992254169,0.100487007170246
8.14263262138301,0.102791074098071
8.16752532022432,0.105082961772981
8.19241801906564,0.107357956654712
8.21731071790696,0.109611293062399
8.24220341674827,0.111838173068155
8.26709611558959,0.114033786899793
8.29198881443091,0.116193333749318
8.31688151327223,0.118312042880464
8.34177421211355,0.120385194925786
8.36666691095487,0.122408143261638
8.39155960979618,0.124376335347884
8.4164523086375,0.126285333918241
8.44134500747882,0.128130837906926
8.46623770632013,0.129908702997658
8.49113040516145,0.131614961682105
8.51602310400277,0.133245842716527
8.54091580284409,0.134797789867706
8.5658085016854,0.136267479842137
8.59070120052672,0.137651839296056
8.61559389936804,0.138948060827951
8.64048659820936,0.140153617859932
8.66537929705068,0.141266278319575
8.69027199589199,0.142284117039589
8.71516469473331,0.143205526798928
8.74005739357463,0.144029227935624
8.76495009241595,0.144754276468754
8.78984279125726,0.145380070674424
8.81473549009858,0.145906356068478
8.8396281889399,0.146333228756771
8.86452088778122,0.146661137122194
8.88941358662253,0.146890881826242
8.91430628546385,0.147023614111655
8.93919898430517,0.147060832401519
8.96409168314649,0.147004377199139
8.98898438198781,0.146856424301975
9.01387708082912,0.146619476351825
9.03876977967044,0.146296352752328
9.06366247851176,0.145890177993566
9.08855517735308,0.145404368432157
9.11344787619439,0.14484261758354
9.13834057503571,0.144208879991303
9.16323327387703,0.143507353746197
9.18812597271835,0.142742461734926
9.21301867155966,0.141918831705927
9.23791137040098,0.141041275245986
9.2628040692423,0.140114765767767
9.28769676808362,0.139144415614056
9.31258946692494,0.138135452389698
9.33748216576625,0.137093194636895
9.36237486460757,0.136023026973573
9.38726756344889,0.134930374818016
9.4121602622902,0.133820678825805
9.43705296113152,0.132699369167324
9.46194565997284,0.131571839775632
9.48683835881416,0.130443422695405
9.51173105765548,0.129319362663848
9.53662375649679,0.128204792054015
9.56151645533811,0.127104706309834
9.58640915417943,0.126023940000274
9.61130185302075,0.124967143617616
9.63619455186207,0.123938761241579
9.66108725070338,0.12294300918725
9.6859799495447,0.121983855750271
9.71087264838602,0.121065002157657
9.73576534722733,0.120189864826914
9.76065804606865,0.119361559029861
9.78555074490997,0.118582884050755
9.81044344375129,0.117856309920969
9.83533614259261,0.11718396580469
9.86022884143392,0.116567630101839
9.88512154027524,0.116008722325756
9.91001423911656,0.115508296804225
9.93490693795788,0.115067038243031
9.95979963679919,0.1146852591817
9.98469233564051,0.114362899361247
10.0095850344818,0.114099527013788
10.0344777333231,0.113894342073774
10.0593704321645,0.113746181300495
10.0842631310058,0.113653525291304
10.1091558298471,0.113614507354942
10.1340485286884,0.113626924204344
10.1589412275297,0.113688248418469
10.1838339263711,0.113795642613068
10.2087266252124,0.113945975250985
10.2336193240537,0.114135838013545
10.258512022895,0.114361564645932
10.2834047217363,0.114619251181287
10.3082974205776,0.11490477744047
10.333190119419,0.115213829697258
10.3580828182603,0.115541924392099
10.3829755171016,0.115884432771507
10.4078682159429,0.116236606324823
10.4327609147842,0.116593602885363
10.4576536136255,0.11695051325899
10.4825463124669,0.117302388239954
10.5074390113082,0.117644265871327
10.5323317101495,0.117971198805735
10.5572244089908,0.118278281621187
10.5821171078321,0.11856067794674
10.6070098066735,0.118813647253508
10.6319025055148,0.119032571168079
10.6567952043561,0.119212979167786
10.6816879031974,0.119350573520479
10.7065806020387,0.11944125333539
10.73147330088,0.119481137596437
10.7563659997214,0.119466587054791
10.7812586985627,0.119394224863719
10.806151397404,0.119260955845572
10.8310440962453,0.119063984288337
10.8559367950866,0.118800830177212
10.8808294939279,0.118469343775388
10.9057221927693,0.118067718477323
10.9306148916106,0.117594501867412
10.9555075904519,0.117048604926938
10.9804002892932,0.116429309342503
11.0052929881345,0.115736272879693
11.0301856869759,0.114969532796546
11.0550783858172,0.114129507282245
11.0799710846585,0.113216994917495
11.1048637834998,0.112233172163967
11.1297564823411,0.111179588901136
11.1546491811824,0.110058162039591
11.1795418800238,0.108871167250486
11.2044345788651,0.107621228861096
11.2293272777064,0.106311307976407
11.2542199765477,0.104944688896299
11.279112675389,0.103524963906963
11.3040053742303,0.102056016533873
11.3288980730717,0.10054200335168
11.353790771913,0.098987334453909
11.3786834707543,0.0973966526921215
11.4035761695956,0.0957748118003993
11.4284688684369,0.0941268535263955
11.4533615672783,0.0924579838948921
11.4782542661196,0.0907735487337053
11.5031469649609,0.0890790085948928
11.5280396638022,0.087379913206528
11.5529323626435,0.0856818755918114
11.5778250614848,0.0839905459929734
11.6027177603262,0.0823115857373112
11.6276104591675,0.080650641181779
11.6525031580088,0.0790133178708612
11.6773958568501,0.0774051550399885
11.7022885556914,0.0758316005935638
11.7271812545327,0.0742979866827579
11.7520739533741,0.0728095060036539
11.7769666522154,0.0713711889311116
11.8018593510567,0.0699878815979152
11.826752049898,0.0686642250224191
11.8516447487393,0.0674046353810624
11.8765374475807,0.0662132855148274
11.901430146422,0.0650940877510366
11.9263228452633,0.064050678113862
11.9512155441046,0.0630864019886172
11.9761082429459,0.0622043012963817
12.0010009417872,0.0614071032268147
12.0258936406286,0.0606972105682125
12.0507863394699,0.0600766936650171
12.0756790383112,0.0595472840241211
12.1005717371525,0.0591103695825288
12.1254644359938,0.0587669916402321
12.1503571348351,0.0585178434536324
12.1752498336765,0.0583632704765055
12.2001425325178,0.0583032722274143
12.2250352313591,0.0583375057546827
12.2499279302004,0.0584652906625555
12.2748206290417,0.0586856156550546
12.2997133278831,0.0589971465473
12.3246060267244,0.059398235687739
12.3494987255657,0.0598869327288379
12.374391424407,0.0604609966783399
12.3992841232483,0.0611179091582228
12.4241768220896,0.0618548887939826
12.449069520931,0.0626689066528452
12.4739622197723,0.063556702645976
12.4988549186136,0.0645148028066953
12.5237476174549,0.0655395373541387
12.5486403162962,0.0666270594496975
12.5735330151375,0.0677733645519398
12.5984257139789,0.0689743102745267
12.6233184128202,0.0702256366508987
12.6482111116615,0.0715229867091822
12.6731038105028,0.0728619272608595
12.6979965093441,0.074237969807218
12.7228892081855,0.0756465914684445
12.7477819070268,0.0770832558414292
12.7726746058681,0.0785434336938723
12.7975673047094,0.0800226234041309
12.8224600035507,0.0815163710583755
12.847352702392,0.0830202901190322
12.8722454012334,0.0845300805811506
12.8971381000747,0.0860415475362313
12.922030798916,0.0875506190661696
12.9469234977573,0.0890533633932917
12.9718161965986,0.0905460052159696
12.9967088954399,0.0920249411629948
13.0216015942813,0.0934867543037354
13.0464942931226,0.0949282276551124
13.0713869919639,0.0963463566305722
13.0962796908052,0.0977383603805161
13.1211723896465,0.0991016919780521
13.1460650884879,0.100434047408457
13.1709577873292,0.101733373325376
13.1958504861705,0.102997873541513
13.2207431850118,0.104226014226431
13.2456358838531,0.105416527788975
13.2705285826944,0.106568415426888
13.2954212815358,0.107680948331259
13.3203139803771,0.108753667538632
13.3452066792184,0.10978638242885
13.3700993780597,0.110779167871976
13.394992076901,0.111732360033026
13.4198847757423,0.112646550848593
13.4447774745837,0.113522581194873
13.469670173425,0.114361532772031
13.4945628722663,0.115164718735257
13.5194555711076,0.115933673108264
13.5443482699489,0.116670139020381
13.5692409687903,0.117376055813652
13.5941336676316,0.118053545071634
13.6190263664729,0.118704895626715
13.6439190653142,0.119332547607755
13.6688117641555,0.119939075594762
13.6937044629968,0.120527170951968
13.7185971618382,0.121099623415176
13.7434898606795,0.121659302013498
13.7683825595208,0.122209135409603
13.7932752583621,0.122752091746296
13.8181679572034,0.12329115809067
13.8430606560447,0.12382931957009
13.8679533548861,0.124369538296967
13.8928460537274,0.124914732181574
13.9177387525687,0.125467753733997
13.94263145141,0.126031368957741
13.9675241502513,0.126608236438466
13.9924168490927,0.127200886731794
14.017309547934,0.127811702154072
14.0422022467753,0.128442897079463
14.0670949456166,0.129096498845618
14.0919876444579,0.129774329368605
14.1168803432992,0.130477987565599
14.1417730421406,0.131208832681166
14.1666657409819,0.131967968609746
14.1915584398232,0.132756229303197
14.2164511386645,0.133574165347992
14.2413438375058,0.134422031791898
14.2662365363471,0.135299777294725
14.2911292351885,0.136207034672005
14.3160219340298,0.137143112894335
14.3409146328711,0.138106990598554
14.3658073317124,0.139097311160014
14.3907000305537,0.140112379367928
14.4155927293951,0.141150159738245
14.4404854282364,0.142208276490648
14.4653781270777,0.143284015208291
14.490270825919,0.144374326190641
14.5151635247603,0.145475829501517
14.5400562236016,0.146584821705982
14.564948922443,0.147697284281369
14.5898416212843,0.148808893679284
14.6147343201256,0.149915033007138
14.6396270189669,0.151010805289566
14.6645197178082,0.152091048262027
14.6894124166495,0.153150350641125
14.7143051154909,0.154183069808604
14.7391978143322,0.155183350838766
14.7640905131735,0.156145146792153
14.7889832120148,0.157062240191875
14.8138759108561,0.15792826559286
14.8387686096975,0.158736733148739
14.8636613085388,0.159481053075944
14.8885540073801,0.16015456091001
14.9134467062214,0.160750543445047
14.9383394050627,0.16126226524383
14.963232103904,0.161682995603103
14.9881248027454,0.162006035856345
15.0130175015867,0.162224746894587
15.037910200428,0.162332576784744
15.0628028992693,0.162323088364476
15.0876955981106,0.162189986692713
15.1125882969519,0.161927146235703
15.1374809957933,0.161528637669801
15.1623736946346,0.160988754184097
15.1872663934759,0.160302037168483
15.2121590923172,0.159463301175784
15.2370517911585,0.158467658050105
15.2619444899999,0.157310540117656
15.2868371888412,0.155987722340781
15.3117298876825,0.154495343340951
15.3366225865238,0.152829925201846
15.3615152853651,0.15098839196943
15.3864079842064,0.148968086772066
15.4113006830478,0.146766787490137
15.4361933818891,0.144382720911376
15.4610860807304,0.141814575315062
15.4859787795717,0.1390615114354
15.510871478413,0.136123171761741
15.5357641772543,0.132999688140745
15.5606568760957,0.129691687653141
15.585549574937,0.126200296745345
15.6104422737783,0.122527143603785
15.6353349726196,0.118674358767407
15.6602276714609,0.114644573981335
15.6851203703023,0.110440919302121
15.7100130691436,0.106067018472303
15.7349057679849,0.101526982589186
15.7597984668262,0.0968254020996664
15.7846911656675,0.0919673371596852
15.8095838645088,0.0869583064033881
15.8344765633502,0.0818042741732494
15.8593692621915,0.0765116362683427
15.8842619610328,0.0710872042735071
15.9091546598741,0.0655381885373839
15.9340473587154,0.0598721798721567
15.9589400575567,0.0540971300522936
15.9838327563981,0.0482213311936563
16.0087254552394,0.0422533940979841
16.0336181540807,0.0362022256509792
16.058510852922,0.0300770053649885
16.0834035517633,0.0238871611596112
16.1082962506046,0.0176423444754257
16.133188949446,0.0113524048174492
16.1580816482873,0.00502736382589669
16.1829743471286,-0.00132261102769544
16.2078670459699,-0.00768723302087398
16.2327597448112,-0.0140561229394992
16.2576524436526,-0.0204188359189479
16.2825451424939,-0.0267648882717144
16.3074378413352,-0.0330837842075364
16.3323305401765,-0.0393650423542764
16.3572232390178,-0.0455982219902847
16.3821159378591,-0.0517729489018338
16.4070086367005,-0.0578789407824373
16.4319013355418,-0.0639060320944035
16.4567940343831,-0.069844198316833
16.4816867332244,-0.075683579508396
16.5065794320657,-0.0814145031176114
16.5314721309071,-0.0870275059779591
16.5563648297484,-0.0925133554299589
16.5812575285897,-0.0978630695173221
16.606150227431,-0.103067936209384
16.6310302506925,-0.108159860626604
16.6559321408517,-0.113171200874632
16.6808339817809,-0.118094176932013
16.7057355111393,-0.122921353460635
16.730636466293,-0.127645653670082
16.7555365841964,-0.132260372005554
16.7804356012742,-0.136759185678899
16.8053332533023,-0.141136165036792
16.8302292752879,-0.145385782764949
16.8551234013488,-0.149502921931992
16.8800153645914,-0.153482882881058
16.9049048969885,-0.157321388981539
16.9297917292546,-0.161014591257353
16.9546755907203,-0.164559071911917
16.9795562092058,-0.167951846773458
17.0044333108914,-0.171190366687498
17.0293066201872,-0.174272517886199
17.0541758596006,-0.177196621366807
17.0790407496012,-0.179961431313678
17.1039010084837,-0.182566132600233
17.1287563522286,-0.185010337408793
17.15360649436,-0.18729408100746
17.1784511458002,-0.189417816724136
17.203290014722,-0.191382410158399
17.2281228063977,-0.193189132672241
17.2529492230441,-0.194839654200704
17.2777689636647,-0.196336035423196
17.3025817238879,-0.197680719335777
17.3273871958007,-0.198876522263959
17.3521850677793,-0.199926624354621
17.3769750243139,-0.200834559584523
17.4017567458303,-0.20160420532161
17.4265299085049,-0.202239771473873
17.4512941840762,-0.202745789259016
17.4760492396494,-0.203127099626582
17.5007947374965,-0.203388841362532
17.5255303348493,-0.203536438904595
17.5502556836866,-0.203575589895084
17.5749704305146,-0.203512252496184
17.5996742161404,-0.203352632491203
17.6243666754377,-0.203103170193766
17.6490474371055,-0.20277052718557
17.6737161234177,-0.202361572902042
17.6983723499647,-0.201883371084197
17.7230157253862,-0.201343166113979
17.747645851094,-0.200748369249682
17.7722623209852,-0.200106544777416
17.7968647211448,-0.199425396094243
17.8214526295372,-0.198712751738416
17.8460256156871,-0.197976551382174
17.8705832403466,-0.197224831802801
17.895125055151,-0.196465712848042
17.9196506022608,-0.195707383412633
17.9441594139892,-0.194958087443451
17.9686510124154,-0.19422610999179
17.9931249089815,-0.193519763332356
18.0175806040742,-0.192847373169842
18.042017586588,-0.192217264955268
18.0664353334712,-0.191637750335749
18.0908333092517,-0.19111711376285
18.1152109655442,-0.190663599286189
18.1395677405346,-0.190285397560588
18.1639030584428,-0.189990633096493
18.1882163289623,-0.189787351784958
18.212506946674,-0.18968350872982
18.2367742904345,-0.189686956421022
18.2610177227367,-0.189805433284168
18.2852365890407,-0.190046552642386
18.3094302170746,-0.190417792127357
18.3335979161026,-0.190926483576939
18.3577389761582,-0.191579803457128
18.3818526672417,-0.192384763846153
18.4059382384793,-0.193348204018281
18.4299949172416,-0.19447678266435
18.4540219082187,-0.195776970785206
18.4780183924506,-0.197255045293041
18.5019835263093,-0.1989170833541
18.52591644043,-0.200768957504368
18.5498162385881,-0.202816331567655
18.57368199652,-0.205064657402959
18.5975127606821,-0.207519172505094
18.6213075469471,-0.210184898479436
18.6450653392304,-0.213066640408072
18.6687850880464,-0.216168987120913
18.6924657089862,-0.219496312381241
18.716106081115,-0.223052776990871
18.7397050452823,-0.226842331815578
18.763261402341,-0.230868721726756
18.7867739112676,-0.235135490450369
18.8102412871795,-0.239645986309301
18.833662199241,-0.2444033688401
18.8570352684519,-0.249410616260007
18.8803590653105,-0.254670533754986
18.9036321073439,-0.260185762554379
18.9268528564948,-0.265958789752742
18.9500197163581,-0.271991958834444
18.9731310292554,-0.278287480851833
18.9961850731369,-0.284847446203111
19.0191800583007,-0.291673836951614
19.0421141239147,-0.29876853962406
19.0649853343309,-0.306133358421347
19.0877916751757,-0.313770028771941
19.1105310492017,-0.321680231154531
19.1332012718859,-0.329865605113746
19.1558000667559,-0.338327763390085
19.1783250604264,-0.347068306083006
19.2007737773254,-0.35608883476426
19.2231436340903,-0.36539096645706
19.2454319336105,-0.374976347395524
19.2676358586938,-0.384846666478077
19.2897524653291,-0.395003668327976
19.3117786755206,-0.405449165873978
19.3337112696641,-0.416185052364208
19.3555468784346,-0.427213312726564
19.3772819741535,-0.438536034189419
19.3989128616024,-0.450155416076848
19.4204356682473,-0.462073778693126
19.4418463338365,-0.474293571211655
19.4631405993348,-0.486817378483702
19.4843139951527,-0.499647926682299
19.5053618286319,-0.512788087696187
19.5262791707441,-0.526240882187716
19.5470608419633,-0.540009481226958
19.5677013972694,-0.55409720641181
19.5881951102435,-0.568507528380464
19.6085359562183,-0.583244063618015
19.6287175944482,-0.598310569453158
19.6487333492704,-0.613710937133625
19.6685761902357,-0.629449182860082
19.6882387111946,-0.64552943664765
19.7077131083394,-0.661955928871661
19.726991157215,-0.678732974339995
19.746064188736,-0.695864953718016
19.7649230642651,-0.713356292114072
19.7835581498456,-0.731211434613852
19.8019592897126,-0.749434818530854
19.8201157792552,-0.768030842118585
19.8380163376546,-0.787003829468411
19.8556490804908,-0.806357991296497
19.873001492681,-0.826097381305454
19.8900604022081,-0.846225847793021
19.9068119551969,-0.866746980174022
19.9232415930126,-0.887664050085833
19.9393340321913,-0.908979946765811
19.9550732481566,-0.930697106425859
19.9704424638358,-0.952817435410151
19.9854241444594,-0.975342227012849
20,-0.998272071960212
