-20,-0.934908262028085
-19.9854746905898,-0.913235948105469
-19.9705488452777,-0.891892293263907
-19.9552446788279,-0.870877574498492
-19.939583091252,-0.850191746580816
-19.923583717866,-0.829834539205248
-19.9072649856438,-0.809805538192662
-19.8906441734106,-0.790104252329073
-19.873737473946,-0.770730167397634
-19.8565600565026,-0.751682788894193
-19.8391261286174,-0.732961674818217
-19.8214489963854,-0.71456645981647
-19.8035411226074,-0.696496871836409
-19.7854141824144,-0.678752742326521
-19.7670791161168,-0.661334010906532
-19.7485461791453,-0.64424072532378
-19.7298249890334,-0.627473037414902
-19.7109245694592,-0.611031195704509
-19.6918533914111,-0.594915535194851
-19.6726194115734,-0.579126464831974
-19.6532301080534,-0.56366445307405
-19.6336925135825,-0.54853001193541
-19.6140132463347,-0.533723679834696
-19.5941985385067,-0.519246003536519
-19.5742542628046,-0.505097519442311
-19.5541859569779,-0.491278734457003
-19.5339988465392,-0.477790106633061
-19.5136978657988,-0.46463202577166
-19.4932876773382,-0.451804794141904
-19.4727726900415,-0.439308607462517
-19.4521570757906,-0.427143536275968
-19.4314447849303,-0.415309507832159
-19.4106395605959,-0.40380628858744
-19.3897449519916,-0.392633467414386
-19.3687643267033,-0.381790439608454
-19.3477008821192,-0.371276391769055
-19.3265576560288,-0.36109028762459
-19.3053375364639,-0.35123085486358
-19.2840432708418,-0.341696573026912
-19.2626774744631,-0.332485662509534
-19.2412426384162,-0.323596074713489
-19.2197411369321,-0.315025483387869
-19.198175234234,-0.306771277185331
-19.1765470909186,-0.298830553458822
-19.1548587699055,-0.291200113316482
-19.133112241987,-0.283876457947041
-19.1113093910093,-0.276855786222546
-19.0894520187109,-0.270133993579883
-19.0675418492457,-0.263706672177298
-19.0455805334123,-0.257569112317034
-19.0235696526117,-0.251716305120203
-19.0015107225538,-0.246142946435197
-18.9794051967297,-0.240843441956256
-18.9572544696671,-0.235811913524335
-18.935059879984,-0.231042206578073
-18.9128227132555,-0.22652789871854
-18.8905442047063,-0.222262309347517
-18.8682255417406,-0.218238510335357
-18.8458678663216,-0.214449337670974
-18.8234722772099,-0.210887404043267
-18.8010398320714,-0.207545112300267
-18.7785715494619,-0.204414669729523
-18.7560684106988,-0.201488103100765
-18.733531361625,-0.198757274409595
-18.7109613142739,-0.196213897259013
-18.6883591484411,-0.193849553813847
-18.6657257131691,-0.191655712261732
-18.6430618281499,-0.189623744713085
-18.6203682850522,-0.187744945471655
-18.5976458487758,-0.186010549606567
-18.5748952586403,-0.184411751756413
-18.5521172295094,-0.182939725095851
-18.5293124528574,-0.18158564039532
-18.5064815977794,-0.180340685104866
-18.4836253119498,-0.179196082393754
-18.4607442225314,-0.17814311007841
-18.4378389370388,-0.177173119372348
-18.4149100441586,-0.176277553393116
-18.3919581145278,-0.175447965362809
-18.3689837014751,-0.174676036440488
-18.3459873417246,-0.173953593126784
-18.3229695560666,-0.173272624183109
-18.2999308499952,-0.172625297010225
-18.2768717143158,-0.172003973433355
-18.253792625724,-0.171401224843716
-18.2306940473575,-0.170809846649048
-18.2075764293216,-0.170222871988671
-18.1844402091916,-0.169633584671591
-18.1612858124912,-0.169035531299291
-18.1381136531498,-0.168422532538096
-18.1149241339393,-0.167788693509259
-18.0917176468909,-0.167128413268316
-18.0684945736942,-0.166436393348704
-18.0452552860783,-0.165707645348077
-18.0220001461766,-0.164937497539332
-17.9987295068754,-0.164121600491855
-17.9754437121487,-0.163255931692117
-17.9521430973774,-0.162336799156275
-17.9288279896562,-0.161360844031019
-17.9054987080872,-0.16032504218247
-17.8821555640614,-0.159226704776432
-17.8587988615289,-0.158063477856791
-17.8354288972576,-0.156833340932323
-17.8120459610824,-0.155534604585499
-17.7886503361432,-0.154165907120245
-17.7652422991147,-0.152726210268799
-17.7418221204262,-0.151214793980994
-17.7183900644734,-0.149631250322322
-17.6949463898219,-0.147975476510083
-17.6714913494027,-0.146247667119752
-17.6480251907007,-0.14444830549641
-17.6245481559353,-0.14257815440863
-17.6010604822356,-0.140638245984673
-17.5775624018074,-0.138629870973095
-17.5540541420957,-0.13655456737202
-17.5305359259399,-0.134414108473257
-17.5070079717249,-0.132210490369279
-17.4834704935252,-0.129945918972636
-17.4599237012449,-0.12762279659884
-17.4363678007528,-0.125243708164992
-17.4128029940124,-0.122811407057461
-17.3892294792074,-0.120328800722779
-17.3656474508634,-0.117798936036569
-17.3420570999651,-0.115224984505755
-17.3184586140695,-0.112610227359568
-17.294852177416,-0.109958040584865
-17.2712379710317,-0.107271879961127
-17.2476161728347,-0.104555266150103
-17.2239869577328,-0.101811769894503
-17.2003504977204,-0.0990449973793045
-17.1767069619705,-0.0962585758082911
-17.1530565169262,-0.0934561392472165
-17.1293993263871,-0.0906413147835957
-17.1057355515947,-0.0878177090515617
-17.0820653513144,-0.0849888951684422
-17.0583888819154,-0.0821584001277821
-17.0347062974482,-0.079329692691412
-17.0110177497196,-0.0765061718208935
-16.9873233883662,-0.0736911556862393
-16.9636233609251,-0.0708878712872274
-16.9399178129029,-0.0680994447199241
-16.9162068878432,-0.065328892118189
-16.8924907273917,-0.0625791112969968
-16.8687694713599,-0.059852874121352
-16.845043257787,-0.0571528196214411
-16.8213122230003,-0.0544814478714547
-16.7975765016741,-0.0518411146462224
-16.7738362268869,-0.0492340268664903
-16.7500915301775,-0.0466622388402904
-16.7263425415996,-0.0441276493044716
-16.7025893897752,-0.041631999267058
-16.6788322019465,-0.0391768706477087
-16.6550711040272,-0.0367636857101726
-16.6313062206521,-0.0343937072772905
-16.6075376752257,-0.0320680397157964
-16.5837655899703,-0.0297876306749318
-16.5599900859725,-0.027553273559718
-16.5362112832288,-0.0253656107166536
-16.5124293006912,-0.0232251373066254
-16.4886442563104,-0.0211322058369464
-16.4648562670799,-0.0190870313216995
-16.4410654490777,-0.0170896970369488
-16.4172719175088,-0.0151401608349268
-16.3934757867457,-0.0132382619790023
-16.3696771703692,-0.0113837284591012
-16.3458761812079,-0.00957618474530079
-16.3220729313778,-0.00781515993555401
-16.2982675323204,-0.00610009625192738
-16.2744600948414,-0.0044303578383833
-16.2506507291481,-0.00280523981197152
-16.2268395448866,-0.00122397751837704
-16.2030266511784,0.000314244057952537
-16.1792121566571,0.00181028077934917
-16.1553961695045,0.00326501978663718
-16.1315787974858,0.00467936992753583
-16.1077601479852,0.00605425223204324
-16.0839403280412,0.00739059048463832
-16.0601194443812,0.00868930194243792
-16.0362976034561,0.009951288247511
-16.012474911475,0.0111774265803907
-15.988651474439,0.0123685611004167
-15.9648273981757,0.013525494716926
-15.9410027883732,0.0146489812334568
-15.9171777506136,0.0157397179050734
-15.8933116314197,0.0168234074423931
-15.8694455122258,0.0179256857926262
-15.8455793930319,0.0190470484053283
-15.821713273838,0.0201879131153803
-15.7978471546441,0.0213486152860859
-15.7739810354502,0.0225294035533428
-15.7501149162563,0.0237304361913956
-15.7262487970624,0.0249517781172777
-15.7023826778685,0.0261933985475559
-15.6785165586746,0.0274551693174048
-15.6546504394807,0.0287368638683864
-15.6307843202868,0.0300381569076052
-15.6069182010929,0.0313586247371774
-15.583052081899,0.0326977462492095
-15.5591859627052,0.0340549045777453
-15.5353198435113,0.0354293893954403
-15.5114537243174,0.0368203998390675
-15.4875876051235,0.0382270480443836
-15.4637214859296,0.0396483632673953
-15.4398553667357,0.041083296565696
-15.4159892475418,0.042530726010308
-15.3921231283479,0.0439894623953818
-15.368257009154,0.0454582554101966
-15.3443908899601,0.0469358002351943
-15.3205247707662,0.048420744521272
-15.2966586515723,0.0499116957092832
-15.2727925323784,0.0514072286446646
-15.2489264131845,0.0529058934403278
-15.2250602939906,0.0544062235394495
-15.2011941747967,0.0559067439285693
-15.1773280556028,0.0574059794504699
-15.1534619364089,0.0589024631656807
-15.129595817215,0.0603947447111157
-15.1057296980211,0.0618813986043379
-15.0818635788272,0.0633610324422326
-15.0579974596333,0.0648322949434793
-15.0341313404394,0.0662938837851224
-15.0102652212455,0.0677445531847647
-14.9863991020516,0.0691831211814261
-14.9625329828577,0.0706084765699287
-14.9386668636638,0.072019585445757
-14.9148007444699,0.0734154973197193
-14.890934625276,0.0747953507643506
-14.8670685060821,0.0761583785568683
-14.8432023868882,0.0775039122865762
-14.8193362676943,0.0788313863979058
-14.7954701485004,0.0801403416437605
-14.7716040293065,0.0814304279274674
-14.7477379101126,0.0827014065154134
-14.7238717909187,0.0839531516063419
-14.7000056717248,0.0851856512472578
-14.6761395525309,0.0863990075899391
-14.652273433337,0.087593436486132
-14.6284073141431,0.0887692664235966
-14.6045411949492,0.089926936809248
-14.5806750757553,0.0910669956096666
-14.5568089565614,0.0921900963632139
-14.5329428373675,0.093296994581855
-14.5090767181737,0.094388543564535
-14.4852105989798,0.0954656896475497
-14.4613444797859,0.0965294669207831
-14.437478360592,0.0975809914419173
-14.4136122413981,0.0986214549837418
-14.3897461222042,0.0996521183524773
-14.3658800030103,0.100674304317569
-14.3420138838164,0.101689390195669
-14.3181477646225,0.102698800133519
-14.2942816454286,0.103703997136144
-14.2704155262347,0.104706474888131
-14.2465494070408,0.105707749416888
-14.2226832878469,0.106709350647487
-14.198817168653,0.107712813899177
-14.1749510494591,0.108719671373719
-14.1510849302652,0.109731443685527
-14.1272188110713,0.110749631483043
-14.1033526918774,0.111775707209939
-14.0794865726835,0.112811107053573
-14.0556204534896,0.113857223126707
-14.0317543342957,0.114915395926729
-14.0078882151018,0.115986907114624
-13.9840220959079,0.117072972653679
-13.960155976714,0.118174736345395
-13.9362898575201,0.119293263797353
-13.9124237383262,0.120429536854854
-13.8885576191323,0.121584448525025
-13.8646914999384,0.122758798418847
-13.8408253807445,0.123953288733118
-13.8169592615506,0.125168520790869
-13.7930931423567,0.12640499215513
-13.7692270231628,0.127663094327303
-13.7453609039689,0.128943111037639
-13.721494784775,0.13024521713166
-13.6976286655811,0.131569478052612
-13.6737625463872,0.132915849916373
-13.6498964271933,0.134284180171653
-13.6260303079994,0.135674208834759
-13.6021641888055,0.13708557028481
-13.5782980696116,0.13851779560196
-13.5544319504177,0.139970315428079
-13.5305658312238,0.14144246332633
-13.5066997120299,0.142933479613308
-13.4828335928361,0.144442515634815
-13.4589674736422,0.145968638453956
-13.4351013544483,0.147510835918117
-13.4112352352544,0.149068022069476
-13.3873691160605,0.150639042862032
-13.3635029968666,0.152222682146775
-13.3396368776727,0.153817667885466
-13.3157707584788,0.155422678552655
-13.2919046392849,0.157036349684968
-13.268038520091,0.158657280536406
-13.2441724008971,0.160284040798313
-13.2203062817032,0.161915177342957
-13.1964401625093,0.163549220950103
-13.1725740433154,0.165184692976747
-13.1487079241215,0.166820111931142
-13.1248418049276,0.168453999913524
-13.1009756857337,0.170084888887364
-13.0771095665398,0.171711326746689
-13.0532434473459,0.17333188314688
-13.029377328152,0.174945155068419
-13.0055112089581,0.176549772085311
-12.9816450897642,0.17814440131228
-12.9577789705703,0.179727752007392
-12.9339128513764,0.181298579809368
-12.9100467321825,0.182855690591632
-12.8861806129886,0.184397943917938
-12.8623144937947,0.185924256087304
-12.8384483746008,0.187433602758917
-12.8145822554069,0.188925021150594
-12.790716136213,0.190397611807334
-12.7668500170191,0.191850539939424
-12.7429838978252,0.19328303633241
-12.7191177786313,0.194694397834114
-12.6952516594374,0.196083987426569
-12.6713855402435,0.197451233893429
-12.6475194210496,0.198795631095943
-12.6236533018557,0.200116736872974
-12.5997871826618,0.201414171582833
-12.5759210634679,0.202687616306805
-12.552054944274,0.203936810736176
-12.5281888250801,0.205161550766345
-12.5043227058862,0.206361685823179
-12.4804565866924,0.207537115948124
-12.4565904674985,0.208687788669776
-12.4327243483046,0.209813695690554
-12.4088582291107,0.210914869417847
-12.3849921099168,0.211991379369557
-12.3611259907229,0.213043328484211
-12.337259871529,0.214070849365915
-12.3133937523351,0.215074100494288
-12.2895276331412,0.216053262429109
-12.2656615139473,0.217008534038887
-12.2417953947534,0.21794012878174
-12.2179292755595,0.218848271066016
-12.1940631563656,0.219733192716907
-12.1701970371717,0.22059512957396
-12.1463309179778,0.221434318242871
-12.1224647987839,0.222250993023275
-12.09859867959,0.223045383032422
-12.0747325603961,0.223817709542691
-12.0508664412022,0.224568183548831
-12.0270003220083,0.225297003578653
-12.0031342028144,0.226004353758687
-11.9792680836205,0.226690402143985
-11.9554019644266,0.227355299318936
-11.9315358452327,0.227999177273571
-11.9076697260388,0.22862214855745
-11.8838036068449,0.229224305710878
-11.859937487651,0.22980572097081
-11.8360713684571,0.230366446246547
-11.8122052492632,0.230906513358048
-11.7883391300693,0.231425934527552
-11.7644730108754,0.231924703113123
-11.7406068916815,0.232402794570774
-11.7167407724876,0.232860167630016
-11.6928746532937,0.233296765665959
-11.6690085340998,0.233712518249584
-11.6451424149059,0.234107342856401
-11.621276295712,0.234481146712531
-11.5974101765181,0.234833828756199
-11.5735440573242,0.235165281691837
-11.5496779381303,0.235475394113293
-11.5258118189364,0.235764052672291
-11.5019456997425,0.236031144267962
-11.4780795805487,0.2362765582333
-11.4542134613548,0.23650018849453
-11.4303473421609,0.236701935679767
-11.406481222967,0.236881709153895
-11.3826151037731,0.237039428957367
-11.3587489845792,0.237175027627556
-11.3348828653853,0.237288451882439
-11.3110167461914,0.237379664147637
-11.2871506269975,0.237448643909325
-11.2632845078036,0.237495388877077
-11.2394183886097,0.237519915942462
-11.2155522694158,0.237522261921015
-11.1916861502219,0.237502484067169
-11.167820031028,0.237460660353733
-11.1439539118341,0.237396889509628
-11.1200877926402,0.237311290811697
-11.0962216734463,0.237204003628624
-11.0723555542524,0.237075186717164
-11.0484894350585,0.236925017273122
-11.0246233158646,0.236753689741644
-11.0007571966707,0.2365614143936
-10.9768910774768,0.236348415676875
-10.9530249582829,0.236114930353442
-10.929158839089,0.235861205435042
-10.9052927198951,0.235587495932114
-10.8814266007012,0.235294062432398
-10.8575604815073,0.234981168527208
-10.8336943623134,0.234649078104859
-10.8098282431195,0.234298052532091
-10.7859621239256,0.233928347745447
-10.7620960047317,0.233540211275643
-10.7382298855378,0.233133879228737
-10.7143637663439,0.232709573248635
-10.69049764715,0.232267497485891
-10.6666315279561,0.231807835598124
-10.6427654087622,0.231330747807432
-10.6188992895683,0.230836368040174
-10.5950331703744,0.230324801174222
-10.5711670511805,0.229796120418344
-10.5473009319866,0.229250364847845
-10.5234348127927,0.228687537119767
-10.4995686935988,0.22810760139006
-10.4757025744049,0.227510481454073
-10.451836455211,0.226896059130458
-10.4279703360172,0.22626417290726
-10.4041042168233,0.225614616867476
-10.3802380976294,0.224947139909766
-10.3563719784355,0.224261445278324
-10.3325058592416,0.223557190414113
-10.3086397400477,0.222833987137826
-10.2847736208538,0.222091402172986
-10.2609075016599,0.221328958015638
-10.237041382466,0.22054613415505
-10.2131752632721,0.219742368647786
-10.1893091440782,0.218917060045469
-10.1654430248843,0.218069569674445
-10.1415769056904,0.217199224263529
-10.1177107864965,0.216305318913943
-10.0938446673026,0.215387120403543
-10.0699785481087,0.214443870815458
-10.0461124289148,0.213474791479319
-10.0222463097209,0.212479087211397
-9.99838019052699,0.211455950838146
-9.9745140713331,0.210404567985911
-9.9506479521392,0.209324122117917
-9.9267818329453,0.208213799798069
-9.9029157137514,0.207072796159625
-9.87904959455751,0.205900320555431
-9.85518347536361,0.204695602365108
-9.83131735616971,0.203457896933439
-9.80745123697581,0.202186491613132
-9.78358511778191,0.200880711884171
-9.75971899858802,0.199539927521187
-9.73585287939412,0.198163558779507
-9.71198676020022,0.19675108257001
-9.68812064100632,0.195302038592402
-9.66425452181243,0.193816035396218
-9.64038840261853,0.192292756338616
-9.61652228342463,0.190731965407945
-9.59265616423073,0.189133512882107
-9.56879004503683,0.187497340790881
-9.54492392584294,0.185823488151691
-9.52105780664904,0.184112095948687
-9.49719168745514,0.18236341182557
-9.47332556826125,0.180577794463274
-9.44945944906735,0.178755717614377
-9.42559332987345,0.176897773767094
-9.40172721067955,0.175004677412705
-9.37786109148566,0.173077267891469
-9.35399497229176,0.171116511793387
-9.33012885309786,0.169123504891559
-9.30626273390396,0.167099473587459
-9.28239661471006,0.165045775849075
-9.25853049551617,0.162963901624658
-9.23466437632227,0.160855472716677
-9.21079825712837,0.158722242102593
-9.18693213793447,0.156566092691124
-9.16306601874058,0.154389035504882
-9.13919989954668,0.152193207282518
-9.11533378035278,0.1499808674959
-9.09146766115888,0.147754394780251
-9.06760154196498,0.145516282777708
-9.04373542277109,0.143269135397317
-9.01986930357719,0.141015661497099
-8.99600318438329,0.138758668996489
-8.97213706518939,0.136501058430114
-8.9482709459955,0.134245815956606
-8.9244048268016,0.131996005838861
-8.9005387076077,0.129754762414809
-8.8766725884138,0.127525281580527
-8.85280646921991,0.125310811810086
-8.82894035002601,0.123114644739188
-8.80507423083211,0.120940105342142
-8.78120811163821,0.118790541734205
-8.75734199244432,0.116669314633664
-8.73347587325042,0.114579786520283
-8.70960975405652,0.112525310528869
-8.68574363486262,0.110509219118697
-8.66187751566872,0.108534812561349
-8.63801139647483,0.106605347291209
-8.61414527728093,0.10472402416431
-8.59027915808703,0.102893976672529
-8.56641303889313,0.101118259161185
-8.54254691969924,0.0993998350989802
-8.51868080050534,0.097741565449818
-8.49481468131144,0.0961461971964575
-8.47094856211754,0.0946163520660886
-8.44708244292364,0.0931545155078168
-8.42321632372975,0.0917630259716915
-8.39935020453585,0.0904440645382862
-8.37548408534195,0.0891996449469699
-8.35161796614805,0.0880316040698685
-8.32775184695416,0.0869415928771238
-8.30388572776026,0.0859310679374072
-8.28001960856636,0.0850012834957537
-8.25615348937247,0.0841532841686434
-8.23228737017857,0.083387898293888
-8.20842125098467,0.0827057319702932
-8.18455513179077,0.0821071638192661
-8.16068901259687,0.0815923404975458
-8.13682289340298,0.0811611729870573
-8.11295677420908,0.0808133336845568
-8.08909065501518,0.0805482543102494
-8.06522453582128,0.0803651246509532
-8.04135841662739,0.0802628921496702
-8.01749229743349,0.0802402623496214
-7.99362617823959,0.0802957001969414
-7.96976005904569,0.0804274322023222
-7.9458939398518,0.0806334494579731
-7.9220278206579,0.0809115115023408
-7.898161701464,0.0812591510211437
-7.8742955822701,0.0816736793694303
-7.8504294630762,0.0821521928956
-7.82656334388231,0.0826915800446482
-7.80269722468841,0.0832885292143363
-7.77883110549451,0.0839395373345616
-7.75496498630061,0.0846409191369355
-7.73109886710671,0.0853888170784796
-7.70723274791282,0.086179211880451
-7.68336662871892,0.0870079336406125
-7.65950050952502,0.08787067347479
-7.63563439033113,0.088762995641329
-7.61176827113723,0.0896803501000678
-7.58790215194333,0.0906180854557229
-7.56403603274943,0.0915714622341087
-7.54016991355553,0.0925356664384299
-7.51630379436164,0.0935058233319621
-7.49243767516774,0.0944770113928065
-7.46857155597384,0.095444276386041
-7.44470543677994,0.0964026454985223
-7.42083931758605,0.097347141481788
-7.39697319839215,0.0982727967489831
-7.37310707919825,0.0991746673724782
-7.34924096000435,0.100047846929841
-7.32537484081046,0.100887480147083
-7.30150872161656,0.10168877628957
-7.27764260242266,0.102447022252748
-7.25377648322876,0.103157595306703
-7.22991036403486,0.103815975450781
-7.20604424484097,0.104417757336746
-7.18217812564707,0.104958661721508
-7.15831200645317,0.105434546413036
-7.13444588725927,0.105841416675897
-7.11057976806538,0.106175435065743
-7.08671364887148,0.106432930665063
-7.06284752967758,0.106610407695599
-7.03898141048368,0.106704553485987
-7.01511529128979,0.106712245776348
-6.99124917209589,0.106630559344785
-6.96738305290199,0.106456771943978
-6.94351693370809,0.106188369539259
-6.9196508145142,0.105823050842772
-6.8957846953203,0.105358731141441
-6.8719185761264,0.104793545419587
-6.8480524569325,0.104125850780036
-6.82418633773861,0.103354228170477
-6.80032021854471,0.102477483424684
-6.77645409935081,0.101494647630886
-6.75258798015691,0.100404976842187
-6.72872186096301,0.0992079511463471
-6.70485574176912,0.0979032731145648
-6.68098962257522,0.0964908656509962
-6.65712350338132,0.094970869266758
-6.63325738418742,0.0933436388039314
-6.60939126499352,0.09160973963672
-6.58552514579963,0.0897699433783445
-6.56165902660573,0.0878252231235161
-6.53779290741183,0.0857767482573872
-6.51392678821794,0.0836258788627566
-6.49006066902404,0.0813741597579854
-6.46619454983014,0.0790233141985748
-6.44232843063624,0.0765752372756608
-6.41846231144234,0.0740319890448013
-6.39459619224845,0.0713957874183664
-6.37073007305455,0.0686690008546066
-6.34686395386065,0.0658541408760556
-6.32299783466675,0.0629538544493576
-6.29913171547286,0.0599709162578586
-6.27526559627896,0.0569082208974313
-6.25139947708506,0.0537687750249597
-6.22753335789116,0.0505556894877599
-6.20366723869726,0.0472721714609221
-6.17980111950337,0.0439215166181677
-6.15593500030947,0.0405071013603135
-6.13206888111557,0.0370323751238513
-6.10820276192167,0.0335008527904844
-6.08433664272778,0.0299161072167314
-6.06047052353388,0.0262817619009246
-6.03660440433998,0.0226014838031078
-6.01273828514608,0.0188789763314824
-5.98887216595219,0.015117972507192
-5.96500604675829,0.0113222283173633
-5.94113992756439,0.00749551626446855
-5.91727380837049,0.00364161911824708
-5.8934076891766,-0.000235676125373965
-5.8695415699827,-0.004132584075658
-5.8456754507888,-0.00804532656771804
-5.8218093315949,-0.0119701380730444
-5.79794321240101,-0.0159032709020131
-5.77407709320711,-0.0198410002019153
-5.75021097401321,-0.0237796287553689
-5.72634485481931,-0.0277154915851877
-5.70247873562541,-0.0316449603728666
-5.67861261643152,-0.0355644476988037
-5.65474649723762,-0.0394704111131965
-5.63088037804372,-0.0433593570472417
-5.60701425884982,-0.0472278445747887
-5.58314813965593,-0.0510724890349998
-5.55928202046203,-0.0548899655267934
-5.53541590126813,-0.0586770122859402
-5.51154978207423,-0.0624304339556086
-5.48768366288033,-0.066147104760943
-5.46381754368644,-0.0698239715978943
-5.43995142449254,-0.0734580570460092
-5.41608530529864,-0.0770464623142484
-5.39221918610474,-0.0805863701281161
-5.36835306691085,-0.084075047565492
-5.34448694771695,-0.0875098488475308
-5.32062082852305,-0.0908882180898773
-5.29675470932915,-0.0942076920182271
-5.27288859013526,-0.0974659026509556
-5.24902247094136,-0.100660579950175
-5.22515635174746,-0.103789554441139
-5.20129023255356,-0.106850759798453
-5.17742411335967,-0.109842235396031
-5.15355799416577,-0.112762128816235
-5.12969187497187,-0.115608698312124
-5.10582575577797,-0.118380315215203
-5.08195963658407,-0.121075466279665
-5.05809351739018,-0.12369275595262
-5.03422739819628,-0.126230908558524
-5.01036127900238,-0.128688770384694
-4.98649515980848,-0.131065311653648
-4.96262904061459,-0.133359628366904
-4.93876292142069,-0.135570944003953
-4.91489680222679,-0.137698611059279
-4.89103068303289,-0.139742112399626
-4.867164563839,-0.141701062423228
-4.8432984446451,-0.143575208002306
-4.8194323254512,-0.145364429190047
-4.7955662062573,-0.147068739673199
-4.7717000870634,-0.148688286951668
-4.74783396786951,-0.150223352226883
-4.72396784867561,-0.151674349981229
-4.70010172948171,-0.153041827231699
-4.67623561028781,-0.154326462441804
-4.65236949109392,-0.155529064077005
-4.62850337190002,-0.156650568790242
-4.60463725270612,-0.157692039225695
-4.58077113351222,-0.158654661430582
-4.55690501431833,-0.159539741866726
-4.53303889512443,-0.160348704015608
-4.50917277593053,-0.161083084572826
-4.48530665673663,-0.161744529230175
-4.46144053754274,-0.162334788046003
-4.43757441834884,-0.162855710407003
-4.41370829915494,-0.163309239587229
-4.38984217996104,-0.163697406912801
-4.36597606076714,-0.164022325543472
-4.34210994157325,-0.164286183884991
-4.31824382237935,-0.164491238648972
-4.29437770318545,-0.164639807579691
-4.27051158399155,-0.164734261869969
-4.24664546479766,-0.164777018290951
-4.22277934560376,-0.164770531063155
-4.19891322640986,-0.164717283498668
-4.17504710721596,-0.164619779446691
-4.15118098802207,-0.164480534576901
-4.12731486882817,-0.164302067537116
-4.10344874963427,-0.164086891023643
-4.07958263044037,-0.163837502804404
-4.05571651124647,-0.163556376736346
-4.03185039205258,-0.16324595381994
-4.00798427285868,-0.162908633334534
-3.98411815366478,-0.162546764099085
-3.96025203447088,-0.162162635903255
-3.93638591527699,-0.161758471154043
-3.91251979608309,-0.161336416783072
-3.88865367688919,-0.160898536459203
-3.86478755769529,-0.160446803150531
-3.8409214385014,-0.159983092078809
-3.8170553193075,-0.159509174108072
-3.7931892001136,-0.159026709607691
-3.7693230809197,-0.158537242828207
-3.74545696172581,-0.15804219682617
-3.72159084253191,-0.157542868971785
-3.69772472333801,-0.157040427070507
-3.67385860414411,-0.156535906126783
-3.64999248495021,-0.156030205774996
-3.62612636575632,-0.155524088399276
-3.60226024656242,-0.155018177960266
-3.57839412736852,-0.154512959543185
-3.55452800817462,-0.154008779637612
-3.53066188898073,-0.153505847155359
-3.50679576978683,-0.153004235188669
-3.48292965059293,-0.152503883506722
-3.45906353139903,-0.152004601784138
-3.43519741220514,-0.151506073550873
-3.41133129301124,-0.151007860848549
-3.38746517381734,-0.150509409574004
-3.36359905462344,-0.150010055486597
-3.33973293542955,-0.149509030851661
-3.31586681623565,-0.149005471688488
-3.29200069704175,-0.148498425587327
-3.26813457784785,-0.147986860056166
-3.24426845865395,-0.147469671354575
-3.22040233946006,-0.146945693768576
-3.19653622026616,-0.146413709277471
-3.17267010107226,-0.145872457560807
-3.14880398187836,-0.145320646291133
-3.12493786268447,-0.144756961656112
-3.10107174349057,-0.144180079051619
-3.07720562429667,-0.14358867388606
-3.05333950510277,-0.142981432434928
-3.02947338590888,-0.142357062683893
-3.00560726671498,-0.141714305098315
-2.98174114752108,-0.141051943257049
-2.95787502832718,-0.140368814288788
-2.93400890913328,-0.139663819049942
-2.91014278993939,-0.138935931984195
-2.88627667074549,-0.138184210605378
-2.86241055155159,-0.137407804547185
-2.83854443235769,-0.136605964125501
-2.8146783131638,-0.135778048361681
-2.7908121939699,-0.13492353241803
-2.766946074776,-0.134042014399968
-2.7430799555821,-0.133133221482864
-2.71921383638821,-0.132197015325299
-2.69534771719431,-0.131233396734561
-2.67148159800041,-0.130242509554393
-2.64761547880651,-0.129224643749478
-2.62374935961262,-0.128180237665705
-2.59988324041872,-0.12710987945003
-2.57601712122482,-0.126014307618536
-2.55215100203092,-0.124894410766224
-2.52828488283702,-0.123751226416993
-2.50441876364313,-0.122585939017213
-2.48055264444923,-0.121399877081216
-2.45668652525533,-0.120194509501883
-2.43282040606143,-0.118971441044292
-2.40895428686754,-0.117732407045031
-2.38508816767364,-0.116479267344302
-2.36122204847974,-0.11521399948224
-2.33735592928584,-0.113938691195051
-2.31348981009195,-0.112655532250404
-2.28962369089805,-0.111366805665228
-2.26575757170415,-0.110074878352379
-2.24189145251025,-0.108782191245769
-2.21802533331635,-0.1074912489563
-2.19415921412246,-0.106204609013399
-2.17029309492856,-0.104924870749077
-2.14642697573466,-0.103654663883181
-2.12256085654076,-0.102396636869947
-2.09869473734687,-0.101153445066996
-2.07482861815297,-0.0999277387886354
-2.05096249895907,-0.0987221513056325
-2.02709637976517,-0.0975392868536328
-2.00323026057128,-0.0963817087119978
-1.97936414137738,-0.0952519274141218
-1.95549802218348,-0.0941523891492236
-1.93163190298958,-0.0930854644142196
-1.90776578379569,-0.0920534369725842
-1.88389966460179,-0.0910584931751038
-1.86003354540789,-0.0901027116951492
-1.83616742621399,-0.0891880537285452
-1.81230130702009,-0.0883163537053245
-1.7884351878262,-0.0874893105576461
-1.7645690686323,-0.0867084795849325
-1.7407029494384,-0.0859752649538879
-1.7168368302445,-0.0852909128675039
-1.69297071105061,-0.0846565054334671
-1.66910459185671,-0.0840729552585817
-1.64523847266281,-0.0835410007919291
-1.62137235346891,-0.0830612024355298
-1.59750623427502,-0.0826339394372776
-1.57364011508112,-0.0822594075768925
-1.54977399588722,-0.0819376176516292
-1.52590787669332,-0.0816683947644793
-1.50204175749942,-0.0814513784136612
-1.47817563830553,-0.0812860233783025
-1.45430951911163,-0.081171601391422
-1.43044339991773,-0.0811072035876067
-1.40657728072383,-0.0810917437092003
-1.38271116152994,-0.0811239620513587
-1.35884504233604,-0.081202430123019
-1.33497892314214,-0.0813255559976772
-1.31111280394824,-0.081491590324888
-1.28724668475435,-0.0816986329705991
-1.26338056556045,-0.0819446402518222
-1.23951444636655,-0.0822274327287281
-1.21564832717265,-0.0825447035150491
-1.19178220797876,-0.0828940270656678
-1.16791608878486,-0.0832728683984987
-1.14404996959096,-0.0836785927061953
-1.12018385039706,-0.084108475311883
-1.09631773120316,-0.0845597119219922
-1.07245161200927,-0.0850294291283765
-1.04858549281537,-0.085514695111227
-1.02471937362147,-0.0860125304938475
-1.00085325442757,-0.0865199193001266
-0.976987135233676,-0.0870338199655402
-0.953121016039779,-0.0875511763527168
-0.929254896845881,-0.0880689287230315
-0.905388777651983,-0.088584024616312
-0.881522658458085,-0.0890934295915804
-0.857656539264188,-0.0895941377827809
-0.83379042007029,-0.0900831822246716
-0.809924300876392,-0.0905576449054629
-0.786058181682495,-0.0910146665043831
-0.762192062488597,-0.0914514557741054
-0.738325943294699,-0.0918652985299077
-0.714459824100802,-0.0922535662095133
-0.690593704906904,-0.0926137239698044
-0.666727585713006,-0.0929433382889646
-0.642861466519109,-0.093240084045122
-0.618995347325211,-0.0935017510451815
-0.595129228131313,-0.0937262499802795
-0.571263108937416,-0.0939116177871268
-0.547396989743518,-0.0940560223974339
-0.523530870549621,-0.0941577668606175
-0.499664751355723,-0.0942152928280518
-0.475798632161825,-0.0942271833902578
-0.451932512967928,-0.0941921652615784
-0.42806639377403,-0.0941091103100793
-0.404200274580132,-0.0939770364336181
-0.380334155386234,-0.0937951077862184
-0.356468036192337,-0.0935626343620772
-0.332601916998439,-0.0932790709476801
-0.308735797804541,-0.0929440154556114
-0.284869678610644,-0.0925572066566882
-0.261003559416746,-0.0921185213300232
-0.237137440222849,-0.0916279708534944
-0.213271321028951,-0.0910856972598775
-0.189405201835053,-0.0904919687865407
-0.165539082641155,-0.0898471749491222
-0.141672963447258,-0.0891518211719647
-0.11780684425336,-0.0884065230102856
-0.0939407250594625,-0.0876120000010717
-0.0700746058655648,-0.0867690691815164
-0.0462084866716672,-0.0858786383154361
-0.0223423674777695,-0.0849416988695076
0.00152375171612817,-0.0839593187823467
0.0253898709100258,-0.0829326350703913
0.0492559901039235,-0.081862846315249
0.0731221092978212,-0.0807512050776222
0.0969882284917188,-0.0795990102831113
0.120854347685617,-0.0784075996251291
0.144720466879514,-0.0771783420298323
0.168586586073412,-0.0759126302273739
0.19245270526731,-0.0746118734729272
0.216318824461207,-0.0732774904598104
0.240184943655105,-0.0719109024656609
0.264051062849003,-0.070513526770986
0.2879171820429,-0.069086770387534
0.311783301236798,-0.0676320241318333
0.335649420430695,-0.0661506570769043
0.359515539624593,-0.0646440114126088
0.383381658818491,-0.063113397742362
0.407247778012388,-0.0615600908410006
0.431113897206286,-0.0599853258955154
0.454980016400184,-0.0583902952471171
0.478846135594082,-0.0567761456497376
0.502712254787979,-0.0551439760565991
0.526578373981877,-0.0534948359429214
0.550444493175775,-0.0518297241692196
0.574310612369672,-0.050149588385981
0.59817673156357,-0.0484553249768324
0.622042850757467,-0.0467477795336403
0.645908969951365,-0.0450277478533442
0.669775089145263,-0.043295977442745
0.69364120833916,-0.0415531695139638
0.717507327533058,-0.0397999814498882
0.741373446726956,-0.0380370297156534
0.765239565920854,-0.0362648931890764
0.789105685114751,-0.0344841168800155
0.812971804308649,-0.0326952160058589
0.836837923502546,-0.0308986803878034
0.860704042696444,-0.0290949791302545
0.884570161890342,-0.0272845655436097
0.90843628108424,-0.0254678822688641
0.932302400278137,-0.0236453665609409
0.956168519472035,-0.0218174556863855
0.980034638665932,-0.0199845923901034
1.00390075785983,-0.0181472303851572
1.02776687705373,-0.0163058398192857
1.05163299624763,-0.0144609126717626
1.07549911544152,-0.0126129680344848
1.09936523463542,-0.0107625572317518
1.12323135382932,-0.00891026873409528
1.14709747302322,-0.0070567328226973
1.17096359221711,-0.00520262596243005
1.19482971141101,-0.00334867484331428
1.21869583060491,-0.00149566005224457
1.24256194979881,0.000355580660863636
1.2664280689927,0.00220414955579701
1.2902941881866,0.00404908654414168
1.3141603073805,0.0058893673282633
1.3380264265744,0.00772390206148879
1.3618925457683,0.00955153455044862
1.38575866496219,0.011371042017025
1.40962478415609,0.013181135433718
1.43349090334999,0.0149804604425002
1.45735702254389,0.0167675988634108
1.48122314173778,0.0185410707952728
1.50508926093168,0.0202993373070148
1.52895538012558,0.0220408037141757
1.55282149931948,0.023763823431296
1.57668761851337,0.0254667023870603
1.60055373770727,0.0271477039853039
1.62441985690117,0.0288050545913254
1.64828597609507,0.0304369495194093
1.67215209528896,0.0320415594940587
1.69601821448286,0.0336170375541993
1.71988433367676,0.0351615263665662
1.74375045287066,0.0366731659116283
1.76761657206456,0.0381501015027796
1.79148269125845,0.0395904920971305
1.81534881045235,0.0409925188540886
1.83921492964625,0.0423543938960412
1.86308104884015,0.0436743692238443
1.88694716803404,0.0449507457385048
1.91081328722794,0.0461818823194092
1.93467940642184,0.0473662049087208
1.95854552561574,0.0485022155511315
1.98241164480963,0.0495885013380207
2.00627776400353,0.0506237432052424
2.03014388319743,0.0516067245342263
2.05401000239133,0.0525363395068362
2.07787612158523,0.0534116011654782
2.10174224077912,0.0542316491312783
2.12560835997302,0.0549957569347428
2.14947447916692,0.0557033389151771
2.17334059836082,0.0563539566472337
2.19720671755471,0.0569473248553054
2.22107283674861,0.0574833167790205
2.24493895594251,0.0579619689558598
2.26880507513641,0.0583834853898431
2.2926711943303,0.058748241078334
2.3165373135242,0.0590567848722555
2.3404034327181,0.0593098416483749
2.364269551912,0.0595083137757881
2.38813567110589,0.0596532818622839
2.41200179029979,0.0597460047698862
2.43586790949369,0.0597879188925213
2.45973402868759,0.059780636692431
2.48360014788149,0.0597259444956172
2.50746626707538,0.0596257995502496
2.53133238626928,0.0594823263555627
2.55519850546318,0.0592978122723038
2.57906462465708,0.0590747024292421
2.60293074385097,0.0588155939435924
2.62679686304487,0.0585232294764374
2.65066298223877,0.0582004901473163
2.67452910143267,0.0578503878350864
2.69839522062656,0.0574760568949361
2.72226133982046,0.0570807453240137
2.74612745901436,0.0566678054105413
2.76999357820826,0.0562406839034769
2.79385969740216,0.0558029117417795
2.81772581659605,0.0553580933841017
2.84159193578995,0.0549098957812814
2.86545805498385,0.0544620370353278
2.88932417417775,0.054018274789684
2.91319029337164,0.0535823943964099
2.93705641256554,0.0531581969065573
2.96092253175944,0.0527494869304049
2.98478865095334,0.052360060414396
3.00865477014723,0.0519936923815682
3.03252088934113,0.051654124682
3.05638700853503,0.0513450537993196
3.08025312772893,0.051070118758646
3.10411924692282,0.0508328891804578
3.12798536611672,0.0506368535238341
3.15185148531062,0.0504854075612843
3.17571760450452,0.050381843125997
3.19958372369842,0.0503293371708067
3.22344984289231,0.0503309411765018
3.24731596208621,0.0503895709453124
3.27118208128011,0.0505079968135077
3.29504820047401,0.0506888343150428
3.3189143196679,0.0509345353261145
3.3427804388618,0.0512473797183388
3.3666465580557,0.051629467546064
3.3905126772496,0.0520827117910933
3.41437879644349,0.052608831685818
3.43824491563739,0.0532093466334782
3.46211103483129,0.0538855707419793
3.48597715402519,0.0546386079854072
3.50984327321909,0.0554693480051228
3.53370939241298,0.056378462560076
3.55757551160688,0.0573664026337804
3.58144163080078,0.0584333962032314
3.60530774999468,0.0595794466729447
3.62917386918857,0.0608043319752484
3.65303998838247,0.0621076043359695
3.67690610757637,0.0634885907027479
3.70077222677027,0.0649463938313586
3.72463834596416,0.0664798940236518
3.74850446515806,0.068087751509023
3.77237058435196,0.0697684094597042
3.79623670354586,0.0715200976286176
3.82010282273976,0.0733408365970671
3.84396894193365,0.0752284426181375
3.86783506112755,0.0771805330403516
3.89170118032145,0.0791945322948714
3.91556729951535,0.0812676784283407
3.93943341870924,0.0833970301623292
3.96329953790314,0.085579474459275
3.98716565709704,0.087811734573792
4.01103177629094,0.0900903785672504
4.03489789548483,0.0924118282626084
4.05876401467873,0.0947723686155972
4.08263013387263,0.0971681574775189
4.10649625306653,0.0995952357241085
4.13036237226043,0.102049537724138
4.15422849145432,0.104526902120698
4.17809461064822,0.107023082897359
4.20196072984212,0.109533760700754
4.22582684903601,0.112054554390419
4.24969296822991,0.114581032786102
4.27355908742381,0.117108726582151
4.29742520661771,0.119633140397957
4.32129132581161,0.12214976493291
4.3451574450055,0.124654089193761
4.3690235641994,0.127141612761801
4.3928896833933,0.129607858066803
4.4167558025872,0.132048382634266
4.44062192178109,0.134458791272114
4.46448804097499,0.136834748162716
4.48835416016889,0.139171988825827
4.51222027936279,0.141466331917878
4.53608639855668,0.143713690832923
4.55995251775058,0.145910085070561
4.58381863694448,0.148051651336179
4.60768475613838,0.150134654339078
4.63155087533227,0.152155497254277
4.65541699452617,0.154110731814215
4.67928311372007,0.15599706799707
4.70314923291397,0.157811383279037
4.72701535210787,0.159550731418725
4.75088147130176,0.161212350742706
4.77474759049566,0.162793671902317
4.79861370968956,0.164292325073053
4.82247982888346,0.165706146569202
4.84634594807735,0.167033184847909
4.87021206727125,0.168271705878522
4.89407818646515,0.169420197854869
4.91794430565905,0.170477375230094
4.94181042485295,0.171442182055793
4.96567654404684,0.172313794609421
4.98954266324074,0.173091623296359
5.01340878243464,0.173775313815525
5.03727490162854,0.174364747580042
5.06114102082243,0.174860041387236
5.08500714001633,0.175261546335054
5.10887325921023,0.175569845984921
5.13273937840413,0.175785753774038
5.15660549759802,0.175910309683172
5.18047161679192,0.175944776169054
5.20433773598582,0.175890633373612
5.22820385517972,0.175749573625346
5.25206997437362,0.175523495251267
5.27593609356751,0.175214495720818
5.29980221276141,0.174824864146247
5.32366833195531,0.174357073166758
5.3475344511492,0.173813770246632
5.3714005703431,0.173197768420196
5.395266689537,0.172512036519108
5.4191328087309,0.171759688919827
5.4429989279248,0.170943974851435
5.46686504711869,0.170068267306017
5.49073116631259,0.169136051595692
5.51459728550649,0.168150913602048
5.53846340470039,0.167116527765159
5.56232952389428,0.166036644860572
5.58619564308818,0.164915079613558
5.61006176228208,0.163755698200655
5.63392788147598,0.162562405688913
5.65779400066987,0.161339133463418
5.68166011986377,0.160089826693573
5.70552623905767,0.158818431888176
5.72939235825157,0.157528884588731
5.75325847744547,0.156225097249455
5.77712459663936,0.154910947351274
5.80099071583326,0.153590265795641
5.82485683502716,0.152266825622329
5.84872295422106,0.15094433109341
5.87258907341495,0.149626407183468
5.89645519260885,0.148316589513767
5.92032131180275,0.147018314765483
5.94418743099665,0.14573491160442
5.96805355019054,0.144469592146713
5.99191966938444,0.14322544399199
6.01578578857834,0.142005422847316
6.03965190777224,0.140812345761989
6.06351802696614,0.139648884989924
6.08738414616003,0.138517562492989
6.11125026535393,0.137420745095226
6.13511638454783,0.136360640294496
6.15898250374173,0.135339292734613
6.18284862293562,0.134358581337738
6.20671474212952,0.133420217093401
6.23058086132342,0.132525741497329
6.25444698051732,0.131676525630074
6.27831309971122,0.130873769862442
6.30217921890511,0.130118504171774
6.32604533809901,0.129411589050441
6.34991145729291,0.128753716985309
6.37377757648681,0.128145414484525
6.3976436956807,0.127587044625816
6.4215098148746,0.127078810098451
6.4453759340685,0.126620756709294
6.46924205326239,0.12621277732177
6.49310817245629,0.125854616195294
6.51697429165019,0.125545873691604
6.54084041084409,0.125286011313585
6.56470653003799,0.125074357041601
6.58857264923188,0.124910110931945
6.61243876842578,0.124792350941901
6.63630488761968,0.124720038946043
6.66017100681358,0.124692026908666
6.68403712600747,0.124707063177859
6.70790324520137,0.124763798867443
6.73176936439527,0.124860794293986
6.75563548358917,0.124996525437256
6.77950160278307,0.125169390393794
6.80336772197696,0.125377715794801
6.82723384117086,0.125619763161167
6.85109996036476,0.125893735170254
6.87496607955866,0.126197781810938
6.89883219875256,0.126530006405432
6.92269831794645,0.126888471478466
6.94656443714035,0.127271204456574
6.97043055633425,0.127676203182436
6.99429667552814,0.128101441231428
7.01816279472204,0.128544873019801
7.04202891391594,0.129004438696137
7.06589503310984,0.12947806880993
7.08976115230374,0.129963688753327
7.11362727149763,0.130459222974167
7.13749339069153,0.130962598960514
7.16135950988543,0.131471750998795
7.18522562907933,0.131984623709553
7.20909174827322,0.132499175366502
7.23295786746712,0.133013381006211
7.25682398666102,0.133525235337182
7.28069010585492,0.134032755458396
7.30455622504881,0.13453398339855
7.32842234424271,0.135026988488177
7.35228846343661,0.135509869577651
7.37615458263051,0.135980757114684
7.40002070182441,0.136437815095373
7.4238868210183,0.1368792429031
7.4477529402122,0.137303277049645
7.4716190594061,0.137708192832767
7.4954851786,0.138092305924192
7.51935129779389,0.138453973901482
7.54321741698779,0.138791597736593
7.56708353618169,0.139103623253131
7.59094965537559,0.139388542563339
7.61481577456948,0.139644895494733
7.63868189376338,0.139871271015065
7.66254801295728,0.140066308662925
7.68641413215118,0.140228699989827
7.71028025134507,0.140357190018043
7.73414637053897,0.140450578716865
7.75801248973287,0.140507722498222
7.78187860892677,0.14052753573091
7.80574472812067,0.140508992270914
7.82961084731456,0.140451127003561
7.85347696650846,0.140353037391523
7.87734308570236,0.140213885020994
7.90120920489626,0.140032897136737
7.92507532409015,0.139809368155141
7.94894144328405,0.139542661142971
7.97280756247795,0.139232209248158
7.99667368167185,0.138877517067747
8.02053980086574,0.138478161937079
8.04440592005964,0.138033795123365
8.06827203925354,0.137544142906103
8.09213815844744,0.137009007526242
8.11600427764133,0.136428267985683
8.13987039683523,0.135801880678579
8.16373651602913,0.135129879836001
8.18760263522303,0.134412377765859
8.21146875441693,0.13364956487052
8.23533487361082,0.13284170942536
8.25920099280472,0.131989157102472
8.28306711199862,0.131092330225017
8.30693323119252,0.13015172673915
8.33079935038641,0.12916791889212
8.35466546958031,0.128141551607017
8.37853158877421,0.127073340546715
8.40239770796811,0.125964069861784
8.426263827162,0.124814589619556
8.4501299463559,0.123625812914064
8.4739960655498,0.12239871265924
8.4978621847437,0.121134318070535
8.52172830393759,0.119833710842931
8.54559442313149,0.118498021036254
8.56946054232539,0.117128422681566
8.59332666151929,0.115726129125367
8.61719278071319,0.114292388131215
8.64105889990708,0.1128284767612
8.66492501910098,0.11133569606245
8.68879113829488,0.109815365586521
8.71265725748878,0.108268817771954
8.73652337668267,0.10669739222268
8.76038949587657,0.105102429917032
8.78425561507047,0.103485267384094
8.80812173426437,0.101847230885729
8.83198785345826,0.100189630644117
8.85585397265216,0.0985137551556932
8.87972009184606,0.096820865633242
8.90358621103996,0.0951121906184086
8.92745233023386,0.0933889208070533
8.95131844942775,0.0916522041297269
8.97518456862165,0.0899031411290247
8.99905068781555,0.0881427806747195
9.02291680700944,0.0863721160563449
9.04678292620334,0.0845920814913371
9.07064904539724,0.0828035490849088
9.09451516459114,0.0810073262755725
9.11838128378504,0.0792041537976263
9.14224740297893,0.0773947041890076
9.16611352217283,0.075579580869698
9.18997964136673,0.0737593178123727
9.21384576056063,0.071934379823228
9.23771187975453,0.0701051634469332
9.26157799894842,0.0682719985054576
9.28544411814232,0.0664351502761492
9.30931023733622,0.0645948223099238
9.33317635653012,0.0627511598857931
9.35704247572401,0.0609042540932481
9.38090859491791,0.0590541465292664
9.40477471411181,0.0572008345919506
9.42864083330571,0.0553442773480836
9.4525069524996,0.0534844019472231
9.4763730716935,0.0516211105504125
9.5002391908874,0.0497542877371694
9.5241053100813,0.0478838083501879
9.54797142927519,0.0460095457331687
9.57183754846909,0.0441313803134258
9.59570366766299,0.0422492084774234
9.61956978685689,0.0403629516842185
9.64343590605078,0.0384725657589404
9.66730202524468,0.0365780503059555
9.69116814443858,0.0346794581792728
9.71503426363248,0.0327769049460574
9.73890038282638,0.030870578277848
9.76276650202028,0.0289607472032539
9.78663262121417,0.0270477711555168
9.81049874040807,0.025132108748404
9.83436485960197,0.0232143262144249
9.85823097879586,0.0212951054403606
9.88209709798976,0.0193752515365375
9.90596321718366,0.0174556998781791
9.92982933637756,0.0155375225594987
9.95369545557145,0.0136219342039656
9.97756157476535,0.011710297077342
10.0014276939593,0.00980412545365546
10.0252938131531,0.00790508918819512
10.049159932347,0.0060150164558946
10.0730260515409,0.00413589561804723
10.0968921707348,0.00226987618516961
10.1207582899287,0.000419268848947538
10.1446244091226,-0.00141345543846039
10.1684905283165,-0.00322566735396992
10.1923566475104,-0.00501458207250934
10.2162227667043,-0.00677726312012059
10.2400888858982,-0.0085106272101521
10.2639550050921,-0.0102114500556068
10.287821124286,-0.0118763731448455
10.3116872434799,-0.01350191146204
10.3355533626738,-0.0150844621280452
10.3594194818677,-0.0166203139317646
10.3832856010616,-0.0181056577166469
10.4071517202555,-0.019536597581718
10.4310178394494,-0.0209091628515447
10.4548839586433,-0.0222193207647876
10.4787500778372,-0.0234629898265536
10.5026161970311,-0.0246360537656329
10.526482316225,-0.0257343760339322
10.5503484354189,-0.0267538147820064
10.5742145546128,-0.0276902382415812
10.5980806738067,-0.0285395404433509
10.6219467930006,-0.0292976571961574
10.6458129121945,-0.0299605822519105
10.6696790313884,-0.0305243835793068
10.6935451505823,-0.0309852196685564
10.7174112697762,-0.0313393557889262
10.7412773889701,-0.0315831801209624
10.765143508164,-0.0317132196857579
10.7890096273579,-0.0317261559945742
10.8128757465518,-0.0316188403435059
10.8367418657457,-0.0313883086796715
10.8606079849396,-0.0310317959676229
10.8844741041335,-0.0305467499872562
10.9083402233274,-0.0299308444974706
10.9322063425213,-0.0291819917031337
10.9560724617152,-0.0282983539665421
10.9799385809091,-0.0272783547085062
11.003804700103,-0.0261206884483808
11.0276708192969,-0.0248243299368209
11.0515369384907,-0.02338854233969
11.0754030576846,-0.0218128844363961
11.0992691768785,-0.0200972168009139
11.1231352960724,-0.0182417069388673
11.1470014152663,-0.0162468333592326
11.1708675344602,-0.0141133885644762
11.1947336536541,-0.0118424809482059
11.218599772848,-0.00943553559467387
11.2424658920419,-0.00689429397968386
11.2663320112358,-0.00422081257760197
11.2901981304297,-0.00141746038420892
11.3140642496236,0.00151308462995538
11.3379303688175,0.00456784011634558
11.3617964880114,0.00774352497128517
11.3856626072053,0.0110365659566111
11.4095287263992,0.014443105285601
11.4333948455931,0.0179590091377997
11.457260964787,0.0215798770627341
11.4811270839809,0.0253010522291581
11.5049932031748,0.0291176324734141
11.5288593223687,0.0330244820977489
11.5527254415626,0.03701624436699
11.5765915607565,0.0410873546498704
11.6004576799504,0.045232054149504
11.6243237991443,0.0494444041660528
11.6481899183382,0.0537183008334894
11.6720560375321,0.0580474902715522
11.695922156726,0.0624255840934961
11.7197882759199,0.0668460752100687
11.7436543951138,0.0713023538702664
11.7675205143077,0.0757877238798511
11.7913866335016,0.0802954189393078
11.8152527526955,0.0848186190439017
11.8391188718894,0.0893504668897184
11.8629849910833,0.0938840842310337
11.8868511102772,0.098412588136046
11.9107172294711,0.102929107089889
11.934583348665,0.107426796895908
11.9584494678589,0.111898856328416
11.9823155870528,0.116338542492511
12.0061817062467,0.120739185849047
12.0300478254406,0.125094204865411
12.0539139446345,0.129397120255475
12.0777800638283,0.133641568774793
12.1016461830222,0.137821316539907
12.1255123022161,0.141930271843411
12.14937842141,0.14596249743923
12.1732445406039,0.149912222275344
12.1971106597978,0.153773852653949
12.2209767789917,0.157541982801742
12.2448428981856,0.161211404835649
12.2687090173795,0.164777118111917
12.2925751365734,0.168234337948904
12.3164412557673,0.171578503716359
12.3403073749612,0.174805286286175
12.3641734941551,0.17791059484182
12.388039613349,0.180890583045642
12.4119057325429,0.183741654565168
12.4357718517368,0.186460467961304
12.4596379709307,0.189043940942954
12.4835040901246,0.191489253994138
12.5073702093185,0.193793853381015
12.5312363285124,0.195955453547511
12.5551024477063,0.197972038909348
12.5789685669002,0.199841865057273
12.6028346860941,0.201563459381175
12.626700805288,0.20313562112752
12.6505669244819,0.204557420903234
12.6744330436758,0.205828199639678
12.6982991628697,0.206947567030872
12.7221652820636,0.207915399460473
12.7460314012575,0.208731837432351
12.7698975204514,0.209397282519849
12.7937636396453,0.209912393848974
12.8176297588392,0.210278084130945
12.8414958780331,0.210495515259588
12.865361997227,0.210566093489152
12.8892281164209,0.210491464208155
12.9130942356148,0.210273506324889
12.9369603548087,0.209914326280244
12.9608264740026,0.209416251703486
12.9846925931965,0.20878182472668
13.0085587123904,0.208013794973433
13.0324248315843,0.207115112237678
13.0562909507782,0.206088918868259
13.080157069972,0.20493854187515
13.1040231891659,0.203667484773204
13.1278893083598,0.202279419179459
13.1517554275537,0.200778176180132
13.1756215467476,0.199167737483584
13.1994876659415,0.197452226375728
13.2233537851354,0.19563589849451
13.2472199043293,0.193723132440327
13.2710860235232,0.191718420239454
13.2949521427171,0.189626357677797
13.318818261911,0.187451634522516
13.3426843811049,0.185199024649338
13.3665505002988,0.182873376093606
13.3904166194927,0.180479601043365
13.4142827386866,0.178022665793038
13.4381488578805,0.175507580676452
13.4620149770744,0.172939389998196
13.4858810962683,0.170323161982485
13.5097472154622,0.167663978758853
13.5336133346561,0.164966926404151
13.55747945385,0.162237085060405
13.5813455730439,0.159479519148151
13.6052116922378,0.1566992676949
13.6290778114317,0.153901334798328
13.6529439306256,0.151090680243732
13.6768100498195,0.148272210295149
13.7006761690134,0.145450768679359
13.7245422882073,0.142631127781755
13.7484084074012,0.13981798007275
13.7722745265951,0.137015929783072
13.796140645789,0.134229484845821
13.8200067649829,0.131463049122767
13.8438728841768,0.128720914931747
13.8677390033707,0.126007255891488
13.8916051225646,0.123326120099503
13.9154712417585,0.120681423657979
13.9393373609524,0.118076944561825
13.9632034801463,0.115516316962226
13.9870695993402,0.11300302581813
14.0109357185341,0.110540401947216
14.034801837728,0.108131617486851
14.0586679569219,0.105779681774561
14.0825340761158,0.103487437656434
14.1064001953097,0.101257558230761
14.1302663145035,0.099092544033079
14.1541324336974,0.0969947206675637
14.1779985528913,0.0949662368885082
14.2018646720852,0.093009063134363
14.2257307912791,0.0911249905155289
14.249596910473,0.089315630255793
14.2734630296669,0.0875824135859714
14.2973291488608,0.0859265920869846
14.3211952680547,0.084349238478245
14.3450613872486,0.082851247845876
14.3689275064425,0.0814333393039279
14.3927936256364,0.080096058080398
14.4166597448303,0.0788397780185147
14.4405258640242,0.0776647044824081
14.4643919832181,0.0765708776549685
14.488258102412,0.0755581762143957
14.5121242216059,0.074626321374673
14.5359903407998,0.0737748812739546
14.5598564599937,0.0730032756936629
14.5837225791876,0.0723107810899256
14.6075886983815,0.0716965359178823
14.6314548175754,0.0711595462283323
14.6553209367693,0.0706986915152095
14.6791870559632,0.07031273079144
14.7030531751571,0.0700003088698936
14.726919294351,0.0697599628253644
14.7507854135449,0.06959012861283
14.7746515327388,0.069489147816641
14.7985176519327,0.0694552745047949
14.8223837711266,0.0694866821620421
14.8462498903205,0.0695814706752835
14.8701160095144,0.0697376733445307
14.8939821287083,0.0699532638926303
14.9178482479022,0.0702261634470025
14.9417143670961,0.0705542474668109
14.96558048629,0.0709353525892718
14.9894466054839,0.0713672833692268
15.0133127246778,0.0718478188866451
15.0371788438717,0.0723747191973901
15.0610449630656,0.0729457316033758
15.0849110822595,0.0735585967191601
15.1087772014533,0.074211054313058
15.1326433206472,0.0749008489020228
15.1565094398411,0.0756257350808097
15.180375559035,0.0763834825673298
15.2042416782289,0.077171880947585
15.2281077974228,0.0779887441051688
15.2519739166167,0.0788319143219913
15.2758400358106,0.0796992660386531
15.2997061550045,0.0805887092647255
15.3235722741984,0.081498192631097
15.3474383933923,0.0824257060784965
15.3713045125862,0.0833692831783037
15.3951706317801,0.0843270030837827
15.419036750974,0.0852969921119253
15.4429028701679,0.0862774249581417
15.4667689893618,0.0872665255480906
15.4906351085557,0.0882625675329705
15.5145012277496,0.0892638744365948
15.5383673469435,0.0902688194645348
15.5622334661374,0.0912758249875125
15.5860995853313,0.0922833617130646
15.6099657045252,0.0932899475612478
15.6338318237191,0.0942941462618215
15.657697942913,0.0952945656919019
15.6815640621069,0.0962898559745268
15.7054301813008,0.0972787073598947
15.7292963004947,0.0982598479122344
15.7531624196886,0.0992320410263078
15.7770285388825,0.100194082798461
15.8008946580764,0.101144799277885
15.8247607772703,0.102083043624341
15.8486268964642,0.103007693199042
15.8724930156581,0.103917646615647
15.896359134852,0.104811820778425
15.9202252540459,0.105689147934583
15.9440180679123,0.106523572215917
15.9678436448686,0.10728890723534
15.9916693334755,0.107984106269747
16.0154950282357,0.10860812301053
16.0393206235883,0.109159909026521
16.0631460138756,0.109638411437957
16.0869710933084,0.110042570776728
16.1107957559321,0.110371319053686
16.1346198955926,0.110623578052407
16.1584434059016,0.110798257867239
16.1822661802022,0.110894255701886
16.2060881115336,0.110910454943048
16.2299090925966,0.110845724521858
16.2537290157175,0.110698918573978
16.2775477728128,0.110468876407326
16.301365255353,0.110154422784421
16.3251813543262,0.109754368524369
16.3489959602011,0.109267511427468
16.3728089628898,0.108692637523421
16.3966202517101,0.108028522642119
16.4204297153472,0.107273934303971
16.444237241815,0.10642763392477
16.4680427184165,0.10548837932818
16.4918460317043,0.104454927557054
16.5156470674396,0.103326037972947
16.5394457105513,0.102100475631485
16.5632418450936,0.100777014919563
16.587035354204,0.0993544434387752
16.6108261200591,0.0978315661179991
16.6346140238308,0.0962072095366858
16.658398945641,0.0944802264391325
16.6821807645152,0.0926495004188628
16.7059593583361,0.0907139507512072
16.7297346037947,0.0886725373512589
16.7535063763423,0.0865242658335955
16.7772745501392,0.0842681926494948
16.801038998004,0.081903430276838
16.8247995913609,0.0794291524374883
16.848556200186,0.0768445993166628
16.8723086929518,0.074149082758651
16.8960569365711,0.0713419914132203
16.9198007963387,0.0684227958071359
16.9435401358722,0.0653910533154442
16.9672748170508,0.0622464130074877
16.9910046999527,0.0589886203430704
17.0147296427906,0.0556175216947287
17.0384495018455,0.0521330686727116
17.0621641313987,0.0485353222300109
17.0858733836619,0.0448244565256115
17.1095771087047,0.0410007625250332
17.1332751543809,0.037064651318228
17.1569673662518,0.0330166571359354
17.1806535875072,0.0288574400467204
17.2043336588847,0.0245877883180744
17.2280074185858,0.0202086204261726
17.2516747021893,0.0157209867001375
17.2753353425624,0.0111260705879278
17.2989891697685,0.00642518953229058
17.3226360109724,0.00161979544653584
17.3462756903417,-0.00328852521877065
17.3699080289455,-0.00829805182575361
17.3935328446496,-0.0134069303220308
17.4171499520076,-0.0186131744412486
17.4407591621487,-0.0239146673349035
17.4643602826615,-0.0293091636376886
17.4879531174736,-0.0347942919673143
17.5115374667268,-0.0403675578584931
17.5351131266477,-0.0460263471295254
17.5586798894141,-0.0517679296787316
17.5822375430161,-0.0575894637067936
17.6057858711116,-0.0634880003599229
17.6293246528772,-0.0694604887876936
17.6528536628529,-0.075503781608289
17.6763726707809,-0.081614640772903
17.6998814414384,-0.0877897438200515
17.7233797344633,-0.0940256905095976
17.746867304174,-0.100319009825392
17.7703438993809,-0.106666167334562
17.7938092631909,-0.113063572890654
17.8172631328043,-0.119507588667027
17.8407052393026,-0.125994537506148
17.864135307428,-0.132520711569701
17.887553055354,-0.139082381273722
17.9109581944453,-0.145675804492303
17.9343504290089,-0.152297236012762
17.9577294560333,-0.158942937224553
17.9810949649173,-0.165609186023589
18.0044466371865,-0.17229228691307
18.0277841461973,-0.178988581281349
18.0511071568283,-0.185694457836825
18.0744153251572,-0.192406363179301
18.0977082981234,-0.199120812486761
18.1209857131753,-0.205834400295988
18.1442471979012,-0.212543811354964
18.1674923696432,-0.219245831524519
18.190720835093,-0.225937358706223
18.2139321898682,-0.23261541377306
18.2371260180691,-0.239277151479012
18.2603018918135,-0.24591987132323
18.2834593707496,-0.252541028344081
18.3065980015439,-0.259138243817998
18.3297173173452,-0.265709315837695
18.3528168372205,-0.272252229743977
18.3758960655635,-0.278765168385101
18.3989544914722,-0.285246522177396
18.4219915880953,-0.291694898940616
18.4450068119438,-0.298109133481355
18.4679996021679,-0.304488296897754
18.4909693797942,-0.310831705578646
18.5139155469234,-0.317138929870332
18.5368374858844,-0.323409802384255
18.5597345583422,-0.329644425918979
18.5826061043574,-0.335843180970174
18.6054514413932,-0.342006732802576
18.6282698632668,-0.348136038058382
18.6510606390424,-0.354232350877031
18.6738230118596,-0.36029722850195
18.6965561976959,-0.366332536350642
18.7192593840565,-0.372340452525284
18.7419317285866,-0.378323471742036
18.7645723576027,-0.384284408658356
18.787180364535,-0.390226400578829
18.8097548082756,-0.396152909521404
18.832294711426,-0.402067723627406
18.8547990584367,-0.407974957900311
18.8772667936298,-0.413879054260037
18.8996968190984,-0.419784780901369
18.922087992471,-0.425697230947142
18.944439124533,-0.431621820388939
18.9667489766935,-0.437564285310298
18.9890162582862,-0.44353067838979
19.0112396236904,-0.449527364683755
19.0334176692604,-0.455561016691082
19.0555489300467,-0.461638608704994
19.0776318762925,-0.467767410459554
19.0996649096894,-0.47395498008132
19.1216463593705,-0.480209156359402
19.1435744776228,-0.486538050349962
19.1654474352926,-0.49295003633402
19.187263316862,-0.499453742150208
19.2090201151664,-0.506058038926819
19.2307157257263,-0.512772030240171
19.2523479406568,-0.519605040728772
19.273914442124,-0.526566604195165
19.2954127953056,-0.533666451229451
19.3168404408152,-0.540914496390369
19.3381946865445,-0.548320824981384
19.3594726988712,-0.555895679460407
19.3806714931794,-0.563649445522479
19.4017879236305,-0.57159263789492
19.4228186721206,-0.579735885883927
19.4437602363519,-0.588089918710383
19.4646089169399,-0.596665550670415
19.4853608034723,-0.605473666153029
19.5060117594269,-0.614525204542648
19.5265574058489,-0.623831145028428
19.5469931036782,-0.633402491334559
19.5673139346115,-0.643250256376101
19.5875146803724,-0.653385446832906
19.6075898002546,-0.663819047619482
19.6275334067962,-0.674562006210771
19.6473392394304,-0.685625216762312
19.6670006359564,-0.697019503937431
19.6865105016617,-0.708755606323444
19.705861275927,-0.720844159282511
19.7250448961426,-0.733295677039946
19.7440527587673,-0.746120533762645
19.7628756773721,-0.759328943321795
19.7815038375236,-0.772930937366269
19.7999267483951,-0.786936341255115
19.8181331910289,-0.801354747308481
19.8361111632348,-0.816195484735513
19.8538478211896,-0.831467585485094
19.8713294179128,-0.847179745140987
19.8885412389379,-0.863340277848564
19.905467535687,-0.879957064118447
19.9220914572999,-0.897037490207902
19.938394981972,-0.914588377641149
19.9543588492385,-0.932615901305989
19.9699624951023,-0.95112549447212
19.9851839924685,-0.970121739037701
20,-0.989608239353972
