0.761383979389745
0.762202161372902
0.763008773027501
0.763769031656214
0.76445029448434
0.765022727881435
0.765459905919583
0.765739324469207
0.765842819838852
0.765756884002029
0.765472871604299
0.764987097093674
0.764300823361779
0.763420146127762
0.762355780861017
0.761122761256936
0.759740060102611
0.758230144763823
0.75661848047399
0.754932995109012
0.753203519202842
0.751461214623987
0.74973800463172
0.74806601701083
0.746477050701234
0.745002074855027
0.743670767632597
0.74251110035625
0.741548970937172
0.74080788883884
0.740308712290523
0.740069437064478
0.74010503491762
0.740427338801154
0.741044971178775
0.741963311274506
0.743184496794498
0.74470745562382
0.746527963171478
0.748638721399648
0.751029456094932
0.753687029583711
0.756595566819876
0.759736593538222
0.763089185926259
0.766630131977271
0.770334105306196
0.774173852699111
0.778120396994038
0.78214325702963
0.786210686331852
0.790289931929617
0.794347514201512
0.798349527971498
0.802261964216788
0.806051050761125
0.809683609245503
0.813127424546894
0.816351621709477
0.819327044419904
0.822026628155037
0.824425760410564
0.826502619928626
0.828238486619995
0.829618013948588
0.830629455928096
0.83126484157428
0.831520090650726
0.831395065816473
0.830893557795042
0.830023201889342
0.828795326010573
0.827224732309429
0.825329416427986
0.823130230261911
0.820650495866053
0.817915579686084
0.814952437593023
0.811789142181937
0.808454404425864
0.804977102017036
0.801385826559167
0.797708461190382
0.793971799225501
0.790201213034169
0.786420380658828
0.782651075680576
0.778913023631936
0.775223825915566
0.771598949808057
0.768051780803948
0.764593731384066
0.761234398367597
0.757981759414238
0.754842398053956
0.751821745893194
0.7489243304135
0.74615401705451
0.743514235046842
0.741008177696304
0.73863896946023
0.73640979412048
0.734323980549144
0.732385044873765
0.730596690163235
0.728962766957388
0.727487199941733
0.72617388772448
0.725026583923597
0.724048768556055
0.723243519003754
0.722613389601601
0.722160308171326
0.721885496654396
0.7217894214475
0.721871777202914
0.722131505826957
0.722566850305049
0.723175440916655
0.723954409488824
0.724900525674643
0.726010347918747
0.727280380852408
0.728707230388897
0.730287747784195
0.732019154381641
0.733899139640656
0.735925926306124
0.738098298134892
0.740415587373937
0.742877621086822
0.745484627353477
0.748237104227251
0.751135656033559
0.754180803058593
0.757372771841438
0.760711274103518
0.764195282799261
0.767822813845283
0.77159072179512
0.77549451710369
0.779528211716493
0.783684198581843
0.787953169387305
0.792324073435933
0.796784119175697
0.801318818544949
0.805912073057889
0.810546299475935
0.815202592028505
0.819860917479228
0.824500338883787
0.829099263639814
0.833635711359431
0.838087597160838
0.842433026128021
0.84665059487426
0.850719696313304
0.85462082384518
0.858335871165114
0.861848423781948
0.865144038082079
0.86821050341075
0.871038082198396
0.873619722687033
0.875951238376629
0.878031447989466
0.879862269621271
0.881448762887274
0.882799113344883
0.883924554330282
0.884839222608094
0.88555994589689
0.886105962362972
0.886498574502601
0.886760742360752
0.886916623638754
0.886991070781146
0.887009097450684
0.886995328746518
0.886973450951533
0.886965677389786
0.886992247044042
0.887070971876697
0.887216847310152
0.887441738098938
0.887754148957266
0.888159085928473
0.888658010770338
0.889248886783009
0.889926310740009
0.890681722114192
0.891503677823348
0.892378178431237
0.893289030266393
0.89421822735111
0.895146337398047
0.896052877403899
0.896916666461741
0.897716146185235
0.898429662402879
0.899035705319178
0.899513108913272
0.899841213711622
0.9
0.899970200829225
0.899733405658575
0.899272166062564
0.898570114552982
0.89761210625426
0.896384390994563
0.8948748204738
0.893073091728445
0.890971024354752
0.888562865122933
0.885845609969372
0.88281933013776
0.879487486675349
0.875857215762359
0.871939566596865
0.867749673853746
0.863306848102034
0.858634569955763
0.853760377044773
0.84871563696644
0.843535204015461
0.838256962452745
0.832921264113459
0.827570273010457
0.822247234014343
0.816995686458963
0.811858646439519
0.806877783491538
0.802092618165471
0.797539766701588
0.793252257576937
0.789258942208908
0.785584018676148
0.782246683118131
0.779260918693679
0.776635426833816
0.774373700244877
0.77247423193377
0.770930849657936
0.769733160846754
0.768867089368263
0.768315482658904
0.768058765787645
0.768075618039782
0.768343647587516
0.768840040730933
0.769542163974048
0.770428099744643
0.771477099746717
0.772669943605702
0.773989194473209
0.775419347439928
0.776946870804829
0.778560144315782
0.780249302293438
0.782005992954211
0.783823068155251
0.785694220109501
0.787613583297956
0.789575320795345
0.791573214501981
0.793600278336425
0.79564841230967
0.797708113611119
0.799768258449198
0.801815965484653
0.803836548370589
0.805813561286019
0.807728937549883
0.809563217572678
0.81129585869291
0.812905616007472
0.814370980286128
0.815670656597013
0.816784065480116
0.817691847481633
0.818376351664424
0.818822089362518
0.819016135934072
0.818948465529435
0.818612206830148
0.818003811195065
0.81712312850405
0.815973390027861
0.814561101671185
0.812895854729089
0.810990064669356
0.808858651229782
0.806518675157697
0.803988948116835
0.801289632589813
0.798441848009968
0.795467297913486
0.792387930710644
0.789225643877008
0.786002038140315
0.782738224790322
0.779454685782856
0.776171183060021
0.772906710665303
0.769679480966537
0.766506934743787
0.763405764137745
0.760391937518602
0.757480716201399
0.754686654523396
0.752023576985334
0.749504528774453
0.747141698837124
0.744946317541635
0.742928533655325
0.741097277657033
0.739460120146148
0.738023135164002
0.736790778532104
0.735765790810724
0.734949133223943
0.734339962972729
0.733935651904461
0.733731849704121
0.733722589824866
0.733900433502195
0.734256644611315
0.734781386027945
0.735463926701396
0.736292847963128
0.737256237737349
0.738341862296958
0.739537306962341
0.740830079560023
0.742207673381777
0.743657589613508
0.745167322513899
0.746724313783804
0.74831588535419
0.749929162031643
0.751550996911079
0.753167913078325
0.754766074819153
0.756331300324359
0.757849125790204
0.759304927973093
0.760684108827441
0.761972342034317
0.763155877237446
0.764221893874858
0.765158892856512
0.765957111200644
0.766608942284061
0.767109342724249
0.767456206187192
0.767650684646869
0.767697438802152
0.767604801427077
0.767384840290733
0.767053310796599
0.766629492494349
0.766135907928832
0.765597926722804
0.765043262155973
0.764501371627909
0.764002776119185
0.763578316960302
0.763258370775047
0.763072045306811
0.763046379915223
0.76320557482668
0.763570272742766
0.764156915185158
0.764977194034704
0.766037616173218
0.767339196040266
0.768877287366312
0.770641561439239
0.772616135111725
0.774779847475511
0.777106679832239
0.779566309397987
0.782124783208564
0.784745295061198
0.787389045146509
0.790016159394882
0.792586643573793
0.795061345901462
0.797402901441546
0.799576631844428
0.8015513751076
0.803300221917338
0.804801137754584
0.806037453219808
0.80699820885015
0.807678344940899
0.80807873140043
0.80820603731126
0.808072444485342
0.80769521373932
0.807096116736357
0.806300749924229
0.805337750245191
0.804237934827583
0.80303338874457
0.801756526119781
0.800439150374747
0.799111539270458
0.797801579631822
0.796533975306392
0.795329550049366
0.794204664698608
0.793170765257031
0.792234075381967
0.791395443335346
0.790650349715755
0.789989078316285
0.789397048278172
0.788855301397682
0.788341134064756
0.787828858956871
0.787290677390579
0.786697639275668
0.786020664069341
0.785231593147983
0.784304241763488
0.783215417385278
0.781945870886161
0.780481147819658
0.778812309027454
0.776936493028059
0.774857297033818
0.772584958924629
0.770136328912829
0.767534626746967
0.76480898785528
0.761993809517067
0.759127915643492
0.756253565713808
0.753415339526264
0.750658934392363
0.748029914983473
0.745572458045838
0.743328134522243
0.741334770223772
0.739625423133058
0.738227510820691
0.737162115522095
0.736443487418609
0.736078758908578
0.736067874489114
0.736403732659552
0.737072528363041
0.738054277242734
0.739323496706922
0.740850013726769
0.742599865623951
0.744536257968299
0.746620543150161
0.748813184198342
0.751074670892127
0.753366359010651
0.755651208464959
0.757894401812924
0.760063830977852
0.762130446572601
0.764068470762083
0.765855480777529
0.767472375747699
0.768903244192547
0.770135153136042
0.771157882193468
0.771963627090759
0.772546696858691
0.772903227455873
0.773030931915145
0.772928903437458
0.772597483382403
0.77203820106937
0.771253786977274
0.770248255595386
0.769027049112628
0.767597228601763
0.765967695593729
0.764149424141003
0.762155681782945
0.760002217339248
0.757707394197739
0.755292249695805
0.752780464226885
0.750198227686207
0.747573995608249
0.74493813261037
0.742322446286388
0.739759620222472
0.737282560069232
0.734923671346664
0.732714091657881
0.730682903055705
0.728856352301205
0.727257107584573
0.725903579910323
0.724809335799702
0.723982625305025
0.723426045683049
0.723136356598018
0.723104457612567
0.723315533192048
0.723749364722599
0.724380803354969
0.725180392055573
0.726115120276476
0.727149290324222
0.72824547095853
0.729365511093674
0.730471584776091
0.731527237898755
0.732498407374129
0.733354384673903
0.734068697673498
0.734619887503462
0.734992160478155
0.735175899000609
0.735168019479769
0.734972169591398
0.734598761522001
0.734064842023562
0.733393804060023
0.732614948448817
0.73176290711949
0.730876942376542
0.730000138837852
0.729178506516339
0.728460014831572
0.727893578204008
0.727528014330967
0.727410996308674
0.727588019487715
0.72810140336573
0.728989347961063
0.730285062996389
0.73201598686596
0.734203110770492
0.736860421580689
0.739994474932437
0.743604107763373
0.747680296976481
0.752206168175772
0.757157155488292
0.762501310407691
0.768199754425473
0.774207267031465
0.780472997553848
0.7869412863713
0.793552578371099
0.800244409253605
0.806952443494172
0.813611541553858
0.820156833345149
0.826524775047501
0.832654167138738
0.83848711293875
0.843969898995488
0.849053781193509
0.853695663419765
0.857858658847746
0.861512527255591
0.864633985129402
0.867206888479445
0.869222291189104
0.870678384222607
0.871580323065475
0.871939952322869
0.871775437452089
0.871110814187505
0.869975466390441
0.868403542908978
0.866433323665869
0.864106544716573
0.861467691541458
0.85856326945208
0.855441059776094
0.852149370486574
0.848736290174629
0.845248954710709
0.841732836547928
0.838231067308722
0.834783804959523
0.831427657397567
0.828195174525312
0.825114420753376
0.822208639251211
0.819496018081745
0.816989566572412
0.814697107892112
0.812621390866953
0.810760320666502
0.809107304256406
0.807651702606386
0.806379377753594
0.805273319152613
0.804314330498672
0.803481755581846
0.802754219884153
0.802110363699705
0.80152954262599
0.800992472375129
0.800481796965283
0.799982562395885
0.799482581755519
0.798972682181797
0.798446828976371
0.797902127239019
0.79733870637565
0.796759497512643
0.796169917987854
0.795577480490502
0.79499134693238
0.794421848644496
0.793879994954047
0.793376991609836
0.792923788948468
0.792530677237294
0.79220694344481
0.791960599959823
0.791798191714488
0.791724683980524
0.7917434290181
0.791856205965016
0.792063325038294
0.792363784427249
0.792755466294335
0.793235357132818
0.79379977738035
0.794444605633598
0.79516548399059
0.795957992869405
0.796817785991318
0.79774067893055
0.798722687566567
0.799760015770041
0.80084899455644
0.801985977610407
0.803167200396608
0.804388611929858
0.805645689607898
0.806933248273283
0.808245254856356
0.809574659578968
0.810913253815929
0.812251563389164
0.813578784398343
0.814882766774258
0.816150048687193
0.817365942861642
0.81851467384439
0.819579563436152
0.820543259901847
0.821388005274086
0.822095934089046
0.822649396250194
0.823031296388058
0.823225442038464
0.823216893147451
0.822992305768387
0.822540263281672
0.821851588977704
0.820919634345234
0.819740537857968
0.818313449426719
0.8166407159752
0.814728023815875
0.812584493676566
0.810222724401153
0.807658781570789
0.804912127621799
0.802005490527313
0.798964668808551
0.795818271582036
0.792597393547308
0.789335226271369
0.786066608805
0.782827522524422
0.77965453706208
0.776584216189496
0.773652494448568
0.770894037095779
0.768341597427135
0.76602538669802
0.763972472561316
0.762206222156221
0.760745805647096
0.759605775117729
0.758795732277257
0.758320096459715
0.758177981952677
0.75836319084502
0.758864324430175
0.759665012843425
0.760744259163144
0.762076890784757
0.763634107601579
0.76538411351388
0.767292815144412
0.769324569461842
0.771442960385103
0.773611583426176
0.775794817070936
0.777958559920105
0.780070913614522
0.782102793226368
0.784028449062534
0.785825886626751
0.787477174731747
0.7889686353315
0.790290912432583
0.791438921308862
0.79241168304713
0.79321205305553
0.793846355441555
0.794323937994079
0.794656664784019
0.794858365052175
0.794944258027138
0.794930373584634
0.79483298822397
0.794668094726248
0.794450922127386
0.794195520363299
0.793914421220397
0.793618384160754
0.793316232305819
0.793014780476982
0.792718853826024
0.792431392358299
0.792153633661751
0.791885363498561
0.79162522167154
0.791371048806406
0.791120258439183
0.79087021809347
0.790618622887085
0.790363845617922
0.790105248226094
0.789843440981373
0.789580477656808
0.789319977264781
0.789067165583788
0.78882883261644
0.788613205206748
0.788429737215692
0.788288822810645
0.788201441465166
0.788178746088191
0.788231608204384
0.78837013619382
0.788603184180766
0.788937870162189
0.789379122326567
0.789929272192734
0.790587712179893
0.791350633512845
0.792210858007371
0.793157774334483
0.794177385920545
0.795252473819921
0.796362873835266
0.797485863011474
0.79859664655543
0.799668932400467
0.8006755772014
0.801589284660012
0.802383334867578
0.803032321909338
0.803512876371744
0.803804349656622
0.803889438128672
0.803754727057317
0.803391136978268
0.802794258379796
0.80196456437301
0.80090749507476
0.799633411645929
0.798157422114005
0.796499085100897
0.79468200122313
0.792733305101535
0.790683073508446
0.788563667120446
0.786409024595592
0.784253928251208
0.782133260509106
0.780081269555353
0.778130861411142
0.776312933927288
0.774655766205776
0.773184474730297
0.771920545163989
0.770881446448023
0.770080331597129
0.76952582750777
0.769221914221608
0.769167892450534
0.769358436778865
0.769783730804384
0.770429679538449
0.771278193621757
0.772307539285099
0.773492747451247
0.774806074895413
0.776217509925635
0.777695314589094
0.779206594947079
0.780717890494362
0.782195773346193
0.783607447407243
0.784921337410349
0.786107657512831
0.787138949110251
0.787990577714583
0.788641179181925
0.78907304628908
0.789272447660018
0.789229872327575
0.788940194760972
0.788402756957366
0.787621366131601
0.786604208575875
0.785363682323981
0.783916153261929
0.782281641196483
0.780483444048289
0.778547709708788
0.776502966135057
0.774379620915911
0.772209441806716
0.770025029600154
0.767859294196789
0.765744943902449
0.763713996865497
0.761797322245294
0.760024217251462
0.758422024693865
0.757015794216225
0.755827989026484
0.754878238748344
0.754183138049875
0.753756089988245
0.753607192556304
0.753743166718831
0.754167324255939
0.75487957394345
0.755876464935771
0.757151266606742
0.758694084474194
0.7604920121111
0.762529319063192
0.764787674694224
0.767246407526708
0.769882799018888
0.772672409822127
0.775589435424306
0.778607086755735
0.78169798988683
0.784834597471687
0.787989603191258
0.791136349233253
0.794249215921516
0.797303982075858
0.800278144629637
0.803151186520032
0.805904782931196
0.808522937617499
0.810992043233243
0.813300862281948
0.81544042837518
0.81740387083077
0.819186169092345
0.820783846848733
0.822194618897341
0.823417006555716
0.824449939616622
0.825292364321495
0.825942877481166
0.826399406624498
0.826658954870226
0.826717427106075
0.826569551080032
0.826208903265128
0.825628044996207
0.824818769575484
0.823772456010607
0.822480520009115
0.820934948037548
0.819128895887448
0.817057329483304
0.81471768280084
0.812110505883588
0.809240075153173
0.806114938557166
0.802748369589237
0.799158706799663
0.795369558991183
0.791409860722922
0.787313767844075
0.783120388341527
0.778873349585762
0.774620208863863
0.770411719666629
0.766300971331582
0.762342424139914
0.758590865658442
0.755100316878954
0.751922918449117
0.749107827966586
0.746700158919474
0.744739990442252
0.743261474695237
0.742292065480596
0.741851887818913
0.741953263789257
0.742600405157747
0.743789278366055
0.74550764250198
0.747735256100216
0.750444244178537
0.753599612937842
0.757159896153326
0.761077914539475
0.765301627334147
0.769775054036463
0.77443924363978
0.779233268787524
0.784095222985742
0.788963200252525
0.793776238278311
0.798475208212221
0.803003636475855
0.807308446438879
0.811340610280033
0.815055703824969
0.818414359535161
0.821382615072978
0.823932156955432
0.826040460716809
0.827690830724013
0.828872344333164
0.829579706452372
0.829813021796235
0.829577493193449
0.828883055246633
0.827743953443464
0.82617827947355
0.824207474002437
0.821855808473225
0.819149857624644
0.81611797430881
0.81278977784171
0.809195666510491
0.805366363988677
0.801332508279717
0.79712429043995
0.792771148756292
0.788301522316134
0.783742666061711
0.779120527530411
0.77445968361176
0.76978333386636
0.765113345312938
0.76047034215013
0.755873832682317
0.751342364793923
0.746893700680949
0.742545001206302
0.738313010189209
0.734214229152496
0.730265073511903
0.726482001873357
0.722881610981151
0.719480689908464
0.716296228281395
0.713345374662618
0.71064534267823
0.708213264040644
0.706065989289707
0.70421983882824
0.702690308644091
0.701491736955946
0.70063693984954
0.700136825726585
0.7
0.700232372854993
0.70083678396891
0.701812658755185
0.703155710885501
0.704857705479432
0.706906296382443
0.709284949357768
0.711972960804008
0.714945578822057
0.718174230172713
0.721626853005183
0.725268331342874
0.729061023356391
0.73296537161984
0.736940580025188
0.740945339003823
0.74493857833943
0.748880225288052
0.752731945047571
0.756457840892977
0.760025092519413
0.76340451326579
0.766571009833221
0.769503931727294
0.77218730176871
0.774609923435744
0.776765365313188
0.778651827313628
0.780271897406497
0.781632211158431
0.782743029306751
0.78361775074666
0.784272379645847
0.784724965887079
0.784995037703933
0.785103044282602
0.785069824354205
0.784916114526043
0.784662108444206
0.784327075000841
0.783929040854143
0.783484539665267
0.783008427804793
0.782513763949319
0.782011748055877
0.781511713717689
0.781021166887916
0.780545863398674
0.780089917564776
0.779655934389119
0.779245158407658
0.778857632946464
0.778492364428877
0.778147487288654
0.777820425945686
0.77750805112798
0.77720682853689
0.776912958428881
0.776622505120647
0.776331515724395
0.776036127608688
0.775732664187958
0.775417718705955
0.775088225729944
0.774741520144353
0.774375383547888
0.773988078129632
0.773578368328393
0.773145530854849
0.77268935395672
0.772210127104056
0.771708622530941
0.771186070257199
0.770644128298232
0.77008484973005
0.769510648097924
0.768924262342659
0.768328721984404
0.767727312781074
0.767123542509704
0.766521105957241
0.765923847709588
0.765335720951951
0.764760740291403
0.764202926625526
0.763666242334704
0.763154515577163
0.762671353200989
0.762220042720686
0.761803444881815
0.761423879483645
0.761083008261954
0.760781719661697
0.760520021161828
0.760296945369611
0.760110476310505
0.759957502153616
0.759833800007711
0.759734057402196
0.759651933663467
0.759580162669112
0.759510696495069
0.759434887368426
0.759343703219528
0.759227970116536
0.759078633087685
0.758887025406472
0.758645135431668
0.758345859633627
0.757983230548736
0.75755260910173
0.757050832004067
0.756476306726156
0.755829048771411
0.755110658543995
0.754324237871624
0.753474249077896
0.752566322246822
0.75160701883916
0.750603561969388
0.749563545315202
0.748494633714399
0.747404268943218
0.746299393935945
0.745186207804368
0.744069962489974
0.74295480980862
0.741843705133893
0.740738371143553
0.739639322072995
0.738545945939848
0.737456639384584
0.736368987265118
0.735279977083698
0.734186236822181
0.733084283896053
0.731970772751527
0.730842729128031
0.7296977601555
0.728534231179709
0.72735140240318
0.726149520960443
0.724929866760836
0.723694753165407
0.722447486151214
0.721192287900077
0.719934192591856
0.718678923473971
0.717432760942914
0.716202411373117
0.71499488576863
0.713817396041016
0.712677274919395
0.711581923296783
0.710538786359424
0.709555357298789
0.708639204943576
0.707798019441426
0.707039668323265
0.706372254027743
0.70580416334632
0.705344099327457
0.705001086962143
0.704784445427411
0.704703721708567
0.704768582933131
0.704988667574377
0.705373398639931
0.70593176485797
0.706672078515854
0.707601720810878
0.708726887181069
0.71005234597109
0.711581223872687
0.713314830829015
0.715252535527883
0.717391700303581
0.719727681341887
0.722253896701706
0.724961961025152
0.727841882121774
0.730882311104863
0.734070834643885
0.737394295371853
0.740839124710658
0.744391671468096
0.748038509582465
0.751766709352997
0.755564058348753
0.759419220832771
0.763321827822552
0.767262493644797
0.771232758818502
0.775224963090533
0.779232056228313
0.783247357537856
0.787264277843056
0.791276019693767
0.795275272771576
0.799253921789638
0.80320278364322
0.807111389215762
0.810967823177802
0.814758632463532
0.818468811025354
0.822081865116618
0.825579959903859
0.828944144820733
0.832154651887933
0.835191258354479
0.838033702556931
0.840662139906714
0.843057624437453
0.845202600385468
0.847081387829604
0.848680646459469
0.849989802043287
0.851001421093461
0.851711520544269
0.852119800928614
0.852229793537539
0.852048914336333
0.851588419961368
0.850863263893654
0.849891853850532
0.848695714495316
0.84729906266015
0.845728305318205
0.844011473420883
0.842177607315566
0.840256111654987
0.838276099376548
0.836265745354009
0.834251670608473
0.832258377440924
0.83030775448052
0.828418668438164
0.826606656365452
0.824883728542581
0.823258287896075
0.821735167257031
0.820315781020998
0.818998383087666
0.817778418574184
0.816648952933722
0.815601158973249
0.814624840019682
0.813708966255265
0.812842201102765
0.81201339550256
0.811212029942588
0.810428587077229
0.809654841550676
0.808884058030024
0.808111093227492
0.807332402605311
0.80654595726089
0.805751080941774
0.804948221018259
0.804138670356789
0.803324259241092
0.802507037679937
0.801688968571982
0.800871651274234
0.800056093197732
0.799242544236788
0.798430405272404
0.797618217856516
0.796803737685693
0.795984089830009
0.795155999118085
0.794316084810047
0.793461204918074
0.792588832436888
0.791697443470249
0.790786895892996
0.789858776838995
0.788916697976875
0.78796651920677
0.787016484017856
0.786077253183213
0.785161827594233
0.784285355679487
0.783464825817634
0.78271864922984
0.782066143806834
0.781526933973927
0.781120285820256
0.780864400132344
0.780775688521454
0.780868059398841
0.781152241053925
0.781635168493455
0.782319459017922
0.783202998805047
0.784278659144102
0.785534156564561
0.786952066108028
0.788509991609074
0.790180891301006
0.791933551575078
0.793733196520235
0.795542216163878
0.797320992306423
0.799028797644094
0.800624741616369
0.802068735163018
0.803322446350991
0.804350219607518
0.805119933004096
0.805603770569857
0.805778889834775
0.805627968553329
0.805139618664349
0.804308659825636
0.803136249150452
0.801629867908341
0.799803169796211
0.797675698823678
0.795272487804434
0.792623550847696
0.789763285074815
0.786729798047382
0.783564178109418
0.780309725061673
0.777011158358508
0.77371381941394
0.770462883693263
0.767302597119403
0.764275550003242
0.761422000271465
0.75877925626168
0.756381127820291
0.754257452901675
0.752433705346403
0.750930688023078
0.749764314058553
0.74894547745707
0.74848001302063
0.748368744131128
0.748607615641182
0.749187907849347
0.750096526313516
0.751316361093933
0.75282670792749
0.754603742833499
0.756621040755493
0.758850128072727
0.761261058188213
0.763822998936633
0.766504820273453
0.769275670622997
0.772105530392535
0.774965731513745
0.777829432460477
0.780672039017267
0.783471562135951
0.786208905512037
0.788868077025694
0.79143631990433
0.793904161346975
0.796265378368482
0.798516882728881
0.800658528956331
0.802692851589914
0.804624739793359
0.806461059351054
0.808210233680166
0.809881796805751
0.811485932183258
0.813033011757905
0.814533149679277
0.815995784615392
0.817429303626614
0.818840719081803
0.820235408166385
0.821616922207678
0.822986870412345
0.824344879779184
0.825688630037989
0.827013959601648
0.828315035837274
0.829584580591673
0.830814139964283
0.831994385905097
0.833115436398875
0.834167180822106
0.835139597533161
0.836023051849857
0.836808564217762
0.837488040479182
0.8380544585916
0.838502008769081
0.838826186672593
0.839023841794933
0.839093185420715
0.839033764357475
0.838846407923687
0.838533156371295
0.838097178982366
0.837542689522635
0.83687486561237
0.836099776980047
0.835224325622744
0.834256198760092
0.833203833301427
0.832076388517267
0.830883721876134
0.82963636171583
0.828345469674099
0.827022785678597
0.825680548818025
0.824331388567247
0.822988182556081
0.821663879250379
0.820371286416803
0.81912282890643
0.817930281940106
0.81680448853115
0.815755071769347
0.814790154265635
0.813916098001516
0.813137278060938
0.812455903207913
0.811871895017941
0.811382835326664
0.810983989216421
0.810668407745857
0.810427111290577
0.810249350871745
0.810122941378673
0.810034657311423
0.809970678738341
0.809917072718182
0.809860293587135
0.809787684336011
0.809687960846481
0.809551661027998
0.809371541876663
0.809142909112308
0.808863866264156
0.808535472772754
0.808161803746464
0.807749907336664
0.807309659155564
0.806853516634396
0.806396179593304
0.805954166461193
0.805545318448213
0.805188246451427
0.80490173749385
0.804704139000371
0.804612740156135
0.80464316994309
0.804808831192336
0.80512038912258
0.805585331373472
0.806207614518781
0.806987409507855
0.807920955501903
0.80900052822946
0.810214525384143
0.811547667843276
0.812981311724679
0.814493862654435
0.81606128022572
0.817657657618427
0.819255858841518
0.820828194157827
0.82234711303499
0.823785893489391
0.825119306974138
0.826324238996127
0.827380247386672
0.828270042519169
0.828979876662282
0.829499832951975
0.829824008018558
0.829950585965204
0.829881805011411
0.829623821544768
0.829186479437849
0.828582995174922
0.827829571511199
0.826944953999012
0.8259499457329
0.824866896089455
0.823719179094321
0.822530676386503
0.821325278635353
0.820126417777324
0.818956640663706
0.817837232735493
0.816787898252937
0.81582650148489
0.814968871177203
0.814228668630043
0.813617317869365
0.813143994734729
0.81281567025071
0.812637202419613
0.812611469578903
0.812739537711856
0.813020853584211
0.813453455299895
0.814034191819821
0.814758943162011
0.815622833389899
0.816620429087123
0.817745916797565
0.818993253861154
0.820356288177698
0.821828843656826
0.823404769431775
0.825077952293561
0.826842293201823
0.828691650108269
0.830619750645362
0.832620079443922
0.83468574590695
0.836809339144385
0.838982777430309
0.841197159951446
0.843442628751977
0.845708248630995
0.847981912310633
0.850250277470047
0.852498741248184
0.85471145658233
0.856871393305985
0.85896044532489
0.860959583479754
0.862849051952094
0.864608604345613
0.866217773953616
0.867656171277625
0.868903800665555
0.869941387054552
0.870750703288005
0.871314888367187
0.871618747315737
0.871649024077694
0.871394640011657
0.870846892034721
0.869999606236879
0.868849244735936
0.867394965565058
0.865638637360518
0.863584812424677
0.861240663262784
0.858615888830781
0.855722597405667
0.852575173150505
0.84919013307717
0.845585980233392
0.841783057615679
0.837803405630623
0.833670624017748
0.829409737153133
0.825047059732059
0.820610058139444
0.816127201506286
0.811627795644185
0.807141792841651
0.802699570948479
0.798331676276306
0.794068526565495
0.789940072526287
0.785975419130468
0.782202410750452
0.778647187235119
0.775333720884687
0.772283346851471
0.769514301575611
0.76704128531721
0.764875065557447
0.763022137942977
0.761484460519503
0.76025927526895
0.759339028503236
0.758711398589615
0.758359435934167
0.758261816300736
0.758393204574637
0.758724722178164
0.7592245076841
0.759858356912583
