-20,-0.981900008077683
-19.9854390981687,-0.961204727780049
-19.9704863883058,-0.940750666133396
-19.9551594533863,-0.920534085395967
-19.9394751128355,-0.900551078742406
-19.9234494296617,-0.880797647322955
-19.9070977234012,-0.861269769093262
-19.8904345876356,-0.841963459685982
-19.8734739110091,-0.822874825674123
-19.8562289008334,-0.804000110627631
-19.8387121085125,-0.785335734394873
-19.820935456146,-0.766878326054431
-19.8029102637862,-0.748624750984248
-19.784647276921,-0.730572132487973
-19.7661566938392,-0.712717868405128
-19.7474481926105,-0.695059643114653
-19.7285309574681,-0.677595435322017
-19.7094137044392,-0.660323521999662
-19.690104706106,-0.643242478830059
-19.670611815418,-0.626351177480536
-19.6509424885023,-0.609648780019842
-19.6311038064449,-0.593134730768306
-19.6111024960305,-0.576808745856601
-19.5909449494453,-0.560670800752503
-19.5706372429579,-0.544721116000701
-19.5501851546016,-0.528960141407519
-19.5295941808885,-0.513388538890282
-19.5088695525888,-0.498007164199895
-19.4880162496145,-0.482817047714866
-19.4670390150456,-0.467819374495359
-19.4459423683405,-0.453015463776803
-19.4247306177708,-0.438406748074017
-19.4034078721215,-0.423994752058574
-19.3819780516968,-0.409781071364183
-19.3604448986692,-0.395767351467124
-19.3388119868118,-0.3819552667811
-19.3170827306475,-0.368346500098307
-19.2952603940515,-0.35494272250093
-19.2733480983392,-0.341745573859647
-19.2513488298717,-0.328756644028043
-19.2292654472075,-0.315977454834067
-19.20710068783,-0.303409442961776
-19.1848571744759,-0.291053943808635
-19.1625374210902,-0.278912176395543
-19.1401438384309,-0.266985229398582
-19.1176787393464,-0.255274048363169
-19.0951443437448,-0.243779424152999
-19.0725427832753,-0.232501982677705
-19.0498761057401,-0.221442175934792
-19.0271462792532,-0.210600274392965
-19.0043551961622,-0.199976360735575
-18.9815046767479,-0.189570324974635
-18.9585964727162,-0.179381860937611
-18.9356322704941,-0.169410464121136
-18.9126136943428,-0.159655430897904
-18.889542309299,-0.150115859055316
-18.8664196239552,-0.140790649636988
-18.8432470930887,-0.131678510051095
-18.8200261201479,-0.122777958402683
-18.7967580596061,-0.114087329000561
-18.7734442191893,-0.105604778983298
-18.7500858619865,-0.0973282960031228
-18.7266842084491,-0.0892557069012814
-18.7032404382865,-0.08138468730356
-18.679755692263,-0.0737127720604022
-18.6562310739031,-0.066237366452188
-18.6326676511102,-0.058955758076968
-18.6090664577027,-0.0518651293351579
-18.5854284948736,-0.0449625704234815
-18.5617547325777,-0.0382450927487656
-18.5380461108502,-0.0317096426710668
-18.5143035410601,-0.0253531154850325
-18.490527907104,-0.0191723695483758
-18.4667200665412,-0.0131642404668606
-18.4428808516752,-0.0073255552462327
-18.4190110705839,-0.00165314632311481
-18.395111508101,0.00385613461107092
-18.3711829267519,0.00920540307651741
-18.3472260676464,0.0143977286421586
-18.3232416513303,0.0194361222104183
-18.299230378598,0.0243235238226616
-18.2751929312692,0.02906279105418
-18.2511299729298,0.0336566880629801
-18.2270421496412,0.038107875351752
-18.2029300906171,0.0424189002972297
-18.1787944088718,0.0465921884957476
-18.1546357018398,0.0506300359681941
-18.1304545519696,0.0545346022617801
-18.1062515272915,0.0583079044801457
-18.082027181962,0.0619518122673275
-18.0577820567853,0.0654680437650788
-18.0335166797133,0.0688581625569751
-18.0092315663252,0.0721235756067071
-17.9849272202878,0.0752655321920054
-17.9606041337968,0.0782851238297663
-17.9362627880008,0.0811832851822094
-17.9119036534092,0.0839607959283308
-17.8875271902829,0.0866182835795273
-17.8631338490116,0.0891562272131159
-17.8387240704748,0.0915749620925631
-17.8142982863909,0.0938746851386027
-17.789856919652,0.0960554612110853
-17.7654003846471,0.0981172301573735
-17.7409290875729,0.10005981457941
-17.7164434267341,0.101882928268231
-17.6919437928318,0.103586185251712
-17.6674305692434,0.105169109398715
-17.6429041322908,0.106631144520541
-17.6183648515012,0.107971664908723
-17.5938130898579,0.109189986246714
-17.5692492040429,0.110285376831869
-17.5446735446719,0.111257069043418
-17.5200864565211,0.112104270991698
-17.4954882787473,0.112826178283942
-17.4708793451007,0.113421985842211
-17.4462599841309,0.113890899709759
-17.4216305193873,0.114232148783083
-17.3969912696128,0.114444996408253
-17.3723425489322,0.11452875178167
-17.347684667035,0.114482781097335
-17.323017929353,0.114306518384798
-17.298342637233,0.113999475984356
-17.2736590881051,0.113561254608692
-17.248967575646,0.112991552942891
-17.2242683899383,0.112290176737815
-17.1995618176262,0.111457047354908
-17.1748481420666,0.110492209723822
-17.1501276434771,0.109395839677623
-17.1254005990805,0.10816825063387
-17.1006672832457,0.106809899593408
-17.0759279676262,0.105321392432371
-17.0511829212949,0.10370348846657
-17.0264324108767,0.10195710427113
-17.0016767006782,0.100083316741968
-16.9769160528153,0.0980833653893634
-16.9521507273381,0.0959586538575773
-16.9273809823536,0.093710750668058
-16.9026070741474,0.0913413891873594
-16.8778292573018,0.0888524668243694
-16.853047784814,0.0862460434648576
-16.8282629082113,0.083524339154644
-16.8034748776652,0.0806897310458961
-16.7786839421048,0.077744749624121
-16.7538903493282,0.0746920742363708
-16.7290943461128,0.0715345279439733
-16.704296178325,0.0682750717257581
-16.6794960910288,0.0649167980602417
-16.6546943285938,0.0614629239175655
-16.6298911348022,0.0579167831941475
-16.6050867529554,0.0542818186249888
-16.5802814259806,0.0505615732103823
-16.5554753965361,0.046759681195389
-16.5306613496099,0.0429186384652528
-16.5058473026838,0.03908101974034
-16.4810332557577,0.0352506911357378
-16.4562192088315,0.0314315781544884
-16.4314051619054,0.0276276550612891
-16.4065911149792,0.0238429340658573
-16.3817770680531,0.0200814543601608
-16.3569630211269,0.0163472710537405
-16.3321489742008,0.0126444440511834
-16.3073349272747,0.00897702691542366
-16.2825208803485,0.00534905575998365
-16.2577068334224,0.001764538212499
-16.2328927864962,-0.0017725575090855
-16.2080787395701,-0.00525831336740011
-16.1832646926439,-0.00868887208468738
-16.1584506457178,-0.0120604474925571
-16.1336365987917,-0.0153693346166777
-16.1088225518655,-0.0186119194624338
-16.0840085049394,-0.0217846884695361
-16.0591944580132,-0.0248842376056576
-16.0343804110871,-0.0279072810713811
-16.0095663641609,-0.0308506595910648
-15.9847523172348,-0.0337113482666464
-15.9599382703086,-0.0364864639739019
-15.9351242233825,-0.0391732722832366
-15.9103101764564,-0.0417691938896957
-15.8854961295302,-0.0442718105395201
-15.8606820826041,-0.0466788704432334
-15.8358680356779,-0.0489882931678933
-15.8110539887518,-0.0511981740037748
-15.7862399418256,-0.0533067878033431
-15.7614258948995,-0.0553125922929054
-15.7366118479734,-0.057214230859792
-15.7117978010472,-0.0590105348202758
-15.6869837541211,-0.0607005251756957
-15.6621697071949,-0.0622834138663737
-15.6373556602688,-0.063758604534895
-15.6125416133426,-0.0651256928121481
-15.5877275664165,-0.0663844661411698
-15.5629135194904,-0.0675349031553132
-15.5380994725642,-0.0685771726285272
-15.5132854256381,-0.0695116320166085
-15.4884713787119,-0.0703388256091488
-15.4636573317858,-0.0710594823125423
-15.4388432848596,-0.0716745130848451
-15.4140292379335,-0.0721850080434845
-15.3892151910074,-0.072592233266802
-15.3644011440812,-0.0728976273101842
-15.3395870971551,-0.073102797457098
-15.3147730502289,-0.0732095157247031
-15.2899590033028,-0.0732197146428838
-15.2651449563766,-0.073135482824526
-15.2403309094505,-0.0729590603436888
-15.2155168625243,-0.0726928339369897
-15.1907028155982,-0.0723393320420659
-15.1658887686721,-0.0719012196854049
-15.1410747217459,-0.0713812932301752
-15.1162606748198,-0.0707824749929679
-15.0914466278936,-0.0701078077365892
-15.0666325809675,-0.0693604490442603
-15.0418185340413,-0.0685436655788042
-15.0170044871152,-0.0676608272286566
-14.9921904401891,-0.0667154011408556
-14.9673763932629,-0.0657109456395668
-14.9425623463368,-0.0646511040272167
-14.9177482994106,-0.0635395982639549
-14.8929342524845,-0.0623802225199749
-14.8681202055583,-0.0611768365942111
-14.8433061586322,-0.0599333591921219
-14.8184921117061,-0.0586537610546751
-14.7936780647799,-0.0573420579302979
-14.7688640178538,-0.0560023033814472
-14.7440499709276,-0.0546385814176085
-14.7192359240015,-0.053254998946955
-14.6944218770753,-0.0518556780395915
-14.6696078301492,-0.0504447479962792
-14.644793783223,-0.0490263372177824
-14.6199797362969,-0.0476045648714914
-14.5951656893708,-0.0461835323537514
-14.5703516424446,-0.0447673145483558
-14.5455375955185,-0.0433599508839224
-14.5207235485923,-0.0419654361953542
-14.4959095016662,-0.0405877113972647
-14.47109545474,-0.0392306539801011
-14.4462814078139,-0.0378980683426982
-14.4214673608878,-0.0365936759781208
-14.3966533139616,-0.0353211055328501
-14.3718392670355,-0.0340838827626453
-14.3470252201093,-0.0328854204116795
-14.3222111731832,-0.0317290080448269
-14.297397126257,-0.0306178018661838
-14.2725830793309,-0.0295548145600292
-14.2477690324048,-0.0285429051934289
-14.2229549854786,-0.0275847692225059
-14.1981409385525,-0.0266829286470332
-14.1733268916263,-0.0258397223603848
-14.1485128447002,-0.0250572967439932
-14.123698797774,-0.0243375965572715
-14.0988847508479,-0.0236823561754225
-14.0740707039218,-0.0230930912286639
-14.0492566569956,-0.0225710906971161
-14.0244426100695,-0.0221174095158979
-13.9996285631433,-0.0217328617448536
-13.9748145162172,-0.0214180143567611
-13.950000469291,-0.0211731816968491
-13.9251864223649,-0.0209984206649583
-13.9003723754387,-0.0208935266697369
-13.8755583285126,-0.0208580304018453
-13.8507442815865,-0.0208911954702772
-13.8259302346603,-0.0209920169425953
-13.8011161877342,-0.021159220826139
-13.776302140808,-0.0213912645231158
-13.7514880938819,-0.0216863382879525
-13.7266740469557,-0.0220423677103984
-13.7018600000296,-0.0224570172426549
-13.6770459531035,-0.0229276947833079
-13.6522319061773,-0.0234515573250841
-13.6274178592512,-0.0240255176674905
-13.602603812325,-0.0246462521892739
-13.5777897653989,-0.0253102096693875
-13.5529757184727,-0.0260136211388418
-13.5281616715466,-0.0267525107394786
-13.5033476246205,-0.027522707559403
-13.4785335776943,-0.0283198584085806
-13.4537195307682,-0.0291394414920161
-13.428905483842,-0.0299767809320121
-13.4040914369159,-0.030827062085325
-13.3792773899897,-0.0316853475956314
-13.3544633430636,-0.0325465941166317
-13.3296492961375,-0.0334056696364044
-13.3048352492113,-0.0342573713293163
-13.2800212022852,-0.0350964438579271
-13.255207155359,-0.0359175980439427
-13.2303931084329,-0.0367155298243906
-13.2055790615067,-0.0374849394068486
-13.1807650145806,-0.0382205505357655
-13.1559509676544,-0.0389171297806945
-13.1311369207283,-0.0395695057566251
-13.1063228738022,-0.040172588186554
-13.081508826876,-0.040721386716981
-13.0566947799499,-0.0412110293981535
-13.0318807330237,-0.041636780742599
-13.0070666860976,-0.0419940592777692
-12.9822526391714,-0.0422784545114562
-12.9574385922453,-0.042485743232001
-12.9326245453192,-0.0426119050691802
-12.907810498393,-0.042653137245988
-12.8829964514669,-0.0426058684563018
-12.8581824045407,-0.0424667718085803
-12.8333683576146,-0.0422327767812666
-12.8085543106884,-0.0419010801413953
-12.7837402637623,-0.0414691557839994
-12.7589262168362,-0.0409347634562202
-12.73411216991,-0.0402959563364946
-12.7092981229839,-0.0395510874457855
-12.6844840760577,-0.0386988148744651
-12.6596700291316,-0.0377381058151233
-12.6348559822054,-0.036668239398185
-12.6100419352793,-0.0354888083337512
-12.5852278883532,-0.0341997193694568
-12.560413841427,-0.0328011925803356
-12.5355997945009,-0.0312937595126428
-12.5107857475747,-0.0296782602092713
-12.4859717006486,-0.027955839149764
-12.4611576537224,-0.0261279401429439
-12.4363436067963,-0.0241963002148133
-12.4115295598702,-0.0221629425385918
-12.386715512944,-0.020030168457545
-12.3619014660179,-0.0178005486545749
-12.3370874190917,-0.0154769135253955
-12.3122733721656,-0.0130623428144747
-12.2874593252394,-0.0105601545748026
-12.2626452783133,-0.00797389351391663
-12.2378312313871,-0.00530731878951017
-12.213017184461,-0.00256439131834744
-12.1882031375349,0.000250739337853946
-12.1633890906087,0.00313374844643795
-12.1385750436826,0.00608014987554831
-12.1137609967564,0.00908531010278334
-12.0889469498303,0.0121444624017258
-12.0641329029041,0.0152527211494113
-12.039318855978,0.0184050962002392
-12.0145048090519,0.0215965072745495
-11.9896907621257,0.0248217983130603
-11.9648767151996,0.0280757517515385
-11.9400626682734,0.0313531026734321
-11.9152486213473,0.034648552801662
-11.8904345744211,0.0379567842943436
-11.865620527495,0.0412724733128145
-11.8408064805689,0.0445903033339563
-11.8159924336427,0.0479049781823827
-11.7911783867166,0.0512112347615635
-11.7663643397904,0.05450385546635
-11.7415502928643,0.0577776802626124
-11.7167362459381,0.0610276184227678
-11.691922199012,0.0642486599088364
-11.6671081520859,0.0674358863972917
-11.6422941051597,0.0705844819423352
-11.6174800582336,0.0736897432763215
-11.5926660113074,0.0767470897478564
-11.5678519643813,0.0797520728995862
-11.5430379174551,0.0827003856888792
-11.518223870529,0.0855878713554641
-11.4934098236028,0.088410531940645
-11.4685957766767,0.0911645364629447
-11.4437817297506,0.0938462287549678
-11.4189676828244,0.0964521349659124
-11.3941536358983,0.0989789707335303
-11.3693395889721,0.101423648028438
-11.344525542046,0.103783281672555
-11.3197114951198,0.106055195532115
-11.2948974481937,0.10823692838416
-11.2700834012676,0.110326239453769
-11.2452693543414,0.112321113617466
-11.2204553074153,0.114219766266389
-11.1956412604891,0.116020647820832
-11.170827213563,0.117722447885868
-11.1460131666368,0.119324099035784
-11.1211991197107,0.120824780213204
-11.0963850727846,0.122223919726977
-11.0715710258584,0.123521197831256
-11.0467569789323,0.124716548866648
-11.0219429320061,0.125810162943048
-10.99712888508,0.126802487142609
-10.9723148381538,0.127694226220486
-10.9475007912277,0.12848634278038
-10.9226867443016,0.129180056901599
-10.8978726973754,0.129776845194393
-10.8730586504493,0.130278439260595
-10.8482446035231,0.130686823537332
-10.823430556597,0.131004232502495
-10.7986165096708,0.131233147222061
-10.7738024627447,0.131376291221026
-10.7489884158185,0.131436625661703
-10.7241743688924,0.131417343815549
-10.6993603219663,0.131321864817289
-10.6745462750401,0.131153826693104
-10.649732228114,0.130917078657893
-10.6249181811878,0.130615672680084
-10.6001041342617,0.130253854316236
-10.5752900873355,0.12983605282155
-10.5504760404094,0.129366870546529
-10.5256619934833,0.128851071634217
-10.5008479465571,0.128293570036766
-10.476033899631,0.127699416874445
-10.4512198527048,0.127073787164578
-10.4264058057787,0.126421965952255
-10.4015917588525,0.125749333878949
-10.3767777119264,0.12506135222935
-10.3519636650003,0.124363547500783
-10.3271496180741,0.123661495543388
-10.302335571148,0.122960805322933
-10.2775215242218,0.122267102361437
-10.2527074772957,0.121586011913905
-10.2278934303695,0.120923141942229
-10.2030793834434,0.120284065949682
-10.1782653365172,0.119674305741517
-10.1534512895911,0.119099314178753
-10.128637242665,0.118564457993491
-10.1038231957388,0.118075000734859
-10.0790091488127,0.117636085915035
-10.0541951018865,0.117252720424679
-10.0293810549604,0.116929758286571
-10.0045670080342,0.116671884815197
-9.9797529611081,0.116483601248637
-9.95493891418196,0.11636920991717
-9.93012486725582,0.116332800010741
-9.90531082032967,0.116378234004725
-9.88049677340353,0.116509134800336
-9.85568272647739,0.116728873632609
-9.83086867955124,0.117040558795095
-9.8060546326251,0.117447025226377
-9.78124058569896,0.117950824999184
-9.75642653877281,0.118554218748322
-9.73161249184667,0.119259168068936
-9.70679844492053,0.120067328911684
-9.68198439799438,0.120980045996456
-9.65717035106824,0.121998348261156
-9.6323563041421,0.123122945356993
-9.60754225721595,0.124354225196619
-9.58272821028981,0.125692252556423
-9.55791416336367,0.127136768729307
-9.53310011643752,0.128687192219472
-9.50828606951138,0.130342620466034
-9.48347202258524,0.132101832577827
-9.45865797565909,0.13396329305748
-9.43384392873295,0.13592515648884
-9.40902988180681,0.137985273158088
-9.38421583488066,0.140141195575443
-9.35940178795452,0.142390185861219
-9.33458774102838,0.144729223957217
-9.30977369410223,0.147155016621947
-9.28495964717609,0.149664007166112
-9.26014560024995,0.152252385882956
-9.2353315533238,0.154916101126746
-9.21051750639766,0.157650870991523
-9.18570345947152,0.160452195541599
-9.16088941254537,0.163315369544842
-9.13607536561923,0.166235495659731
-9.11126131869309,0.1692074980274
-9.08644727176694,0.172226136220392
-9.0616332248408,0.17528601950059
-9.03681917791466,0.178381621339854
-9.01200513098851,0.181507294158037
-8.98719108406237,0.184657284234533
-8.96237703713623,0.187825746751003
-8.93756299021008,0.191006760924664
-8.91274894328394,0.194194345193291
-8.8879348963578,0.197382472414952
-8.86312084943165,0.200565085047405
-8.83830680250551,0.203736110273996
-8.81349275557937,0.206889475044824
-8.78867870865322,0.210019121003801
-8.76386466172708,0.213119019274037
-8.73905061480094,0.216183185075759
-8.71423656787479,0.21920569215253
-8.68942252094865,0.222180686983119
-8.66460847402251,0.225102402757697
-8.63979442709637,0.22796517309829
-8.61498038017022,0.230763445504493
-8.59016633324408,0.233491794506359
-8.56535228631793,0.236144934507127
-8.54053823939179,0.238717732299038
-8.51572419246565,0.241205219235904
-8.4909101455395,0.243602603046352
-8.46609609861336,0.245905279271785
-8.44128205168722,0.248108842313048
-8.41646800476108,0.250209096069647
-8.39165395783493,0.252202064155073
-8.36683991090879,0.25408399967143
-8.34202586398265,0.25585139452609
-8.3172118170565,0.257500988272608
-8.29239777013036,0.259029776457569
-8.26758372320421,0.260435018454464
-8.24276967627807,0.261714244765165
-8.21795562935193,0.262865263769001
-8.19314158242578,0.263886167898974
-8.16832753549964,0.264775339224269
-8.1435134885735,0.265531454417878
-8.11869944164735,0.266153489087977
-8.09388539472121,0.266640721451666
-8.06907134779507,0.266992735329752
-8.04425730086892,0.267209422441563
-8.01944325394278,0.267290983979246
-7.99462920701664,0.26723793144164
-7.96981516009049,0.267051086708757
-7.94500111316435,0.266731581338943
-7.92018706623821,0.266280855072161
-7.89537301931206,0.265700653524401
-7.87055897238592,0.26499302505998
-7.84574492545978,0.264160316830571
-7.82093087853363,0.263205169972008
-7.79611683160749,0.262130513952397
-7.77130278468135,0.26093956006777
-7.7464887377552,0.259635794084353
-7.72167469082906,0.258222968029628
-7.69686064390292,0.256705091137592
-7.67204659697677,0.25508641995698
-7.64723255005063,0.253371447634783
-7.62241850312449,0.251564892390989
-7.59760445619834,0.249671685204197
-7.5727904092722,0.247696956731559
-7.54797636234606,0.245646023490287
-7.52316231541991,0.243524373331839
-7.49834826849377,0.24133765024367
-7.47353422156763,0.239091638517255
-7.44872017464148,0.236792246324775
-7.42390612771534,0.234445488750472
-7.3990920807892,0.232057470326201
-7.37427803386305,0.229634367124021
-7.34946398693691,0.227182408461861
-7.32464994001077,0.224707858281281
-7.29983589308462,0.222216996259093
-7.27502184615848,0.219716098717135
-7.25020779923234,0.217211419396744
-7.22539375230619,0.214709170166449
-7.20057970538005,0.212215501733075
-7.17576565845391,0.209736484427818
-7.15095161152776,0.207278089139874
-7.12613756460162,0.204846168470907
-7.10132351767548,0.202446438183978
-7.07650947074933,0.200084459020528
-7.05169542382319,0.197765618958659
-7.02688137689705,0.195495115985176
-7.0020673299709,0.193277941452756
-6.97725328304476,0.191118864092116
-6.95243923611862,0.189022414747197
-6.92762518919247,0.186992871899186
-6.90281114226633,0.185034248042587
-6.87799709534019,0.183150276973687
-6.85318304841404,0.181344402048468
-6.8283690014879,0.179619765463463
-6.80355495456176,0.177979198609157
-6.77874090763561,0.176425213541354
-6.75392686070947,0.174959995611499
-6.72911281378333,0.173585397292173
-6.70429876685718,0.172302933229117
-6.67948471993104,0.171113776545889
-6.6546706730049,0.17001875642198
-6.62985662607876,0.169018356959656
-6.60504257915261,0.168112717349161
-6.58022853222647,0.167301633336128
-6.55541448530033,0.166584559989238
-6.53060043837418,0.165960615760217
-6.50578639144804,0.165428587822365
-6.48097234452189,0.164986938667894
-6.45615829759575,0.164633813938453
-6.43134425066961,0.164367051457409
-6.40653020374346,0.164184191426759
-6.38171615681732,0.164082487745938
-6.35690210989118,0.164058920404382
-6.33208806296503,0.164110208894483
-6.30727401603889,0.164232826586564
-6.28245996911275,0.164423016002737
-6.25764592218661,0.164676804922079
-6.23283187526046,0.164990023245354
-6.20801782833432,0.165358320543727
-6.18320378140817,0.165777184212427
-6.15838973448203,0.16624195814726
-6.13357568755589,0.166747861859185
-6.10876164062974,0.167290009939937
-6.0839475937036,0.167863431789863
-6.05913354677746,0.168463091517814
-6.03431949985131,0.169083907922035
-6.00950545292517,0.169720774460627
-5.98469140599903,0.17036857912024
-5.95987735907288,0.171022224092226
-5.93506331214674,0.171676645166594
-5.9102492652206,0.172326830755644
-5.88543521829445,0.172967840461225
-5.86062117136831,0.173594823102101
-5.83580712444217,0.174203034120889
-5.81099307751602,0.174787852293501
-5.78617903058988,0.175344795667894
-5.76136498366374,0.175869536663215
-5.7365509367376,0.176357916265145
-5.71173688981145,0.17680595725826
-5.68692284288531,0.177209876441616
-5.66210879595916,0.17756609577946
-5.63729474903302,0.17787125244489
-5.61248070210688,0.178122207720494
-5.58766665518073,0.178316054726346
-5.56285260825459,0.178450124952273
-5.53803856132845,0.178521993577944
-5.5132245144023,0.178529483571039
-5.48841046747616,0.178470668560478
-5.46359642055002,0.17834387448844
-5.43878237362387,0.178147680051525
-5.41396832669773,0.177880915948004
-5.38915427977159,0.17754266295451
-5.36434023284544,0.177132248861746
-5.3395261859193,0.176649244304821
-5.31471213899316,0.176093457529548
-5.28989809206701,0.175464928141513
-5.26508404514087,0.174763919889827
-5.24026999821473,0.17399091254224
-5.21545595128858,0.173146592912659
-5.19064190436244,0.172231845106061
-5.1658278574363,0.171247740049287
-5.14101381051015,0.170195524379287
-5.11619976358401,0.169076608762915
-5.09138571665787,0.167892555724486
-5.06657166973172,0.166645067058911
-5.04175762280558,0.165335970909268
-5.01694357587944,0.16396720858832
-4.99212952895329,0.162540821223521
-4.96731548202715,0.161058936304689
-4.94250143510101,0.159523754212622
-4.91768738817486,0.157937534805569
-4.89287334124872,0.156302584138672
-4.86805929432258,0.154621241389235
-4.84324524739643,0.152895866058027
-4.81843120047029,0.151128825513763
-4.79361715354415,0.14932248294452
-4.768803106618,0.147479185776092
-4.74398905969186,0.145601254613228
-4.71917501276572,0.143690972755445
-4.69436096583957,0.141750576334491
-4.66954691891343,0.13978224511585
-4.64473287198729,0.137788094001743
-4.61991882506114,0.135770165268048
-4.595104778135,0.133730421562447
-4.57029073120886,0.131670739685903
-4.54547668428271,0.129592905174389
-4.52066263735657,0.127498607692549
-4.49584859043043,0.125389437245894
-4.47103454350428,0.123266881212978
-4.44622049657814,0.121132322194108
-4.421406449652,0.118987036668251
-4.39659240272585,0.116832194445188
-4.37177835579971,0.114668858895435
-4.34696430887357,0.112497987936223
-4.32215026194743,0.110320435747767
-4.29733621502128,0.108136955190272
-4.27252216809514,0.10594820088861
-4.24770812116899,0.10375473294835
-4.22289407424285,0.101557021263868
-4.19808002731671,0.099355450376623
-4.17326598039056,0.0971503248393411
-4.14845193346442,0.0949418750397975
-4.12363788653828,0.0927302634361951
-4.09882383961213,0.0905155911547127
-4.07400979268599,0.0882979048987215
-4.04919574575985,0.0860772041183802
-4.0243816988337,0.0838534483888505
-3.99956765190756,0.0816265649452023
-3.97475360498142,0.0793964563221944
-3.94993955805527,0.0771630080475182
-3.92512551112913,0.0749260963377689
-3.90031146420299,0.0726855957473416
-3.87549741727684,0.0704413867216372
-3.8506833703507,0.0681933630073832
-3.82586932342456,0.0659414388745237
-3.80105527649841,0.0636855561059835
-3.77624122957227,0.0614256907136633
-3.75142718264613,0.0591618593412537
-3.72661313571998,0.0568941253168498
-3.70179908879384,0.0546226043208952
-3.6769850418677,0.0523474696376621
-3.65217099494155,0.0500689569612809
-3.62735694801541,0.0477873687302298
-3.60254290108927,0.0455030779671988
-3.57772885416312,0.043216531604303
-3.55291480723698,0.0409282532767563
-3.52810076031084,0.0386388455712868
-3.50328671338469,0.0363489917187799
-3.47847266645855,0.0340594567238545
-3.45365861953241,0.0317710879273015
-3.42884457260626,0.0294848150005189
-3.40403052568012,0.0272016493742647
-3.37921647875398,0.0249226831071861
-3.35440243182783,0.0226490872026794
-3.32958838490169,0.0203821093856498
-3.30477433797555,0.0181230713536887
-3.27996029104941,0.0158733655200343
-3.25514624412326,0.0136344512684247
-3.23033219719712,0.0114078507425853
-3.20551815027097,0.00919514419558714
-3.18070410334483,0.00699796492667456
-3.15589005641869,0.00481799383536758
-3.13107600949255,0.00265695362469034
-3.1062619625664,0.000516602687248957
-3.08144791564026,-0.00160127129042211
-3.05663386871411,-0.0036948579683285
-3.03181982178797,-0.00576233120007543
-3.00700577486183,-0.00780185604719971
-2.98219172793568,-0.00981159592056875
-2.95737768100954,-0.0117897198079756
-2.9325636340834,-0.0137344095466144
-2.90774958715725,-0.0156438670989019
-2.88293554023111,-0.0175163217901255
-2.85812149330497,-0.0193500374666348
-2.83330744637882,-0.021143319533773
-2.80849339945268,-0.02289452183344
-2.78367935252654,-0.0246020533221132
-2.75886530560039,-0.0262643845113048
-2.73405125867425,-0.0278800536338037
-2.70923721174811,-0.0294476725006393
-2.68442316482196,-0.0309659320154878
-2.65960911789582,-0.0324336073152341
-2.63479507096968,-0.0338495625075656
-2.60998102404353,-0.0352127549788243
-2.58516697711739,-0.036522239247846
-2.56035293019125,-0.0377771703441702
-2.5355388832651,-0.0389768066917875
-2.51072483633896,-0.040120512482493
-2.48591078941282,-0.0412077595259142
-2.46109674248667,-0.0422381285663623
-2.43628269556053,-0.0432113100598011
-2.41146864863439,-0.044127104407411
-2.38665460170824,-0.0449854216454431
-2.3618405547821,-0.0457862805942685
-2.33702650785596,-0.046529807472731
-2.31221246092981,-0.0472162339870722
-2.28739841400367,-0.0478458949068106
-2.26258436707753,-0.0484192251429839
-2.23777032015138,-0.0489367563471033
-2.21295627322524,-0.0493991130519951
-2.1881422262991,-0.0498070083783923
-2.16332817937296,-0.0501612393336883
-2.13851413244681,-0.050462681731638
-2.11370008552067,-0.0507122847639963
-2.08888603859452,-0.0509110652570812
-2.06407199166838,-0.0510601016480528
-2.03925794474224,-0.0511605277172756
-2.01444389781609,-0.0512135261144826
-1.98962985088995,-0.0512203217175775
-1.96481580396381,-0.0511821748637819
-1.94000175703766,-0.0511003744934614
-1.91518771011152,-0.0509762312473366
-1.89037366318538,-0.0508110705579091
-1.86555961625923,-0.0506062257757991
-1.84074556933309,-0.0503630313713139
-1.81593152240695,-0.0500828162509339
-1.7911174754808,-0.0497668972275383
-1.76630342855466,-0.0494165726820844
-1.74148938162852,-0.0490331164531244
-1.71667533470237,-0.0486177719889981
-1.69186128777623,-0.0481717467957838
-1.66704724085009,-0.0476962072121468
-1.64223319392394,-0.0471922735400975
-1.6174191469978,-0.0466610155583845
-1.59260510007166,-0.0461034484428075
-1.56779105314552,-0.0455205291151694
-1.54297700621937,-0.0449131530398973
-1.51816295929323,-0.044282151484588
-1.49334891236708,-0.0436282892578712
-1.46853486544094,-0.0429522629350666
-1.4437208185148,-0.0422546995791558
-1.41890677158865,-0.0415361559616071
-1.39409272466251,-0.0407971182846138
-1.36927867773637,-0.0400380024033409
-1.34446463081022,-0.0392591545438429
-1.31965058388408,-0.0384608525094441
-1.29483653695794,-0.0376433073655613
-1.27002249003179,-0.0368066655902335
-1.24520844310565,-0.0359510116750042
-1.22039439617951,-0.0350763711583073
-1.19558034925336,-0.0341827140711383
-1.17076630232722,-0.0332699587725744
-1.14595225540108,-0.0323379761506432
-1.12113820847493,-0.0313865941621437
-1.09632416154879,-0.0304156026833048
-1.07151011462265,-0.0294247586416338
-1.0466960676965,-0.028413791397969
-1.02188202077036,-0.0273824083466029
-0.997067973844218,-0.0263303007004065
-0.972253926918075,-0.0252571494271473
-0.947439879991931,-0.0241626313026606
-0.922625833065788,-0.0230464250462162
-0.897811786139645,-0.0219082175032954
-0.872997739213501,-0.0207477098410826
-0.848183692287358,-0.019564623722254
-0.823369645361215,-0.0183587074231189
-0.798555598435072,-0.0171297418628333
-0.773741551508928,-0.0158775465112465
-0.748927504582785,-0.0146019851439475
-0.724113457656641,-0.013302971414261
-0.699299410730498,-0.0119804742132594
-0.674485363804355,-0.0106345227903293
-0.649671316878211,-0.00926521160842115
-0.624857269952068,-0.00787270490982481
-0.600043223025925,-0.00645724097012667
-0.575229176099782,-0.0050191360199082
-0.550415129173638,-0.00355878781572903
-0.525601082247495,-0.00207667884397921
-0.500787035321351,-0.00057337914327946
-0.475972988395208,0.000950451266764397
-0.451158941469065,0.00249406036049983
-0.426344894542922,0.00405660249274907
-0.401530847616778,0.00563713720265599
-0.376716800690635,0.0072346284384719
-0.351902753764491,0.00884794420479519
-0.327088706838348,0.010475856631731
-0.302274659912205,0.0121170424634343
-0.277460612986062,0.0137700839615784
-0.252646566059918,0.0154334702174281
-0.227832519133775,0.0171055988644396
-0.203018472207632,0.0187847781816301
-0.178204425281488,0.020469229576391
-0.153390378355345,0.0221570904339611
-0.128576331429202,0.0238464173194217
-0.103762284503058,0.0255351895168526
-0.0789482375769149,0.0272213128891763
-0.0541341906507716,0.0289026240412377
-0.0293201437246282,0.0305768947678104
-0.0045060967984849,0.0322418367674884
0.0203079501276584,0.03389510660282
0.0451219970538018,0.0355343108865593
0.0699360439799451,0.0371570116735539
0.0947500909060884,0.038760732037546
0.119564137832232,0.040342961812041
0.144378184758375,0.0419011634743783
0.169192231684518,0.0434327781522314
0.194006278610662,0.0449352317319435
0.218820325536805,0.0464059410483832
0.243634372462948,0.0478423201363631
0.268448419389092,0.0492417865240946
0.293262466315235,0.0506017675496557
0.318076513241378,0.0519197066820031
0.342890560167522,0.0531930698286739
0.367704607093665,0.0544193516129671
0.392518654019808,0.0555960816040849
0.417332700945952,0.0567208304844148
0.442146747872095,0.0577912161388669
0.466960794798238,0.0588049096519055
0.491774841724382,0.0597596411986568
0.516588888650525,0.0606532058171957
0.541402935576668,0.0614834690498385
0.566216982502812,0.0622483724419588
0.591031029428955,0.0629459388875207
0.615845076355098,0.0635742778111696
0.640659123281242,0.0641315901773295
0.665473170207385,0.0646161733173327
0.690287217133528,0.0650264255661458
0.715101264059672,0.0653608507007502
0.739915310985815,0.0656180621726909
0.764729357911958,0.0657967871277201
0.789543404838102,0.0658958702058306
0.814357451764245,0.0659142771153066
0.839171498690388,0.0658510979747088
0.863985545616532,0.065705550416966
0.888799592542675,0.0654769824499652
0.913613639468818,0.0651648750682256
0.938427686394962,0.0647688446104044
0.963241733321105,0.0642886448575281
0.988055780247248,0.0637241688669681
1.01286982717339,0.0630754505372981
1.03768387409954,0.0623426658992738
1.06249792102568,0.0615261341282922
1.08731196795182,0.0606263182737934
1.11212601487797,0.0596438257011956
1.13694006180411,0.0585794082420924
1.16175410873025,0.0574339620486015
1.18656815565639,0.0562085271479418
1.21138220258254,0.054904286693532
1.23619624950868,0.0535225659091611
1.26101029643483,0.0520648307230722
1.28582434336097,0.0505326860891397
1.31063839028711,0.0489278739927063
1.33545243721325,0.0472522711390798
1.3602664841394,0.0455078863231765
1.38508053106554,0.0436968574793428
1.40989457799168,0.0418214484109784
1.43470862491783,0.039884045200242
1.45952267184397,0.0378871522988243
1.48433671877011,0.0358333883015419
1.50915076569626,0.0337254814053191
1.5339648126224,0.0315662645569978
1.55877885954855,0.0293586702943375
1.58359290647469,0.027105725285531
1.60840695340083,0.0248105445735797
1.63322100032698,0.0224763255329202
1.65803504725312,0.020106341546785
1.68284909417926,0.0177039354148984
1.70766314110541,0.0152725125022557
1.73247718803155,0.0128155336409006
1.75729123495769,0.0103365077977963
1.78210528188383,0.00783898452307686
1.80691932880998,0.00532654619415836
1.83173337573612,0.00280280007237807
1.85654742266226,0.000271370190007773
1.88136146958841,-0.0022641109133535
1.90617551651455,-0.00480001058486459
1.93098956344069,-0.00733270456176236
1.95580361036684,-0.00985858556160769
1.98061765729298,-0.0123740719361318
2.00543170421912,-0.0148756163643937
2.03024575114527,-0.0173597145600575
2.05505979807141,-0.0198229139667617
2.07987384499756,-0.0222618224147955
2.1046878919237,-0.0246731167116194
2.12950193884984,-0.0270535511381778
2.15431598577599,-0.0293999658224608
2.17913003270213,-0.0317092949613791
2.20394407962827,-0.033978574861736
2.22875812655441,-0.0362049517709096
2.25357217348056,-0.0383856894678116
2.2783862204067,-0.040518176584761
2.30320026733285,-0.0425999336311202
2.32801431425899,-0.0446286196898768
2.35282836118513,-0.0466020387588322
2.37764240811127,-0.0485181457086726
2.40245645503742,-0.0503750518309627
2.42727050196356,-0.0521710299500029
2.4520845488897,-0.0539045190735474
2.47689859581585,-0.0555741285585779
2.50171264274199,-0.0571786417696739
2.52652668966814,-0.0587170192090149
2.55134073659428,-0.0601884010986846
2.57615478352042,-0.0615921093977228
2.60096883044656,-0.0629276492382892
2.62578287737271,-0.0641947097673441
2.65059692429885,-0.065393164382428
2.67541097122499,-0.0665230703524112
2.70022501815114,-0.0675846678164877
2.72503906507728,-0.0685783781571929
2.74985311200343,-0.069504801745822
2.77466715892957,-0.0703647150613031
2.79948120585571,-0.0711590671863219
2.82429525278185,-0.0718889756873042
2.849109299708,-0.0725557218876951
2.87392334663414,-0.0731607455468503
2.89873739356028,-0.0737056389597296
2.92355144048643,-0.0741921404954573
2.94836548741257,-0.0746221275956657
2.97317953433871,-0.0749976092563414
2.99799358126486,-0.0753207180196525
3.022807628191,-0.0755937015048999
3.04762167511714,-0.0758189135103177
3.07243572204329,-0.0759988047199119
3.09724976896943,-0.0761359130518525
3.12206381589558,-0.076232853687122
3.14687786282172,-0.0762923088191317
3.17169190974786,-0.0763170171668456
3.19650595667401,-0.076309763295585
3.22132000360015,-0.076273366791092
3.24613405052629,-0.0762106713336179
3.27094809745244,-0.0761245337197398
3.29576214437858,-0.0760178128802953
3.32057619130472,-0.0758933589432471
3.34539023823086,-0.0757540023904388
3.37020428515701,-0.0756025433570771
3.39501833208315,-0.0754417411223589
3.4198323790093,-0.0752743038389719
3.44464642593544,-0.0751028785482077
3.46946047286158,-0.0749300415261622
3.49427451978772,-0.0747582890049475
3.51908856671387,-0.0745900283110176
3.54390261364001,-0.0744275694606141
3.56871666056615,-0.074273117249995
3.5935307074923,-0.0741287638755113
3.61834475441844,-0.0739964821157713
3.64315880134458,-0.0738781191050955
3.66797284827073,-0.0737753907242223
3.69278689519687,-0.0736898766308113
3.71760094212301,-0.0736230159487215
3.74241498904916,-0.0735761036313305
3.7672290359753,-0.0735502875103493
3.79204308290144,-0.0735465660376821
3.81685712982759,-0.0735657867239228
3.84167117675373,-0.0736086452730844
3.86648522367987,-0.0736756854091593
3.89129927060602,-0.0737672993861304
3.91611331753216,-0.0738837291691228
3.9409273644583,-0.0740250682705401
3.96574141138445,-0.0741912642212698
3.99055545831059,-0.0743821216534337
4.01536950523673,-0.0745973059676903
4.04018355216288,-0.0748363475548102
4.06499759908902,-0.0750986465381717
4.08981164601517,-0.0753834780009609
4.11462569294131,-0.0756899976592558
4.13943973986745,-0.0760172479398293
4.1642537867936,-0.0763641644194394
4.18906783371974,-0.076729582580611
4.21388188064588,-0.0771122448374569
4.23869592757202,-0.0775108077839453
4.26350997449817,-0.0779238496162174
4.28832402142431,-0.0783498776800768
4.31313806835046,-0.0787873360946457
4.3379521152766,-0.0792346134033763
4.36276616220274,-0.0796900502041529
4.38758020912888,-0.0801519467110922
4.41239425605503,-0.0806185702018538
4.43720830298117,-0.0810881623057942
4.46202234990731,-0.0815589460901318
4.48683639683346,-0.0820291329034163
4.5116504437596,-0.0824969289380058
4.53646449068574,-0.0829605414759306
4.56127853761189,-0.0834181847854362
4.58609258453803,-0.0838680856386463
4.61090663146418,-0.0843084884241287
4.63572067839032,-0.084737659831674
4.66053472531646,-0.0851538930902704
4.6853487722426,-0.0855555117440691
4.71016281916875,-0.0859408729550361
4.73497686609489,-0.0863083703249687
4.75979091302103,-0.0866564362335751
4.78460495994718,-0.0869835436933601
4.80941900687332,-0.0872882077260807
4.83423305379946,-0.087568986269526
4.85904710072561,-0.0878244806272851
4.88386114765175,-0.088053335477988
4.90867519457789,-0.0882542384641883
4.93348924150404,-0.0884259193845975
4.95830328843018,-0.0885671490167352
4.98311733535632,-0.0886767376002122
5.00793138228247,-0.088753533013787
5.03274542920861,-0.0887964186820161
5.05755947613476,-0.0888043112497128
5.0823735230609,-0.0887761580645524
5.10718756998704,-0.0887109345099607
5.13200161691318,-0.088607641231913
5.15681566383933,-0.0884653013044143
5.18162971076547,-0.0882829573792382
5.20644375769161,-0.0880596688659466
5.23125780461776,-0.0877945091882995
5.2560718515439,-0.0874865631628818
5.28088589847004,-0.0871349245451312
5.30569994539619,-0.0867386937869311
5.33051399232233,-0.0862969760485626
5.35532803924847,-0.0858088795060704
5.38014208617462,-0.0852735139930172
5.40495613310076,-0.0846899900131792
5.4297701800269,-0.084057418157991
5.45458422695305,-0.0833749089594907
5.47939827387919,-0.0826415732061738
5.50421232080534,-0.0818565227455434
5.52902636773148,-0.0810188717932804
5.55384041465762,-0.080127738764869
5.57865446158376,-0.0791822486412204
5.60346850850991,-0.0781815358753832
5.62828255543605,-0.0771247478428292
5.65309660236219,-0.0760110488330934
5.67791064928834,-0.074839624575766
5.70272469621448,-0.0736096872889995
5.72753874314063,-0.0723204812338622
5.75235279006677,-0.0709712887530504
5.77716683699291,-0.0695614367677221
5.80198088391905,-0.0680903037015581
5.8267949308452,-0.0665573267966294
5.85160897777134,-0.0649620097812908
5.87642302469748,-0.0633039308461641
5.90123707162363,-0.0615827508803454
5.92605111854977,-0.0597982219163187
5.95086516547591,-0.0579501957286928
5.97567921240206,-0.0560386325288516
6.0004932593282,-0.0540636096949259
6.02530730625435,-0.0520253304742057
6.05012135318049,-0.0499241325932137
6.07493540010663,-0.0477604967092018
6.09974944703277,-0.0455350546358086
6.12456349395892,-0.0432485972750527
6.14937754088506,-0.0409020821877492
6.1741915878112,-0.0384966407348259
6.19900563473735,-0.036033584722893
6.22381968166349,-0.033514412488788
6.24863372858964,-0.0309408143596719
6.27344777551578,-0.0283146774275903
6.29826182244192,-0.0256380895802278
6.32307586936806,-0.0229133427328605
6.34788991629421,-0.0201429352102363
6.37270396322035,-0.0173295732312677
6.3975180101465,-0.0144761714539808
6.42233205707264,-0.0115858525431079
6.44714610399878,-0.00866194572800436
6.47196015092492,-0.00570798432418464
6.49677419785107,-0.00272770219767294
6.52158824477721,0.000274970842488519
6.54640229170336,0.00329591473187317
6.5712163386295,0.00633082592021996
6.59603038555564,0.00937522521802946
6.62084443248179,0.0124244667086064
6.64565847940793,0.0154737477071926
6.67047252633407,0.0185181197420916
6.69528657326021,0.021552500526001
6.72010062018636,0.0245716868791994
6.7449146671125,0.0275703685598182
6.76972871403864,0.0305431429502159
6.79454276096479,0.0334845305425088
6.81935680789093,0.0363889911606413
6.84417085481707,0.039250940851046
6.86898490174322,0.0420647693689795
6.89379894866936,0.0448248581830776
6.91861299559551,0.0475255989165752
6.94342704252165,0.0501614121400171
6.96824108944779,0.0527267664271815
6.99305513637393,0.0552161975833622
7.01786918330008,0.0576243279531396
7.04268323022622,0.0599458857133259
7.06749727715236,0.0621757240559121
7.09231132407851,0.064308840165581
7.11712537100465,0.0663403938966874
7.14193941793079,0.0682657260555424
7.16675346485694,0.0700803761953703
7.19156751178308,0.0717800998334244
7.21638155870922,0.0733608850024368
7.24119560563537,0.0748189680518257
7.26600965256151,0.0761508486178615
7.29082369948765,0.0773533036862822
7.3156377464138,0.0784234006756147
7.34045179333994,0.0793585094746717
7.36526584026608,0.080156313373316
7.39007988719223,0.0808148188315775
7.41489393411837,0.0813323640385285
7.43970798104451,0.0817076262189315
7.46452202797066,0.0819396276525157
7.4893360748968,0.0820277403777778
7.51415012182294,0.081971689559378
7.53896416874909,0.0817715555054756
7.56377821567523,0.0814277743286605
7.58859226260137,0.0809411372514472
7.61340630952752,0.0803127885645455
7.63822035645366,0.0795442222532709
7.6630344033798,0.0786372773144512
7.68784845030595,0.0775941317929812
7.71266249723209,0.0764172955737349
7.73747654415823,0.0751096019708138
7.76229059108438,0.0736741981620616
7.78710463801052,0.0721145345223685
7.81191868493666,0.0704343529144882
7.83673273186281,0.0686376740008742
7.86154677878895,0.0667287836443751
7.88636082571509,0.0647122184694983
7.91117487264124,0.0625927506593276
7.93598891956738,0.0603753720660619
7.96080296649352,0.0580652777155056
7.98561701341967,0.0556678487876906
8.01043106034581,0.0531886351571334
8.03524510727195,0.0506333375770377
8.0600591541981,0.0480077895920397
8.08487320112424,0.0453179392638784
8.10968724805038,0.0425698307936585
8.13450129497653,0.0397695861231813
8.15931534190267,0.0369233865961675
8.18412938882881,0.0340374547580986
8.20894343575496,0.0311180363708986
8.2337574826811,0.028171382715778
8.25857152960725,0.0252037332543024
8.28338557653339,0.0222212987141592
8.30819962345953,0.0192302446622089
8.33301367038568,0.0162366756232521
8.35782771731182,0.0132466197985595
8.38264176423796,0.0102660144336291
8.40745581116411,0.00730069187989153
8.43226985809025,0.00435636639021092
8.45708390501639,0.00143862168306657
8.48189795194253,-0.00144710069472418
8.50671199886868,-0.00429551218192835
8.53152604579482,-0.00710148717369266
8.55634009272096,-0.00986007213444125
8.58115413964711,-0.0125664938430415
8.60596818657325,-0.0152161667652387
8.6307822334994,-0.0178046995530791
8.65559628042554,-0.020327900675605
8.68041032735168,-0.0227817831895073
8.70522437427782,-0.025162568662625
8.73003842120397,-0.0274666902671811
8.75485246813011,-0.0296907950634164
8.77966651505625,-0.0318317454978144
8.8044805619824,-0.0338866201433915
8.82929460890854,-0.0358527137125463
8.85410865583468,-0.0377275363757068
8.87892270276083,-0.0395088124214888
8.90373674968697,-0.0411944782962686
8.92855079661311,-0.042782680062983
8.95336484353926,-0.0442717703205934
8.9781788904654,-0.045660304626995
9.00299293739154,-0.0469470374692137
9.02780698431769,-0.0481309178255224
9.05262103124383,-0.0492110843646215
9.07743507816997,-0.0501868603272824
9.10224912509612,-0.051057748135843
9.12706317202226,-0.051823423776692
9.1518772189484,-0.0524837310003783
9.17669126587455,-0.0530386753832537
9.20150531280069,-0.0534884182936104
9.22631935972684,-0.0538332708041078
9.25113340665298,-0.0540736875909269
9.27594745357912,-0.0542102608585345
9.30076150050526,-0.0542437143272142
9.32557554743141,-0.0541748973186171
9.35038959435755,-0.054004778972543
9.37520364128369,-0.0537344426259516
9.40001768820984,-0.0533650803828864
9.42483173513598,-0.0528979879015333
9.44964578206212,-0.0523345594220769
9.47445982898827,-0.0516762830563593
9.49927387591441,-0.0509247363575946
9.52408792284055,-0.050081582185576
9.5489019697667,-0.0491485648799201
9.57371601669284,-0.0481275067509624
9.59853006361898,-0.0470203048949356
9.62334411054513,-0.0458289283370624
9.64815815747127,-0.0445554155031742
9.67297220439741,-0.0432018720174457
9.69778625132356,-0.0417704688208278
9.7226002982497,-0.0402634406017754
9.74741434517584,-0.0386830845279196
9.77222839210199,-0.0370317592644415
9.79704243902813,-0.0353118842620759
9.82185648595427,-0.03352593929493
9.84667053288042,-0.0316764642256552
9.87148457980656,-0.0297660589729706
9.8962986267327,-0.0277973836541388
9.92111267365885,-0.0257731588727233
9.94592672058499,-0.023696166119865
9.97074076751113,-0.0215692482553853
9.99555481443728,-0.0193953100332953
10.0203688613634,-0.0171773186347701
10.0451829082896,-0.014918304170348
10.0699969552157,-0.0126213601120612
10.0948110021419,-0.0102896436154008
10.119625049068,-0.00792637569048715
10.1444390959941,-0.0055348411815648
10.1692531429203,-0.00311838851398458
10.1940671898464,-0.000680429168180913
10.2188812367726,0.00177556315918738
10.2436952836987,0.00424605374578212
10.2685093306249,0.00672744842336226
10.293323377551,0.00921609558269551
10.3181374244771,0.0117082886375419
10.3429514714033,0.0142002689793444
10.3677655183294,0.0166882294516336
10.3925795652556,0.0191683183701989
10.4173936121817,0.0216366441118188
10.4422076591079,0.0240892802907696
10.467021706034,0.0265222715384752
10.4918357529601,0.0289316398975349
10.5166497998863,0.0313133918369756
10.5414638468124,0.0336635258909707
10.5662778937386,0.0359780409184417
10.5910919406647,0.0382529449759682
10.6159059875909,0.0404842647912851
10.640720034517,0.0426680558193916
10.6655340814431,0.0448004128579589
10.6903481283693,0.0468774811933444
10.7151621752954,0.0488954682431437
10.7399762222216,0.0508506556558609
10.7647902691477,0.0527394118230225
10.7896043160739,0.0545582047539102
10.814418363,0.0563036152581205
10.8392324099262,0.057972350376383
10.8640464568523,0.0595612569955651
10.8888605037784,0.0610673355795659
10.9136745507046,0.0624877539439255
10.9384885976307,0.0638198609984761
10.9633026445569,0.0650612003792762
10.988116691483,0.0662095238884447
11.0129307384092,0.0672628046583731
11.0377447853353,0.0682192499551803
11.0625588322614,0.0690773135352062
11.0873728791876,0.0698357074678556
11.1121869261137,0.0704934133382035
11.1370009730399,0.0710496927435011
11.161815019966,0.0715040969990589
11.1866290668922,0.0718564759709666
11.2114431138183,0.0721069859557238
11.2362571607444,0.0722560965301031
11.2610712076706,0.0723045962984432
11.2858852545967,0.0722535974690591
11.3106993015229,0.072104539196543
11.335513348449,0.0718591896323873
11.3603273953752,0.0715196466325682
11.3851414423013,0.0710883370774435
11.4099554892274,0.0705680147665114
11.4347695361536,0.0699617568581988
11.4595835830797,0.0692729588328596
11.4843976300059,0.0685053279655061
11.509211676932,0.0676628753034186
11.5340257238582,0.066749906152631
11.5588397707843,0.0657710090862921
11.5836538177104,0.064731043497019
11.6084678646366,0.0636351257244962
11.6332819115627,0.0624886137986922
11.6580959584889,0.0612970908480777
11.682910005415,0.060066347231082
11.7077240523412,0.0588023614576427
11.7325380992673,0.0575112799760263
11.7573521461935,0.0561993959080593
11.7821661931196,0.0548731268234429
11.8069802400457,0.0535389916508826
11.8317942869719,0.0522035868302698
11.856608333898,0.0508735618160771
11.8814223808242,0.0495555940473992
11.9062364277503,0.0482563635046623
11.9310504746765,0.0469825269768805
11.9558645216026,0.0457406921664384
11.9806785685287,0.0445373917606816
12.0054926154549,0.0433790576010889
12.030306662381,0.0422719950814595
12.0551207093072,0.0412223579063638
12.0799347562333,0.0402361233400767
12.1047488031595,0.0393190680743376
12.1295628500856,0.0384767448405688
12.1543768970117,0.0377144598886515
12.1791909439379,0.0370372514500253
12.204004990864,0.0364498692977721
12.2288190377902,0.0359567555104995
12.2536330847163,0.0355620265402946
12.2784471316425,0.0352694566778196
12.3032611785686,0.0350824629998121
12.3280752254948,0.0350040918758988
12.3528892724209,0.0350370071027774
12.377703319347,0.0351834797245427
12.4025173662732,0.0354453795882822
12.4273314131993,0.0358241686741269
12.4521454601255,0.0363208962287661
12.4769595070516,0.0369361957211117
12.5017735539778,0.037670283628387
12.5265876009039,0.0385229600504936
12.55140164783,0.0394936111401593
12.5762156947562,0.0405812133261445
12.6010297416823,0.0417843392967744
12.6258437886085,0.0431011657013249
12.6506578355346,0.0445294825173937
12.6754718824608,0.0460667040233934
12.7002859293869,0.0477098813067785
12.725099976313,0.0494557162306101
12.7499140232392,0.0513005767736227
12.7747280701653,0.053240513652145
12.7995421170915,0.0552712781260654
12.8243561640176,0.05738834088557
12.8491702109438,0.0595869119106482
12.8739842578699,0.0618619611913732
12.898798304796,0.0642082401937492
12.9236123517222,0.0666203039534837
12.9484263986483,0.0690925336783985
12.9732404455745,0.0716191597393326
12.9980544925006,0.0741942849293192
13.0228685394268,0.0768119078715132
13.0476825863529,0.079465946457796
13.072496633279,0.0821502612021656
13.0973106802052,0.0848586783959031
13.1221247271313,0.0875850129550581
13.1469387740575,0.0903230908549805
13.1717528209836,0.0930667710514014
13.1965668679098,0.0958099667928771
13.2213809148359,0.0985466662352303
13.2461949617621,0.101270952274868
13.2710090086882,0.103977021524504
13.2958230556143,0.106659202361787
13.3206371025405,0.109311971988569
13.3454511494666,0.111929972446035
13.3702651963928,0.1145080255385
13.3950792433189,0.117041146626415
13.4198932902451,0.119524557256864
13.4447073371712,0.121953696607553
13.4695213840973,0.12432423172796
13.4943354310235,0.126632066568825
13.5191494779496,0.128873349798491
13.5439635248758,0.131044481411733
13.5687775718019,0.133142118143516
13.5935916187281,0.135163177706637
13.6184056656542,0.137104841878373
13.6432197125803,0.138964558466972
13.6680337595065,0.140740042194192
13.6928478064326,0.142429274534935
13.7176618533588,0.144030502559448
13.7424759002849,0.145542236827454
13.7672899472111,0.146963248387004
13.7921039941372,0.148292564933697
13.8169180410633,0.149529466188338
13.8417320879895,0.150673478552894
13.8665461349156,0.151724369106028
13.8913601818418,0.152682139000255
13.9161742287679,0.153547016323167
13.9409882756941,0.154319448485012
13.9658023226202,0.155000094194344
13.9906163695464,0.15558981508243
14.0154304164725,0.156089667035689
14.0402444633986,0.156500891293615
14.0650585103248,0.156824905367507
14.0898725572509,0.157063293832831
14.1146866041771,0.157217799045318
14.1395006511032,0.157290311827885
14.1643146980294,0.157282862172261
14.1891287449555,0.157197609995826
14.2139427918816,0.157036835990661
14.2387568388078,0.156802932598161
14.2635708857339,0.156498395138925
14.2883849326601,0.156125813123897
14.3131989795862,0.155687861769059
14.3380130265124,0.15518729373229
14.3628270734385,0.154626931087466
14.3876411203646,0.154009657547346
14.4124551672908,0.153338410943476
14.4372692142169,0.152616175968138
14.4620832611431,0.151845977180356
14.4868973080692,0.15103087227518
14.5117113549954,0.150173945612863
14.5365254019215,0.149278302002211
14.5613394488477,0.148347060730285
14.5861534957738,0.147383349828787
14.6109675426999,0.146390300565914
14.6357815896261,0.145371042151141
14.6605956365522,0.14432869663941
14.6854096834784,0.143266374020423
14.7102237304045,0.142187167478303
14.7350377773307,0.141094148806654
14.7598518242568,0.139990363964141
14.7846658711829,0.138878828755978
14.8094799181091,0.137762524627298
14.8342939650352,0.13664439455512
14.8591080119614,0.135527339026603
14.8839220588875,0.134414212092453
14.9087361058137,0.133307817485666
14.9335501527398,0.13221090479728
14.9583641996659,0.131126165702414
14.9831782465921,0.130056230231586
15.0079922935182,0.129003663084082
15.0328063404444,0.127970959982038
15.0576203873705,0.126960544065729
15.0824344342967,0.125974762332503
15.1072484812228,0.125015882123638
15.1320625281489,0.124086087665286
15.1568765750751,0.1231874766714
15.1816906220012,0.122322057018286
15.2065046689274,0.121491743501981
15.2313187158535,0.120698354691141
15.2561327627797,0.119943609889452
15.2809468097058,0.119229126222732
15.305760856632,0.118556415866867
15.3305749035581,0.117926883433552
15.3553889504842,0.117341823531353
15.3802029974104,0.116802418520013
15.4050170443365,0.116309736476064
15.4298310912627,0.11586472938772
15.4546451381888,0.115468231596736
15.479459185115,0.115120958504358
15.5042732320411,0.114823505557703
15.5290872789672,0.114576347531918
15.5539013258934,0.114379838122206
15.5787153728195,0.114234209858383
15.6035294197457,0.114139574352929
15.6283434666718,0.114095922891691
15.653157513598,0.114103127374297
15.6779715605241,0.11416094160921
15.7027856074502,0.114269002965932
15.7275996543764,0.114426834384454
15.7524137013025,0.114633846739451
15.7772277482287,0.114889341554042
15.8020417951548,0.11519251405529
15.826855842081,0.115542456560793
15.8516698890071,0.115938162183069
15.8764839359332,0.116378528835631
15.9012979828594,0.116862363522072
15.9261120297855,0.117388386886825
15.9509260767117,0.117955238003842
15.9757401236378,0.118561479377066
16.000554170564,0.119205602124427
16.0253682174901,0.119886031315071
16.0501822644163,0.120601131427785
16.0749963113424,0.121349211897042
16.0998103582685,0.122128532711802
16.1246244051947,0.122937310031208
16.1494384521208,0.123773721780614
16.174252499047,0.124635913190975
16.1990665459731,0.125522002244578
16.2238805928993,0.126430084990302
16.2486946398254,0.127358240692249
16.2735086867515,0.128304536776481
16.2983227336777,0.129267033541881
16.3231367806038,0.130243788602804
16.34795082753,0.131232861033091
16.3727648744561,0.132232315183331
16.3975789213823,0.133240224145816
16.4223929683084,0.134254672844538
16.4472070152345,0.135273760730714
16.4720210621607,0.136295604067756
16.4968351090868,0.137318337793234
16.521649156013,0.138340116949229
16.5464632029391,0.139359117676501
16.5712471916789,0.140334828267882
16.5960538985462,0.141226611388925
16.6208605806834,0.142032691946753
16.6456669954506,0.142751307765011
16.6704728999484,0.143380708432929
16.6952780509115,0.143919153808606
16.7200822046024,0.144364912170039
16.744885116704,0.144716258043363
16.7696865422118,0.14497146974174
16.7944862353253,0.145128826652029
16.8192839493386,0.14518660630985
16.8440794365299,0.145143081306856
16.8688724480499,0.144996516076901
16.8936627338088,0.14474516361033
16.9184500423626,0.144387262147748
16.9432341207967,0.143921031906406
16.9680147146092,0.143344671893618
16.9927915675917,0.1426563568625
17.0175644217081,0.141854234465699
17.0423330169721,0.140936422662692
17.0670970913217,0.139901007435627
17.091856380492,0.138746040867568
17.1166106178854,0.137469539635442
17.1413595344389,0.136069483967807
17.166102858489,0.134543817115033
17.1908403156333,0.132890445376328
17.2155716285894,0.131107238724523
17.2402965170501,0.129192032065488
17.2650146975356,0.127142627164622
17.2897258832412,0.124956795268006
17.3144297838821,0.122632280440605
17.3391261055335,0.120166803638332
17.3638145504666,0.117558067524983
17.3884948169798,0.114803762038901
17.4131665992259,0.111901570707959
17.4378295870331,0.108849177704946
17.4624834657219,0.10564427562888
17.4871279159156,0.102284573991077
17.5117626133456,0.0987678083781787
17.53638722865,0.0950917502576922
17.5610014271664,0.0912542173850662
17.5856048687174,0.0872530847649399
17.6101972073893,0.0830862961130319
17.6347780913032,0.0787518757591857
17.6593471623788,0.07424794092648
17.6839040560888,0.0695727143160294
17.7084484012063,0.0647245369222429
17.7329798195416,0.0597018809988793
17.7574979256705,0.0545033630923137
17.7820023266523,0.0491277570550227
17.8064926217369,0.0435740069494719
17.830968402062,0.0378412397503301
17.8554292503371,0.0319287777513409
17.8798747405168,0.0258361505821986
17.9043044374603,0.0195631067404799
17.928717896578,0.0131096245440572
17.9531146634637,0.0064759224104806
17.977494273512,-0.000337531628426459
18.0018562515198,-0.00733001126608081
18.0262001112718,-0.0145005242009546
18.0505253551082,-0.0218478054391043
18.0748314734741,-0.0293703116973822
18.0991179444503,-0.0370662169802472
18.1233842332628,-0.0449334093974162
18.1476297917722,-0.052969489283398
18.1718540579392,-0.0611717686731776
18.1960564552677,-0.0695372721811185
18.2202363922219,-0.078062739322461
18.2443932616174,-0.0867446283087627
18.2685264399847,-0.0955791213402356
18.2926352869024,-0.104562131409295
18.3167191443005,-0.113689310620752
18.3407773357301,-0.122956060025082
18.3648091655985,-0.132357540952087
18.3888139183679,-0.141888687823132
18.4127908577152,-0.151544222411082
18.4367392256509,-0.161318669508049
18.4606582415944,-0.171206373952305
18.4845471014034,-0.181201518957097
18.508404976355,-0.191298145675893
18.5322310120748,-0.201490173930658
18.5560243274113,-0.211771424022289
18.5797840132533,-0.222135639535333
18.6035091312843,-0.232576511042658
18.6271987126734,-0.243087700609821
18.6508517566957,-0.253662866993636
18.6744672292797,-0.264295691424805
18.698044061477,-0.274979903860552
18.7215811478484,-0.285709309590037
18.745077344762,-0.296477816072807
18.7685314685977,-0.307279459888903
18.791942293852,-0.318108433678287
18.8153085511355,-0.328959112947111
18.8386289250592,-0.339826082618964
18.8619020519981,-0.350704163210649
18.8851265177284,-0.361588436514135
18.9083008549263,-0.37247427066923
18.9314235405216,-0.383357344515071
18.9544929928958,-0.394233671112746
18.9775075689133,-0.405099620336255
19.000465560776,-0.4159519404344
19.0233651926884,-0.426787778472208
19.0462046173199,-0.437604699566913
19.0689819120523,-0.448400704840376
19.0916950749951,-0.459174248017024
19.1143420207552,-0.469924250603875
19.1369205759419,-0.480650115596897
19.1594284743909,-0.491351739665763
19.1818633520863,-0.502029523776942
19.2042227417596,-0.512684382222869
19.2265040671453,-0.523317750032696
19.2487046368665,-0.53393158874759
19.2708216379269,-0.544528390550794
19.2928521287813,-0.555111180749506
19.3147930319553,-0.565683518611954
19.336641126184,-0.576249496568885
19.3583930380365,-0.586813737793788
19.3800452329913,-0.597381392180516
19.4015940059271,-0.607958130740537
19.4230354709885,-0.618550138444509
19.4443655507887,-0.629164105534416
19.4655799649045,-0.639807217332756
19.4866742176216,-0.650487142574318
19.5076435848843,-0.66121202028369
19.5284831004032,-0.671990445217752
19.5491875408756,-0.682831451886889
19.5697514102695,-0.693744497161342
19.5901689231284,-0.704739441459992
19.6104339868507,-0.715826528507648
19.6305401829052,-0.727016363633622
19.650480746945,-0.738319890568814
19.6702485477932,-0.74974836668059
19.6898360652799,-0.761313336564401
19.7092353669239,-0.773026603888228
19.7284380834701,-0.784900201360593
19.7474353833115,-0.796946358665093
19.7662179458541,-0.809177468174342
19.7847759339137,-0.821606048224145
19.8030989652755,-0.834244703695116
19.8211760835952,-0.847106083614448
19.8389957288825,-0.860202835456144
19.8565457078753,-0.873547555784965
19.8738131647041,-0.887152736859518
19.8907845523393,-0.901030708785425
19.9074456054335,-0.915193576793562
19.9237813153052,-0.929653153214367
19.9397759079558,-0.944420883732
19.9554128261851,-0.959507767536954
19.9706747170472,-0.974924271059049
19.9855434260878,-0.990680235061836
20,-1.0067847750222
