0.342486318717337
0.343592901502428
0.344811334371665
0.346139023277037
0.347573115325518
0.349110508579866
0.35074786277144
0.352481610872675
0.354307971473217
0.3562229619004
0.358222412021862
0.360301978665522
0.362457160589991
0.364683313936691
0.366975668093625
0.369329341899667
0.371739360117717
0.374200670104777
0.376708158607191
0.37925666860979
0.381841016168556
0.384456007157621
0.387096453862945
0.389757191356865
0.392433093589799
0.39511908913782
0.397810176547422
0.400501439221669
0.403188059795
0.405865333947193
0.408528683610403
0.411173669526736
0.413796003117462
0.416391557628728
0.418956378522427
0.42148669308475
0.423978919228827
0.42642967347174
0.428835778070088
0.431194267302101
0.433502392888123
0.435757628544987
0.437957673673469
0.440100456181575
0.442184134449849
0.444207098448241
0.446167970017283
0.448065602329394
0.449899078549069
0.4516677097135
0.453371031857789
0.455008802411406
0.456580995894816
0.458087798947386
0.459529604719586
0.460907006664357
0.462220791764098
0.463471933231168
0.464661582721116
0.465791062098872
0.466861854799112
0.467875596822711
0.468834067411775
0.469739179446123
0.47059296960429
0.471397588332177
0.472155289662304
0.472868420926314
0.4735394124029
0.474170766942628
0.474765049610345
0.4753248773848
0.475852908953994
0.476351834643418
0.47682436651284
0.477273228655702
0.47770114773335
0.478110843774428
0.478505021267687
0.478886360574276
0.479257509683259
0.479621076331737
0.479979620508383
0.480335647356695
0.480691600491538
0.481049855739932
0.481412715314238
0.481782402423197
0.482161056323501
0.482550727811864
0.482953375154891
0.483370860451385
0.483804946419243
0.484257293596631
0.484729457944828
0.485222888837961
0.485738927422891
0.486278805330631
0.486843643719156
0.487434452625994
0.488052130607888
0.488697464643894
0.489371130277617
0.490073691973942
0.490805603665474
0.491567209464099
0.492358744513516
0.49318033595933
0.494032004014274
0.494913663097404
0.495825123027636
0.496766090253707
0.49773616910465
0.498734863047021
0.499761575937451
0.500815613261615
0.501896183353283
0.50300239858986
0.504133276563546
0.505287741230051
0.506464624039556
0.507662665057347
0.508880514084173
0.5101167317889
0.511369790868416
0.512638077251883
0.513919891368401
0.515213449498858
0.516516885234122
0.517828251062872
0.51914552011311
0.520466588071844
0.521789275307476
0.523111329219111
0.524430426836317
0.525744177691738
0.527050126987534
0.528345759074741
0.529628501262421
0.53089572797094
0.532144765240765
0.533372895605038
0.534577363330652
0.535755380028889
0.536904130632768
0.538020779734156
0.539102478269557
0.540146370539197
0.54114960153978
0.542109324587047
0.543022709200074
0.543886949215248
0.544699271093987
0.545456942384626
0.546157280295577
0.546797660333821
0.547375524960119
0.547888392210097
0.548333864228518
0.548709635662725
0.549013501860373
0.549243366816266
0.54939725081329
0.549473297703234
0.549469781774539
0.549385114155946
0.549217848707343
0.548966687352098
0.548630484808583
0.548208252682511
0.547699162886122
0.547102550355005
0.546417915038574
0.545644923145661
0.544783407632512
0.543833367926474
0.54279496888481
0.541668538994405
0.540454567824402
0.539153702750172
0.537766744973202
0.536294644867596
0.534738496689743
0.533099532693311
0.531379116697
0.529578737157339
0.527699999803296
0.525744619893358
0.523714414159189
0.521611292502759
0.519437249516072
0.517194355894162
0.514884749812953
0.51251062834373
0.510074238975563
0.507577871315765
0.505023849036642
0.502414522134203
0.499752259561291
0.497039442293716
0.494278456883497
0.491471689548287
0.488621520840476
0.485730320933391
0.482800445555593
0.479834232597379
0.4768339994065
0.473802040782722
0.470740627673352
0.467652006564202
0.464538399552886
0.461402005083741
0.45824499931628
0.455069538091824
0.45187775945611
0.448671786689042
0.445453731786676
0.442225699334862
0.43898979070892
0.435748108529231
0.432502761298867
0.429255868146278
0.42600956359373
0.422766002270662
0.419527363490373
0.416295855608562
0.413073720083185
0.409863235156863
0.406666719085676
0.403486532841663
0.400325082220521
0.397184819291055
0.394068243128645
0.390977899781443
0.387916381425042
0.384886324669057
0.381890407987144
0.378931348250626
0.376011896354829
0.373134831936455
0.3703029571898
0.367519089799122
0.364786055014079
0.362106676904632
0.359483768841168
0.356920123254679
0.354418500740575
0.351981618578065
0.349612138744789
0.347312655513649
0.345085682725285
0.342933640835458
0.340858843841572
0.338863486196685
0.336949629822563
0.335119191335546
0.333373929600243
0.33171543372628
0.330145111622481
0.32866417922101
0.327273650481042
0.325974328277584
0.324766796276121
0.323651411887743
0.322628300392588
0.321697350311585
0.320858210097899
0.320110286210092
0.319452742618909
0.318884501788951
0.318404247165259
0.318010427183211
0.317701260808167
0.317474744599104
0.31732866127817
0.317260589775757
0.317267916708454
0.317347849235229
0.317497429225432
0.317713548660947
0.317992966183985
0.318332324691879
0.318728169870741
0.31917696955119
0.319675133761564
0.320219035347177
0.320805031018362
0.321429482685267
0.322088778933757
0.322779356494252
0.32349772155404
0.324240470763501
0.325004311787745
0.325786083257459
0.326582773976226
0.327391541246189
0.328209728179648
0.329034879870999
0.329864758311202
0.33069735593574
0.331530907706619
0.332363901639407
0.333195087697373
0.334023484986542
0.334848387197659
0.335669366253707
0.336486274134514
0.337299242863093
0.338108682651529
0.338915278217367
0.33971998329444
0.340524013374837
0.341328836731085
0.342136163779549
0.342947934857461
0.343766306496701
0.344593636287504
0.34543246643448
0.346285506115689
0.347155612762972
0.348045772388179
0.348959079085401
0.349898713843706
0.350867922808237
0.351869995129743
0.352908240543855
0.353985966821451
0.355106457230561
0.356272948148246
0.357488606957899
0.358756510363516
0.360079623247615
0.361460778193813
0.362902655788624
0.364407765809833
0.365978429401026
0.367616762323464
0.369324659367644
0.371103779997652
0.372955535291856
0.374881076233731
0.376881283396654
0.378956758056598
0.381107814756683
0.383334475337725
0.3856364644393
0.388013206466462
0.390463824008198
0.392987137685082
0.395581667395359
0.398245634921025
0.40097696784832
0.4037733047505
0.406632001574838
0.409550139170522
0.412524531889547
0.415551737188742
0.418628066157906
0.421749594896445
0.424912176659114
0.428111454690267
0.431342875665515
0.434601703659853
0.437883034561996
0.441181810856032
0.444492836693304
0.447810793179809
0.451130253807211
0.454445699958746
0.457751536424941
0.461042106867902
0.464311709177161
0.467554610664385
0.470765063048869
0.473937317190343
0.477065637530406
0.48014431620862
0.483167686824062
0.486130137817762
0.489026125456033
0.491850186399086
0.494596949843551
0.497261149231507
0.49983763352239
0.5023213780276
0.504707494810821
0.506991242659911
0.509168036638733
0.511233457229479
0.513183259077853
0.515013379354923
0.516719945750554
0.518299284114034
0.51974792575792
0.521062614441089
0.522240313046711
0.523278209970178
0.524173725231091
0.524924516322138
0.525528483806199
0.525983776671256
0.526288797450669
0.526442207114249
0.52644292973319
0.52629015691944
0.52598335203752
0.52552225418414
0.524906881928237
0.524137536801369
0.523214806525692
0.522139567964097
0.520912989774535
0.519536534748098
0.518011961808123
0.516341327645456
0.514526987963052
0.512571598301407
0.510478114414813
0.508249792167258
0.505890186915863
0.503403152349137
0.500792838747074
0.498063690630125
0.495220443764493
0.492268121491935
0.489212030353331
0.486057754976747
0.482811152202513
0.479478344419982
0.476065712093129
0.472579885454971
0.469027735353941
0.465416363238754
0.461753090272078
0.458045445567261
0.454301153546619
0.450528120424225
0.446734419820734
0.442928277522598
0.439118055402892
0.435312234525968
0.431519397463225
0.427748209852332
0.424007401237296
0.420305745231802
0.416652039053152
0.413055082478947
0.409523656283305
0.406066500213854
0.402692290575012
0.399409617486987
0.396226961893691
0.393152672396093
0.390194941990592
0.387361784794666
0.384661012844319
0.38210021304973
0.379686724396953
0.377427615484503
0.375329662484237
0.373399327615999
0.371642738225127
0.370065666551081
0.368673510274086
0.367471273924944
0.366463551240865
0.365654508547497
0.365047869244161
0.36464689946574
0.364454394990678
0.364472669460169
0.364703543968891
0.365148338082529
0.365807862331954
0.366682412228221
0.367771763836596
0.369075170941645
0.370591363829051
0.372318549703248
0.37425441475334
0.376396127872966
0.378740346032953
0.381283221298767
0.3840204094779
0.38694708037555
0.390057929630224
0.393347192094282
0.39680865671799
0.400435682889349
0.404221218175891
0.408157817408806
0.412237663044174
0.416452586730788
0.420794092009114
0.425253378061275
0.429821364427698
0.434488716602177
0.439245872413605
0.444083069099562
0.44899037097428
0.453957697591304
0.458974852299376
0.464031551088748
0.469117451624263
0.47422218236111
0.479335371639192
0.48444667665254
0.489545812191116
0.494622579053711
0.499666892032437
0.504668807371515
0.509618549605652
0.514506537686304
0.519323410307473
0.524060050346395
0.528707608338497
0.533257524910384
0.537701552099202
0.542031773491632
0.546240623120914
0.550320903065599
0.554265799699267
0.558068898546135
0.561724197703262
0.565226119795964
0.568569522439072
0.571749707182639
0.574762426926781
0.57760389179639
0.580270773472414
0.582760207982409
0.585069796958878
0.587197607379686
0.589142169810484
0.590902475174494
0.592477970080351
0.593868550743762
0.595074555543658
0.596096756258137
0.596936348029943
0.597594938115355
0.598074533474243
0.59837752726265
0.59850668429255
0.598465125526441
0.59825631167711
0.597884025985292
0.597352356250001
0.596665676188026
0.595828626200531
0.594846093625758
0.593723192557606
0.592465243310317
0.591077751609625
0.589566387590537
0.587936964681459
0.586195418453557
0.584347785513217
0.582400182514075
0.580358785363489
0.578229808696417
0.576019485687546
0.573734048270118
0.571379707827298
0.56896263641912
0.566488948605018
0.56396468391872
0.56139579004894
0.558788106775725
0.55614735070865
0.553479100869233
0.55078878515602
0.548081667726761
0.545362837328003
0.54263719659824
0.539909452366565
0.537184106964487
0.53446545056434
0.53175755455341
0.529064265948666
0.526389202852772
0.523735750947849
0.521107061019361
0.518506047498472
0.515935388007258
0.513397523887329
0.510894661688714
0.508428775592276
0.506001610735483
0.503614687408127
0.501269306081455
0.4989665532313
0.49670730791307
0.494492249043962
0.492321863345476
0.490196453897257
0.488116149251438
0.486080913055095
0.484090554127064
0.482144736934282
0.480242992411969
0.478384729071381
0.476569244338538
0.474795736067254
0.473063314169981
0.471371012310416
0.46971779960251
0.468102592261448
0.46652426515333
0.464981663191722
0.463473612530825
0.461998931506908
0.460556441281643
0.459144976143272
0.457763393423915
0.456410582993928
0.455085476296959
0.453787054892202
0.452514358473365
0.45126649233691
0.450042634275357
0.448842040874621
0.447664053197675
0.446508101840133
0.445373711346659
0.444260503980431
0.443168202841179
0.442096634330534
0.441045729966604
0.440015527552807
0.439006171708957
0.438017913775473
0.437051111104384
0.436106225753343
0.435183822601367
0.434284566907305
0.433409221334124
0.432558642464084
0.431733776831561
0.430935656501894
0.430165394225919
0.429424178201077
0.428713266470877
0.428033980995319
0.427387701425407
0.426775858615282
0.426199927905715
0.425661422212718
0.425161884954882
0.4247028828528
0.424285998633455
0.423912823671912
0.423584950601975
0.423303965926658
0.423071442658465
0.422888933018484
0.42275796122231
0.422680016379693
0.422656545533724
0.422688946864204
0.422778563078679
0.422926675013475
0.423134495465857
0.42340316327733
0.423733737686909
0.424127192972117
0.424584413394326
0.425106188464036
0.425693208540635
0.426346060780169
0.427065225443694
0.427851072577815
0.42870385907809
0.42962372614505
0.430610697141683
0.431664675860323
0.432785445205945
0.433972666301964
0.435225878023655
0.436544496963334
0.437927817830409
0.43937501428831
0.44088514022922
0.44245713148627
0.444089807981653
0.445781876307732
0.44753193273684
0.449338466653965
0.451199864404951
0.453114413551239
0.455080307520425
0.457095650640211
0.459158463541442
0.461266688914121
0.463418197598357
0.465610794990324
0.467842227741366
0.4701101907265
0.472412334256707
0.47474627150754
0.477109586134896
0.47949984004706
0.481914581300656
0.48435135208667
0.486807696771465
0.489281169956631
0.491769344520567
0.494269819604063
0.496780228501608
0.499298246419989
0.501821598065714
0.504348065023097
0.5068754928854
0.509401798102231
0.511924974507495
0.514443099493583
0.516954339799098
0.519456956879331
0.521949311830839
0.524429869843869
0.526897204158967
0.529349999506921
0.531787055014174
0.53420728655896
0.536609728566688
0.538993535236471
0.541357981194081
0.543702461570131
0.546026491505685
0.548329705091001
0.550611853746425
0.552872804057795
0.555112535081813
0.557331135139918
0.559528798121941
0.561705819323504
0.563862590843464
0.565999596569848
0.568117406784607
0.570216672419035
0.572298118993051
0.574362540272458
0.576410791678989
0.578443783488312
0.580462473851216
0.582467861672966
0.584460979385311
0.586442885644824
0.588414657990225
0.590377385490093
0.592332161410873
0.594280075933489
0.596222208945045
0.598159622930219
0.600093355984957
0.60202441497304
0.603953768844037
0.605882342129097
0.607811008629071
0.609740585307488
0.611671826399119
0.613605417743164
0.615541971348581
0.617482020197699
0.619426013293123
0.621374310951986
0.623327180350873
0.625284791324251
0.62724721241898
0.629214407207431
0.631186230861935
0.633162426993693
0.635142624759885
0.637126336243478
0.63911295411123
0.641101749556419
0.643091870534075
0.64508234029773
0.647072056248048
0.649059789105019
0.651044182416735
0.65302375241899
0.654996888261145
0.656961852614694
0.658916782681868
0.660859691622234
0.662788470415733
0.664700890180731
0.666594604965581
0.668467155031752
0.670315970645844
0.672138376396726
0.673931596052575
0.675692757970819
0.677418901071807
0.679106981384537
0.680753879169884
0.682356406623629
0.683911316158037
0.685415309256974
0.686865045895497
0.688257154510565
0.689588242505071
0.690854907262745
0.6920537476468
0.693181375950362
0.694234430261968
0.695209587204622
0.696103575002261
0.696913186822924
0.697635294343603
0.698266861477623
0.698804958201633
0.699246774415773
0.699589633767527
0.699831007367086
0.699968527319852
0.7
0.69992341898783
0.69973697759301
0.699439080885754
0.699028357158483
0.698503668741657
0.697864122099148
0.697109077130859
0.696238155613165
0.695251248711226
0.694148523501241
0.692930428445249
0.691597697766152
0.690151354676105
0.688592713417397
0.686923380081228
0.685145252176466
0.683260516927388
0.681271648286584
0.679181402656569
0.676992813321092
0.674709183594687
0.672334078706573
0.66987131644245
0.667324956575197
0.664699289122658
0.661998821477724
0.659228264462677
0.656392517366167
0.653496652027286
0.650545896036834
0.647545615131119
0.644501294858348
0.641418521601925
0.638302963048645
0.635160348192961
0.631996446971028
0.628817049620285
0.625627945861695
0.622434904002637
0.619243650058654
0.616059846991933
0.612889074163518
0.609736807094766
0.606608397631632
0.60350905460285
0.600443825060141
0.597417576185157
0.594434977944065
0.591500486566444
0.588618328920622
0.585792487852707
0.58302668855142
0.580324385995449
0.577688753534464
0.575122672649183
0.572628723929997
0.570209179307715
0.567865995563948
0.565600809142615
0.563414932278031
0.561309350449009
0.559284721162517
0.557341374064543
0.555479312370134
0.553698215598968
0.551997443597379
0.550376041822488
0.548832747859041
0.547365999134635
0.545973941794384
0.544654440691602
0.543405090446877
0.542223227523905
0.54110594326672
0.54005009783945
0.539052335006457
0.538109097687725
0.537216644221591
0.536371065264433
0.535568301254639
0.534804160366251
0.534074336875886
0.533374429865129
0.532699962179345
0.532046399562967
0.531409169890623
0.530783682413117
0.530165346937155
0.529549592857924
0.528931887964066
0.528307756935432
0.527672799455003
0.527022707857826
0.526353284241449
0.525660456964383
0.524940296461458
0.524189030307549
0.523403057464182
0.522578961646763
0.521713523753837
0.520803733303672
0.51984679882773
0.518840157175106
0.517781481686839
0.516668689204121
0.515499945879775
0.514273671767984
0.512988544173071
0.511643499744177
0.510237735308837
0.508770707444829
0.507242130796082
0.505651975144974
0.504000461259882
0.502288055543447
0.500515463513497
0.498683622155054
0.496793691188155
0.494847043302389
0.492845253415025
0.490790087015281
0.488683487662764
0.486527563713143
0.484324574348896
0.482076914997235
0.479787102221231
0.477457758173516
0.475091594704833
0.472691397222076
0.470260008392203
0.467800311789644
0.465315215585434
0.462807636376279
0.460280483251156
0.457736642191831
0.455178960901771
0.452610234155513
0.450033189757449
0.447450475195325
0.444864645069552
0.442278149374631
0.439693322703736
0.437112374441716
0.43453738000558
0.431970273184921
0.429412839627716
0.426866711509715
0.424333363417977
0.421814109471407
0.419310101693136
0.41682232964153
0.41435162129851
0.41189864520567
0.409463913830642
0.40704778813811
0.404650483332088
0.40227207572837
0.399912510708752
0.397571611701472
0.395249090125636
0.392944556231017
0.39065753075872
0.388387457342763
0.386133715567679
0.383895634592847
0.38167250725041
0.379463604520375
0.377268190283857
0.375085536253357
0.372914936977595
0.370755724817624
0.368607284790844
0.366469069180043
0.364340611805748
0.362221541861952
0.360111597217679
0.358010637089858
0.355918653996559
0.353835784903782
0.35176232148369
0.349698719407331
0.347645606600608
0.345603790398316
0.343574263537591
0.341558208939023
0.339557003230852
0.337572218979185
0.3356056255949
0.33365918889584
0.331735069310972
0.329835618721381
0.327963375941218
0.326121060849953
0.324311567195527
0.322537954096088
0.320803436276021
0.319111373079765
0.317465256314511
0.315868696980165
0.314325410951978
0.312839203687863
0.311413954038642
0.310053597245321
0.308762107212735
0.307543478153813
0.306401705702931
0.305340767600579
0.30436460405469
0.303477097886498
0.302682054570683
0.301983182280834
0.301384072051819
0.300888178170644
0.30049879890661
0.300219057690229
0.300051884848321
0.3
0.300065895214996
0.300251819031787
0.300559761428512
0.300991439834576
0.301548286265173
0.30223143565491
0.303041715460041
0.303979636591851
0.305045385736302
0.306238819107302
0.307559457672926
0.309006483885623
0.310578739938985
0.31227472756501
0.314092609377121
0.316030211755461
0.318085029262277
0.320254230566578
0.322534665848784
0.324922875647741
0.327415101104456
0.330007295549097
0.33269513737039
0.335474044099487
0.338339187633768
0.341285510519865
0.344307743209589
0.347400422197292
0.350557908942713
0.353774409479357
0.3570439946052
0.360360620549782
0.363718150009741
0.367110373443445
0.370531030514686
0.373973831575326
0.377432479077408
0.380900688806485
0.384372210829812
0.387840850055568
0.391300486302363
0.394745093781973
0.398168759902469
0.401565703303641
0.404930291041835
0.408257054846981
0.411540706380632
0.41477615143029
0.417958502981981
0.421083093120093
0.424145483710704
0.427141475832047
0.430067117923295
0.432918712630497
0.435692822336149
0.438386273366557
0.440996158878738
0.443519840436129
0.445954948289715
0.44829938038839
0.45055130014929
0.452709133025546
0.454771561915283
0.456737521461756
0.458606191300189
0.460376988312217
0.462049557953665
0.46362376472588
0.46509968186479
0.46647758032537
0.467757917142187
0.468941323249238
0.470028590844239
0.471020660384024
0.471918607298676
0.472723628512409
0.473437028859178
0.474060207480386
0.474594644290944
0.475041886598397
0.475403535957724
0.475681235341935
0.475876656705589
0.475991489014999
0.476027426815074
0.475986159398619
0.475869360639352
0.475678679545103
0.475415731582506
0.475082090819104
0.474679282923154
0.474208779055604
0.473671990682705
0.473070265331601
0.472404883305017
0.471677055364854
0.470887921388226
0.470038549993111
0.469129939124558
0.468163017586189
0.467138647495647
0.466057627636722
0.464920697675128
0.463728543199353
0.462481801542716
0.461181068337736
0.459826904749178
0.458419845327778
0.456960406422565
0.455449095086068
0.45388641840342
0.452272893173522
0.450609055868026
0.448895472791948
0.447132750368213
0.445321545467425
0.443462575703625
0.441556629616727
0.439604576662777
0.437607376934093
0.43556609053274
0.433481886522679
0.431356051388285
0.429189996929679
0.426985267528609
0.424743546722219
0.42246666302612
0.420156594952576
0.41781547517442
0.415445593790373
0.413049400652839
0.410629506724896
0.408188684439026
0.405729867036244
0.403256146870414
0.400770772668921
0.398277145747215
0.395778815181188
0.393279471947766
0.390782942050473
0.388293178653006
0.385814253250043
0.383350345910512
0.380905734634339
0.378484783869288
0.376091932239775
0.37373167954457
0.371408573084928
0.369127193389001
0.36689213940228
0.364708013217324
0.36257940441905
0.360510874124488
0.358506938798013
0.356572053924726
0.354710597625784
0.352926854300153
0.351224998377413
0.349609078265877
0.348083000579463
0.346650514725424
0.345315197933223
0.344080440802572
0.342949433445935
0.341925152297632
0.341010347658134
0.340207532038194
0.339518969363146
0.338946665093114
0.338492357309914
0.338157508816275
0.337943300287576
0.337850624510704
0.337880081738853
0.338031976185212
0.338306313672504
0.338702800449343
0.339220843178309
0.339859550094673
0.340617733328751
