-20,-0.712349016518676
-19.9834930261836,-0.69700736134023
-19.9665247667784,-0.682135802351797
-19.9491220948987,-0.667721685237697
-19.9313102044691,-0.653751898773139
-19.9131126826937,-0.640213023148406
-19.8945515897114,-0.627091456330471
-19.8756475421819,-0.614373520788436
-19.8564197982947,-0.602045552839222
-19.8368863423161,-0.590093976736185
-19.8170639672909,-0.578505365453631
-19.7969683549216,-0.567266489934767
-19.776614151961,-0.556364358382773
-19.7560150427056,-0.545786246993529
-19.735183817362,-0.535519723359285
-19.7141324362024,-0.52555266361805
-19.6928720895283,-0.515873264284998
-19.6714132535368,-0.50647004957951
-19.6497657422364,-0.497331874954058
-19.6279387555939,-0.48844792743777
-19.6059409241135,-0.479807723326782
-19.5837803500617,-0.471401103684102
-19.5614646455553,-0.463218228052128
-19.5390009677267,-0.455249566729994
-19.5163960511752,-0.447485891924183
-19.4936562379073,-0.439918268043449
-19.4707875049545,-0.432538041376831
-19.447795489851,-0.425336829365797
-19.4246855141391,-0.418306509657377
-19.4014626050596,-0.411439209104068
-19.3781315155743,-0.4047272928577
-19.3546967428546,-0.398163353687874
-19.3311625453623,-0.391740201640701
-19.3075329586362,-0.385450854140021
-19.2838118098915,-0.379288526620835
-19.2600027315278,-0.373246623773078
-19.2361091736354,-0.367318731463026
-19.2121344155812,-0.36149860938931
-19.1880815767485,-0.355780184520686
-19.1639536264997,-0.350157545353284
-19.1397533934235,-0.344624937015943
-19.1154835739248,-0.339176757243456
-19.0911467402089,-0.333807553228973
-19.0667453477076,-0.328512019358585
-19.0422817419929,-0.323284995823035
-19.0177581652151,-0.318121468093811
-18.9931767621058,-0.313016567243337
-18.9685395855765,-0.307965571081869
-18.943848601945,-0.302963906076791
-18.9191056958178,-0.298007150013534
-18.8943126746541,-0.293091035351196
-18.8694712730351,-0.288211453220215
-18.8445831566611,-0.283364458004131
-18.8196499260956,-0.278546272442666
-18.7946731202755,-0.273753293188951
-18.769654219804,-0.268982096749929
-18.7445946500421,-0.26422944573561
-18.7194957840127,-0.259492295340151
-18.6943589451307,-0.254767799975483
-18.6691854097719,-0.250053319976679
-18.6439764096906,-0.245346428297226
-18.6187331342979,-0.240644917111965
-18.5934567328089,-0.235946804245726
-18.5681483162688,-0.231250339346479
-18.5428089594654,-0.226554009723293
-18.5174397027361,-0.22185654577142
-18.4920415536757,-0.21715692590948
-18.4666154887523,-0.212454380956895
-18.4411624548376,-0.20774839788352
-18.4156833706557,-0.203038722867681
-18.3901791281574,-0.198325363603637
-18.3646505938239,-0.193608590804754
-18.3390986099041,-0.188888938854359
-18.3135239955914,-0.184167205562359
-18.2879275481415,-0.17944445099216
-18.2623100439364,-0.174721995329167
-18.2366722394986,-0.170001415769196
-18.2110148724561,-0.165284542412339
-18.1853386624646,-0.160573453155243
-18.1596443120866,-0.155870467582241
-18.1339325076321,-0.151178139863349
-18.1082039199622,-0.146499250674653
-18.0824592052583,-0.141836798164129
-18.0566990057592,-0.137193987993251
-18.0309239504677,-0.132574222491954
-18.0051346558289,-0.127981088971441
-17.9793317263819,-0.12341834724597
-17.9535157553867,-0.118889916421084
-17.9276873254271,-0.114399861011631
-17.901847008993,-0.109952376458392
-17.8759953690412,-0.10555177411714
-17.8501329595374,-0.101202465798335
-17.8242603259805,-0.0969089479396112
-17.7983780059106,-0.0926757854964118
-17.7724865294006,-0.0885075956388136
-17.7465864195349,-0.0844090313445463
-17.720678192873,-0.0803847649795201
-17.6947623599023,-0.0764394719578016
-17.6688394254791,-0.0725778145729015
-17.6429098892582,-0.0688044260914679
-17.6169742461147,-0.0651238951990201
-17.5910329865556,-0.0615407508852196
-17.565086597124,-0.0580594478533679
-17.5391355607964,-0.0546843525353792
-17.5131803573736,-0.0514197297894208
-17.4872214638655,-0.0482697303527745
-17.4612593548719,-0.0452383791173042
-17.4352945029588,-0.0423295642892334
-17.4093273790308,-0.0395470274888321
-17.3833584527016,-0.0368943548390831
-17.3573881926618,-0.0343749690855552
-17.331359954481,-0.0319369908458011
-17.3053317163001,-0.029528347440654
-17.2793034781193,-0.0271518938486771
-17.2532752399384,-0.0248102809280658
-17.2272470017576,-0.0225059530155828
-17.2012187635768,-0.0202411466379682
-17.1751905253959,-0.0180178903255869
-17.1491622872151,-0.0158380055106946
-17.1231340490342,-0.0137031084855724
-17.0971058108534,-0.0116146133889045
-17.0710775726725,-0.00957373618224604
-17.0450493344917,-0.00758149957227844
-17.0190210963108,-0.00563873882883507
-16.99299285813,-0.0037461084434261
-16.9669646199491,-0.00190408956826671
-16.9409363817683,-0.000112998171598724
-16.9149081435874,0.00162700615851938
-16.8888799054066,0.00331591083284223
-16.8628516672257,0.00495384037531513
-16.8368234290449,0.00654104610837504
-16.8107951908641,0.00807789548558545
-16.7847669526832,0.00956486114864603
-16.7587387145024,0.0110025097858588
-16.7327104763215,0.0123914908685903
-16.7066822381407,0.0137325253411734
-16.6806539999598,0.0150263943380608
-16.654625761779,0.0162739279999154
-16.6285975235981,0.0174759944577156
-16.6025692854173,0.0186334890509334
-16.5765410472364,0.0197473238424147
-16.5505128090556,0.0208184174888307
-16.5244845708747,0.0218476855214972
-16.4984563326939,0.0228360310880357
-16.4724280945131,0.0237843362008168
-16.4463998563322,0.0246934535334292
-16.4203716181514,0.0255641988016079
-16.3943433799705,0.0263973437601753
-16.3683151417897,0.0271936098426392
-16.3422869036088,0.0279536624652059
-16.316258665428,0.0286781060121299
-16.2902304272471,0.0293674795145845
-16.2642021890663,0.0300222530306208
-16.2381739508854,0.030642824729336
-16.2121457127046,0.0312295186780936
-16.1861174745237,0.0317825833275848
-16.1600892363429,0.0323021906856844
-16.134060998162,0.032788436167465
-16.1080327599812,0.0332413391054018
-16.0820045218004,0.0336608439007253
-16.0559762836195,0.0340468217940813
-16.0299480454387,0.0343990732311156
-16.0039198072578,0.0347173307963367
-15.977891569077,0.0350012626865978
-15.9518633308961,0.0352504766937836
-15.9258350927153,0.0354645246647723
-15.8998068545344,0.0356429074054589
-15.8737786163536,0.0357850799945584
-15.8477503781727,0.0358904574720383
-15.8217221399919,0.0359584208663505
-15.795693901811,0.0359883235241201
-15.7696656636302,0.0359794977055881
-15.7436374254494,0.0359312614088903
-15.7176091872685,0.035842925386147
-15.6915809490877,0.0357138003143617
-15.6655527109068,0.035543204084222
-15.639524472726,0.0353304691700958
-15.6134962345451,0.0350749500447786
-15.5874679963643,0.0347760306028856
-15.5614397581834,0.0344331315571721
-15.5354115200026,0.0340457177725256
-15.5093832818217,0.033613305502878
-15.4833550436409,0.0331354694968491
-15.45732680546,0.0326118499385609
-15.4312985672792,0.0320421591907331
-15.4052703290983,0.0314261883079283
-15.3792420909175,0.0307638132886288
-15.3532138527367,0.0300550010357225
-15.3271856145558,0.0292998149959649
-15.301157376375,0.0284984204500579
-15.2751291381941,0.0276510894261705
-15.2491009000133,0.0267582052110184
-15.2230726618324,0.025820266434036
-15.1970444236516,0.0248378907017048
-15.1710161854707,0.0238118177607878
-15.1449879472899,0.0227429121710088
-15.118959709109,0.0216321654696816
-15.0929314709282,0.0204806978128651
-15.0669032327473,0.0192897590798601
-15.0408749945665,0.018060729430216
-15.0148467563857,0.0167951193049138
-14.9888185182048,0.0154945688660006
-14.962790280024,0.0141608468716783
-14.9367620418431,0.0127958489866679
-14.9107338036623,0.0114015955305748
-14.8847055654814,0.00998022866994415
-14.8586773273006,0.00853400906270928
-14.8326490891197,0.00706531196676155
-14.8066208509389,0.00557662282740101
-14.780592612758,0.00407053236142672
-14.7545643745772,0.00254973115857084
-14.7285361363963,0.00101700382384333
-14.7025078982155,-0.000524777312887872
-14.6764796600346,-0.00207265889114061
-14.6504514218538,-0.00362361358648831
-14.624423183673,-0.00517454751599605
-14.5983949454921,-0.00672230794670982
-14.5723667073113,-0.0082636912696783
-14.5463384691304,-0.00979545120043386
-14.5203102309496,-0.0113143071655916
-14.4942819927687,-0.0128169528342471
-14.4682537545879,-0.0143000647521948
-14.442225516407,-0.015760311036643
-14.4161972782262,-0.0171943600890872
-14.3901690400453,-0.0185988892843228
-14.3641408018645,-0.0199705935942253
-14.3381125636836,-0.0213061941059035
-14.3120843255028,-0.022602446395131
-14.286056087322,-0.0238561487175661
-14.2600278491411,-0.025064149982174
-14.2339996109603,-0.026223357473441
-14.2079713727794,-0.0273307442914052
-14.1819431345986,-0.0283833564811927
-14.1559148964177,-0.0293783198266062
-14.1298866582369,-0.0303128462853651
-14.103858420056,-0.0311842400467621
-14.0778301818752,-0.0319899031958002
-14.0518019436943,-0.0327273409712307
-14.0257737055135,-0.0333941666083138
-13.9997454673326,-0.0339881057605225
-13.9737172291518,-0.0345070004977832
-13.947688990971,-0.0349488128821403
-13.9216607527901,-0.0353116281249328
-13.8956325146093,-0.0355936573326295
-13.8696042764284,-0.0357932398513628
-13.8435760382476,-0.0359088452229044
-13.8175478000667,-0.0359390747672971
-13.7915195618859,-0.0358826628095967
-13.765491323705,-0.0357384775701393
-13.7394630855242,-0.0355055217394397
-13.7134348473433,-0.0351829327602145
-13.6874066091625,-0.0347699828401073
-13.6613783709816,-0.0342660787194685
-13.6353501328008,-0.0336707612190021
-13.6093218946199,-0.0329837045922367
-13.5832936564391,-0.0322047157076174
-13.5572654182583,-0.03133373308456
-13.5312371800774,-0.0303708258070525
-13.5052089418966,-0.0293161923373781
-13.4791807037157,-0.0281701592512525
-13.4531524655349,-0.0269331799141619
-13.427124227354,-0.0256058331169629
-13.4010959891732,-0.0241888216869017
-13.3750677509923,-0.0226829710881341
-13.3490395128115,-0.0210892280236286
-13.3230112746306,-0.0194086590480206
-13.2969830364498,-0.0176424491986078
-13.2709547982689,-0.0157919006492347
-13.2449265600881,-0.0138584313893731
-13.2188983219073,-0.011843573928256
-13.1928700837264,-0.00974897402153015
-13.1668418455456,-0.00757638941554255
-13.1408136073647,-0.00532768860213997
-13.1147853691839,-0.00300484957472033
-13.088757131003,-0.00060995857427365
-13.0627288928222,0.00185479118768607
-13.0367006546413,0.00438710084407672
-13.0106724164605,0.00698456724134362
-12.9846441782796,0.00964468438023926
-12.9586159400988,0.0123648449468868
-12.9325877019179,0.0151423419535884
-12.9065594637371,0.0179743705094486
-12.8805312255562,0.020858029741282
-12.8545029873754,0.0237903248854236
-12.8284747491946,0.0267681695709918
-12.8024465110137,0.0297883883148407
-12.7764182728329,0.0328477192479152
-12.750390034652,0.035942817091964
-12.7243617964712,0.0390702564046044
-12.6983335582903,0.0422265351095661
-12.6723053201095,0.0454080783275763
-12.6462770819286,0.0486112425218085
-12.6202488437478,0.0518323199700985
-12.5942206055669,0.0550675435742652
-12.5681923673861,0.0583130920148512
-12.5421641292052,0.0615650952574586
-12.5161358910244,0.0648196404145929
-12.4901076528435,0.068072777964565
-12.4640794146627,0.0713205283265596
-12.4380511764819,0.0745588887884568
-12.412022938301,0.0777838407814293
-12.3859947001202,0.0809913574927229
-12.3599664619393,0.0841774118053991
-12.3339382237585,0.0873379845511768
-12.3079099855776,0.0904690730598751
-12.2818817473968,0.0935666999863554
-12.2558535092159,0.0966269223932823
-12.2298252710351,0.0996458410655158
-12.2037970328542,0.10261961002949
-12.1777687946734,0.105544446248584
-12.1517405564925,0.108416639463218
-12.1257123183117,0.111232562142273
-12.0996840801309,0.113988679510402
-12.07365584195,0.116681559613965
-12.0476276037692,0.119307883386558
-12.0215993655883,0.121864454673623
-11.9955711274075,0.124348210174264
-11.9695428892266,0.126756229257219
-11.9435146510458,0.129085743607065
-11.9174864128649,0.131334146655977
-11.8914581746841,0.133499002755931
-11.8654299365032,0.135578056046
-11.8394016983224,0.137569238969448
-11.8133734601415,0.139470680395618
-11.7873452219607,0.141280713302174
-11.7613169837798,0.142997881974136
-11.735288745599,0.144620948677226
-11.7092605074182,0.146148899764481
-11.6832322692373,0.147580951176744
-11.6572040310565,0.148916553299615
-11.6311757928756,0.15015539514164
-11.6051475546948,0.151297407801013
-11.5791193165139,0.152342767190786
-11.5530910783331,0.153291895995549
-11.5270628401522,0.15414546483573
-11.5010346019714,0.154904392619049
-11.4750063637905,0.155569846062251
-11.4489781256097,0.156143238369973
-11.4229498874288,0.156626227061488
-11.396921649248,0.157020710940068
-11.3708934110672,0.157328826203787
-11.3448651728863,0.157552941700751
-11.3188369347055,0.157695653335905
-11.2928086965246,0.157759777640757
-11.2667804583438,0.157748344521522
-11.2407522201629,0.15766458920527
-11.2147239819821,0.157511943407694
-11.1886957438012,0.157294025749975
-11.1626675056204,0.157014631455995
-11.1366392674395,0.156677721364699
-11.1106110292587,0.156287410295776
-11.0845827910778,0.155847954809981
-11.058554552897,0.155363740408306
-11.0325263147162,0.154839268216832
-11.0064980765353,0.154279141206452
-10.9804698383545,0.153688049998675
-10.9544416001736,0.153070758310458
-10.9284133619928,0.152432088092433
-10.9023851238119,0.151776904415968
-10.8763568856311,0.151110100165258
-10.8503286474502,0.150436580591075
-10.8243004092694,0.149761247782918
-10.7982721710885,0.149088985116081
-10.7722439329077,0.148424641729665
-10.7462156947268,0.147773017090736
-10.720187456546,0.147138845698771
-10.6941592183651,0.146526781983185
-10.6681309801843,0.145941385445156
-10.6421027420035,0.14538710609319
-10.6160745038226,0.144868270219885
-10.5900462656418,0.144389066565181
-10.5640180274609,0.143953532909133
-10.5379897892801,0.143565543134818
-10.5119615510992,0.143228794799478
-10.4859333129184,0.142946797249476
-10.4599050747375,0.142722860312006
-10.4338768365567,0.142560083593909
-10.4078485983758,0.142461346415308
-10.381820360195,0.142429298403213
-10.3557921220141,0.142466350767689
-10.3297638838333,0.142574668280698
-10.3037356456525,0.142756161975343
-10.2777074074716,0.143012482580869
-10.2516791692908,0.143345014706628
-10.2256509311099,0.143754871786
-10.1996226929291,0.144242891789332
-10.1735944547482,0.144809633712967
-10.1475662165674,0.145455374849686
-10.1215379783865,0.14618010884413
-10.0955097402057,0.146983544535181
-10.0694815020248,0.147865105585752
-10.043453263844,0.148823930898949
-10.0174250256631,0.149858875818206
-9.99139678748229,0.150968514107644
-9.96536854930145,0.152151140707577
-9.9393403111206,0.153404775258811
-9.91331207293975,0.154727166388113
-9.88728383475891,0.156115796745897
-9.86125559657806,0.157567888785889
-9.83522735839721,0.15908041127515
-9.80919912021637,0.16065008652145
-9.78317088203552,0.162273398303492
-9.75714264385467,0.163946600487945
-9.73111440567383,0.165665726315643
-9.70508616749298,0.16742659833756
-9.67905792931214,0.169224838979392
-9.65302969113129,0.171055881711704
-9.62700145295044,0.172914982800579
-9.6009732147696,0.174797233611704
-9.57494497658875,0.176697573438656
-9.5489167384079,0.178610802823979
-9.52288850022706,0.180531597339392
-9.49686026204621,0.182454521789191
-9.47083202386536,0.184374044798622
-9.44480378568452,0.186284553746715
-9.41877554750367,0.188180370000796
-9.39274730932283,0.190055764407725
-9.36671907114198,0.191904972994738
-9.34069083296113,0.193722212830799
-9.31466259478029,0.195501697997444
-9.28863435659944,0.197237655616408
-9.26260611841859,0.19892434187977
-9.23657788023775,0.200556058027064
-9.2105496420569,0.202127166212706
-9.18452140387605,0.203632105206316
-9.15849316569521,0.205065405867988
-9.13246492751436,0.206421706340391
-9.10643668933352,0.207695766899707
-9.08040845115267,0.208882484407924
-9.05438021297182,0.209976906309856
-9.02835197479098,0.210974244119493
-9.00232373661013,0.211869886341881
-8.97629549842928,0.212659410778754
-8.95026726024844,0.213338596168475
-8.92423902206759,0.213903433113615
-8.89821078388674,0.214350134252576
-8.8721825457059,0.214675143635145
-8.84615430752505,0.21487514526563
-8.82012606934421,0.214947070781327
-8.79409783116336,0.214888106238431
-8.76806959298251,0.214695697982129
-8.74204135480167,0.214367557582463
-8.71601311662082,0.213901665822537
-8.68998487843997,0.213296275730849
-8.66395664025913,0.21254991465475
-8.63792840207828,0.21166138537738
-8.61190016389743,0.210629766285759
-8.58587192571659,0.209454410602992
-8.55984368753574,0.20813494470281
-8.53381544935489,0.206671265529737
-8.50778721117405,0.205063537153116
-8.4817589729932,0.203312186487956
-8.45573073481235,0.201417898220014
-8.42970249663151,0.199381608976714
-8.40367425845066,0.19720450078933
-8.37764602026981,0.194887993895359
-8.35161778208897,0.192433738933053
-8.32558954390812,0.189843608582772
-8.29956130572728,0.187119688712015
-8.27353306754643,0.184264269082725
-8.24750482936558,0.181279833680738
-8.22147659118474,0.178169050728047
-8.19544835300389,0.174934762438803
-8.16942011482304,0.171579974579838
-8.1433918766422,0.168107845895756
-8.11736363846135,0.164521677457553
-8.0913354002805,0.16082490199208
-8.06530716209966,0.157021073247657
-8.03927892391881,0.153113855448713
-8.01325068573797,0.149107012889491
-7.98722244755712,0.145004399713719
-7.96119420937627,0.140809949923683
-7.93516597119542,0.136527667658395
-7.90913773301458,0.132161617776614
-7.88310949483373,0.127715916776333
-7.85708125665289,0.123194724078086
-7.83105301847204,0.11860223369506
-7.80502478029119,0.113942666308638
-7.77899654211035,0.109220261763562
-7.7529683039295,0.104439271992623
-7.72694006574865,0.0996039543765092
-7.70091182756781,0.0947185655403693
-7.67488358938696,0.0897873555847209
-7.64885535120611,0.0848145627446445
-7.62282711302527,0.0798044084677516
-7.59679887484442,0.0747610928982589
-7.57077063666358,0.0696887907516449
-7.54474239848273,0.0645916475618458
-7.51871416030188,0.0594737762807806
-7.49268592212104,0.0543392542081815
-7.46665768394019,0.049192120228276
-7.44062944575934,0.0440363723288035
-7.4146012075785,0.0388759653771568
-7.38857296939765,0.0337148091281258
-7.3625447312168,0.0285567664377485
-7.33651649303596,0.0234056516581543
-7.31048825485511,0.0182652291889804
-7.28446001667426,0.013139212161941
-7.25843177849342,0.00803126123639351
-7.23240354031257,0.00294498348526051
-7.20637530213172,-0.00211606864761887
-7.18034706395088,-0.00714839833573218
-7.15431882577003,-0.0121485653187292
-7.12829058758919,-0.0171131868247012
-7.10226234940834,-0.0220389384765638
-7.07623411122749,-0.026922555190966
-7.05020587304665,-0.0317608320759412
-7.0241776348658,-0.0365506253313338
-6.99814939668495,-0.041288853153961
-6.97212115850411,-0.0459724966474809
-6.94609292032326,-0.0505986007351204
-6.92006468214242,-0.0551642750717508
-6.89403644396157,-0.0596666949503422
-6.86800820578072,-0.0641031021965797
-6.84197996759988,-0.0684708060444141
-6.81595172941903,-0.0727671839845517
-6.78992349123818,-0.0769896825773767
-6.76389525305734,-0.0811358182215432
-6.73786701487649,-0.0852031778694795
-6.71183877669564,-0.0891894196813032
-6.6858105385148,-0.0930922736091439
-6.65978230033395,-0.0969095419046097
-6.6337540621531,-0.100639099543076
-6.60772582397226,-0.104278894559622
-6.58169758579141,-0.107826948292753
-6.55566934761057,-0.111281355533515
-6.52964110942972,-0.114640284579174
-6.50361287124887,-0.117901977192318
-6.47758463306802,-0.121064748467931
-6.45155639488718,-0.124126986612762
-6.42552815670633,-0.127087152643027
-6.39949991852549,-0.129943780008152
-6.37347168034464,-0.132695474149916
-6.34744344216379,-0.135340912007801
-6.32141520398295,-0.137878841482759
-6.2953869658021,-0.140308080872755
-6.26935872762125,-0.142627518294487
-6.24333048944041,-0.144836111106436
-6.21730225125956,-0.146932885348944
-6.19127401307871,-0.148916935217343
-6.16524577489787,-0.150787422584171
-6.13921753671702,-0.152543576586256
-6.11318929853618,-0.154184693292
-6.08716106035533,-0.155710135463341
-6.06113282217448,-0.157119332425869
-6.03510458399364,-0.15841178005925
-6.00907634581279,-0.159587040918557
-5.98304810763194,-0.160644744495329
-5.9570198694511,-0.161584587625202
-5.93099163127025,-0.162406335046798
-5.9049633930894,-0.16310982011422
-5.87893515490856,-0.163694945663093
-5.85290691672771,-0.164161685027572
-5.82687867854686,-0.164510083203125
-5.80085044036602,-0.164740258147373
-5.77482220218517,-0.164852402208641
-5.74879396400433,-0.164846783669413
-5.72276572582348,-0.164723748389454
-5.69673748764263,-0.164483721531076
-5.67070924946179,-0.164127209346944
-5.64468101128094,-0.163654801008881
-5.61865277310009,-0.163067170454474
-5.59262453491925,-0.162365078226848
-5.5665962967384,-0.161549373281861
-5.54056805855755,-0.160620994736123
-5.51453982037671,-0.159580973528731
-5.48851158219586,-0.158430433969446
-5.46248334401502,-0.157170595146184
-5.43645510583417,-0.155802772165177
-5.41042686765332,-0.154328377198042
-5.38439862947248,-0.152748920311102
-5.35837039129163,-0.151066010053841
-5.33234215311078,-0.149281353785136
-5.30631391492994,-0.147396757717989
-5.28028567674909,-0.145414126665796
-5.25425743856824,-0.143335463475743
-5.2282292003874,-0.141162868137667
-5.20220096220655,-0.138898536559611
-5.1761727240257,-0.136544759004309
-5.15014448584486,-0.134103918183934
-5.12411624766401,-0.131578487013584
-5.09808800948317,-0.12897102602707
-5.07205977130232,-0.126284180461638
-5.04603153312147,-0.123520677021264
-5.02000329494063,-0.12068332033094
-4.99397505675978,-0.117774989097062
-4.96794681857893,-0.114798631991461
-4.94191858039809,-0.111757263278811
-4.91589034221724,-0.108653958209043
-4.88986210403639,-0.105491848198021
-4.86383386585555,-0.102274115820962
-4.8378056276747,-0.0990039896440253
-4.81177738949385,-0.0956847389200402
-4.78574915131301,-0.0923196681744729
-4.75972091313216,-0.0889121117075837
-4.73369267495131,-0.0854654280380951
-4.70766443677047,-0.0819829943127655
-4.68163619858962,-0.0784682007049524
-4.65560796040878,-0.0749244448236168
-4.62957972222793,-0.071355126152271
-4.60355148404708,-0.0677636405351554
-4.57752324586624,-0.0641533747254598
-4.55149500768539,-0.0605277010077366
-4.52546676950454,-0.0568899719038174
-4.4994385313237,-0.0532435149686042
-4.47341029314285,-0.0495916276790796
-4.447382054962,-0.0459375724168666
-4.42135381678116,-0.0422845715416551
-4.39532557860031,-0.0386358025499238
-4.36929734041947,-0.0349943933106103
-4.34326910223862,-0.0313634173668185
-4.31724086405777,-0.0277458892903188
-4.29121262587693,-0.0241447600735689
-4.26518438769608,-0.020562912542271
-4.23915614951523,-0.0170031567701721
-4.21312791133439,-0.0134682254768912
-4.18709967315354,-0.00996076938910204
-4.16107143497269,-0.00648335254540136
-4.13504319679185,-0.00303844752569438
-4.109014958611,0.000371569413071829
-4.08298672043015,0.00374442331148057
-4.05695848224931,0.00707794560715255
-4.03093024406846,0.0103700793712886
-4.00490200588762,0.0136188846913354
-3.97887376770677,0.0168225442053743
-3.95284552952592,0.0199793687899212
-3.92681729134508,0.0230878033985003
-3.90078905316423,0.026146433043687
-3.87476081498338,0.0291539889103243
-3.84873257680254,0.0321093545823928
-3.82270433862169,0.0350115723605844
-3.79667610044084,0.0378598496420804
-3.77064786226,0.0406535653284366
-3.74461962407915,0.043392276221882
-3.7185913858983,0.0460757233648493
-3.69256314771746,0.0487038382722274
-3.66653490953661,0.0512767490007486
-3.64050667135577,0.0537947859951653
-3.61447843317492,0.0562584876465183
-3.58845019499407,0.058668605493918
-3.56242195681323,0.0610261089979156
-3.53639371863238,0.0633321898108204
-3.51036548045153,0.0655882654672592
-3.48433724227069,0.0677959824169486
-3.45830900408984,0.0699572183210952
-3.43228076590899,0.0720740835341128
-3.40625252772815,0.0741489216934576
-3.3802242895473,0.0761843093423902
-3.35419605136645,0.0781830545133489
-3.32816781318561,0.0801481942034311
-3.30213957500476,0.0820829906781427
-3.27611133682392,0.0839909265451746
-3.25008309864307,0.0858756985463715
-3.22405486046222,0.0877412100233379
-3.19802662228138,0.0895915620201566
-3.17199838410053,0.0914310429954742
-3.14597014591968,0.0932641171256487
-3.11994190773884,0.0950954111906948
-3.09391366955799,0.0969297000453189
-3.06788543137714,0.0987718906883297
-3.0418571931963,0.100627004955037
-3.01582895501545,0.10250016086882
-2.9898007168346,0.104396552699757
-2.96377247865376,0.106321429789934
-2.93774424047291,0.108280074216709
-2.91171600229206,0.110277777376663
-2.88568776411122,0.112319815584123
-2.85965952593037,0.114411424788885
-2.83363128774953,0.116557774527955
-2.80760304956868,0.118763941235723
-2.78157481138783,0.121034881045811
-2.75554657320699,0.123375402225855
-2.72951833502614,0.125790137393555
-2.70349009684529,0.128283515668425
-2.67746185866445,0.130859734918662
-2.6514336204836,0.13352273426643
-2.62540538230275,0.136276167017501
-2.59937714412191,0.139123374182626
-2.57334890594106,0.142067358758142
-2.54732066776022,0.145110760932195
-2.52129242957937,0.148255834380465
-2.49526419139852,0.151504423811556
-2.46923595321768,0.154857943917153
-2.44320771503683,0.158317359875753
-2.41717947685598,0.161883169551258
-2.39115123867514,0.165555387519034
-2.36512300049429,0.169333531042233
-2.33909476231344,0.173216608110392
-2.3130665241326,0.177203107640504
-2.28703828595175,0.181290991928182
-2.2610100477709,0.185477691423111
-2.23498180959006,0.189760101888987
-2.20895357140921,0.194134583993577
-2.18292533322837,0.198596965359526
-2.15689709504752,0.203142545091317
-2.13086885686667,0.207766100778303
-2.10484061868583,0.212461897958289
-2.07881238050498,0.217223702010726
-2.05278414232413,0.222044792433417
-2.02675590414329,0.226917979441758
-2.00072766596244,0.231835622815203
-1.97469942778159,0.23678965290175
-1.94867118960075,0.241771593678165
-1.9226429514199,0.246772587751277
-1.89661471323905,0.251783423174191
-1.87058647505821,0.256794561940775
-1.84455823687736,0.261796170012277
-1.81852999869652,0.266778148721582
-1.79250176051567,0.271730167393415
-1.76647352233482,0.276641697012795
-1.74044528415398,0.281502044769332
-1.71441704597313,0.286300389301449
-1.68838880779228,0.29102581646245
-1.66236056961144,0.295667355429417
-1.63633233143059,0.300214014976284
-1.61030409324974,0.304654819734047
-1.5842758550689,0.30897884626385
-1.55824761688805,0.313175258772701
-1.5322193787072,0.317233344306661
-1.50619114052636,0.321142547262478
-1.48016290234551,0.324892503065802
-1.45413466416467,0.328473070872143
-1.42810642598382,0.331874365155581
-1.40207818780297,0.335086786059856
-1.37604994962213,0.338101048396671
-1.35002171144128,0.34090820918681
-1.32399347326043,0.343499693650892
-1.29796523507959,0.345867319568107
-1.27193699689874,0.348003319933052
-1.24590875871789,0.349900363852692
-1.21988052053705,0.351551575637412
-1.1938522823562,0.352950552051958
-1.16782404417535,0.354091377703804
-1.14179580599451,0.354968638557882
-1.11576756781366,0.355577433577742
-1.08973932963282,0.355913384503873
-1.06371109145197,0.355972643790096
-1.03768285327112,0.355751900728547
-1.01165461509028,0.355248385802784
-0.985626376909429,0.354459873316822
-0.959598138728583,0.353384682355537
-0.933569900547737,0.352021676138664
-0.90754166236689,0.350370259836695
-0.881513424186044,0.348430376922198
-0.855485186005197,0.346202504134509
-0.829456947824351,0.34368764513934
-0.803428709643504,0.340887322967633
-0.777400471462658,0.337803571319957
-0.751372233281812,0.334438924823957
-0.725343995100965,0.330796408332779
-0.699315756920119,0.326879525352105
-0.673287518739272,0.322692245682473
-0.647259280558426,0.31823899236191
-0.621231042377579,0.313524627991695
-0.595202804196733,0.308554440525328
-0.569174566015887,0.303334128597493
-0.54314632783504,0.297869786466162
-0.517118089654194,0.29216788863691
-0.491089851473347,0.286235274234159
-0.465061613292501,0.280079131179454
-0.439033375111654,0.273706980232088
-0.413005136930808,0.267126658942431
-0.386976898749962,0.260346305563356
-0.360948660569115,0.253374342960116
-0.334920422388269,0.246219462554042
-0.308892184207422,0.238890608330572
-0.282863946026576,0.231396960937344
-0.25683570784573,0.223747921893506
-0.230807469664883,0.215953097927069
-0.204779231484037,0.208022285452987
-0.17875099330319,0.199965455200846
-0.152722755122344,0.191792736997519
-0.126694516941497,0.183514404706935
-0.100666278760651,0.175140861326288
-0.0746380405798045,0.166682624235484
-0.0486098023989581,0.158150310594495
-0.0225815642181116,0.149554622881515
0.00344667396273479,0.140906334563374
0.0294749121435812,0.132216275888609
0.0555031503244277,0.123495319792863
0.0815313885052741,0.114754367905867
0.107559626686121,0.106004336649201
0.133587864866967,0.0972561434142327
0.159616103047813,0.0885206928100943
0.18564434122866,0.0798088629723478
0.211672579409506,0.0711314919239152
0.237700817590353,0.0624993639810555
0.263729055771199,0.0539231961985229
0.289757293952046,0.0454136248495635
0.315785532132892,0.0369811919380586
0.341813770313738,0.0286363317418931
0.367842008494585,0.0203893573884758
0.393870246675431,0.0122504474652587
0.419898484856278,0.00422963267006807
0.445926723037124,-0.00366321749195039
0.47195496121797,-0.0114184079559707
0.497983199398817,-0.0190264312789134
0.524011437579663,-0.026477980741895
0.55003967576051,-0.0337639633589968
0.576067913941356,-0.0408755127757588
0.602096152122203,-0.0478040020389713
0.628124390303049,-0.0545410562175593
0.654152628483895,-0.0610785648526659
0.680180866664742,-0.0674086942134066
0.706209104845588,-0.0735238993332386
0.732237343026435,-0.0794169358004325
0.758265581207281,-0.0850808712747829
0.784293819388128,-0.0905090967014289
0.810322057568974,-0.0956953371915072
0.836350295749821,-0.100633662538303
0.862378533930667,-0.105318497336627
0.888406772111513,-0.109744630672334
0.91443501029236,-0.11390722534819
0.940463248473206,-0.117801826611734
0.966491486654052,-0.121424370350356
0.992519724834899,-0.124771190718532
1.01854796301575,-0.12783902716202
1.04457620119659,-0.130625030803897
1.07060443937744,-0.133126770157497
1.09663267755828,-0.135342236131759
1.12266091573913,-0.137269846295097
1.14868915391998,-0.138908448364713
1.17471739210082,-0.140257322889362
1.20074563028167,-0.141316185094843
1.22677386846252,-0.142085185863043
1.25280210664336,-0.142564911817155
1.27883034482421,-0.142756384487765
1.30485858300506,-0.142661058536832
1.3308868211859,-0.142280819019212
1.35691505936675,-0.141617977664293
1.3829432975476,-0.140675268163461
1.40897153572844,-0.139455840452623
1.43499977390929,-0.137963253982721
1.46102801209013,-0.136201469975203
1.48705625027098,-0.134174842663646
1.51308448845183,-0.131888109527256
1.53911272663267,-0.129346380526656
1.56514096481352,-0.126555126357272
1.59116920299437,-0.123520165740731
1.61719744117521,-0.120247651779843
1.64322567935606,-0.116744057408054
1.66925391753691,-0.11301615996964
1.69528215571775,-0.109071024972245
1.7213103938986,-0.104915989058755
1.74733863207945,-0.10055864225077
1.77336687026029,-0.0960068095210819
1.79939510844114,-0.0912685317575857
1.82542334662198,-0.0863520461857967
1.85145158480283,-0.0812657663216633
1.87747982298368,-0.0760182615305379
1.90350806116452,-0.0706182362719788
1.92953629934537,-0.0650745091134464
1.95556453752622,-0.0593959915988836
1.98159277570706,-0.0535916670605889
2.00762101388791,-0.0476705694646596
2.03364925206876,-0.0416417623815772
2.0596774902496,-0.0355143181741757
2.08570572843045,-0.0292972974952758
2.1117339666113,-0.0229997291866359
2.13776220479214,-0.01663059066958
2.16379044297299,-0.0101987889156687
2.18981868115383,-0.00371314208312296
2.21584691933468,0.00281763809865211
2.24187515751553,0.00938496311810127
2.26790339569637,0.0159803835704494
2.29393163387722,0.0225956040781538
2.31995987205807,0.0292224971803966
2.34598811023891,0.0358531161355774
2.37201634841976,0.0424797065877215
2.39804458660061,0.0490947170551359
2.42407282478145,0.0556908082074633
2.4501010629623,0.0622608609054505
2.47612930114315,0.0687979829861916
2.50215753932399,0.0752955147852592
2.52818577750484,0.0817470333959355
2.55421401568568,0.0881463556746062
2.58024225386653,0.0944875400102383
2.60627049204738,0.100764886884616
2.63229873022822,0.106972938258609
2.65832696840907,0.113106475828118
2.68435520658992,0.119160518201356
2.71038344477076,0.125130317056825
2.73641168295161,0.131011352348515
2.76243992113246,0.136799326631556
2.7884681593133,0.142490158587643
2.81449639749415,0.148079975835027
2.840524635675,0.153565107112621
2.86655287385584,0.158942073931823
2.89258111203669,0.164207581792917
2.91860935021753,0.169358511065369
2.94463758839838,0.174391907632968
2.97066582657923,0.179304973405549
2.99669406476007,0.184095056798946
3.02272230294092,0.188759643283923
3.04875054112177,0.193296346102993
3.07477877930261,0.197702897251468
3.10080701748346,0.201977138815582
3.12683525566431,0.206117014756318
3.15286349384515,0.210120563222562
3.178891732026,0.213985909471491
3.20491997020685,0.217711259467698
3.23094820838769,0.221294894225575
3.25697644656854,0.224735164951882
3.28300468474939,0.228030489037391
3.30903292293023,0.231179346937972
3.33506116111108,0.234180279976662
3.36108939929192,0.237031889089111
3.38711763747277,0.239732834525446
3.41314587565362,0.242281836512119
3.43917411383446,0.244677676867801
3.46520235201531,0.246919201557844
3.49123059019616,0.249005324162466
3.517258828377,0.250935030224614
3.54328706655785,0.252707382434482
3.5693153047387,0.254321526599097
3.59534354291954,0.255776698337156
3.62137178110039,0.257072230431603
3.64740001928123,0.258207560765243
3.67342825746208,0.259182240758148
3.69945649564293,0.259995944219693
3.72548473382377,0.260648476522858
3.75151297200462,0.261139784004042
3.77754121018547,0.261469963487955
3.80356944836631,0.261639271834404
3.82959768654716,0.261648135401819
3.85562592472801,0.261497159321334
3.88165416290885,0.261187136475076
3.9076824010897,0.260719056073042
3.93371063927055,0.260094111724631
3.95973887745139,0.259313708903395
3.98576711563224,0.25837947170704
4.01179535381308,0.257293248818965
4.03782359199393,0.256057118582762
4.06385183017478,0.254673393107011
4.08988006835562,0.253144621324381
4.11590830653647,0.251473590936414
4.14193654471732,0.249663329183451
4.16796478289816,0.247717102387735
4.19399302107901,0.245638414226953
4.22002125925986,0.243431002705077
4.2460494974407,0.241098835797401
4.27207773562155,0.238646105757012
4.2981059738024,0.236077222080499
4.32413421198324,0.233396803141434
4.35016245016409,0.230609666510942
4.37619068834494,0.227720817995445
4.40221892652578,0.224735439432332
4.42824716470663,0.221658875294746
4.45427540288747,0.218496618166898
4.48030364106832,0.215254293161084
4.50633187924917,0.211937641356979
4.53236011743001,0.208552502352578
4.55838835561086,0.205104796024383
4.58441659379171,0.201600503601956
4.61044483197255,0.198045648168749
4.6364730701534,0.194446274707046
4.66250130833425,0.19080842980997
4.68852954651509,0.187138141187638
4.71455778469594,0.183441397097742
4.74058602287678,0.17972412583301
4.76661426105763,0.175992175399132
4.79264249923848,0.172251293516842
4.81867073741932,0.168507108080823
4.84469897560017,0.164765108206098
4.87072721378102,0.161030625989401
4.89675545196186,0.157308819108873
4.92278369014271,0.153604654380234
4.94881192832356,0.149922892381376
4.9748401665044,0.146268073250188
5.00086840468525,0.142644503752384
5.0268966428661,0.139056245707219
5.05292488104694,0.135507105849306
5.07895311922779,0.132000627194418
5.10498135740863,0.128540081966144
5.13100959558948,0.125128466128787
5.15703783377033,0.121768495559909
5.18306607195117,0.118462603883664
5.20909431013202,0.115212941973495
5.23512254831287,0.112021379120121
5.26115078649371,0.108889505848
5.28717902467456,0.105818638350871
5.31320726285541,0.102809824504482
5.33923550103625,0.099863851402486
5.3652637392171,0.0969812543497256
5.39129197739795,0.0941623272358439
5.41732021557879,0.0914071342015248
5.44334845375964,0.0887155224996684
5.46937669194048,0.0860871364446311
5.49540493012133,0.0835214323343219
5.52143316830218,0.0810176942225593
5.54746140648302,0.0785750504127039
5.57348964466387,0.0761924905382626
5.59951788284472,0.0738688830919483
5.62554612102556,0.0716029932616265
5.65157435920641,0.0693935009297042
5.67760259738726,0.0672390186918511
5.7036308355681,0.065138109751479
5.72965907374895,0.0630893055481587
5.7556873119298,0.0610911229810961
5.78171555011064,0.0591420810929101
5.80774378829149,0.0572407170842016
5.83377202647233,0.0553856015357627
5.85980026465318,0.0535753527226442
5.88582850283403,0.0518086499126756
5.91185674101487,0.0500842455512759
5.93788497919572,0.0484009762444872
5.96391321737657,0.0467577724629646
5.98994145555741,0.0451536669011071
6.01596969373826,0.0435878014374972
6.04199793191911,0.0420594326552242
6.06802617009995,0.0405679358933995
6.0940544082808,0.0391128078141069
6.12008264646165,0.0376936674820609
6.14611088464249,0.036310255967248
6.17213912282334,0.0349624344937007
6.19816736100418,0.0336501811701601
6.22419559918503,0.0323735863506467
6.25022383736588,0.0311328466847348
6.27625207554672,0.0299282579285424
6.30228031372757,0.0287602065979847
6.32830855190842,0.0276291605556215
6.35433679008926,0.0265356586313561
6.38036502827011,0.0254802993852583
6.40639326645096,0.0244637291277999
6.4324215046318,0.0234866293187635
6.45844974281265,0.0225497034709581
6.48447798099349,0.0216536636886123
6.51050621917434,0.0207992169728883
6.53653445735519,0.0199870514283493
6.56256269553604,0.0192178225044109
6.58859093371688,0.0184921394048286
6.61461917189773,0.0178105517961065
6.64064741007857,0.0171735369424196
6.66667564825942,0.0165814873902206
6.69270388644027,0.0160346993202271
6.71873212462111,0.0155333616779863
6.74476036280196,0.0150775461867821
6.77078860098281,0.014667198338321
6.79681683916365,0.014302129447523
6.8228450773445,0.0139820098479066
6.84887331552535,0.013706363293608
6.87490155370619,0.0134745626230896
6.90092979188704,0.0132858267281919
6.92695803006789,0.0131392188604497
6.95298626824873,0.013033646294651
6.97901450642958,0.012967861357562
7.00504274461042,0.0129404638176787
7.03107098279127,0.0129499046199138
7.05709922097212,0.0129944909373769
7.08312745915296,0.0130723925009666
7.10915569733381,0.0131816491564603
7.13518393551466,0.0133201795882577
7.1612121736955,0.0134857911389911
7.18724041187635,0.0136761906449464
7.21326865005719,0.0138889961987177
7.23929688823804,0.0141217497428135
7.26532512641889,0.0143719303911033
7.29135336459973,0.0146369683691008
7.31738160278058,0.0149142594591461
7.34340984096143,0.0152011798326434
7.36943807914227,0.0154951011486189
7.39546631732312,0.0157934057960339
7.42149455550397,0.0160935021565078
7.44752279368481,0.0163928397643835
7.47355103186566,0.016688924242376
7.49957927004651,0.0169793318933894
7.52560750822735,0.017261723832405
7.5516357464082,0.0175338595466202
7.57766398458905,0.0177936097772015
7.60369222276989,0.0180389686220433
7.62972046095074,0.0182680647657463
7.65574869913158,0.0184791717505782
7.68177693731243,0.0186707172103703
7.70780517549328,0.0188412909980761
7.73383341367412,0.018989652146981
7.75986165185497,0.0191147346152154
7.78588989003582,0.0192156517732174
7.81191812821666,0.0192916996040058
7.83794636639751,0.0193423585964867
7.86397460457836,0.0193672943224262
7.8900028427592,0.019366356698093
7.91603108094005,0.0193395779418253
7.94205931912089,0.0192871692488077
7.96808755730174,0.0192095162140896
7.99411579548259,0.0191071730442504
8.02014403366343,0.0189808556070388
8.04617227184428,0.0188314333767335
8.07220051002513,0.0186599203408075
8.09822874820597,0.0184674649406824
8.12425698638682,0.0182553391258836
8.15028522456767,0.0180249266066984
8.17631346274851,0.0177777103954755
8.20234170092936,0.0175152597309418
8.22836993911021,0.0172392164833443
8.25439817729105,0.0169512811408275
8.2804264154719,0.0166531984792295
8.30645465365274,0.0163467430184219
8.33248289183359,0.0160337043684454
8.35851113001444,0.0157158725680102
8.38453936819528,0.0153950235164713
8.41056760637613,0.0150729045981804
8.43659584455698,0.0147512205951928
8.46262408273782,0.014431619980709
8.48865232091867,0.0141156816814179
8.51468055909952,0.0138049023921048
8.54070879728036,0.0135006845205837
8.56673703546121,0.0132043248352364
8.59276527364206,0.0129170038812743
8.6187935118229,0.0126397762253317
8.64482175000375,0.012373561581228
8.6708499881846,0.0121191368627547
8.69687822636544,0.0118771292022253
8.72290646454629,0.011648009966335
8.74893470272714,0.0114320897936682
8.77496294090798,0.0112295146710404
8.80099117908883,0.0110402630588109
8.82701941726967,0.0108641440684187
8.85304765545052,0.010700796688727
8.87907589363137,0.0105496900513542
8.90510413181221,0.0104101247190689
8.93113236999306,0.0102812349755732
8.95716060817391,0.0101619920896197
8.98318884635475,0.010051208521437
9.0092170845356,0.0099475430348942
9.03524532271645,0.00984950667473823
9.06127356089729,0.00975546956459852
9.08730179907814,0.00966366847827139
9.11333003725898,0.00957221513408874
9.13935827543983,0.00947910515991407
9.16538651362068,0.00938222767450775
9.19141475180152,0.00927937542963218
9.21744298998237,0.00916825545631318
9.24347122816322,0.00904650015811866
9.26949946634406,0.00891167879412222
9.29552770452491,0.00876130929437707
9.32155594270576,0.00859287035117991
9.3475841808866,0.00840381373014587
9.37361241906745,0.00819157674609208
9.3996406572483,0.00795359484991409
9.42566889542914,0.00768731427399268
9.45169713360999,0.00739020468516353
9.47772537179083,0.00705977179586838
9.50375360997168,0.00669356988577242
9.52978184815253,0.00628921418781862
9.55581008633337,0.00584439309439992
9.58183832451422,0.00535688014100023
9.60786656269507,0.00482454572630141
9.63389480087591,0.00424536852931326
9.65992303905676,0.00361744658558387
9.68595127723761,0.00293900798592912
9.71197951541845,0.00220842116242227
9.7380077535993,0.00142420472755331
9.76403599178014,0.000585036833546784
9.79006422996099,-0.000310235980219106
9.81609246814184,-0.0012625904828809
9.84212070632268,-0.00227281902127002
9.86814894450353,-0.00334152239232646
9.89417718268438,-0.00446910334783683
9.92020542086522,-0.00565576075998014
9.94623365904607,-0.00690148447558524
9.97226189722692,-0.00820605088639834
9.99829013540776,-0.00956901924202684
10.0243183735886,-0.0109897287315158
10.0503466117695,-0.0124672963587098
10.0763748499503,-0.0140006156356223
10.1024030881311,-0.0155883561169384
10.128431326312,-0.0172289637975043
10.1544595644928,-0.0189206623931566
10.1804878026737,-0.0206614555235111
10.2065160408545,-0.0224491298133245
10.2325442790354,-0.0242812589267549
10.2585725172162,-0.0261552085462464
10.2846007553971,-0.0280681423048506
10.3106289935779,-0.0300170286775452
10.3366572317588,-0.0319986488335309
10.3626854699396,-0.0340096054475628
10.3887137081205,-0.0360463324641182
10.4147419463013,-0.0381051058036207
10.4407701844822,-0.0401820549950508
10.466798422663,-0.0422731757140858
10.4928266608438,-0.0443743432004673
10.5188548990247,-0.0464813265226008
10.5448831372055,-0.048589803651513
10.5709113753864,-0.0506953773002362
10.5969396135672,-0.0527935914785295
10.6229678517481,-0.0548799487066133
10.6489960899289,-0.0569499278253519
10.6750243281098,-0.0589990023341147
10.7010525662906,-0.0610226591814548
10.7270808044715,-0.0630164179278065
10.7531090426523,-0.0649758501937061
10.7791372808332,-0.0668965993016299
10.805165519014,-0.0687744000145036
10.8311937571948,-0.0706050982693081
10.8572219953757,-0.0723846708000886
10.8832502335565,-0.0741092445410919
10.9092784717374,-0.0757751156977996
10.9353067099182,-0.0773787683713384
10.9613349480991,-0.0789168926201785
10.9873631862799,-0.0803864018422511
11.0133914244608,-0.0817844493606329
11.0394196626416,-0.0831084440968378
11.0654479008225,-0.084356065217514
11.0914761390033,-0.0855252756430257
11.1175043771842,-0.0866143343099977
11.143532615365,-0.087621807084434
11.1695608535459,-0.0885465762274834
11.1955890917267,-0.0893878483223159
11.2216173299075,-0.0901451605778582
11.2476455680884,-0.0908183854333084
11.2736738062692,-0.0914077333963461
11.2997020444501,-0.091913754057766
11.3257302826309,-0.0923373352357867
11.3517585208118,-0.0926797002145106
11.3777867589926,-0.0929424030528244
11.4038149971735,-0.0931273219523758
11.4298432353543,-0.0932366506860417
11.4558714735352,-0.09327288810144
11.481899711716,-0.0932388257274053
11.5079279498969,-0.093137533524879
11.5339561880777,-0.0929723438372165
11.5599844262585,-0.0927468336084032
11.5860126644394,-0.0924648049509601
11.6120409026202,-0.0921302641583224
11.6380691408011,-0.091747399269047
11.6640973789819,-0.0913205563022553
11.6901256171628,-0.0908542142951301
11.7161538553436,-0.0903529592839411
11.7421820935245,-0.0898214573798898
11.7682103317053,-0.0892644270999228
11.7942385698862,-0.0886866111204839
11.820266808067,-0.0880927476288782
11.8462950462479,-0.0874875414524167
11.8723232844287,-0.0868756351497466
11.8983515226096,-0.0862615802516921
11.9243797607904,-0.0856498088404772
11.9504079989712,-0.0850446056563576
11.9764362371521,-0.0844500809194234
12.0024644753329,-0.0838701440516417
12.0284927135138,-0.083308478480083
12.0545209516946,-0.0827685176967577
12.0805491898755,-0.0822534227435699
12.1065774280563,-0.0817660612826584
12.1326056662372,-0.0813089884028526
12.158633904418,-0.0808844293022279
12.1846621425989,-0.0804942639748341
12.2106903807797,-0.0801400140167309
12.2367186189606,-0.0798228316525367
12.2627468571414,-0.0795434910689339
12.2887750953222,-0.0793023821260648
12.3148033335031,-0.0790995065016219
12.3408315716839,-0.0789344763058163
12.3668598098648,-0.0788065151884289
12.3928880480456,-0.0787144619419404
12.4189162862265,-0.0786567765874446
12.4449445244073,-0.0786315489128044
12.4709727625882,-0.0786365094154566
12.497001000769,-0.0786690425855404
12.5230292389499,-0.0787262024487528
12.5490574771307,-0.078804730272651
12.5750857153116,-0.0789010743251481
12.6011139534924,-0.0790114115598042
12.6271421916733,-0.0791316710893105
12.6531704298541,-0.0792575592964007
12.6791986680349,-0.0793845864203874
12.7052269062158,-0.0795080944477074
12.7312551443966,-0.079623286126324
12.7572833825775,-0.0797252549166487
12.7833116207583,-0.0798090156858487
12.8093398589392,-0.0798695359480396
12.83536809712,-0.0799017674499552
12.8613963353009,-0.0799006779002271
12.8874245734817,-0.0798612826404286
12.9134528116626,-0.0797786760574934
12.9394810498434,-0.0796480625400104
12.9655092880243,-0.0794647867851621
12.9915375262051,-0.0792243632686997
13.0175657643859,-0.0789225046972313
13.0435940025668,-0.0785551492702222
13.0696222407476,-0.0781184865883488
13.0956504789285,-0.0776089820551587
13.1216787171093,-0.077023399630253
13.1477069552902,-0.0763588228043441
13.173735193471,-0.075612673679437
13.1997634316519,-0.0747827300509378
13.2257916698327,-0.0738671404025863
13.2518199080136,-0.0728644367396453
13.2778481461944,-0.0717735452006279
13.3038763843753,-0.0705937944028977
13.3299046225561,-0.0693249214926285
13.355932860737,-0.067967075884732
13.3819610989178,-0.0665208206933678
13.4079893370986,-0.0649871318684061
13.4340175752795,-0.0633673950676473
13.4600458134603,-0.0616634003085915
13.4860740516412,-0.0598773344570212
13.512102289822,-0.0580117716225165
13.5381305280029,-0.0560696615431868
13.5641587661837,-0.0540543160533103
13.5901870043646,-0.0519693937381432
13.6162152425454,-0.049818882889855
13.6422434807263,-0.0476070828872952
13.6682717189071,-0.0453385841300812
13.694299957088,-0.04301824666425
13.7203281952688,-0.040651177642458
13.7463564334496,-0.0382427077663685
13.7723846716305,-0.0357983668624794
13.7984129098113,-0.0333238587451718
13.8244411479922,-0.0308250355222304
13.850469386173,-0.0283078714984941
13.8764976243539,-0.0257784368326816
13.9025258625347,-0.0232428711007923
13.9285541007156,-0.0207073569168837
13.9545823388964,-0.018178093758457
13.9806105770773,-0.0156612721392461
14.0066388152581,-0.0131630482668817
14.032667053439,-0.0106895193168142
14.0586952916198,-0.00824669944701978
14.0847235298007,-0.00584049667049162
14.1107517679815,-0.00347669069436846
14.1367800061623,-0.00116091182585409
14.1628082443432,0.00110137896410209
14.188836482524,0.0033049087379811
14.2148647207049,0.00544460997828264
14.2408929588857,0.0075156366022696
14.2669211970666,0.00951337855400652
14.2929494352474,0.0114334749333223
14.3189776734283,0.013271825631877
14.3450059116091,0.0150246014570166
14.37103414979,0.016688252734503
14.3970623879708,0.018259516391435
14.4230906261517,0.0197354215306495
14.4491188643325,0.0211132935175647
14.4751471025133,0.0223907566097063
14.5011753406942,0.0235657351680151
14.527203578875,0.0246364534973773
14.5532318170559,0.0256014343716286
14.5792600552367,0.0264594963054802
14.6052882934176,0.0272097496423719
14.6313165315984,0.0278515915331358
14.6573447697793,0.028384699885499
14.6833730079601,0.028809026368867
14.709401246141,0.0291247885624563
14.7354294843218,0.0293324613376885
14.7614577225027,0.0294327675678017
14.7874859606835,0.0294266682588616
14.8135141988644,0.0293153521967906
14.8395424370452,0.0291002252046511
14.865570675226,0.0287828991032689
14.8915989134069,0.0283651804663497
14.9176271515877,0.0278490592585841
14.9436553897686,0.0272366974418541
14.9696836279494,0.0265304176306166
14.9957118661303,0.0257326918728611
15.0217401043111,0.0248461306277899
15.047768342492,0.0238734720055913
15.0737965806728,0.022817571328432
15.0998248188537,0.0216813910651414
15.1258530570345,0.020467991185079
15.1518812952154,0.0191805199694031
15.1779095333962,0.0178222053105096
15.203937771577,0.0163963465228155
15.2299660097579,0.0149063066804229
15.2559942479387,0.0133555054895821
15.2820224861196,0.0117474126963526
15.3080507243004,0.010085542022507
15.3340789624813,0.00837344561562163
15.3601072006621,0.00661470899250063
15.386135438843,0.00481294644867046
15.4121636770238,0.00297179690071754
15.4381919152047,0.00109492012277281
15.4642201533855,-0.000814006666440922
15.4902483915664,-0.0027512919138907
15.5162766297472,-0.00471323259135994
15.5423048679281,-0.00669611685789076
15.5683331061089,-0.00869622658223256
15.5943613442897,-0.0107098397834672
15.6203895824706,-0.0127332330486988
15.6464178206514,-0.0147626839866353
15.6724460588323,-0.0167944737750692
15.6984742970131,-0.0188248898586655
15.724502535194,-0.0208502288511255
15.7505307733748,-0.022866799692724
15.7765590115557,-0.024870927110447
15.8025872497365,-0.0268589554235276
15.8286154879174,-0.0288272527321361
15.8546437260982,-0.0307722155213656
15.8806719642791,-0.032690273706544
15.9067002024599,-0.0345778961393354
15.9327284406407,-0.0364315965871675
15.9587566788216,-0.0382479401912739
15.9847849170024,-0.0400235504011839
16.0108131551833,-0.0417551163758746
16.0368413933641,-0.0434394008341308
16.062869631545,-0.0450732483289962
16.0888978697258,-0.046653593913649
16.1149261079067,-0.0481774721586645
16.1409543460875,-0.0496420264735291
16.1669825842684,-0.0510445186785199
16.1930108224492,-0.0523823387667409
16.2190390606301,-0.0536530147902839
16.2450672988109,-0.0548542227992324
16.2710955369918,-0.0559837967576115
16.2971237751726,-0.0570397383564587
16.3231520133534,-0.0580202266410258
16.3491802515343,-0.0589236273667223
16.3752084897151,-0.0597485019968661
16.401236727896,-0.0604936162545993
16.4272649660768,-0.0611579481415039
16.4532932042577,-0.0617406953365256
16.4793214424385,-0.0622412818907626
16.5053496806194,-0.0626593641365287
16.5313779188002,-0.0629948357328099
16.5574061569811,-0.0632478317737952
16.5834343951619,-0.0634187318925327
16.6094626333428,-0.0635081622979058
16.6354908715236,-0.0635169966899842
16.6615191097045,-0.0634463560063257
16.6875473478853,-0.0632976069599263
16.7135755860661,-0.0630723593381535
16.739603824247,-0.0627724620410865
16.7656320624278,-0.0623999978471378
16.7916603006087,-0.0619572769035491
16.8176885387895,-0.0614468289492631
16.8437167769704,-0.0608713942876678
16.8697450151512,-0.0602339135366963
16.8957732533321,-0.059537516193649
16.9218014915129,-0.0587855080617971
16.9478297296938,-0.0579813575952113
16.9738579678746,-0.0571286812272777
16.9998862060555,-0.0562312277568887
17.0259144442363,-0.0552928618742771
17.0519426824171,-0.054317546915801
17.077970920598,-0.0533093269436108
17.1039991587788,-0.0522723082519853
17.1300273969597,-0.0512106404071344
17.1560556351405,-0.0501284969313987
17.1820838733214,-0.0490300557459778
17.2081121115022,-0.0479194794885582
17.2341403496831,-0.0468008958234767
17.2601685878639,-0.0456783778623185
17.2861968260448,-0.0445559248121188
17.3122250642256,-0.0434374429666173
17.3382533024065,-0.042326727153327
17.3642815405873,-0.0412274427455442
17.3902220449708,-0.0401981103480346
17.4161935680252,-0.039297364380777
17.4421650211436,-0.0385284223125947
17.4681359356641,-0.0378943279100486
17.4941058420149,-0.0373979376543089
17.5200742693439,-0.0370419081946735
17.5460407451462,-0.0368286849770807
17.5720047948874,-0.0367604921002591
17.5979659416237,-0.0368393234427574
17.6239237056166,-0.0370669350944679
17.6498776039417,-0.037444839116518
17.6758271500924,-0.0379742986436205
17.7017718535744,-0.0386563243332576
17.7277112194944,-0.0394916721565406
17.7536447481385,-0.0404808425162895
17.7795719345415,-0.0416240806689549
17.8054922680455,-0.0429213784184919
17.8314052318474,-0.0443724770423198
17.8573103025329,-0.045976871402102
17.8832069495984,-0.0477338151853424
17.9090946349567,-0.0496423272177656
17.9349728124284,-0.0517011987811807
17.9608409272154,-0.0539090018670741
17.9866984153569,-0.0562640982925393
18.0125447031654,-0.0587646496023845
18.0383792066417,-0.0614086276793394
18.0642013308685,-0.0641938259832459
18.0900104693789,-0.0671178713399259
18.1158060035,-0.0701782362010525
18.1415873016689,-0.0733722512978229
18.1673537187196,-0.076697118613428
18.1931045951385,-0.0801499246022748
18.2188392562868,-0.0837276535875048
18.2445570115871,-0.0874272012725756
18.2702571536722,-0.0912453883074089
18.295938957493,-0.0951789738548175
18.3216016793829,-0.0992246691085113
18.3472445560768,-0.103379150719868
18.3728668036795,-0.107639074096756
18.3984676165818,-0.11200108654394
18.4240461663196,-0.116461840220849
18.4496016003737,-0.121018004898751
18.4751330409031,-0.125666280505454
18.5006395834109,-0.130403409451563
18.5261202953352,-0.135226188737936
18.5515742145607,-0.140131481849232
18.5770003478457,-0.145116230443269
18.6023976691577,-0.150177465850274
18.6277651179118,-0.155312320399907
18.6531015971038,-0.160518038597164
18.6784059713308,-0.165791988170902
18.7036770646917,-0.171131671020661
18.7289136585571,-0.176534734088801
18.7541144891996,-0.181998980185554
18.7792782452746,-0.18752237879459
18.8044035651383,-0.193103076885943
18.8294890339922,-0.198739409761807
18.8545331808394,-0.204429911958703
18.8795344752385,-0.210173328226953
18.9044913238382,-0.21596862460525
18.9294020666767,-0.221814999604498
18.9542649732247,-0.227711895510988
18.9790782381525,-0.233659009814504
19.0038399767989,-0.239656306762147
19.0285482203153,-0.245704029033561
19.0532009104598,-0.251802709527964
19.0777958940107,-0.257953183247973
19.1023309167666,-0.264156599259645
19.126803617099,-0.27041443270271
19.1512115190167,-0.276728496819368
19.1755520247014,-0.283100954964709
19.1998224064665,-0.28953433255645
19.2240197980877,-0.296031528916537
19.2481411854512,-0.302595828952237
19.2721833964559,-0.309230914619431
19.2961430901035,-0.315940876106221
19.3200167447016,-0.322730222670348
19.3438006450999,-0.329603893059405
19.3674908688687,-0.336567265438249
19.3910832713244,-0.343626166743264
19.4145734692935,-0.350786881378058
19.4379568234987,-0.358056159159534
19.4612284194405,-0.365441222416909
19.4843830466332,-0.372949772138744
19.5074151760455,-0.380589993054086
19.5303189355792,-0.388370557522995
19.5530880834087,-0.396300628098412
19.5757159789887,-0.404389858605026
19.5981955515229,-0.412648393560643
19.6205192656732,-0.421086865740894
19.6426790842766,-0.429716391657738
19.6646664278244,-0.438548564685224
19.6864721304504,-0.447595445520953
19.7080863921698,-0.456869549617263
19.7294987271142,-0.466383831150793
19.7506979075142,-0.476151663021083
19.7716719032087,-0.486186812276408
19.7924078164905,-0.49650341025655
19.8128918121655,-0.50711591661585
19.8331090427798,-0.518039076244635
19.8530435690997,-0.529287867942247
19.8726782760928,-0.540877443510931
19.8919947848865,-0.552823055739097
19.9109733614786,-0.565139973529562
19.9295928233631,-0.577843382211864
19.9478304457259,-0.590948266871037
19.9656618694882,-0.604469276348759
19.9830610142362,-0.618420565455737
20,-0.632815612916942
