0.144499865774002
0.144195521108275
0.143863076270215
0.143503880640471
0.143119410992541
0.142711263831096
0.142281147205279
0.141830872055238
0.141362343151273
0.140877549685531
0.14037855557626
0.139867489544205
0.139346535019881
0.138817919939154
0.138283906482947
0.137746780814888
0.137208842868464
0.136672396232741
0.136139738182994
0.135613149899744
0.135094886916711
0.134587169835127
0.134092175338782
0.133612027541047
0.13314878969204
0.132704456271083
0.132280945486621
0.131880092202906
0.131503641309994
0.131153241550954
0.130830439817659
0.130536675924164
0.130273277864415
0.130041457558902
0.129842307092922
0.129676795447221
0.129545765720096
0.12944993283838
0.12938988175327
0.129366066115531
0.129378807423326
0.129428294634685
0.129514584235523
0.129637600753064
0.129797137703538
0.129992858962141
0.130224300542413
0.130490872771438
0.130791862846572
0.131126437758816
0.131493647567399
0.131892429009684
0.132321609430136
0.132779911011773
0.13326595529334
0.133778267955301
0.134315283857689
0.134875352312933
0.13545674257687
0.136057649541387
0.136676199612386
0.137310456757141
0.137958428705484
0.138618073289737
0.139287304908763
0.139964001102009
0.140646009219931
0.14133115317766
0.142017240279233
0.142702068100115
0.14338343141607
0.144059129166717
0.144726971442214
0.145384786481604
0.146030427671201
0.146661780531224
0.147276769678443
0.147873365752099
0.148449592289662
0.14900353253813
0.149533336185585
0.150037225996603
0.150513504333828
0.150960559546703
0.151376872206869
0.151761021168281
0.152111689428531
0.152427669766388
0.152707870129049
0.152951318741236
0.153157168906965
0.153324703473697
0.153453338927665
0.153542629088466
0.153592268370594
0.153602094579487
0.153572091209873
0.153502389214828
0.153393268214927
0.153245157118308
0.153058634124277
0.152834426085387
0.152573407205612
0.152276597055417
0.151945157888058
0.15158039124547
0.15118373384642
0.150756752754326
0.150301139827168
0.149818705457186
0.14931137161357
0.148781164207017
0.148230204800792
0.147660701698755
0.147074940446595
0.146475273788233
0.14586411112489
0.145243907529651
0.144617152375401
0.143986357638674
0.143354045946262
0.142722738435184
0.142094942499942
0.141473139503641
0.140859772531683
0.140257234268141
0.139667855075692
0.139093891360066
0.138537514299251
0.138000799016402
0.137485714273226
0.136994112757895
0.136527722037995
0.136088136244931
0.1356768085514
0.135295044498215
0.13494399622086
0.134624657619776
0.134337860511564
0.134084271791137
0.133864391627314
0.133678552706709
0.133526920532809
0.133409494779217
0.133326111687998
0.133276447496148
0.133260022865341
0.133276208282514
0.133324230391415
0.133403179208211
0.13351201616754
0.133649582939146
0.13381461094946
0.134005731537245
0.134221486667773
0.134460340125912
0.134720689105107
0.135000876106461
0.135299201060053
0.135613933579233
0.135943325257977
0.136285621921357
0.136639075739962
0.137001957120454
0.137372566286567
0.137749244467581
0.138130384614665
0.138514441569481
0.138899941613959
0.139285491335248
0.139669785745411
0.140051615601457
0.140429873877723
0.140803561349406
0.141171791253101
0.141533792997566
0.141888914905422
0.142236625974153
0.142576516652546
0.142908298636383
0.143231803695001
0.143546981547859
0.143853896817753
0.144152725094543
0.1444437481502
0.144727348352607
0.145004002331817
0.145274273958238
0.145538806697579
0.145798315412146
0.14605357768233
0.146305424725722
0.146554731994283
0.146802409532277
0.147049392179291
0.147296629703584
0.147545076951132
0.147795684095249
0.148049387070306
0.148307098271132
0.148569697596908
0.148838023915013
0.149112867016166
0.149394960127548
0.14968497304528
0.149983505941794
0.150291083897326
0.150608152197949
0.150935072435449
0.15127211943686
0.151619479043758
0.151977246753535
0.152345427226886
0.152723934657711
0.153112593993701
0.153511142988018
0.153919235054865
0.154336442894394
0.154762262845389
0.15519611991762
0.155637373449617
0.15608532333213
0.156539216732549
0.156998255251285
0.157461602437512
0.157928391588774
0.158397733756861
0.158868725880983
0.159340458968718
0.159812026245427
0.160282531193825
0.160751095407151
0.161216866181927
0.161679023779453
0.162136788289168
0.162589426031449
0.163036255442591
0.163476652390301
0.16391005487414
0.164335967071813
0.164753962698991
0.165163687657395
0.165564861953065
0.165957280874016
0.166340815423804
0.166715412014729
0.167081091431529
0.167437947083265
0.167786142567718
0.168125908578854
0.168457539193755
0.168781387580799
0.169097861175732
0.169407416376596
0.169710552812195
0.17000780724192
0.170299747147198
0.170586964076712
0.17087006680868
0.171149674394056
0.171426409144405
0.171700889627496
0.171973723732342
0.172245501863562
0.172516790322534
0.17278812492992
0.173060004940842
0.173332887300247
0.173607181281973
0.173883243550676
0.174161373681213
0.174441810165338
0.174724726930708
0.175010230392281
0.17529835705126
0.175589071651827
0.175882265901155
0.17617775775349
0.176475291254619
0.176774536938774
0.177075092765996
0.177376485584202
0.177678173096781
0.177979546313365
0.178279932458596
0.178578598311258
0.178874753943944
0.179167556831626
0.179456116296029
0.179739498251482
0.180016730217111
0.180286806559625
0.180548693930653
0.180801336862544
0.181043663486706
0.181274591338963
0.181493033216973
0.181697903055469
0.181888121785993
0.182062623148744
0.182220359425298
0.182360307062081
0.182481472155758
0.182582895772963
0.182663659078126
0.182722888244517
0.182759759124995
0.182773501660367
0.18276340400465
0.182728816347987
0.182669154419399
0.182583902653049
0.182472617003172
0.182334927394382
0.182170539795642
0.181979237907789
0.181760884456233
0.181515422082145
0.181242873827307
0.18094334320966
0.180617013888561
0.180264148920823
0.179885089610678
0.179480253959086
0.179050134719978
0.17859529707342
0.178116375928021
0.177614072867301
0.177089152757181
0.176542440034158
0.175974814696108
0.175387208020041
0.174780598033337
0.174156004767235
0.173514485323311
0.17285712878561
0.172185051012762
0.171499389345892
0.170801297269377
0.170091939062441
0.169372484480278
0.168644103503717
0.167907961196497
0.167165212708852
0.166416998465451
0.165664439574668
0.164908633494707
0.16415064999036
0.163391527411938
0.162632269325476
0.1618738415204
0.161117169417702
0.160363135898199
0.159612579566735
0.158866293464213
0.158125024235224
0.157389471754729
0.15666028921285
0.155938083652374
0.15522341694909
0.15451680722063
0.153818730645154
0.153129623666957
0.152449885562074
0.151779881333122
0.151119944899074
0.150470382542447
0.149831476573507
0.149203489168611
0.14858666633773
0.147981241974606
0.147387441941804
0.14680548814229
0.146235602528957
0.145678011003871
0.145132947159805
0.144600655817947
0.144081396317481
0.143575445514957
0.143083100454081
0.142604680669673
0.142140530093006
0.1416910185296
0.141256542684681
0.140837526715929
0.140434422297769
0.140047708186292
0.139677889278806
0.139325495167051
0.13899107818817
0.138675210982548
0.138378483572609
0.138101499981516
0.137844874415423
0.137609227037414
0.137395179365558
0.137203349331448
0.137034346039315
0.136888764269085
0.136767178769761
0.136670138392035
0.136598160111208
0.136551722993222
0.136531262157875
0.136537162794123
0.13656975428276
0.136629304481654
0.136716014228214
0.136830012112732
0.136971349574862
0.137139996373589
0.137335836478813
0.137558664429977
0.137808182204118
0.138083996632344
0.138385617399971
0.138712455661551
0.139063823297672
0.139438932835881
0.139836898053269
0.140256735273316
0.14069736536447
0.141157616442685
0.14163622727486
0.142131851374716
0.14264306177732
0.143168356473084
0.143706164476808
0.144254852502146
0.144812732206845
0.145378067969237
0.145949085151813
0.146523978803307
0.147100922746627
0.147678078996126
0.14825360744432
0.148825675755058
0.149392469397539
0.14995220175334
0.150503124226919
0.151043536288788
0.151571795379835
0.152086326605084
0.152585632145473
0.153068300317188
0.153533014209473
0.153978559833871
0.154403833720403
0.154807849899282
0.155189746210411
0.15554878988704
0.155884382364634
0.156196063271094
0.156483513560019
0.15674655775466
0.156985165276504
0.157199450839042
0.157389673894168
0.157556237125709
0.15769968399188
0.157820695325727
0.157920085010047
0.157998794750563
0.158057887978415
0.158098542920068
0.158122044879623
0.158129777785074
0.158123215056253
0.158103909858035
0.158073484807667
0.158033621209924
0.15798604789798
0.157932529761533
0.15787485604662
0.15781482851382
0.157754249543072
0.15769491027408
0.157638578871291
0.157586989001697
0.15754182861213
0.157504729090485
0.157477254892227
0.157460893709802
0.157457047258134
0.157467022744259
0.157492025083494
0.157533149918232
0.157591377488736
0.157667567398107
0.15776245430604
0.157876644578166
0.158010613909695
0.158164705933885
0.158339131817624
0.158533970838144
0.15874917192679
0.1589845561578
0.159239820152359
0.159514540360842
0.15980817817921
0.160120085849013
0.160449513084553
0.160795614365324
0.161157456827182
0.161534028681574
0.161924248088852
0.162326972409036
0.162741007751545
0.163165118744267
0.163598038442005
0.16403847829468
0.164485138096821
0.164936715841637
0.165391917405479
0.165849465991582
0.166308111265654
0.166766638120112
0.167223875008402
0.167678701795939
0.168130057079598
0.168576944933376
0.169018441043692
0.169453698203816
0.169881951142917
0.170302520671304
0.170714817129311
0.171118343133107
0.171512695616276
0.171897567171328
0.172272746700292
0.172638119388193
0.172993666017462
0.173339461645153
0.173675673668225
0.174002559305077
0.174320462524008
0.174629810451262
0.174931109292916
0.175224939805979
0.175511952354824
0.175792861589424
0.17606844078188
0.176339515857456
0.176606959155791
0.176871682957226
0.177134632808258
0.177396780679112
0.177659117985371
0.177922648504428
0.178188381216506
0.178457323098929
0.17873047190142
0.179008808929405
0.179293291861658
0.179584847628164
0.179884365373777
0.180192689533145
0.180510613042475
0.180838870713931
0.181178132798886
0.181528998766764
0.181891991326833
0.18226755072101
0.18265602931643
0.1830576865272
0.183472684095389
0.183901081761746
0.184342833356953
0.184797783344298
0.185265663844447
0.185746092172455
0.186238568916308
0.186742476584997
0.187257078852397
0.187781520421141
0.188314827527994
0.188855909109221
0.189403558640876
0.189956456664962
0.190513174008015
0.191072175693856
0.191631825547095
0.192190391478567
0.192746051438127
0.193296900014416
0.193840955655235
0.194376168476148
0.19490042861905
0.19541157511659
0.195907405212835
0.196385684085269
0.196844154908384
0.197280549194754
0.197692597345651
0.198078039340066
0.198434635488482
0.198760177175979
0.199052497518245
0.199309481853895
0.199529077997153
0.199709306176462
0.199848268586924
0.19994415848765
0.19999526877907
0.2
0.199956867689676
0.199864509066077
0.199721688978501
0.19952730509951
0.199280392328895
0.198980126390166
0.198625826608106
0.198216957864072
0.197753131733841
0.197234106820779
0.196659788304909
0.196030226735837
0.195345616104505
0.194606291235209
0.193812724545127
0.192965522223777
0.192065419889197
0.191113277781201
0.190110075554775
0.189056906738475
0.187954972923608
0.186805577749923
0.185610120752646
0.184370091133856
0.183087061518558
0.181762681752327
0.180398672793208
0.178996820745684
0.17755897107906
0.176087023066645
0.174582924475785
0.173048666532089
0.171486279174396
0.169897826610063
0.168285403173248
0.166651129482135
0.164997148884463
0.163325624174619
0.161638734559762
0.159938672847309
0.158227642821489
0.156507856772824
0.154781533141241
0.153050894231186
0.151318163955604
0.149585565565035
0.147855319318259
0.146129640052072
0.144410734609682
0.142700799090011
0.141002015883718
0.13931655046604
0.13764654792148
0.135994129180889
0.134361386957495
0.132750381374867
0.131163135286534
0.129601629293909
0.128067796476222
0.126563516853196
0.125090611608108
0.123650837105594
0.122245878744915
0.120877344695367
0.119546759565936
0.118255558066171
0.117005078719362
0.115796557692587
0.114631122810745
0.113509787823534
0.112433446995163
0.111402870086618
0.110418697799365
0.109481437747551
0.108591461023012
0.107748999413835
0.106954143332749
0.106206840506446
0.105506895470931
0.104853969911443
0.104247583878247
0.103687117901892
0.103171816023418
0.102700789746491
0.10227302290975
0.101887377468808
0.101542600168419
0.101237330076508
0.100970106943
0.100739380337981
0.100543519515504
0.100380823941687
0.100249534418444
0.100147844727564
0.100073913713774
0.100025877720075
0.100001863284048
0.1
0.100018433448835
0.100055338095439
0.100108930052084
0.100177479606055
0.100259323410235
0.100352876236839
0.100456642196842
0.100569225330859
0.100689339481288
0.100815817360419
0.100947618734847
0.101083837652954
0.101223708649243
0.101366611867073
0.101512077049555
0.101659786357192
0.101809575980038
0.101961436521716
0.10211551214251
0.102272098458824
0.102431639206474
0.102594721685542
0.102762071014713
0.102934543233107
0.103113117297466
0.103298886032145
0.103493046098548
0.103696887059374
0.103911779621229
0.104139163146741
0.104380532534165
0.104637424568612
0.104911403854271
0.105204048441445
0.105516935265623
0.10585162551832
0.106209650070836
0.106592495072504
0.107001587844287
0.107438283186855
0.107903850219398
0.108399459861522
0.108926173065593
0.109484929900879
0.110076539583866
0.110701671541186
0.111360847582794
0.112054435253455
0.11278264242026
0.113545513142956
0.114342924862399
0.115174586930529
0.116040040493058
0.116938659723625
0.11786965439573
0.11883207376625
0.119824811732153
0.12084661320999
0.121896081676249
0.122971687795662
0.124071779054196
0.125194590303951
0.126338255118514
0.127500817849613
0.12868024626934
0.129874444676733
0.13108126734326
0.132298532168763
0.133524034417786
0.134755560405826
0.13599090100611
0.137227864849833
0.138464291096508
0.139698061656042
0.140927112750411
0.142149445710233
0.143363136910086
0.14456634675597
0.145757327648853
0.146934430859518
0.148096112261983
0.149240936885321
0.150367582256746
0.151474840522131
0.152561619343575
0.153626941587081
0.154669943826719
0.1556898737046
0.156686086198579
0.157658038861508
0.158605286107123
0.159527472627988
0.160424326040347
0.161295648859013
0.162141309912596
0.162961235315199
0.163755399115292
0.164523813745586
0.165266520399462
0.165983579459792
0.166675061104777
0.167341036212812
0.167981567684326
0.168596702293107
0.169186463172908
0.169750843037102
0.170289798220062
0.170803243618737
0.171291048601809
0.171753033941903
0.172188969813764
0.172598574888236
0.172981516538449
0.173337412160977
0.173665831601051
0.173966300657378
0.17423830562881
0.174481298852315
0.174694705169441
0.174877929246999
0.175030363667051
0.175151397691713
0.175240426599789
0.175296861484995
0.175320139399605
0.175309733722782
0.175265164629731
0.175186009536184
0.175071913392561
0.174922598703487
0.174737875151168
0.174517648705383
0.174261930108447
0.173970842630498
0.173644628998556
0.173283657412141
0.172888426568474
0.172459569631441
0.171997857090416
0.171504198467432
0.170979642844141
0.17042537819312
0.169842729511342
0.169233155766828
0.168598245682471
0.16793971239362
0.167259387028065
0.166559211268467
0.165841228967868
0.16510757689855
0.16436047472315
0.163602214284423
0.162835148316311
0.162061678683995
0.16128424426428
0.160505308580021
0.159727347303267
0.158952835741472
0.158184236419408
0.157423986866499
0.156674487715093
0.155938091209889
0.155217090222353
0.15451370785662
0.153830087725211
0.153168284963965
0.152530258046097
0.151917861445294
0.151332839187455
0.150776819320184
0.150251309318554
0.1497576924352
0.149297224992472
0.148871034604473
0.148480119307272
0.148125347566635
0.147807459124358
0.147527066636699
0.147284658051709
0.147080599666415
0.146915139799872
0.146788413014172
0.146700444812528
0.146651156741572
0.146640371824039
0.146667820247963
0.146733145239464
0.146835909047984
0.146975598975497
0.147151633384607
0.147363367624608
0.147610099819276
0.147891076465444
0.148205497797132
0.148552522876061
0.148931274375661
0.149340843032204
0.149780291743163
0.150248659299429
0.150744963744378
0.151268205358932
0.151817369277647
0.152391427746362
0.152989342037038
0.153610064040005
0.154252537557917
0.154915699329191
0.155598479811613
0.156299803759042
0.157018590625776
0.157753754834143
0.15850420594122
0.159268848740352
0.160046583332271
0.160836305199243
0.161636905313755
0.16244727031084
0.1632662827504
0.164092821492683
0.164925762206646
0.165763978027269
0.166606340374018
0.167451719938742
0.168298987847317
0.169147016995421
0.169994683555012
0.170840868644421
0.171684460151535
0.172524354696392
0.173359459716686
0.17418869565718
0.175010998242006
0.175825320807133
0.17663063666914
0.177425941505647
0.178210255722529
0.178982626783173
0.17974213147572
0.180487878095234
0.181219008519255
0.181934700156957
0.182634167754322
0.183316665040144
0.183981486200338
0.184627967170852
0.185255486742447
0.185863467473582
0.186451376410672
0.187018725617924
0.187565072521755
0.188090020077471
0.188593216768287
0.189074356448903
0.189533178047683
0.189969465142935
0.190383045429877
0.190773790095534
0.191141613119067
0.191486470514847
0.191808359534981
0.192107317846999
0.19238342270097
0.19263679009857
0.192867573974512
0.193075965398374
0.193262191802233
0.193426516236739
0.19356923665534
0.193690685223417
0.193791227646134
0.193871262505952
0.193931220598031
0.193971564249234
0.193992786604238
0.193995410860349
0.1939799894311
0.193947103017669
0.193897359566519
0.193831393091592
0.193749862339791
0.193653449279448
0.193542857392998
0.193418809757054
0.193282046895653
0.193133324395416
0.192973410274838
0.192803082103713
0.192623123872917
0.19243432261914
0.192237464813823
0.192033332530264
0.191822699407639
0.191606326435406
0.191384957586158
0.191159315329338
0.19093009606235
0.190697965499255
0.190463554060529
0.190227452310073
0.189990206487835
0.189752314187943
0.18951422023312
0.189276312796315
0.18903891981997
0.18880230578207
0.188566668856152
0.188332138509783
0.188098773582672
0.187866560881588
0.187635414324734
0.187405174663089
0.187175609800746
0.186946415730289
0.186717218093082
0.186487574367849
0.186256976684376
0.186024855252544
0.185790582390337
0.185553477128056
0.185312810359744
0.185067810506974
0.184817669654604
0.18456155011308
0.184298591357288
0.184027917288015
0.18374864375869
0.183459886307342
0.183160768031684
0.182850427543814
0.182528026940368
0.182192759723894
0.181843858611881
0.181480603171141
0.181102327217069
0.18070842591978
0.180298362561993
0.179871674896945
0.179427981058363
0.178966984978661
0.178488481275865
0.1779923595744
0.177478608229569
0.176947317430388
0.176398681660279
0.175833001499933
0.175250684761384
0.174652246946942
0.174038311031076
0.173409606567559
0.172766968128227
0.172111333083434
0.171443738737799
0.170765318838072
0.170077299472873
0.169380994386755
0.168677799733443
0.167969188295275
0.167256703197764
0.166541951149959
0.16582659524273
0.165112347338505
0.164400960087131
0.163694218603612
0.16299393184445
0.162301923720174
0.161620023982466
0.160950058925083
0.160293841938474
0.159653163958743
0.159029783852286
0.15842541877811
0.157841734570532
0.157280336185565
0.156742758254943
0.156230455792289
0.15574479509644
0.155287044897388
0.154858367790607
0.154459812005758
0.154092303555837
0.1537566388127
0.153453477554625
0.153183336531023
0.152946583588674
0.152743432402816
0.152573937855103
0.152437992098857
0.152335321350085
0.152265483440503
0.152227866166205
0.152221686462717
0.152245990433892
0.152299654258556
0.152381385994875
0.152489728298219
0.152623062063787
0.152779611000495
0.15295744713759
0.153154497260236
0.153368550264875
0.153597265419612
0.153838181509142
0.154088726838015
0.154346230060163
0.154607931796857
0.15487099699946
0.155132528007691
0.15538957824855
0.155639166515709
0.155878291764005
0.156103948348795
0.156313141635357
0.156502903899264
0.156670310434831
0.156812495785287
0.156926670005363
0.157010134864501
0.157060299896938
0.157074698203531
0.157051001909319
0.156987037180667
0.15688079870616
0.156730463546505
0.156534404260351
0.156291201215288
0.155999653996278
0.15565879182743
0.155267882927345
0.154826442723194
0.15433424085428
0.153791306902016
0.153197934789996
0.152554685805146
0.151862390198762
0.15112214733448
0.150335324358962
0.149503553380073
0.148628727146718
0.147712993234065
0.14675874674766
0.145768621569768
0.144745480181166
0.143692402101441
0.142612671000496
0.141509760543474
0.140387319040446
0.139249152981007
0.138099209542239
0.136941558166288
0.135780371310976
0.134619904483316
0.133464475671578
0.132318444296409
0.131186189805603
0.130072090040204
0.128980499501848
0.127915727652382
0.126882017377062
0.125883523741734
0.124924293172621
0.124008243184458
0.123139142778917
0.122320593630451
0.121556012171026
0.120848612678618
0.12020139146701
0.119617112266314
0.119098292874889
0.118647193153985
0.118265804426625
0.117955840332003
0.117718729176197
0.117555607809223
0.11746731704774
0.117454398651834
0.117517093853688
0.117655343425449
0.117868789263427
0.118156777456005
0.118518362793333
0.118952314668151
0.119457124308979
0.120031013279501
0.120671943171291
0.121377626411149
0.122145538099238
0.122972928790006
0.123856838124465
0.124794109219904
0.125781403721429
0.126815217418832
0.12789189633228
0.129007653170965
0.13015858407029
0.131340685515226
0.13254987136014
0.133781989858626
0.135032840620523
0.136298191417405
0.137573794762248
0.138855404193632
0.140138790199708
0.141419755722132
0.14269415118521
0.143957889000486
0.145206957501993
0.146437434272197
0.147645498823325
0.14882744460325
0.149979690299328
0.151098790417542
0.152181445118027
0.15322450929145
0.154225000863864
0.155180108320506
0.156087197441613
0.156943817245683
0.157747705137729
0.158496791262046
0.159189202060766
0.159823263041182
0.160397500756371
0.160910644005207
0.161361624259387
0.161749575326635
0.162073832260901
0.162333929532048
0.16252959846941
0.162660763995522
0.162727540668503
0.162730228053856
0.162669305448915
0.162545425985817
0.162359410141664
0.162112238687474
0.161805045110554
0.16143910754806
0.161015840272671
0.160536784774485
0.160003600486348
0.159418055202872
0.15878201524626
0.158097435434728
0.157366348911711
0.156590856896115
0.155773118415584
0.154915340086011
0.154019766001325
0.153088667797828
0.152124334957083
0.151129065410448
0.150105156506827
0.149054896403081
0.147980555933748
0.146884381013257
0.145768585619815
0.144635345405416
0.143486791971227
0.142325007841782
0.141152022165182
0.139969807159761
0.138780275320661
0.137585277392374
0.136386601105766
0.135185970670412
0.133985047005351
0.132785428683686
0.131588653558957
0.130396201033911
0.12920949492536
0.128029906872263
0.126858760228175
0.125697334373718
0.124546869380004
0.123408570949817
0.12228361556015
0.121173155727198
0.120078325313372
0.119000244795213
0.117940026411328
0.116898779110651
0.115877613223403
0.114877644780121
0.113899999407979
0.112945815738328
0.112016248264843
0.111112469597873
0.110235672067454
0.109387068634873
0.108567893080606
0.107779399444814
0.10702286070519
0.106299566685871
0.105610821200061
0.104957938438033
0.10434223862105
0.103765042950479
0.103227667889745
0.102731418824847
0.102277583156664
0.101867422885311
0.101502166753119
0.101183002018516
0.100911065937898
0.100687437036719
0.100513126254165
0.100389068048125
0.100316111548569
0.100295011847885
0.10032642151629
0.100410882429078
0.100548817990145
0.100740525833157
0.10098617107772
0.101285780213195
0.101639235677319
0.102046271190679
0.102506467901351
0.103019251386811
0.103583889552514
0.104199491458561
0.104865007097534
0.10557922813817
0.106340789640923
0.107148172742959
0.107999708301619
0.108893581477084
0.109827837226928
0.110800386677505
0.111809014329788
0.112851386050412
0.113925057792322
0.115027484983701
0.116156032518678
0.117307985278881
0.118480559111127
0.119670912183498
0.120876156639738
0.122093370470362
0.123319609518061
0.124551919534889
0.125787348209416
0.12702295708336
0.128255833279262
0.129483100963462
0.130701932471894
0.131909559030096
0.133103281003172
0.134280477616277
0.135438616091406
0.136575260151871
0.137688077851677
0.138774848693148
0.139833470002366
0.140861962538413
0.141858475318772
0.142821289649697
0.143748822356698
0.144639628216487
0.14549240159784
0.14630597732461
0.147079330779737
0.147811577274362
0.14850197071105
0.14914990157472
0.149754894288977
0.150316603979293
0.150834812687725
0.15130942508666
0.151740463741423
0.152128063973379
0.152472468376573
0.152774021041761
0.153033161542128
0.153250418734877
0.153426404432363
0.153561806995454
0.153657384900428
0.153713960328913
0.153732412828224
0.153713673086959
0.153658716867871
0.153568559136984
0.15344424842454
0.153286861449825
0.153097498038205
0.152877276354823
0.152627328475429
0.152348796310819
0.152042827897246
0.15171057406117
0.151353185462667
0.150971810017901
0.150567590697279
0.150141663692184
0.149695156939756
0.149229188991844
0.148744868211222
0.148243292275349
0.147725547965402
0.147192711216083
0.146645847399731
0.146086011816675
0.145514250362425
0.144931600341362
0.144339091395915
0.143737746519928
0.143128583124937
0.142512614128407
0.141890849033647
0.141264294972072
0.14063395767972
0.140000842381439
0.139365954557908
0.138730300572661
0.138094888138432
0.137460726604543
0.136828827049535
0.136200202165924
0.135575865926654
0.134956833025686
0.134344118087946
0.133738734646768
0.133141693889781
0.132554003176985
0.131976664337518
0.131410671754192
0.130857010247443
0.130316652772648
0.129790557946981
0.129279667423991
0.128784903135864
0.128307164424928
0.12784732508731
0.127406230352735
0.12698469382533
0.126583494410869
0.126203373256234
0.125845030726915
0.125509123448204
0.125196261435247
0.124907005336445
0.124641863813758
0.124401291082256
0.124185684629943
0.12399538313724
0.123830664613817
0.12369174476851
0.123578775626036
0.123491844402074
0.123430972646013
0.123396115658393
0.123387162187717
0.123403934408977
0.123446188183905
0.123513613600688
0.12360583578868
0.123722416001506
0.123862852959989
0.124026584444435
0.124212989124127
0.124421388610334
0.124651049717819
0.124901186918656
0.125170964971262
0.125459501706821
0.125765870954764
0.126089105588728
0.126428200674301
0.126782116700051
0.127149782873664
0.127530100465548
0.12792194618299
0.128324175558814
0.128735626339491
0.129155121858821
0.129581474384492
0.130013488426179
0.130449963995166
0.13088969980691
0.131331496419343
0.131774159301095
0.132216501825188
0.132657348185025
0.133095536230739
0.133529920225046
0.133959373518825
0.134382791147462
0.134799092349834
0.135207223012357
0.135606158041056
0.135994903664889
0.136372499673772
0.13673802159476
0.137090582809733
0.137429336617676
0.137753478244279
0.138062246801071
0.138354927195708
0.13863085199433
0.138889403236119
0.13913001419936
0.139352171117368
0.139555414841754
0.139739342449474
0.139903608789196
0.140047927961474
0.140172074726312
0.140275885830714
0.140359261247968
0.140422165319497
0.140464627789369
0.140486744720772
0.140488679283148
0.140470662398048
0.140432993231313
0.140376039518754
0.140300237712213
0.140206092932673
0.140094178717001
0.139965136544926
0.139819675132992
0.139658569482504
0.139482659668887
0.139292849360429
0.13909010405505
0.138875449024602
0.138649966957212
0.138414795289313
0.138171123220389
0.137920188404944
0.137663273317884
0.137401701291402
0.137136832223458
0.136870057960191
0.136602797356986
0.13633649102545
0.136072595776286
0.13581257877087
0.135557911397307
0.135310062889806
0.135070493713354
0.13484064873885
0.134621950237064
0.134415790722981
0.134223525685222
0.134046466238256
0.133885871738049
0.133742942404508
0.133618811996567
0.133514540588027
0.133431107494176
0.133369404400757
0.133330228748087
0.133314277423807
0.133322140818067
0.133354297294693
0.13341110813115
0.133492812978807
0.13359952589317
0.13373123198132
0.133887784710805
0.134068903920709
0.134274174571515
0.134503046265795
0.13475483356665
0.135028717135302
0.135323745703272
0.135638838888313
0.13597279085665
0.136324274827286
0.136691848407172
0.137073959738955
0.137468954435995
0.137875083272331
0.138290510588459
0.138713323367159
0.13914154092733
0.139573125177869
0.140005991368176
0.140438019266913
0.140867064696315
0.141290971345609
0.141707582784063
0.142114754591887
0.142510366525618
0.142892334633861
0.143258623239212
0.143607256702988
0.143936330890941
0.144244024260417
0.144528608492486
0.144788458596266
0.145022062417093
0.145228029485102
0.145405099146354
0.145552147924599
0.14566819606816
0.145752413243133
0.145804123341096
0.145822808376609
0.14580811145708
0.14575983881477
0.145677960897956
0.145562612525256
0.145414092114046
0.145232860000403
0.145019535874303
0.144774895359634
