0.547772973155494
0.545483539065441
0.543272757965071
0.541160717084082
0.539170718863296
0.53732876436755
0.535662912846771
0.534202535033257
0.532977482281989
0.532017197428407
0.531349796068566
0.531001148714342
0.530993994844037
0.531347119212821
0.532074618921182
0.53318528673249
0.534682132105905
0.536562056538432
0.538815694299126
0.54142742372715
0.544375548208178
0.547632639999486
0.551166034493644
0.55493845752443
0.558908764125852
0.563032763915223
0.567264106096662
0.571555196033276
0.575858115423043
0.580125519291162
0.584311485188371
0.588372293025199
0.592267117706373
0.595958620961419
0.599413433284981
0.602602521486203
0.605501441788873
0.608090482526074
0.610354704062719
0.612283886516036
0.613872398025497
0.615118997689429
0.616026587819091
0.616601929889525
0.616855337558772
0.616800358488714
0.616453454568563
0.61583368767581
0.614962415483354
0.613862999214447
0.612560522832335
0.611081521087173
0.609453712262702
0.607705730470731
0.605866851995688
0.603966710514752
0.602034996987617
0.600101141556624
0.598193976816141
0.596341384159356
0.594569927425528
0.59290448057076
0.591367858386093
0.589980461211918
0.588759945990749
0.587720936734557
0.586874787470588
0.586229409928103
0.585789176644323
0.585554907856139
0.585523947606958
0.585690331077575
0.586045041420935
0.586576350539137
0.587270234492999
0.588110850783276
0.589081061776378
0.590162986228919
0.591338559321843
0.592590080931649
0.593900732082737
0.595255040632956
0.596639279190563
0.598041780949876
0.599453162435117
0.60086644590064
0.602277078176755
0.603682846891397
0.605083699057917
0.606481470827178
0.607879540603787
0.609282420590781
0.610695304050775
0.612123587080928
0.613572384451507
0.615046059041865
0.616547783641099
0.618079152408845
0.619639857184044
0.621227441176843
0.62283713948902
0.624461812503022
0.626091974590015
0.627715916949625
0.629319919845792
0.630888546178198
0.632405005352973
0.633851573902797
0.635210057350882
0.636462276489907
0.637590560604634
0.638578230226624
0.639410052762005
0.640072655739056
0.640554884412483
0.64084809293988
0.640946361194452
0.640846632361344
0.640548769637185
0.640055533465856
0.63937248365544
0.638507813302901
0.637472123595663
0.636278150181018
0.634940452843876
0.633475080692645
0.63189922493689
0.630230870695075
0.628488458169137
0.62669056205925
0.624855596375363
0.623001549946634
0.621145756049058
0.619304697769546
0.617493849090513
0.615727550281529
0.614018915069724
0.612379766250365
0.610820595892453
0.609350546070463
0.607977406075766
0.606707622282807
0.605546317213755
0.604497314809777
0.603563169431462
0.602745196638306
0.602043504311979
0.601457023176333
0.600983536225619
0.600619707006084
0.600361107114689
0.600202243692449
0.600136588105415
0.600156607423177
0.60025380071228
0.600418742538512
0.600641136384963
0.600909880900525
0.601213151949671
0.60153850329191
0.601872988337265
0.602203304772937
0.602515962923923
0.602797477506805
0.603034580996298
0.603214455209512
0.60332497600914
0.603354964340235
0.603294435267214
0.603134835395612
0.602869258171616
0.602492626163194
0.602001829628268
0.601395811524847
0.600675590633468
0.599844216618381
0.598906653580499
0.597869591838874
0.596741191166535
0.595530762318892
0.594248397226405
0.592904561468235
0.591509665395664
0.590073632348014
0.588605483645254
0.587112960338232
0.585602200987272
0.584077493015626
0.582541112495932
0.580993263680308
0.579432125333243
0.577854006167871
0.576253606649049
0.574624379358026
0.572958975266431
0.571249758886472
0.569489371573489
0.567671319447133
0.565790560616645
0.563844065741991
0.561831326478887
0.55975478802829
0.557620184769825
0.555436761682219
0.553217368774291
0.550978420862567
0.548739720503838
0.546524147475091
0.544357223637337
0.542266567080531
0.540281253900511
0.538431109612531
0.536745954906121
0.535254832085622
0.53398523906407
0.532962397182935
0.532208577466819
0.531742507290726
0.531578875981407
0.531727953772898
0.532195333994545
0.532981803606943
0.534083342439511
0.535491246935644
0.53719237007046
0.53916946553493
0.541401621403927
0.543864766407115
0.546532230637657
0.549375342056817
0.552364040432892
0.555467491304785
0.558654684069634
0.561895000226644
0.565158740022991
0.568417598100414
0.57164508110124
0.5748168624467
0.577911071559455
0.580908516605404
0.583792841345659
0.586550617914934
0.589171378299053
0.591647588012659
0.593974566031977
0.596150355474886
0.598175549897659
0.600053080440997
0.601787969439359
0.603387056520178
0.604858703656681
0.606212486073201
0.607458876292245
0.608608928903276
0.609673973763649
0.610665325253392
0.611594014847055
0.612470553602875
0.613304730188226
0.614105448772127
0.61488060955873
0.615637032974476
0.61638042664383
0.617115392399428
0.617845468788221
0.618573202973946
0.619300244708787
0.620027454247942
0.620755015779856
0.621482548180175
0.622209205671341
0.62293376224584
0.623654675416197
0.624370126881642
0.625078039915826
0.625776075529203
0.626461611583071
0.627131710872192
0.627783085606783
0.628412066595211
0.629014585673459
0.629586179505297
0.630122021792764
0.630616989241072
0.631065764410631
0.631462975995118
0.631803374252199
0.632082036465719
0.632294594625496
0.63243747515817
0.632508138696934
0.632505306676992
0.632429161085927
0.632281504037037
0.632065864972578
0.631787545196527
0.631453591989612
0.631072697638468
0.630655022149138
0.630211942023908
0.629755731061384
0.629299182496591
0.628855184749514
0.628436265440771
0.628054120040453
0.627719142459818
0.627439975039548
0.627223094742086
0.627072450972318
0.626989168422231
0.626971325784842
0.627013818257213
0.627108308611764
0.627243268422321
0.627404107942546
0.627573390289722
0.627731123103125
0.627855118810751
0.627921413105772
0.627904730225597
0.627778983129559
0.627517796644434
0.62709504202362
0.626485372061293
0.625664746821651
0.62461094108676
0.623304025700338
0.62172681600617
0.619865281482979
0.617708911418182
0.615251032020671
0.612489070751699
0.609424763880669
0.606064303396931
0.602418419493035
0.598502394952854
0.594336008006569
0.589943400627327
0.585352869905256
0.580596581091086
0.575710202180846
0.570732461517209
0.565704631788106
0.560669945958488
0.555672953001008
0.55075882369876
0.545972619163882
0.541358536925055
0.536959151355956
0.532814666720202
0.528962202081855
0.525435127677481
0.52226247199342
0.519468417697132
0.517071902723782
0.515086340243483
0.513519467991485
0.512373333628039
0.511644418533338
0.511323897889413
0.511398030229784
0.511848665037536
0.512653852637617
0.513788536750949
0.515225306836109
0.516935184898056
0.518888419923135
0.521055262600179
0.523406693561694
0.525915080034215
0.528554738481703
0.531302384471718
0.534137455456364
0.537042297263756
0.540002210631928
0.543005359852445
0.546042551277805
0.54910689483549
0.552193366542329
0.555298294108133
0.558418790872752
0.561552165394076
0.564695334904619
0.567844270544554
0.570993500779581
0.574135696798305
0.577261360082186
0.580358627921702
0.583413207619206
0.586408444699248
0.589325524878649
0.592143804067842
0.59484125550509
0.59739501846614
0.599782029011874
0.601979710066352
0.603966695847168
0.60572356434778
0.607233551206037
0.608483218857298
0.609463056306314
0.610167987076801
0.610597765810916
0.610757247479885
0.610656517112952
0.610310872233098
0.609740654684097
0.608970933126068
0.60803104205069
0.606953987610065
0.605775734754809
0.604534394028803
0.603269329763576
0.602020214250453
0.600826054644457
0.599724220779087
0.598749502667215
0.597933226169383
0.59730245408964
0.596879297802547
0.596680361449353
0.596716336830425
0.596991762468547
0.597504955066198
0.598248115908192
0.599207608877828
0.600364400890698
0.601694649947768
0.603170420909681
0.604760504725705
0.606431313414962
0.608147820757938
0.60987451752738
0.611576350227516
0.613219613715663
0.614772770684523
0.616207174660034
0.61749767773743
0.618623109510222
0.619566619283203
0.620315879421369
0.620863153288109
0.621205236395348
0.621343283879331
0.62128254102183
0.621031996102193
0.620603976294773
0.620013707586818
0.619278858817551
0.618419088026491
0.617455606501642
0.616410772437372
0.615307722184672
0.614170042962054
0.613021486859182
0.611885722264455
0.610786115715236
0.609745534801036
0.608786161292951
0.607929303216427
0.607195195156157
0.606602777643861
0.606169448932028
0.605910785642588
0.605840232494328
0.60596876531619
0.60630453558279
0.60685250849435
0.607614109905927
0.608586899954869
0.609764292844621
0.611135342771424
0.612684615342528
0.614392162010166
0.61623361208235
0.6181803928831
0.620200083794847
0.622256904449521
0.624312331506632
0.626325832556174
0.62825570001046
0.630059962694927
0.631697348483886
0.633128267987293
0.63431578716368
0.635226555939135
0.635831660513908
0.636107369030776
0.636035743589157
0.635605096079942
0.634810270796268
0.633652743008008
0.632140529402039
0.630287913196565
0.628114993540171
0.625647075217775
0.622913920440634
0.6199488893635
0.616787999759257
0.613468938850138
0.610030061559691
0.606509409382498
0.602943782696421
0.599367896744845
0.595813647821801
0.592309511569062
0.588880089942379
0.585545817547714
0.582322831925521
0.579223006213304
0.576254136679937
0.57342027212125
0.570722167234285
0.568157838017425
0.565723194109774
0.563412720881254
0.56122018306766
0.559139321822001
0.557164518191154
0.555291398150304
0.55351735732474
0.55184198725456
0.550267389342496
0.548798367279708
0.547442493570859
0.546210050579045
0.545113851092319
0.54416894760261
0.543392243135
0.542802019451538
0.542417400695372
0.542257771992209
0.542342173179764
0.542688687721513
0.543313846041673
0.544232061084247
0.545455111961899
0.546991689244883
0.548847012876187
0.55102253101375
0.553515705411466
0.556319886359902
0.559424277797248
0.562813991030939
0.566470183617526
0.57037027834761
0.574488255969648
0.578795014241175
0.583258785087589
0.587845601039901
0.592519801675509
0.597244570464564
0.601982492200037
0.606696121042137
0.611348549127614
0.615903965682471
0.620328196643113
0.624589214954119
0.628657611994268
0.632507021012219
0.636114484055045
0.639460754668679
0.64253052965539
0.645312604397306
0.647799947694169
0.649989693704407
0.651883050395702
0.653485125867448
0.654804675954869
0.655853778605429
0.656647442566741
0.657203159870421
0.657540413363542
0.657680152054341
0.657644248230151
0.657454951108656
0.657134352143827
0.656703876984414
0.656183818450904
0.655592923751378
0.654948047513241
0.654263880104547
0.653552758215512
0.652824561849101
0.652086698828951
0.651344174788384
0.650599743481124
0.649854129283106
0.649106311064427
0.648353854322776
0.647593276691895
0.646820430758501
0.646030887600907
0.645220304635867
0.644384762228743
0.643521055055425
0.642626926340369
0.641701235742513
0.64074405470358
0.639756686375923
0.638741610661316
0.637702358264178
0.636643320840767
0.635569507167738
0.634486257633267
0.633398931168367
0.632312579909048
0.631231627366251
0.63015956566711
0.629098686537639
0.628049859173979
0.627012366075388
0.625983805389046
0.624960065464552
0.623935374266391
0.622902423182648
0.621852561733225
0.620776056848449
0.619662407873085
0.61850070634694
0.617280027994597
0.615989843271925
0.614620432288382
0.613163289948904
0.611611507710029
0.609960119373396
0.608206399779087
0.606350107031527
0.604393660902612
0.602342252217545
0.600203880246313
0.59798931731103
0.595712001898674
0.59338786347446
0.591035083871939
0.588673801556087
0.586325766195171
0.584013951831194
0.581762137515848
0.579594464599395
0.577534979952549
0.575607174301103
0.573833524596967
0.572235048974804
0.570830882384574
0.569637880476024
0.568670258763374
0.56793927353101
0.567452950359394
0.567215865551896
0.567228985118115
0.567489565301966
0.567991117914552
0.568723442922297
0.569672729831259
0.570821728384039
0.572149987937553
0.573634163618087
0.575248385964219
0.576964689289427
0.578753492456933
0.580584124203154
0.582425383626594
0.584246125037831
0.586015855110506
0.587705329252369
0.589287133397492
0.590736237068274
0.592030503621953
0.593151144120666
0.594083102269092
0.594815359351974
0.595341150055439
0.595658082427804
0.59576815796106
0.595677690764809
0.595397127952481
0.594940776542262
0.594326445259449
0.593575012476441
0.592709934007995
0.59175670646992
0.590742303304074
0.589694601290606
0.588641815359361
0.587611958759882
0.586632344174172
0.585729139216356
0.584926987052208
0.58424869971475
0.583715028241102
0.583344510180069
0.583153391498225
0.583155616622532
0.583362877466979
0.583784709946099
0.584428624797495
0.585300258600466
0.586403530729945
0.587740792622423
0.589312957108836
0.591119597604011
0.593159009513974
0.595428229184174
0.597923008897995
0.600637749670664
0.603565396694951
0.606697305118024
0.610023086218932
0.613530445895079
0.617205028567
0.621030280122195
0.624987343325214
0.62905499824251
0.633209658719269
0.637425433882159
0.64167426113015
0.645926114235225
0.65014928713558
0.654310750899113
0.658376578294867
0.662312427556856
0.666084074367885
0.669657978923713
0.673001873234864
0.676085352638693
0.678880454861744
0.681362209904889
0.683509144514913
0.685303726031529
0.686732731917636
0.687787533238227
0.688464282683455
0.688764000358211
0.688692553401853
0.688260528470699
0.687482999123721
0.686379193110253
0.684972067381515
0.683287801254038
0.681355220467903
0.679205166839618
0.676869829751936
0.674382056805783
0.671774661550297
0.669079746286735
0.666328057506334
0.663548390581181
0.660767058906175
0.658007440828885
0.655289615456366
0.652630095860274
0.650041665391352
0.647533319848152
0.645110315215174
0.642774317688506
0.640523649837973
0.63835362410569
0.63625695249591
0.634224219343573
0.632244402517971
0.630305427365736
0.628394737147533
0.626499863679083
0.624608982333633
0.622711436465085
0.620798217617446
0.618862389532344
0.616899445877272
0.614907593712909
0.612887956916895
0.610844696005997
0.608785042978063
0.606719251869738
0.604660467648694
0.602624517797598
0.60062963248279
0.598696100528393
0.596845869541837
0.595102099472466
0.593488679648184
0.592029719942861
0.590749027192995
0.589669578312518
0.588813001747614
0.588199078957003
0.587845277476106
0.587766326797059
0.587973847737413
0.588476045145135
0.589277472667181
0.590378876874326
0.591777126281365
0.593465228743157
0.595432438378687
0.597664450635423
0.600143681434843
0.602849623636609
0.605759271437712
0.608847600906795
0.612088092766781
0.615453281897298
0.618915316933488
0.622446512867249
0.626019879758711
0.629609611553125
0.633191520547534
0.636743405201879
0.640245341645332
0.643679892266222
0.64703222804644
0.650290164648965
0.653444115527108
0.656486968339909
0.659413893589802
0.662222096530776
0.664910524943786
0.667479546292429
0.669930608044788
0.672265894602034
0.674487993369613
0.676599581128872
0.678603140123136
0.680500711282476
0.682293689899701
0.68398266695659
0.685567317292371
0.687046333996914
0.6884174068677
0.689677241536823
0.690821614971387
0.691845462473522
0.692742991029955
0.693507813844463
0.69413310107677
0.694611742149811
0.694936515414194
0.69510026141836
0.695096056477691
0.69491738362862
0.694558298370186
0.694013586824238
0.693278914087948
0.692350960621076
0.69122754452728
0.689907727581864
0.688391902859478
0.68668186185703
0.684780839119806
0.682693532588663
0.680426098212624
0.677986117825806
0.675382539872754
0.672625593274573
0.66972667554263
0.666698217140369
0.663553525031594
0.660306609292366
0.656971997554674
0.653564542840351
0.650099230978994
0.646590994230899
0.643054537906584
0.639504186647316
0.635953756576218
0.632416458731252
0.628904838050882
0.625430750720848
0.622005380947409
0.618639296260098
0.615342538347084
0.612124744287028
0.608995290974928
0.60596345366562
0.60303856799914
0.600230183743129
0.597548197891945
0.595002954782642
0.592605301579236
0.590366588860339
0.588298608105121
0.586413460552895
0.584723355117123
0.583240336633114
0.581975949546299
0.580940846016818
0.580144351123541
0.579594001190104
0.579295074028645
0.579250131924945
0.579458599323962
0.579916397310462
0.580615656057425
0.581544524430692
0.582687092943538
0.584023442355869
0.585529825566617
0.58717898525479
0.588940604217923
0.590781879790756
0.592668208363965
0.594563961118196
0.596433327877982
0.598241202675953
0.599954082359068
0.601540948472659
0.602974102774847
0.604229928054585
0.605289548384245
0.606139366412614
0.606771459630581
0.607183822518088
0.607380446880788
0.607371238269867
0.607171771910564
0.606802896818448
0.60629020155478
0.60566335919269
0.60495537240235
0.604201742026186
0.60343958405899
0.60270672057
0.602040769841581
0.60147825992353
0.601053788012442
0.600799245681473
0.600743127139344
0.600909934525417
0.601319690885234
0.601987568044947
0.602923633228083
0.604132715032443
0.605614386389283
0.607363059423276
0.609368184764348
0.611614545858809
0.614082637200421
0.61674911415315
0.61958730115792
0.622567744590057
0.625658796341843
0.628827214322021
0.632038766465721
0.635258825507715
0.63845294266233
0.641587389447507
0.644629658160836
0.647548912933587
0.650316384825351
0.65290570604635
0.655293180074274
0.65745798613399
0.65938231819601
0.661051460286715
0.662453801452566
0.663580795144662
0.664426869052537
0.664989292482536
0.665268009215177
0.66526544436053
0.664986294039458
0.664437306737279
0.66362706489842
0.662565774758878
0.661265071560067
0.659737846175621
0.657998097844779
0.656060816184546
0.653941893999306
0.651658070679437
0.649226904244022
0.646666768404071
0.643996869469754
0.64123727656376
0.63840895749391
0.635533811834891
0.632634692314855
0.62973540552896
0.626860683326576
0.624036116945141
0.621288047079698
0.618643404556505
0.616129498080928
0.613773747600265
0.611603364095887
0.609644979021064
0.607924229048443
0.606465304196519
0.605290469676677
0.604419573850461
0.603869556421725
0.603653972326445
0.603782547648579
0.604260784218462
0.605089629290224
0.606265225812836
0.607778757292148
0.609616399097539
0.61175938533049
0.614184197103308
0.616862874360861
0.619763449328685
0.62285049542287
0.626085781166394
0.629429014493365
0.632838658965489
0.636272800052964
0.639690036915557
0.643050373212151
0.646316079495452
0.649452499804901
0.652428776205105
0.655218467231808
0.657800039454404
0.660157215543671
0.662279167197292
0.664160546831219
0.66580135786352
0.667206669444589
0.668386187355618
0.669353698238019
0.670126409076079
0.670724207707364
0.671168872894285
0.671483264021267
0.671690520709459
0.671813301553866
0.671873088840458
0.67188958261144
0.671880202990998
0.671859714485896
0.671839980296181
0.671829848794392
0.671835168547668
0.671858922847697
0.671901469936173
0.671960871187864
0.672033286609279
0.672113415239499
0.672194957448635
0.672271076700749
0.672334840001474
0.672379618848475
0.672399435860378
0.672389246156184
0.672345146750206
0.672264511467984
0.672146052935338
0.671989816826959
0.671797116598399
0.671570419226479
0.671313193959914
0.671029736701159
0.670724982423993
0.670404317052266
0.670073398601375
0.669737995268495
0.669403845727307
0.669076544326585
0.668761451396566
0.668463626606018
0.66818778143546
0.667938245453284
0.667718940277394
0.667533354907547
0.667384516511296
0.667274951686528
0.667206634617038
0.667180920266702
0.667198462685202
0.667259120477006
0.667361853368736
0.66750461546226
0.667684252064595
0.66789640785011
0.668135454475432
0.668394445606797
0.668665106640898
0.668937865243539
0.66920192726356
0.669445400693087
0.669655468245745
0.669818606927059
0.66992085079214
0.669948091035485
0.669886405734889
0.669722410058272
0.669443616600516
0.669038794787322
0.668498317982565
0.667814487061442
0.666981819741995
0.665997295864796
0.664860550025347
0.663574004438746
0.662142936589927
0.660575478033234
0.658882542592022
0.657077684116745
0.655176885838082
0.653198285155889
0.651161839396848
0.649088939620902
0.647001980930548
0.644923898913543
0.642877682806606
0.640885876686019
0.63897008045313
0.63715046257342
0.635445296434867
0.633870531806348
0.632439412196892
0.631162147945193
0.630045653617881
0.629093356785513
0.628305083508276
0.627677023940166
0.627201779402174
0.62686849014124
0.626663040848941
0.626568338932456
0.626564658581827
0.626630041930971
0.626740747128482
0.626871731971529
0.626997160953261
0.627090923157167
0.627127148410075
0.627080709471041
0.626927698761234
0.626645869189655
0.626215029947646
0.625617389668611
0.624837841009267
0.623864182434856
0.622687274715749
0.621301131305977
0.619702943325121
0.617893041265416
0.615874796771611
0.613654468881373
0.611240999970821
0.608645767335524
0.605882296871611
0.602965945728075
0.599913561103391
0.596743122577117
0.593473375513909
0.590123463158271
0.586712565049352
0.583259549312697
0.57978264620962
0.576299150019308
0.572825155867288
0.569375337472811
0.565962770950004
0.562598808757022
0.55929300665107
0.556053105097352
0.552885065035127
0.549793156276682
0.546780095170322
0.543847226569625
0.540994743694986
0.538221938224832
0.535527471979946
0.532909660919885
0.530366761892662
0.527897252684623
0.525500096401511
0.523174982046413
0.520922534297391
0.518744486861458
0.516643815313512
0.514624826932875
0.512693206638707
0.510856019616002
0.509121672543488
0.507499836426016
0.506001334857864
0.504638002081274
0.503422515459039
0.502368206973401
0.501488858135551
0.500798482293698
0.500311097824815
0.500040495151045
0.5
0.50020223488564
0.500658880468961
0.501380438296999
0.502375996429855
0.503652999646673
0.505217026254144
0.507071573971617
0.509217857889759
0.511654624040716
0.514377982618668
0.517381265292288
0.520654911301267
0.524186387082763
0.527960143997139
0.531957618297272
0.53615727680973
0.540534710883678
0.545062780045417
0.549711805518437
0.554449812388593
0.5592428177781
0.564055161012031
0.568849870488759
0.573589060869339
0.578234353339407
0.582747311117698
0.587089882118442
0.591224840733297
0.595116221074516
0.598729734687709
0.602033166653824
0.604996745094
0.607593480293615
0.6097994708916
0.611594175754551
0.612960651193145
0.613885754011555
0.614360311455192
0.61437925940423
0.613941750139001
0.613051230692307
0.611715492240619
0.609946690231199
0.6077613340732
0.605180244328456
0.602228474518271
0.598935194010922
0.595333528056693
0.5914603509628
0.587356028697538
0.583064107902879
0.578630949370429
0.574105305460861
0.569537842658408
0.564980612363295
0.560486475032589
0.556108484770178
0.551899243323707
0.547910234060641
0.5441911477712
0.54078921300702
0.537748544060908
0.535109519603266
0.53290820442279
0.531175825709586
0.529938313930044
0.529215916657576
0.529022891838908
0.529367284996819
0.530250792901649
0.531668714383253
0.533609987286144
0.536057309158326
0.538987338150841
0.542370969807334
0.546173684932616
0.550355963513923
0.554873759674812
0.559679032799642
0.564720330195253
0.569943416870333
0.575291948128303
0.580708180611275
0.586133717140333
0.591510280130517
0.596780507500859
0.601888763860917
0.606781958372984
0.611410359128172
0.615728392223505
0.619695412094586
0.623276428166928
0.626442771668113
0.629172685621067
0.631451820734824
0.63327362022431
0.634639577600527
0.635559353220319
0.636050737876819
0.636139454913442
0.635858796180761
0.635249091512086
0.634357016120484
0.63323474523874
0.631938970235778
0.630529795139414
0.629069536767634
0.627621455322693
0.626248445160492
0.625011717370993
0.623969506693325
0.623175835087757
0.622679362991532
0.622522356942384
0.62273979895594
0.62335865892705
0.62439734656159
0.625865354131182
0.627763095890512
0.630081944521048
0.632804459674237
0.635904798771859
0.639349295844562
0.643097190480703
0.647101486006747
0.651309913876252
0.655665979914597
0.660110067520089
0.664580573094698
0.669015049778018
0.673351336876326
0.677528654094726
0.68148864167301
0.68517632968101
0.688541021946735
0.691537082290488
0.694124612863778
0.696270016411603
0.697946436183281
0.699134069024641
0.699820348924218
0.7
0.699674959647251
0.698854174364423
0.697553272665708
0.695794121491378
0.693604274636251
0.691016323904279
0.68806716591146
0.684797199625654
0.681249471757774
0.677468788898725
0.673500816719544
0.669391187510127
0.665184637727647
0.660924196981182
0.656650448942501
0.652400883024147
0.648209353319987
0.644105658311376
0.640115251290065
0.636259087454481
0.632553609341765
0.629010867825381
0.62563877150813
0.622441453144989
0.619419737903353
0.616571694958218
0.61389325125169
0.611378844317489
0.609022089947568
0.606816440192694
0.604755807742373
0.602835134091763
0.601050881016842
0.599401427663507
0.597887358912094
0.596511634492881
0.595279632477384
0.594199065126175
0.593279769505264
0.592533379658979
0.591972891319066
0.591612134012785
0.591465168888256
0.591545633491746
0.591866057007004
0.592437171011467
0.593267241543635
0.594361448154745
0.595721334603468
0.597344353939389
0.599223527934716
0.601347237223116
0.603699154184125
0.606258325701273
0.608999407585108
0.611893046881659
0.61490640269803
0.618003790799868
0.621147432304428
0.624298282534217
0.627416912716184
0.630464414884743
0.633403299204791
0.636198353052325
0.638817432595091
0.64123216026079
0.643418505260092
0.645357229081162
0.647034183375149
0.64844045365076
0.64957234840583
0.650431239447788
0.651023264900639
0.651358911491744
0.651452496921356
0.651321576254891
0.650986298214834
0.650468737924454
0.649792232076191
0.648980740737481
0.6480582572012
0.647048283623873
0.645973385899558
0.644854836543275
0.64371234956772
0.642563906687665
0.641425669914673
0.640311971913882
0.63923537254448
0.638206767905168
0.637235537009843
0.636329710926974
0.635496149777234
0.634740714301621
0.634068420653938
0.633483569478944
0.632989843038008
0.632590366962491
0.632287735983742
0.632084005557673
0.631980653546122
0.631978517941713
0.6320777179654
0.632277566697437
0.632576483725244
0.632971916135188
0.633460275591486
0.634036898302026
0.634696033445516
0.635430864207962
0.636233564028158
0.637095389054207
0.638006806229438
0.638957654908265
0.639937338491297
0.640935041294283
0.641939964748618
0.642941576087283
0.643929861910922
0.644895578464786
0.645830490100468
0.646727587260505
0.647581275425943
0.648387526825063
0.649143987334195
0.649850031924425
0.6505067632307
0.651116949342099
0.651684898720715
0.652216272222046
0.652717834464519
0.653197149212908
0.653662225915013
0.654121126961937
0.654581547516548
0.655050381752505
0.655533290947873
0.656034289970613
0.656555369181009
0.657096168583958
0.657653720146629
0.658222272543436
0.658793210227116
0.659355075717384
0.659893700449715
0.660392445572349
0.66083254988305
0.661193577840981
0.661453956465574
0.661591586134916
0.661584507000889
0.661411600105722
0.661053300442776
0.66049229824391
0.659714204744912
0.658708159582604
0.657467358771404
0.655989484810836
0.654277023769772
0.652337458029925
0.650183327581538
0.647832157167898
0.645306250990181
0.642632360935097
0.639841238215001
0.636967081775856
0.634046899721652
0.631119802244176
0.628226246085048
0.625407251374706
0.622703611801476
0.620155118499774
0.617799816868483
0.615673313814432
0.613808150749738
0.612233255151934
0.610973480721915
0.610049243247113
0.609476256293131
0.609265367898901
0.609422496624023
0.609948662670205
0.61084010744105
0.612088492875496
0.613681170239636
0.61560150682807
0.617829258235832
0.620340973529049
0.623110420766167
0.626109020886235
0.629306278955172
0.632670203097717
0.636167703079526
0.63976496236409
0.643427779464752
0.64712187644712
0.650813174411435
0.654468037599315
0.658053489332366
0.661537404221547
0.664888681923225
0.668077408119718
0.671075008353369
0.673854399854968
0.676390145618125
0.678658613744178
0.680638143602409
0.682309218718388
0.683654644629624
0.684659728344737
0.685312454616768
0.685603653086999
0.685527149547279
0.685079894156919
0.684262059458017
0.683077101456012
0.681531777839002
0.679636118544995
0.677403345278038
0.674849738136808
0.671994449163206
0.668859264255987
0.665468316446798
0.661847754938582
0.658025375512598
0.654030218893647
0.649892144416674
0.64564138687275
0.641308104753339
0.636921928292895
0.632511515768416
0.628104126485429
0.623725218789863
0.619398081309309
0.61514350544484
0.610979506890104
0.606921103616681
0.602980157290878
0.599165284427116
0.595481842684903
0.591931996533847
0.588514865009535
0.585226752446313
0.582061460908468
0.579010680583667
0.576064451715302
0.573211688825295
0.570440755132891
0.567740072344718
0.56509874852655
0.562507204721102
0.559957779496633
0.557445289830052
0.55496752675235
0.552525665086249
0.550124568418162
