0.585788368543556
0.587284101928672
0.588976234602571
0.590841261946438
0.592853772815686
0.59498696731922
0.597213179812863
0.599504393059171
0.601832730700671
0.604170916813894
0.60649269325973
0.608773187712463
0.610989227521209
0.613119596820129
0.615145236451562
0.617049388204906
0.618817686526335
0.620438202162851
0.621901443133611
0.623200318960067
0.624330074245002
0.625288197501344
0.626074310645014
0.626690043847576
0.627138899569353
0.627426108643003
0.627558480331955
0.627544247423507
0.627392906698806
0.627115054603588
0.626722217659686
0.626226677124199
0.625641287617148
0.62497928987652
0.62425411842107
0.623479205650882
0.622667784727175
0.621832694373893
0.62098618946076
0.620139761791431
0.619303975870795
0.618488324515785
0.617701108974342
0.616949347717296
0.616238717278049
0.615573527465679
0.614956732017756
0.614389974354966
0.613873666627622
0.613407098788896
0.612988573077175
0.612615558123635
0.612284855994957
0.611992774896267
0.611735300039414
0.611508255350168
0.611307449246282
0.611128798645866
0.610968426619607
0.610822730619246
0.610688419919929
0.610562522715204
0.610442365102294
0.610325525891722
0.610209772672123
0.610092985769694
0.609973077586909
0.609847915229593
0.60971525429925
0.609572691226255
0.609417640562207
0.609247342274187
0.609058902351724
0.608849368031911
0.608615836769867
0.608355595843861
0.608066287307176
0.607746091003585
0.60739391666608
0.607009594823478
0.606594055433516
0.606149482908344
0.605679436536401
0.605188926242034
0.604684435138358
0.6041738823674
0.603666522203199
0.603172778212135
0.602704014293522
0.602272247521015
0.601889810722026
0.601568975517833
0.601321548957182
0.60115845878076
0.601089343642755
0.60112216520508
0.601262858856907
0.601515038878659
0.601879772183425
0.602355432384809
0.602937642947945
0.603619314701705
0.604390779173335
0.605240015221071
0.606152962467716
0.607113911264816
0.608105955524474
0.60911149191103
0.610112746732064
0.611092310520637
0.612033659833739
0.612921646238718
0.613742933807862
0.614486368633762
0.615143266814067
0.615707610894706
0.616176148735309
0.616548392976576
0.616826523542005
0.617015199689728
0.61712129184893
0.617153546654715
0.617122201091384
0.617038563360567
0.616914578944328
0.61676240031685
0.616593977899386
0.616420688222133
0.616253012960903
0.616100279692719
0.61597047202031
0.615870113319282
0.615804224932966
0.615776356339788
0.615788681791051
0.615842155284754
0.615936713597247
0.616071515502096
0.61624520429696
0.616456180336854
0.616702870412057
0.616983981464516
0.617298727244224
0.617647017990731
0.618029605002086
0.618448173939239
0.618905382825404
0.619404842859114
0.619951042295896
0.620549215704083
0.621205162811341
0.621925022884747
0.62271501209122
0.623581132536641
0.624528862657386
0.625562839319644
0.626686542357955
0.627901992348761
0.629209472167617
0.630607282326558
0.63209153924474
0.63365602449183
0.635292091688462
0.636988636187284
0.638732130934614
0.640506730074847
0.642294439960495
0.644075355325342
0.645827956522598
0.647529461978504
0.64915622841525
0.650684190000651
0.652089326423916
0.653348149007042
0.654438193360736
0.655338506794044
0.656030118690376
0.656496482363342
0.656723877489626
0.656701763062485
0.656423071892091
0.655884438967561
0.655086357456653
0.654033257717697
0.652733506398288
0.651199324460544
0.64944662476805
0.64749477166035
0.645366266694008
0.643086366412864
0.640682639593346
0.63818447286401
0.635622534892729
0.633028210441996
0.63043301648481
0.627868013223567
0.625363223236283
0.622947072064146
0.620645863330396
0.618483300925629
0.616480069897491
0.6146534864398
0.613017225793894
0.611581134971566
0.610351135016274
0.609329215084159
0.608513518010808
0.607898514310896
0.607475258826332
0.607231721595824
0.607153182073181
0.607222673683485
0.607421463981978
0.60772955446623
0.608126183467267
0.608590315566031
0.609101101675764
0.609638295293897
0.610182612419383
0.610716025178743
0.611221982199055
0.61168555207312
0.612093489723507
0.612434228917368
0.612697807438415
0.612875734318783
0.612960810921612
0.612946919421876
0.612828793270284
0.612601784495975
0.612261642205557
0.611804315410794
0.61122579144888
0.610521978868167
0.609688640887111
0.60872138256222
0.607615691796365
0.606367031452101
0.604970977260591
0.603423394065385
0.601720641309033
0.599859797618829
0.5978388938952
0.595657144432176
0.593315166247636
0.59081517788505
0.58816117035959
0.585359044537783
0.58241671093648
0.57934414958496
0.576153429109808
0.572858685494238
0.569476061977109
0.566023612267469
0.562521169663125
0.558990184809458
0.555453534773541
0.551935305911547
0.548460552756857
0.545055034935753
0.541744934003877
0.53855655215187
0.53551599499453
0.53264884115083
0.529979802031241
0.527532376135494
0.525328503164403
0.523388224279269
0.52172935580303
0.520367184443819
0.519314192631313
0.518579822698221
0.518170288342134
0.518088441022816
0.518333697675409
0.518902034375665
0.519786048440201
0.520975088978446
0.522455453258171
0.524210643550248
0.526221676540127
0.52846743509499
0.530925050308854
0.533570300444729
0.536378012754505
0.539322454246092
0.542377698301456
0.545517955599653
0.548717859989933
0.551952702673104
0.555198611130021
0.558432672503424
0.561633004397408
0.564778779109175
0.567850209962736
0.570828510508872
0.573695838758879
0.576435239242559
0.579030595482824
0.581466604470204
0.583728782960159
0.58580351301015
0.587678131266056
0.589341063272563
0.590782000711153
0.591992116160244
0.592964306916226
0.593693456785782
0.594176702705063
0.59441369167108
0.594406812854955
0.594161389932493
0.593685819598566
0.592991643872214
0.59209354605845
0.591009262992429
0.589759409314766
0.588367212865727
0.586858163691693
0.585259582486939
0.58360011741767
0.581909181081866
0.58021634175779
0.578550685018768
0.576940163197522
0.575410951046191
0.573986826252678
0.572688593249202
0.571533568005345
0.570535140263835
0.569702427986623
0.569040036669275
0.568547933694235
0.568221445072644
0.568051378819758
0.56802427587647
0.568122785993847
0.568326162413634
0.568610865591536
0.56895126271889
0.5693204065092
0.569690873743043
0.570035641524999
0.570328977214151
0.570547316650808
0.57067010470676
0.570680572402183
0.570566425899011
0.570320424604568
0.569940828370815
0.569431697286728
0.568803031730947
0.568070745043388
0.567256466225158
0.566387175303827
0.565494679212707
0.564614941033877
0.563787280059036
0.563053464160638
0.562456719294132
0.562040683457339
0.561848334037644
0.561920918141403
0.562296915220173
0.563011060117524
0.564093452622478
0.565568776821924
0.56745565010632
0.569766117727511
0.572505304470166
0.575671230419039
0.579254793121837
0.58323991379692
0.587603840744143
0.59231759890539
0.597346570697864
0.602651189906665
0.608187727660148
0.61390914739594
0.619766004316881
0.625707364177826
0.631681716361227
0.637637857095593
0.643525720326972
0.649297136124538
0.6549064995158
0.660311336206295
0.665472755619199
0.670355785945694
0.674929590263294
0.679167567081659
0.683047342735288
0.686550666687426
0.689663223881646
0.692374380643516
0.694676882193167
0.696566520518506
0.698041791159633
0.699103556395141
0.69975473047239
0.7
0.699845589569713
0.699299079270908
0.698369277194153
0.697066146484721
0.695400783189624
0.693385438210964
0.691033574274465
0.688359947049636
0.68538069848102
0.682113450029403
0.678577383856731
0.674793300959021
0.6707836467656
0.666572496663344
0.662185496138382
0.657649752615771
0.652993678483627
0.648246787087194
0.643439445563437
0.638602590174018
0.633767411226037
0.628965015713968
0.624226076466417
0.619580476853059
0.61505696003358
0.610682791357126
0.606483441900238
0.602482300318047
0.598700419229365
0.595156301307329
0.591865729141025
0.588841641799052
0.586094059883566
0.583630059726416
0.581453796256376
0.579566572965148
0.577966956327581
0.576650930999926
0.575612091145445
0.574841862342303
0.574329747743495
0.574063591516535
0.574029852128694
0.574213877798156
0.574600176435392
0.57517267267733
0.575914945183492
0.576810438217749
0.577842642664794
0.578995242992758
0.580252228221029
0.581597966618989
0.583017245568202
0.584495279681498
0.586017691798601
0.587570472784389
0.589139927066625
0.59071261150409
0.592275275432008
0.593814809570784
0.595318210912445
0.596772569747564
0.598165083717465
0.599483102245546
0.600714203005206
0.601846300316701
0.602867783629459
0.603767682633753
0.604535854138776
0.605163184719662
0.605641802320123
0.60596528952421
0.606128891081293
0.606129708462383
0.605966874704428
0.605641703509073
0.605157807441328
0.604521181055823
0.60374024580024
0.602825854550311
0.601791254572629
0.600652008558449
0.5994258741063
0.598132642651281
0.596793939354966
0.595432985903118
0.594074328536992
0.5927435339991
0.591466856436056
0.59027087869513
0.589182131895408
0.58822669765728
0.587429797932745
0.586815377980349
0.586405688648983
0.586220874742499
0.586278576794574
0.586593554049443
0.587177336777835
0.588037916219575
0.58917948040085
0.590602203797569
0.592302098287798
0.594270932046491
0.596496221985185
0.598961304038987
0.601645484073755
0.604524270458319
0.607569687458926
0.610750666612904
0.614033511179473
0.61738242670698
0.620760108760732
0.624128376989591
0.627448843038307
0.630683598400125
0.633795907210032
0.636750888255884
0.639516170175793
0.642062503946952
0.644364317370798
0.646400197323521
0.648153287053824
0.64961158773863
0.650768155802397
0.651621190101252
0.652174005890888
0.652434895447795
0.652416878201467
0.652137346162378
0.651617613200325
0.650882379249686
0.649959122711637
0.648877436121145
0.64766832149725
0.646363462665174
0.644994492212833
0.643592270625626
0.642186194552066
0.640803550124509
0.639468925842182
0.638203697776089
0.637025597841996
0.635948373677005
0.634981546316351
0.634130269467181
0.633395291778507
0.632773021168884
0.632255688046813
0.631831602187234
0.63148549614748
0.631198946446993
0.630950862319822
0.630718030693659
0.630475705164489
0.630198226127045
0.629859658888102
0.629434436527458
0.628897994470697
0.628227384184318
0.627401854078865
0.626403386586472
0.625217181438771
0.623832076379357
0.622240897869107
0.62044073574832
0.618433137272111
0.616224217400798
0.613824683673615
0.611249775393499
0.608519118179693
0.6056564961852
0.602689545416058
0.599649372623573
0.596570105169766
0.593488378096976
0.590442765375797
0.587473162975754
0.584620132016345
0.581924210828064
0.579425205297466
0.577161467396972
0.575169172312758
0.573481605079692
0.572128468099417
0.571135221336342
0.570522467327939
0.570305393373835
0.570493283339989
0.571089111382495
0.572089229511406
0.573483160231186
0.575253504468568
0.577375973597384
0.579819552572122
0.58254679898226
0.585514280251086
0.588673148259357
0.591969847431118
0.595346948852733
0.598744099402982
0.602099071265207
0.605348893698035
0.608431045693175
0.611284685282731
0.613851888905539
0.616078872521763
0.617917165179546
0.619324705565407
0.620266832762163
0.620717144013635
0.620658194740626
0.620082019320686
0.618990455156256
0.617395257204641
0.61531799529703
0.61278973208176
0.609850485124992
0.606548482419275
0.602939226115108
0.599084384536044
0.595050537307402
0.590907802580139
0.586728378741024
0.582585035564703
0.578549591402442
0.574691413660406
0.571075979466869
0.567763532058261
0.564807866050562
0.562255271453963
0.560143662110365
0.558501909286858
0.557349395571042
0.556695798136753
0.556541104053784
0.556875853792545
0.557681602627078
0.558931583477301
0.560591549063215
0.562620766271102
0.564973131538298
0.567598373006893
0.570443303300886
0.57345308612726
0.576572480522288
0.579747028441384
0.582924154451738
0.58605415040759
0.589091022996143
0.591993187725171
0.594723999037176
0.597252112516304
0.599551681333096
0.601602394886005
0.603389372805301
0.604902931875768
0.606138246844027
0.60709492839094
0.60777654271255
0.608190097166185
0.608345515360414
0.608255123009377
0.607933162988836
0.607395354512959
0.606658507409891
0.605740198333778
0.604658511632134
0.60343184369771
0.602078766156616
0.60061794033013
0.599068073168646
0.597447903362441
0.595776205612077
0.594071801076017
0.5923535627506
0.5906404058909
0.588951255436534
0.587304984631256
0.585720321475005
0.584215722174367
0.58280921321856
0.581518205970599
0.580359289611581
0.579348009816273
0.578498641602261
0.577823965342474
0.577335054950771
0.577041086760164
0.576949176657916
0.577064251690696
0.577388960695918
0.577923626657694
0.578666241542246
0.579612502456198
0.580755886206167
0.582087757823395
0.583597507440195
0.585272709130908
0.587099294997888
0.589061737902689
0.591143236794331
0.593325899521369
0.595590919258037
0.597918742130989
0.600289225191704
0.602681785422242
0.605075541871536
0.607449454187242
0.609782461642383
0.612053627187677
0.614242291048833
0.616328237923423
0.618291880936664
0.620114464242258
0.621778284583381
0.623266930361082
0.624565534908705
0.625661038863677
0.626542454882868
0.627201126575347
0.627630972520708
0.627828705673144
0.627794018365045
0.627529723534167
0.627041843690879
0.626339640475256
0.625435579362445
0.624345226074941
0.623087073455532
0.621682299841683
0.62015446225814
0.618529129912324
0.616833465450378
0.615095763138636
0.613344954521082
0.611610093131253
0.60991983048843
0.608301895880543
0.606782592342763
0.60538632080534
0.604135143640396
0.603048397824349
0.602142366692954
0.601430017843373
0.60092081317486
0.600620595397376
0.600531553613491
0.60065226882782
0.600977838491313
0.601500077473077
0.602207791195452
0.603087115091814
0.604121913071895
0.605294226325653
0.606584762581966
0.607973414879701
0.609439798022972
0.61096379019621
0.612526066725452
0.614108612708036
0.615695201212967
0.617271823999012
0.618827062228126
0.620352385489082
0.621842368609388
0.6232948172382
0.624710795038127
0.626094547528959
0.627453320168229
0.628797071102584
0.630138082131675
0.631490474723169
0.632869641311979
0.634291605496121
0.635772327974099
0.637326978008258
0.63896919269071
0.640710348178478
0.642558868206682
0.644519595455837
0.646593250643999
0.648776002477055
0.651059168808304
0.653429065571106
0.655867015350923
0.658349522005426
0.660848611724795
0.663332334593438
0.665765414346346
0.668110027904338
0.670326690721486
0.672375219270203
0.674215738379135
0.675809698833395
0.677120869793227
0.678116271261995
0.678767014036693
0.679049018223904
0.678943586344601
0.678437813056867
0.677524820313145
0.676203814012342
0.674479965556201
0.672364128817466
0.669872409531387
0.667025609721416
0.663848574202195
0.660369469268461
0.656619025249742
0.652629774638383
0.64843531601288
0.64406963108704
0.639566478095033
0.634958879609819
0.630278717070344
0.625556438075007
0.620820876212941
0.616099177175671
0.611416819425577
0.606797713065866
0.602264356983526
0.59783803198819
0.593539006646363
0.589386732842707
0.585400009747799
0.581597097726489
0.577995767612006
0.574613275474064
0.571466258258537
0.568570551177865
0.565940933178437
0.563590811900518
0.561531863993677
0.559773650207125
0.558323227138853
0.557184778759052
0.556359290748789
0.555844289313744
0.555633663517463
0.555717586471021
0.556082546119921
0.55671149113858
0.557584091867612
0.558677110617979
0.559964870328265
0.561419805788392
0.563013077691703
0.564715226853694
0.566496844184172
0.568329231493901
0.5701850289575
0.57203878696917
0.57386746307874
0.575650828488065
0.577371772985506
0.579016501936355
0.580574623758482
0.582039130932777
0.583406281790187
0.584675393883333
0.585848562542895
0.58693032014557
0.587927252649111
0.588847590105262
0.589700787219519
0.590497108705942
0.591247232334813
0.591961880357951
0.592651487592225
0.593325912009692
0.593994191366857
0.594664347322046
0.595343236721555
0.596036448328635
0.5967482422355
0.597481528516516
0.598237881303172
0.599017584322629
0.599819703965719
0.600642186059944
0.601481972648171
0.60233513515761
0.603197020348878
0.604062405345671
0.604925657868831
0.605780897562296
0.606622154048135
0.607443517141053
0.608239274552779
0.609004032485411
0.609732814803596
0.610421137026807
0.611065052213373
0.611661166911863
0.612206626701962
0.612699072380169
0.613136569486972
0.613517515525416
0.613840530778287
0.614104339980784
0.614307653139973
0.614449054417029
0.614526908128895
0.61453929053592
0.614483955146654
0.614358337810854
0.614159605943073
0.613884753911548
0.613530744058755
0.613094690131489
0.6125740772434
0.611967010029312
0.611272478529353
0.610490629696645
0.609623031364055
0.608672915109389
0.607645384762237
0.60654757829626
0.605388772503813
0.604180422072897
0.602936127363953
0.601671528174554
0.600404123925748
0.599153023839602
0.597938633642072
0.596782287970136
0.595705839860534
0.594731220351267
0.593879982271848
0.59317284270549
0.592629238383961
0.592266907465316
0.592101509817723
0.59214629618432
0.592411834546128
0.592905799752723
0.593632830174507
0.594594452859576
0.595789076552605
0.597212050033818
0.598855781621541
0.60070991438628
0.602761550657567
0.604995518754563
0.607394674506192
0.609940230000702
0.612612102063567
0.61538927314913
0.618250157590754
0.621172966439891
0.62413606440192
0.627118312626521
0.630099391329749
0.633060096427078
0.635982604569176
0.63885070123348
0.641649966880305
0.644367916678777
0.646994089988087
0.649520086676519
0.651939548493276
0.654248085076808
0.656443145768282
0.658523840158405
0.660490712167692
0.662345474364138
0.664090711063411
0.66572956043189
0.66726538721638
0.668701458754946
0.670040637491067
0.67128510324642
0.672436117957511
0.673493844428
0.674457228902424
0.675323954971167
0.67609047354526
0.676752110496644
0.677303250173219
0.677737589516296
0.678048454090984
0.678229164152572
0.678273436075351
0.678175802214224
0.677932030683687
0.677539525726659
0.676997689377456
0.676308226032178
0.675475373318759
0.674506045259633
0.673409877053685
0.672199164744722
0.670888697432082
0.669495484329523
0.668038383687094
0.666537645142966
0.665014381254105
0.663489987561606
0.661985533393862
0.660521147542767
0.659115423846652
0.65778487150467
0.656543433606408
0.655402094915679
0.654368596479837
0.653447270278117
0.652639002053757
0.65194132491454
0.651348640485164
0.650852558622681
0.65044234124041
0.650105430896926
0.649828040745475
0.64959577942195
0.649394282646655
0.64920982284034
0.6490298689574
0.648843570999097
0.648642147196907
0.648419156493502
0.648170644478268
0.647895157087451
0.647593622850708
0.64726911092987
0.646926478322528
0.646571925077656
0.646212480909949
0.64585544996928
0.64550784254801
0.645175823089624
0.644864202971689
0.644576004226932
0.644312116765346
0.644071066961802
0.643848909927137
0.643639251676604
0.643433401062681
0.643220645070909
0.642988635198004
0.64272386742378
0.642412233993535
0.642039622032965
0.641592532049888
0.641058688696724
0.640427616769814
0.63969115723856
0.638843901005446
0.637883521927041
0.636810995170119
0.635630692007237
0.634350347432829
0.63298090226638
0.631536226478471
0.630032735125735
0.628488912338821
0.626924762135317
0.625361207326517
0.62381945939128
0.622320382877495
0.620883877672306
0.619528301398182
0.618269952311526
0.61712263049504
0.616097291953093
0.615201806563541
0.614440826842112
0.61381577027578
0.613324913722459
0.612963594199961
0.612724506440188
0.612598084003257
0.612572947661488
0.612636402294129
0.612774961783914
0.612974880458857
0.613222669534336
0.613505577808211
0.613812017537287
0.614131918930801
0.614456999950038
0.614780941977885
0.615099466256851
0.615410310597094
0.61571311051199
0.616009193420367
0.616301298632872
0.616593239298895
0.616889525139091
0.617194966474296
0.617514280680731
0.617851721707788
0.618210751704519
0.618593771194179
0.619001920753092
0.61943496298467
0.619891248967992
0.620367768567747
0.62086027929582
0.621363504086356
0.621871384635649
0.622377374077428
0.622874750873156
0.623356934994572
0.623817787793227
0.624251878351811
0.624654701491915
0.625022835811712
0.625354033937614
0.625647241355961
0.625902544487578
0.626121052822131
0.626304723699261
0.626456141497978
0.626578265405436
0.62667416146259
0.626746735165001
0.62679848052742
0.626831260251259
0.62684612956513
0.626843213582395
0.626821644809594
0.626779563939502
0.626714183473949
0.626621910242738
0.626498519700235
0.626339372151218
0.626139658912875
0.625894664955078
0.625600033832253
0.625252020743919
0.624847720315459
0.624385257118772
0.623863928965763
0.623284295492464
0.622648207374877
0.621958774534013
0.62122027474665
0.620438007030991
0.619618096882578
0.618767262769582
0.617892555152334
0.61700108058831
0.616099724167185
0.615194883567166
0.614292227440242
0.613396489656512
0.612511309230327
0.611639123601562
0.610781120461592
0.609937250616793
0.609106301602012
0.608286029022542
0.607473340040615
0.606664521144388
0.605855500440023
0.605042133265422
0.604220498988074
0.603387196443726
0.602539625596276
0.601676243626916
0.600796784745602
0.599902434496342
0.598995951122792
0.598081728587829
0.597165798012821
0.596255766533547
0.595360694780178
0.594490916306222
0.593657804254103
0.592873492301475
0.592150558441546
0.591501681380504
0.59093928026179
0.590475149032429
0.590120097038284
0.58988360736408
0.589773524015935
0.58979577827903
0.589954163477572
0.590250165933237
0.590682858187432
0.591248858560651
0.59194235892224
0.592755220204884
0.593677132803835
0.594695836647957
0.595797393523638
0.596966502282761
0.598186845978284
0.599441458841046
0.600713100415968
0.601984624165978
0.603239328446779
0.604461278937793
0.605635593329273
0.606748681220842
0.60778843465849
0.608744367375772
0.609607703445644
0.61037141852287
0.611030239002684
0.611580606099456
0.612020612951936
0.612349923322688
0.612569680259479
0.612682412256273
0.612691943069818
0.612603309536143
0.612422689644502
0.612157340941103
0.611815547235609
0.611406569747128
0.610940597409536
0.610428690180766
0.609882708946141
0.609315226000984
0.608739411119483
0.60816888979197
0.607617572223828
0.607099453983933
0.606628391593568
0.606217858673862
0.605880690341546
0.605628825198113
0.605473055365591
0.605422795491604
0.605485881431271
0.605668408415619
0.605974616984374
0.60640683288624
0.606965464658217
0.607649059838881
0.60845441791512
0.60937675531743
0.610409915227256
0.61154661278539
0.612778704610998
0.614097470442442
0.615493894243489
0.616958932294358
0.618483756582937
0.620059963170929
0.62167973704863
0.623335967204619
0.625022308102909
0.626733186352783
0.628463753948735
0.630209791929382
0.631967570546908
0.633733673961411
0.635504799005825
0.637277538656756
0.639048161466113
0.64081239835011
0.642565247807466
0.644300809875252
0.646012157970538
0.64769125626097
0.649328928418029
0.650914881598626
0.652437787342887
0.653885418839592
0.655244841767294
0.656502653740593
0.657645265348304
0.658659213933363
0.6595314997007
0.660249932512916
0.660803476902741
0.66118258244587
0.661379486736693
0.661388478816567
0.66120611202551
0.660831356867975
0.660265686562502
0.659513090419379
0.658580012971027
0.657475219755097
0.656209593689786
0.654795868941114
0.653248311913615
0.651582361352687
0.649814241394288
0.647960562622661
0.646037926715718
0.644062550023932
0.642049920436489
0.640014500176471
0.637969484816271
0.635926625935667
0.633896121611288
0.631886575504221
0.629905021891637
0.627957010758784
0.626046744208257
0.624177253110133
0.622350601232868
0.620568103143999
0.618830541990128
0.617138373849301
0.615491906642562
0.613891443501879
0.61233738289183
0.610830270521693
0.609370800997899
0.607959770086531
0.606597981221305
0.60528611236078
0.604024551351011
0.602813209498228
0.601651324046541
0.600537260669015
0.599468326931566
0.598440607023044
0.597448826932276
0.59648625778347
0.595544663317135
0.594614295631759
0.593683941387012
0.592741018809294
0.591771724118891
0.59076122448089
0.589693893315881
0.588553582816075
0.587323927802017
0.585988674608949
0.5845320284782
0.58293901290252
0.581195834481818
0.579290247030055
0.577211908879843
0.574952727509375
0.572507185728496
0.569872643683382
0.567049610865709
0.564041982154466
0.560857231707189
0.557506558299911
0.554004975553451
0.550371340449396
0.546628313708612
0.542802246052938
0.538922985163219
0.535023599335406
0.531140015451598
0.527310570928683
0.523575481758114
0.51997623154854
0.516554889539332
0.513353368748532
0.510412638609743
0.507771909476879
0.505467809061387
0.503533573040957
0.501998273579385
0.500886110181991
0.500215787068177
0.5
0.50024505323676
0.500950624015328
0.502109687761894
0.503708612252536
0.505727423335087
0.508140238822021
0.510915861013814
0.514018512285137
0.517408692539498
0.521044132381606
0.524880811818967
0.52887401139784
0.532979361068615
0.537153851868938
0.541356776750905
0.545550569533441
0.549701514934157
0.553780307761663
0.557762445404538
0.561628444462841
0.565363879422303
0.568959248340622
0.572409677267269
0.575714481236598
0.578876604874831
0.581901969709905
0.584798757996118
0.587576664161621
0.590246144832294
0.592817696834591
0.595301189761596
0.597705275795837
0.600036894768179
0.602300887180814
0.604499722440179
0.606633344138757
0.608699129180326
0.610691953111896
0.612604350405899
0.614426755763991
0.616147810855197
0.617754720250916
0.619233640604639
0.620570088212628
0.621749351803848
0.622756899532181
0.62357877145669
0.624201951076075
0.624614711532938
0.624806933760517
0.624770394996717
0.624499026681872
0.623989140791735
0.623239623197692
0.62225209180499
0.621031016150241
0.619583794020845
0.617920779680647
0.616055257630385
0.614003355657266
0.611783891356384
0.609418147409687
0.606929572701068
0.604343408784577
0.60168624420479
0.598985502540363
0.596268873609375
0.593563700816025
0.590896340899052
0.588291515133929
0.585771673136139
0.583356391640265
0.581061830866298
0.578900270264716
0.576879743551532
0.5750037900622
0.573271335686114
0.571676712159715
0.570209818504577
0.568856423133347
0.567598599859991
0.566415285988545
0.565282946047954
0.564176320792545
0.563069237962898
0.561935459119473
0.560749535690421
0.559487647234437
0.558128395779189
0.556653531882527
0.555048590666789
0.553303419357561
0.551412581659309
0.549375628453836
0.547197228644902
0.544887158332182
0.542460150731841
0.539935613239832
0.537337221649405
0.534692404701304
0.532031734801734
0.529388242849284
0.5267966766471
0.524292723336975
0.521912216687903
0.51969034992392
0.517660914114177
0.515855581007549
0.514303247615088
0.513029457870553
0.512055914380444
0.511400090662845
0.511074951426381
0.511088785419774
0.511445152257981
0.512142941478331
0.513176538980883
0.514536093047686
0.51620786940461
0.518174682375829
0.52041638716992
0.522910416805092
0.525632346194117
0.528556465514991
0.531656345218208
0.534905375868381
0.538277267462928
0.541746494862188
0.545288678425839
0.548880891777624
0.552501891692456
0.556132268280879
0.55975451679272
0.563353035332437
0.566914055439992
0.570425514726747
0.573876882473563
0.577258950235079
0.580563600020561
0.583783562543168
0.586912177385515
0.589943165790721
0.592870425251098
0.595687853246602
0.598389205507691
0.600967992169596
0.603417413266983
0.605730333293604
0.607899293102689
0.609916556304519
0.611774186552125
0.613464151687827
0.614978450617842
0.616309258930683
0.617449089601484
0.618390965542146
0.619128601178248
0.619656590575974
0.619970599838092
0.620067561489437
0.619945868356477
0.619605564016213
0.619048526277889
0.618278639422158
0.617301950132199
0.61612680129922
0.61476393726684
0.613226573689146
0.611530425100134
0.609693683594703
0.607736942746671
0.605683062052401
0.603556968773761
0.601385396014456
0.599196558123065
0.597019766973489
0.594884995208604
0.592822395013771
0.590861783277862
0.589032105969833
0.587360896091249
0.585873740562331
0.584593771791232
0.583541199423986
0.582732896871041
0.582182055684062
0.58189791877561
0.581885600924604
0.582146002106913
0.582675816064616
0.583467633321592
