-20,-0.812000399136488
-19.983238019782,-0.792175321311439
-19.966025780822,-0.772717436636993
-19.9483931015662,-0.753619861855104
-19.9303675502754,-0.734875435628662
-19.9119745942681,-0.716476868123721
-19.8932377493941,-0.698416860592215
-19.8741787261538,-0.680688199660866
-19.8548175700429,-0.663283830496146
-19.8351727945904,-0.646196912471758
-19.8152615062144,-0.629420860447155
-19.7950995205014,-0.612949374291224
-19.7747014698558,-0.596776458862732
-19.7540809027004,-0.580896436290181
-19.7332503745674,-0.56530395207653
-19.7122215315144,-0.549993976284677
-19.6910051863536,-0.53496180083257
-19.6696113882105,-0.520203033737128
-19.6480494859248,-0.505713590988519
-19.6263281857999,-0.491489686606061
-19.6044556041816,-0.477527821319777
-19.5824393153221,-0.463824770233724
-19.5602863949528,-0.450377569755368
-19.5380034599603,-0.437183504016803
-19.515596704526,-0.424240090966131
-19.4930719330598,-0.411545068268929
-19.4704345902304,-0.39909637912885
-19.4476897883637,-0.386892158111592
-19.4248423324611,-0.374930717036754
-19.4018967430582,-0.363210530986454
-19.37885727713,-0.351730224467314
-19.3557279472244,-0.34048855775293
-19.3325125389901,-0.329484413426638
-19.3092146272468,-0.318716783138968
-19.2858375907336,-0.308184754590215
-19.2623846256566,-0.297887498745764
-19.2388587581435,-0.287824257290048
-19.2152628557067,-0.277994330323992
-19.1915996378006,-0.268397064310351
-19.1678716855566,-0.259031840271504
-19.144081450766,-0.249898062244639
-19.120231264178,-0.240995146000054
-19.096323343171,-0.232322508029187
-19.0723597988518,-0.223879554810089
-19.0483426426312,-0.21566567235915
-19.0242737923188,-0.207680216079101
-19.0001550777798,-0.199922500914438
-18.9759882461866,-0.192391791826536
-18.9517749669012,-0.185087294601745
-18.9275168360169,-0.178008147006679
-18.9032153805863,-0.171153410305691
-18.8788720625614,-0.164522061156196
-18.8544882824688,-0.15811298389796
-18.8300653828383,-0.151924963252783
-18.8056046514074,-0.145956677451134
-18.7811073241152,-0.140206691802202
-18.7565745879045,-0.134673452723563
-18.7320075833451,-0.129355282246196
-18.7074074070912,-0.124250373009873
-18.6827751141861,-0.119356783763122
-18.6581117202253,-0.114672435380852
-18.6334182033864,-0.110195107411508
-18.608695506338,-0.10592243516417
-18.5839445380341,-0.101851907344446
-18.559166175403,-0.097980864246233
-18.5343612649374,-0.094306496504558
-18.509530624193,-0.0908258444127039
-18.4846750432022,-0.0875357978047132
-18.4597952858068,-0.0844330965021899
-18.434892090918,-0.0815143313220513
-18.4099661737054,-0.0787759456396115
-18.3850182267225,-0.076214237499053
-18.360048920971,-0.0738253622610477
-18.3350589069079,-0.0716053357750035
-18.3100488154006,-0.0695500380611885
-18.2850192586316,-0.0676552174858194
-18.2599708309568,-0.0659164954101378
-18.2349041097204,-0.0643293712925465
-18.2098196560287,-0.0628892282210567
-18.1847180154851,-0.0615913388516298
-18.1595997188903,-0.0604308717264987
-18.1344652829071,-0.0594028979452454
-18.1093152106949,-0.0585023981602845
-18.0841499925131,-0.0577242698675076
-18.058970106297,-0.0570633349621476
-18.0337760182076,-0.0565143475294575
-18.0085681831557,-0.0560720018395719
-17.9833470453034,-0.0557309405159102
-17.9581130385432,-0.055485762846708
-17.9328665869562,-0.0553310332097276
-17.9076081052514,-0.055261289580864
-17.8823379991859,-0.0552710520982628
-17.8570566659682,-0.0553548316546563
-17.8317644946451,-0.0555071384919046
-17.8064618664731,-0.05572249077319
-17.7811491552753,-0.0559954231099245
-17.7558267277851,-0.0563204950221808
-17.7304949439762,-0.0566922993133286
-17.7051541573813,-0.0571054703415173
-17.6798047153987,-0.0575546921726863
-17.6544469595889,-0.0580347066018554
-17.6290812259601,-0.0585403210315639
-17.6037078452455,-0.0590664161984115
-17.5783271431701,-0.0596079537407364
-17.5529394407106,-0.0601599836024782
-17.5275450543463,-0.0607176512702041
-17.5021442963032,-0.0612762048421252
-17.4767374747908,-0.0618310019296285
-17.4513248942329,-0.062377516393416
-17.425906855492,-0.0629113449177464
-17.4004836560877,-0.0634282134274773
-17.3750555904108,-0.0639239833536335
-17.3496229499319,-0.0643946577540179
-17.324186023405,-0.064836387295966
-17.2987450970683,-0.0652454761086936
-17.2733004548398,-0.065618387512794
-17.2478523785103,-0.0659517496343175
-17.2224011479328,-0.0662423609104929
-17.1969470412091,-0.0664871954935569
-17.1714903348739,-0.0666834085583178
-17.1460313040769,-0.0668283415180324
-17.120570222762,-0.0669195271519153
-17.0951073638461,-0.0669546946461437
-17.0696429993954,-0.0669317745485953
-17.0441774008009,-0.0668489036357641
-17.0187108389534,-0.0667044296883796
-16.9931915151802,-0.0664554115027403
-16.9676721914069,-0.0660591172820626
-16.9421528676337,-0.0655145296784272
-16.9166335438604,-0.0648208476966568
-16.8911142200872,-0.0639774908582249
-16.865594896314,-0.0629841031990085
-16.8400755725407,-0.0618405570822232
-16.8145562487675,-0.0605469568058051
-16.7890369249942,-0.0591036419815331
-16.763517601221,-0.0575111906613621
-16.7379982774478,-0.0557704221847659
-16.7124789536745,-0.0538823997194222
-16.6869596299013,-0.0518484324663048
-16.661440306128,-0.0496700774992268
-16.6359209823548,-0.047349141208108
-16.6104016585816,-0.0448876803147412
-16.5848823348083,-0.0422880024296241
-16.5593630110351,-0.0395526661185133
-16.5338436872618,-0.0366844804477574
-16.5083243634886,-0.0336865039781832
-16.4828050397153,-0.0305620431783449
-16.4572857159421,-0.0273146502293044
-16.4317663921689,-0.0239481201947892
-16.4062470683956,-0.0204664875325613
-16.3807277446224,-0.0168740219251316
-16.3552084208491,-0.0131752234105414
-16.3296890970759,-0.00937481679680934
-16.3041697733027,-0.00547774534677804
-16.2786504495294,-0.00148916372348128
-16.2531311257562,0.00258556981023601
-16.2276118019829,0.00674090194029813
-16.2020924782097,0.0109710935966403
-16.1765731544364,0.0152702299894264
-16.1510538306632,0.0196322313762896
-16.12553450689,0.0240508645462793
-16.1000151831167,0.0285197550017688
-16.0744958593435,0.0330323998151167
-16.0489765355702,0.0375821811324105
-16.023457211797,0.0421623802921858
-15.9979378880238,0.0467661925226409
-15.9724185642505,0.0513867421765845
-15.9468992404773,0.0560170984591981
-15.921379916704,0.0606502915996897
-15.8958605929308,0.0652793294140986
-15.8703412691576,0.0698972142029017
-15.8448219453843,0.0744969599237104
-15.8193026216111,0.079071609576243
-15.7937832978378,0.0836142527339538
-15.7682639740646,0.0881180431542045
-15.7427446502913,0.0925762163967065
-15.7172253265181,0.0969821073781613
-15.6917060027449,0.101329167789594
-15.6661866789716,0.105610983301839
-15.6406673551984,0.109821290483981
-15.6151480314251,0.113953993359358
-15.5896287076519,0.118003179523877
-15.5641093838787,0.121963135752061
-15.5385900601054,0.125828363017257
-15.5130707363322,0.129593590853945
-15.4875514125589,0.133253790991967
-15.4620320887857,0.136804190194872
-15.4365127650124,0.140240282237301
-15.4109934412392,0.143557838959514
-15.385474117466,0.146752920340752
-15.3599547936927,0.149821883537064
-15.3344354699195,0.152761390833557
-15.3089161461462,0.155568416465745
-15.283396822373,0.158240252269634
-15.2578774985998,0.160774512125547
-15.2323581748265,0.16316913516628
-15.2068388510533,0.165422387726032
-15.18131952728,0.167532864012651
-15.1558002035068,0.16949948549202
-15.1302808797336,0.171321498979824
-15.1047615559603,0.17299847344253
-15.0792422321871,0.174530295516061
-15.0537229084138,0.17591716375733
-15.0282035846406,0.177159581650551
-15.0026842608673,0.178258349396905
-14.9771649370941,0.179214554522795
-14.9516456133209,0.180029561348393
-14.9261262895476,0.180704999364608
-14.9006069657744,0.181242750572729
-14.8750876420011,0.181644935846966
-14.8495683182279,0.181913900385792
-14.8240489944547,0.182052198323353
-14.7985296706814,0.182062576577214
-14.7730103469082,0.181947958013389
-14.7474910231349,0.181711424013789
-14.7219716993617,0.181356196535015
-14.6964523755884,0.180885619750718
-14.6709330518152,0.180303141372532
-14.645413728042,0.179612293746877
-14.6198944042687,0.178816674826594
-14.5943750804955,0.177919929117595
-14.5688557567222,0.176925728701203
-14.543336432949,0.175837754432902
-14.5178171091758,0.174659677417562
-14.4922977854025,0.173395140860006
-14.4667784616293,0.172047742387981
-14.441259137856,0.170621016942182
-14.4157398140828,0.169118420325026
-14.3902204903096,0.167543313496317
-14.3647011665363,0.165898947699864
-14.3391818427631,0.164188450500522
-14.3136625189898,0.162414812806005
-14.2881431952166,0.160580876942289
-14.2626238714433,0.158689325845391
-14.2371045476701,0.156742673425962
-14.2115852238969,0.154743256156374
-14.1860659001236,0.152693225922924
-14.1605465763504,0.150594544178504
-14.1350272525771,0.148448977423507
-14.1095079288039,0.146258094035083
-14.0839886050307,0.144023262457025
-14.0584692812574,0.141745650754685
-14.0329499574842,0.139426227531432
-14.0074306337109,0.137065764195299
-13.9819113099377,0.134664838556695
-13.9563919861645,0.13222383973043
-13.9308726623912,0.129742974307848
-13.905353338618,0.12722227375767
-13.8798340148447,0.124661603007201
-13.8543146910715,0.122060670148974
-13.8287953672982,0.119419037211652
-13.803276043525,0.116736131928194
-13.7777567197518,0.114011260428883
-13.7522373959785,0.11124362078191
-13.7267180722053,0.108432317299778
-13.701198748432,0.105576375525885
-13.6756794246588,0.102674757812313
-13.6501601008856,0.0997263793970263
-13.6246407771123,0.0967301248864775
-13.5991214533391,0.0936848650479627
-13.5736021295658,0.0905894738150123
-13.5480828057926,0.0874428454086157
-13.5225634820193,0.0842439114771786
-13.4970441582461,0.0809916581587773
-13.4715248344729,0.077685142970494
-13.4460055106996,0.0743235114313855
-13.4204861869264,0.0709060133279169
-13.3949668631531,0.067432018533483
-13.3694475393799,0.0639010322968946
-13.3439282156067,0.0603127099184102
-13.3184088918334,0.0566668707360172
-13.2928895680602,0.0529635113491605
-13.2673702442869,0.0492028180119718
-13.2418509205137,0.0453851781332064
-13.2163315967405,0.0415111908255299
-13.1908122729672,0.037581676452463
-13.165292949194,0.0335976851271569
-13.1397736254207,0.0295605041231877
-13.1142543016475,0.0254716641636969
-13.0887349778742,0.021332944561412
-13.063215654101,0.0171463771883341
-13.0376963303278,0.0129142492601231
-13.0121770065545,0.008639104926422
-12.9866576827813,0.00432374566449667
-12.961138359008,-2.87705204123911e-05
-12.9356190352348,-0.00441513107874413
-12.9100997114616,-0.00883177206929404
-12.8845803876883,-0.0132748824604283
-12.8590610639151,-0.0177404095540812
-12.8335417401418,-0.0222240655017749
-12.8080224163686,-0.0267213348771676
-12.7825030925953,-0.0312274832652185
-12.7569837688221,-0.0357375668239461
-12.7314644450489,-0.040246442770994
-12.7059451212756,-0.0447487807438019
-12.6804257975024,-0.0492390749791242
-12.6549064737291,-0.0537116572549548
-12.6293871499559,-0.058160710535612
-12.6038678261827,-0.0625802832588056
-12.5783485024094,-0.0669643042019638
-12.5528291786362,-0.0713065978639309
-12.5273098548629,-0.075600900297349
-12.5017905310897,-0.0798408753266187
-12.4762712073165,-0.0840201310862647
-12.4507518835432,-0.0881322368148218
-12.42523255977,-0.0921707398399759
-12.3997132359967,-0.0961291826916395
-12.3741939122235,-0.100001120280891
-12.3486745884502,-0.103780137084239
-12.323155264677,-0.10745986427448
-12.2976359409038,-0.111033996741457
-12.2721166171305,-0.114496309948304
-12.2465972933573,-0.117840676571217
-12.221077969584,-0.121061082873445
-12.1955586458108,-0.12415164476697
-12.1700393220376,-0.127106623518253
-12.1445199982643,-0.129920441057435
-12.1190006744911,-0.13258769485344
-12.0934813507178,-0.135103172320528
-12.0679620269446,-0.137461864724995
-12.0424427031714,-0.139658980563779
-12.0169233793981,-0.14168995838984
-11.9914040556249,-0.143550479062155
-11.9658847318516,-0.145236477401097
-11.9403654080784,-0.146744153232752
-11.9148460843051,-0.148069981808407
-11.8893267605319,-0.149210723587958
-11.8638074367587,-0.150163433378307
-11.8382881129854,-0.150925468820003
-11.8127687892122,-0.151494498217313
-11.7872494654389,-0.151868507708661
-11.7617301416657,-0.152045807775904
-11.7362108178925,-0.152025039092184
-11.7106914941192,-0.151805177709188
-11.685172170346,-0.151385539585478
-11.6596528465727,-0.150765784458129
-11.6341335227995,-0.149945919060339
-11.6086141990262,-0.148926299687807
-11.583094875253,-0.147707634116651
-11.5575755514798,-0.146290982875403
-11.5320562277065,-0.144677759873216
-11.5065369039333,-0.142869732385833
-11.48101758016,-0.140869020400214
-11.4554982563868,-0.138678095317846
-11.4299789326136,-0.136299778015913
-11.4044596088403,-0.133737236264509
-11.3789402850671,-0.130993981497103
-11.3534209612938,-0.128073864930464
-11.3279016375206,-0.124981073029285
-11.3023823137474,-0.121720122309844
-11.2768629899741,-0.118295853476226
-11.2513436662009,-0.114713424881916
-11.2258243424276,-0.110978305309057
-11.2003050186544,-0.107096266057285
-11.1747856948811,-0.103073372333901
-11.1492663711079,-0.098915973937246
-11.1237470473347,-0.0946306952254505
-11.0982277235614,-0.0902244243633988
-11.0727083997882,-0.0857043018416463
-11.0471890760149,-0.0810777082622907
-11.0216697522417,-0.0763522513883696
-10.9961504284685,-0.0715357524552768
-10.9706311046952,-0.0666362317449526
-10.945111780922,-0.061661893426211
-10.9195924571487,-0.0566211096675207
-10.8940731333755,-0.051522404031843
-10.8685538096022,-0.0463744341667448
-10.843034485829,-0.0411859738069195
-10.8175151620558,-0.0359658941104569
-10.7919958382825,-0.0307231443546687
-10.7664765145093,-0.0254667320219726
-10.740957190736,-0.0202057023112359
-10.7154378669628,-0.0149491171150302
-10.6899185431896,-0.00970603350842755
-10.6643992194163,-0.00448548180021161
-10.6388798956431,0.000703556797344476
-10.6133605718698,0.00585217281873508
-10.5878412480966,0.0109515514489358
-10.5623219243234,0.0159929956089565
-10.5368026005501,0.0209679491467513
-10.5112832767769,0.0258680200523855
-10.4857639530036,0.030685003612038
-10.4602446292304,0.0354109054114402
-10.4347253054571,0.0400379640957944
-10.4092059816839,0.0445586737900968
-10.3836866579107,0.0489658060812002
-10.3581673341374,0.053252431460898
-10.3326480103642,0.0574119401278752
-10.3071286865909,0.061438062045559
-10.2816093628177,0.0653248861527805
-10.2560900390445,0.0690668786247272
-10.2305707152712,0.072658900082982
-10.205051391498,0.0760962216554961
-10.1795320677247,0.0793745397901698
-10.1540127439515,0.0824899897293083
-10.1284934201783,0.0854391575565823
-10.102974096405,0.0882190907332527
-10.0774547726318,0.0908273070462987
-10.0519354488585,0.0932618018976945
-10.0264161250853,0.0955210538713898
-10.000896801312,0.0976040285225256
-9.9753774775388,0.099510180342015
-9.94985815376556,0.101239452858791
-9.92433882999232,0.102792276851726
-9.89881950621908,0.104169566653363
-9.87330018244584,0.105372714538175
-9.8477808586726,0.106403583198896
-9.82226153489935,0.107264496325611
-9.79674221112611,0.107958227313543
-9.77122288735287,0.108487986136831
-9.74570356357963,0.108857404436949
-9.72018423980639,0.109070518885638
-9.69466491603315,0.109131752893302
-9.66914559225991,0.109045896744608
-9.64362626848666,0.108818086253421
-9.61810694471342,0.108453780039199
-9.59258762094018,0.107958735536372
-9.56706829716694,0.10733898385703
-9.5415489733937,0.106600803635354
-9.51602964962046,0.105750693989495
-9.49051032584722,0.104795346743116
-9.46499100207398,0.103741618054306
-9.43947167830073,0.102596499604197
-9.41395235452749,0.101367089501119
-9.38843303075425,0.100060563058652
-9.36291370698101,0.0986841436072859
-9.33739438320777,0.0972450734997052
-9.31187505943453,0.0957505854687835
-9.28635573566129,0.0942078744954008
-9.26083641188804,0.0926240703400017
-9.2353170881148,0.0910062108875242
-9.20979776434156,0.0893612164499341
-9.18427844056832,0.087695865164113
-9.15875911679508,0.0860167696153525
-9.13323979302184,0.0843303548082115
-9.1077204692486,0.0826428375970918
-9.08220114547536,0.0809602076786293
-9.05668182170212,0.0792882102369668
-9.03116249792887,0.0776323303212567
-9.00564317415563,0.075997779022424
-8.98012385038239,0.0743894815034014
-8.95460452660915,0.0728120669238324
-8.92908520283591,0.0712698602867271
-8.90356587906267,0.069766876220864
-8.87804655528943,0.0683068146989634
-8.85252723151618,0.0668930586779398
-8.82700790774294,0.0655286736339652
-8.8014885839697,0.0642164089517808
-8.77596926019646,0.0629587011147633
-8.75044993642322,0.0617576786298191
-8.72493061264998,0.0606151686093231
-8.69941128887674,0.0595327049211588
-8.67389196510349,0.0585115378075322
-8.64837264133025,0.0575526448637137
-8.62285331755701,0.0566567432592886
-8.59733399378377,0.0558243030769421
-8.57181467001053,0.0550555616373155
-8.54629534623729,0.0543505386731214
-8.52077602246405,0.0537090522115115
-8.49525669869081,0.0531307350207064
-8.46973737491756,0.0526150514751212
-8.44421805114432,0.0521613146926817
-8.41869872737108,0.0517687037986997
-8.39317940359784,0.0514362811725742
-8.3676600798246,0.0511630095366553
-8.34214075605136,0.0509477687508382
-8.31662143227812,0.0507893721817853
-8.29110210850487,0.0506865825220527
-8.26558278473163,0.0506381269417602
-8.24006346095839,0.0506427114637171
-8.21454413718515,0.0506990344620112
-8.18902481341191,0.0508057991939057
-8.16350548963867,0.0509617252853673
-8.13798616586543,0.0511655591015632
-8.11246684209218,0.0514160829451236
-8.08694751831894,0.0517121230367439
-8.0614281945457,0.0520525562446993
-8.03590887077246,0.0524363155419501
-8.01038954699922,0.0528623941816035
-7.98487022322598,0.053329848593486
-7.95935089945274,0.0538378000163213
-7.9338315756795,0.0543854348914373
-7.90831225190625,0.0549720040549073
-7.88279292813301,0.0555968207754953
-7.85727360435977,0.0562592576956164
-7.83175428058653,0.0569587427416653
-7.80623495681329,0.0576947540784362
-7.78071563304005,0.0584668141898872
-7.75519630926681,0.0592744831751271
-7.72967698549357,0.0601173513541906
-7.70415766172032,0.0609950312828676
-7.67863833794708,0.061907149279536
-7.65311901417384,0.0628533365696107
-7.6275996904006,0.0638332201548383
-7.60208036662736,0.0648464135152552
-7.57656104285412,0.0658925072511892
-7.55104171908088,0.0669710597712542
-7.52552239530764,0.068081588129881
-7.50000307153439,0.0692235591146022
-7.47448374776115,0.0703963806791058
-7.44896442398791,0.0715993938130408
-7.42344510021467,0.0728318649337862
-7.39792577644143,0.0740929788789191
-7.37240645266819,0.0753818325710472
-7.34688712889495,0.0766974294190583
-7.3213678051217,0.0780386745117902
-7.29584848134846,0.079404370651707
-7.27032915757522,0.0807932152674839
-7.24480983380198,0.082203798235535
-7.21929051002874,0.0836346006315535
-7.1937711862555,0.0850839944241676
-7.16825186248226,0.0865502431139247
-7.14273253870901,0.0880315033120944
-7.11721321493577,0.0895258272452902
-7.09169389116253,0.0910311661637525
-7.06617456738929,0.0925453746233524
-7.04065524361605,0.0940662156040533
-7.01513591984281,0.0955913664207553
-6.98961659606957,0.0971184253761967
-6.96409727229633,0.0986449190999478
-6.93857794852308,0.10016831051254
-6.91305862474984,0.101686007349454
-6.8875393009766,0.103195371176082
-6.86201997720336,0.10469372682188
-6.83650065343012,0.106178372159735
-6.81098132965688,0.107646588155161
-6.78546200588364,0.109095649109161
-6.75994268211039,0.110522833018605
-6.73442335833715,0.111925431978616
-6.70890403456391,0.11330076255277
-6.68338471079067,0.114646176038894
-6.65786538701743,0.115959068560748
-6.63234606324419,0.117236890918994
-6.60682673947095,0.118477158138437
-6.58130741569771,0.11967745865258
-6.55578809192446,0.120835463070983
-6.53026876815122,0.121948932479722
-6.50474944437798,0.123015726230351
-6.47923012060474,0.124033809178097
-6.4537107968315,0.12500125833555
-6.42819147305826,0.125916268913743
-6.40267214928502,0.126777159728236
-6.37715282551178,0.12758237795356
-6.35163350173853,0.128330503215038
-6.32611417796529,0.129020251012639
-6.30059485419205,0.129650475476958
-6.27507553041881,0.130220171462717
-6.24955620664557,0.130728475990235
-6.22403688287233,0.131174669050121
-6.19851755909909,0.131558173790947
-6.17299823532584,0.131878556113836
-6.1474789115526,0.132135523701735
-6.12195958777936,0.132328924514582
-6.09644026400612,0.132458744784646
-6.07092094023288,0.132525106548984
-6.04540161645964,0.132528264758167
-6.0198822926864,0.132468604002265
-5.99436296891315,0.132346634896476
-5.96884364513991,0.132162990169727
-5.94332432136667,0.131918420500148
-5.91780499759343,0.131613790141453
-5.89228567382019,0.131250072383986
-5.86676635004695,0.130828344893592
-5.84124702627371,0.130349784970391
-5.81572770250047,0.12981566476826
-5.79020837872722,0.129227346514052
-5.76468905495398,0.128586277763667
-5.73916973118074,0.127893986729752
-5.7136504074075,0.127152077713327
-5.68813108363426,0.126362226668844
-5.66261175986102,0.125526176929245
-5.63709243608778,0.124645735114439
-5.61157311231454,0.123722767243359
-5.58605378854129,0.122759195066344
-5.56053446476805,0.12175699263113
-5.53501514099481,0.120718183092171
-5.50949581722157,0.119644835769463
-5.48397649344833,0.118539063459444
-5.45845716967509,0.117403019997012
-5.43293784590185,0.116238898064172
-5.4074185221286,0.115048927237425
-5.38189919835536,0.11383537226268
-5.35637987458212,0.112600531543232
-5.33086055080888,0.111346735823361
-5.30534122703564,0.110076347047159
-5.2798219032624,0.108791757369531
-5.25430257948916,0.107495388293843
-5.22878325571592,0.106189689908396
-5.20326393194267,0.104877140191943
-5.17774460816943,0.103560244356684
-5.15222528439619,0.10224153419573
-5.12670596062295,0.100923567400832
-5.10118663684971,0.0996089268153
-5.07566731307647,0.0983002195864661
-5.05014798930323,0.097000076181806
-5.02462866552998,0.0957111492328948
-4.99910934175674,0.0944361121718009
-4.9735900179835,0.0931776576252486
-4.94807069421026,0.0919384955329641
-4.92255137043702,0.090721350958023
-4.89703204666378,0.0895289615587617
-4.87151272289054,0.0883640746938705
-4.84599339911729,0.087229444134673
-4.82047407534405,0.0861278263612736
-4.79495475157081,0.0850619764222429
-4.76943542779757,0.0840346433407639
-4.74391610402433,0.0830485650536869
-4.71839678025109,0.0821064628737076
-4.69287745647785,0.0812110354688685
-4.66735813270461,0.0803649523577701
-4.64183880893136,0.0795708469232397
-4.61631948515812,0.0788313089517026
-4.59080016138488,0.0781488767101235
-4.56528083761164,0.0775260285770793
-4.5397615138384,0.0769651742492789
-4.51424219006516,0.0764686455496006
-4.48872286629192,0.0760386868674643
-4.46320354251868,0.0756774452670308
-4.43768421874543,0.0753869603033074
-4.41216489497219,0.0751691535906812
-4.38664557119895,0.0750258181726778
-4.36112624742571,0.0749586077457963
-4.33560692365247,0.0749690257940827
-4.31008759987923,0.0750584146946172
-4.28456827610599,0.0752279448572841
-4.25904895233274,0.0754786039650236
-4.2335296285595,0.075811186383204
-4.20801030478626,0.0762262828087632
-4.18249098101302,0.0767242702313315
-4.15697165723978,0.0773053022796265
-4.13145233346654,0.0779693000269951
-4.1059330096933,0.078715943330034
-4.08041368592006,0.0795446627737472
-4.05489436214681,0.0804546322956771
-4.02937503837357,0.0814447625598638
-4.00385571460033,0.0825136951493597
-3.97833639082709,0.0836597976433277
-3.95281706705385,0.0848811596415137
-3.92729774328061,0.0861755897951023
-3.90177841950737,0.0875406138986545
-3.87625909573412,0.088973474093021
-3.85073977196088,0.0904711292238246
-3.82522044818764,0.0920302563943698
-3.7997011244144,0.09364725374567
-3.77418180064116,0.0953182444897405
-3.74866247686792,0.0970390822154223
-3.72314315309468,0.0988053574788223
-3.69762382932144,0.100612405683027
-3.67210450554819,0.102455316244125
-3.64658518177495,0.104328943032797
-3.62106585800171,0.106227916072897
-3.59554653422847,0.108146654470526
-3.57002721045523,0.110079380539279
-3.54450788668199,0.112020135079529
-3.51898856290875,0.113962793762021
-3.4934692391355,0.115901084558581
-3.46794991536226,0.117828606155608
-3.44243059158902,0.11973884727915
-3.41691126781578,0.121625206853884
-3.39139194404254,0.123481014912278
-3.3658726202693,0.125299554164605
-3.34035329649606,0.127074082135445
-3.31483397272281,0.128797853767767
-3.28931464894957,0.130464144391828
-3.26379532517633,0.132066272952798
-3.23827600140309,0.133597625388456
-3.21275667762985,0.135051678046344
-3.18723735385661,0.136422021028572
-3.16171803008337,0.137702381351921
-3.13619870631013,0.138886645811178
-3.11067938253688,0.139968883434495
-3.08516005876364,0.140943367421327
-3.0596407349904,0.141804596455806
-3.03412141121716,0.142547315291533
-3.00860208744392,0.14316653450752
-2.98308276367068,0.143657549339399
-2.95756343989744,0.144015957495062
-2.9320441161242,0.144237675869498
-2.90652479235095,0.144318956079739
-2.88100546857771,0.14425639874747
-2.85548614480447,0.144046966463972
-2.82996682103123,0.143687995379539
-2.80444749725799,0.14317720536735
-2.77892817348475,0.142512708719885
-2.75340884971151,0.141693017344328
-2.72788952593826,0.140717048431874
-2.70237020216502,0.139584128584482
-2.67685087839178,0.138293996391212
-2.65133155461854,0.136846803454943
-2.6258122308453,0.135243113878725
-2.60029290707206,0.133483902229443
-2.57477358329882,0.131570550004576
-2.54925425952557,0.129504840635763
-2.52373493575233,0.12728895307042
-2.49821561197909,0.124925453979861
-2.47269628820585,0.122417288649143
-2.44717696443261,0.119767770610114
-2.42165764065937,0.116980570084995
-2.39613831688613,0.114059701312982
-2.37061899311289,0.111009508837093
-2.34509966933964,0.107834652832476
-2.3195803455664,0.104540093560863
-2.29406102179316,0.101131075038615
-2.26854169801992,0.0976131080079508
-2.24302237424668,0.0939919523023996
-2.21750305047344,0.0902735986983572
-2.1919837267002,0.0864642503447558
-2.16646440292695,0.0825703038623888
-2.14094507915371,0.0785983302033093
-2.11542575538047,0.074555055359006
-2.08990643160723,0.0704473410037583
-2.06438710783399,0.0662821651567256
-2.03886778406075,0.0620666029429614
-2.01334846028751,0.0578078075297061
-1.98782913651427,0.0535129913100384
-1.96230981274102,0.0491894074013086
-1.93679048896778,0.0448443315207797
-1.91127116519454,0.0404850442956153
-1.8857518414213,0.0361188140588343
-1.86023251764806,0.0317528801771528
-1.83471319387482,0.0273944369508024
-1.80919387010158,0.0230506181195238
-1.78367454632834,0.0187284820030149
-1.75815522255509,0.014434997298248
-1.73263589878185,0.0101770295502883
-1.70711657500861,0.00596132830761398
-1.68159725123537,0.00179451496750339
-1.65607792746213,-0.00231692868814137
-1.63055860368889,-0.00636667127106799
-1.60503927991565,-0.010348541888157
-1.5795199561424,-0.0142565395794367
-1.55400063236916,-0.0180848421097645
-1.52848130859592,-0.0218278141346906
-1.50296198482268,-0.0254800147639537
-1.47744266104944,-0.029036204548516
-1.4519233372762,-0.032491351919021
-1.42640401350296,-0.035840639105035
-1.40088468972972,-0.0390794675654197
-1.37536536595647,-0.0422034629606648
-1.34984604218323,-0.0452084796980115
-1.32432671840999,-0.0480906050797149
-1.29880739463675,-0.0508461630838574
-1.27328807086351,-0.0534717178057483
-1.24776874709027,-0.0559640765861605
-1.22224942331703,-0.0583202928504898
-1.19673009954378,-0.060537668680417
-1.17121077577054,-0.0626137571368378
-1.1456914519973,-0.0645463643497569
-1.12017212822406,-0.066333551387546
-1.09465280445082,-0.0679736359145111
-1.06913348067758,-0.0694651936421307
-1.04361415690434,-0.0708070595756784
-1.0180948331311,-0.0719983290542739
-0.992575509357854,-0.0730383585787744
-0.967056185584613,-0.0739267664183623
-0.941536861811371,-0.0746634329832765
-0.91601753803813,-0.0752485009478943
-0.890498214264889,-0.0756823751053718
-0.864978890491647,-0.0759657219323212
-0.839459566718406,-0.0760994688395874
-0.813940242945165,-0.0760848030831267
-0.788420919171923,-0.0759231703073141
-0.762901595398682,-0.0756162726917459
-0.737382271625441,-0.0751660666717866
-0.711862947852199,-0.0745747602027483
-0.686343624078958,-0.0738448095377061
-0.660824300305717,-0.072978915489555
-0.635304976532475,-0.0719800191489973
-0.609785652759234,-0.0708512970317236
-0.584266328985993,-0.0695961556301024
-0.558747005212751,-0.0682182253472064
-0.53322768143951,-0.0667213537939718
-0.507708357666269,-0.0651095984336658
-0.482189033893027,-0.0633872185616286
-0.456669710119786,-0.0615586666123923
-0.431150386346545,-0.0596285787907514
-0.405631062573303,-0.0576017650281082
-0.380111738800062,-0.055483198270408
-0.354592415026821,-0.0532780031091542
-0.329073091253579,-0.0509914437723168
-0.303553767480338,-0.0486289114973472
-0.278034443707097,-0.0461959113139564
-0.252515119933855,-0.0436980482697242
-0.226995796160614,-0.0411410131369504
-0.201476472387373,-0.0385305676443634
-0.175957148614131,-0.0358725292823218
-0.15043782484089,-0.0331727557349294
-0.124918501067649,-0.0304371289969719
-0.0993991772944074,-0.0276715392377423
-0.073879853521166,-0.024881868477592
-0.0483605297479247,-0.0220739741463909
-0.0228412059746834,-0.019253672595968
0.00267811779855798,-0.0164267226409889
0.0281974415717993,-0.0135988092045937
0.0537167653450406,-0.010775527146434
0.079236089118282,-0.00796236535149205
0.104755412891523,-0.00516469115823451
0.130274736664765,-0.00238773520422616
0.155794060438006,0.000363423233686169
0.181313384211247,0.00308387032911694
0.206832707984489,0.00576887115249788
0.23235203175773,0.00841388240348964
0.257871355530971,0.0110145643621979
0.283390679304213,0.0135667919957762
0.308910003077454,0.0160666651613293
0.334429326850695,0.0185105178508245
0.359948650623937,0.020894926428947
0.385467974397178,0.0232167168204444
0.410987298170419,0.025472970609466
0.436506621943661,0.0276610300196583
0.462025945716902,0.0297785017502811
0.487545269490143,0.0318232596503171
0.513064593263385,0.0337934462193947
0.538583917036626,0.0356874729312926
0.564103240809867,0.0375040193827757
0.589622564583109,0.0392420312774881
0.61514188835635,0.0409007172615332
0.640661212129591,0.0424795446341601
0.666180535902833,0.0439782339635969
0.691699859676074,0.0453967526444754
0.717219183449315,0.0467353074394354
0.742738507222557,0.0479943360533287
0.768257830995798,0.0491744977939356
0.793777154769039,0.050276663378209
0.819296478542281,0.0513019039477447
0.844815802315522,0.052251479361419
0.870335126088763,0.0531268258368918
0.895854449862005,0.0539295430159401
0.921373773635246,0.054661380531339
0.946893097408487,0.0553242241552228
0.972412421181729,0.0559200816105448
0.99793174495497,0.0564510681283887
1.02345106872821,0.056919391834476
1.04897039250145,0.0573273390482628
1.07448971627469,0.0576772595775302
1.10000904004794,0.0579715520903595
1.12552836382118,0.0582126496448557
1.15104768759442,0.0584030054549676
1.17656701136766,0.0585450789682547
1.2020863351409,0.0586413223285143
1.22760565891414,0.0586941672928155
1.25312498268738,0.0587060126687298
1.27864430646062,0.0586792123334287
1.30416363023387,0.0586160638918696
1.32968295400711,0.05851879802655
1.35520227778035,0.0583895685863066
1.38072160155359,0.0582304434564203
1.40624092532683,0.0580433962468789
1.43176024910007,0.0578302988301061
1.45727957287331,0.0575929147538111
1.48279889664656,0.0573328935488938
1.5083182204198,0.0570517659465926
1.53383754419304,0.0567509400133257
1.55935686796628,0.0564316982059818
1.58487619173952,0.0560951953448102
1.61039551551276,0.0557424574955651
1.635914839286,0.05537438174722
1.66143416305924,0.0549917368664052
1.68695348683249,0.0545951648047769
1.71247281060573,0.0541851830308165
1.73799213437897,0.0537621876531176
1.76351145815221,0.0533264572980667
1.78903078192545,0.0528781577009824
1.81455010569869,0.0524173469662663
1.84006942947193,0.0519439814489588
1.86558875324518,0.0514579222072867
1.89110807701842,0.0509589419733623
1.91662740079166,0.0504467325871469
1.9421467245649,0.0499209128371303
1.96766604833814,0.049381036649914
1.99318537211138,0.0488266015700079
2.01870469588462,0.0482570574706742
2.04422401965786,0.047671815436555
2.06974334343111,0.0470702567591105
2.09526266720435,0.0464517419865565
2.12078199097759,0.0458156199710137
2.14630131475083,0.0451612368569531
2.17182063852407,0.0444879449567284
2.19733996229731,0.0437951114610062
2.22285928607055,0.0430821269342218
2.2483786098438,0.042348413547779
2.27389793361704,0.0415934330065559
2.29941725739028,0.0408166941273492
2.32493658116352,0.0400177600311559
2.35045590493676,0.0391962549146444
2.37597522871,0.0383518703697514
2.40149455248324,0.0374843712240563
2.42701387625648,0.0365936008783802
2.45253320002973,0.0356794861219163
2.47805252380297,0.0347420414090876
2.50357184757621,0.0337813725862134
2.52909117134945,0.0327976800599293
2.55461049512269,0.031791261403106
2.58012981889593,0.0307625133977318
2.60564914266917,0.02971193351783
2.63116846644242,0.0286401208589509
2.65668779021566,0.0275477765240906
2.6822071139889,0.0264357034790078
2.70772643776214,0.0253048058928395
2.73324576153538,0.0241560879826079
2.75876508530862,0.0229906523826768
2.78428440908186,0.0218096980624176
2.8098037328551,0.0206145178172923
2.83532305662835,0.0194064953602245
2.86084238040159,0.0181871020415197
2.88636170417483,0.0169578932266972
2.91188102794807,0.0157205043624127
2.93740035172131,0.0144766467611844
2.96291967549455,0.0132281031358829
2.98843899926779,0.0119767229149262
3.01395832304104,0.0107244173688308
3.03947764681428,0.0094731545782286
3.06499697058752,0.00822495427267997
3.09051629436076,0.00698188256860626
3.116035618134,0.00574604663345699
3.14155494190724,0.00451958930182896
3.16707426568048,0.00330468366769465
3.19259358945372,0.0021035276751933
3.21811291322697,0.000918338728616845
3.24363223700021,-0.000248651659692546
3.26915156077345,-0.0013952031668021
3.29467088454669,-0.00251907188730111
3.32019020831993,-0.00361801547941065
3.34570953209317,-0.00468979821847417
3.37122885586641,-0.0057321959492225
3.39674817963966,-0.00674300093016253
3.4222675034129,-0.00772002656531782
3.44778682718614,-0.00866111202032953
3.47330615095938,-0.0095641267215909
3.49882547473262,-0.0104269747386172
3.52434479850586,-0.0112475990512305
3.5498641222791,-0.012023985704355
3.57538344605234,-0.0127541678542557
3.60090276982559,-0.0134362297109075
3.62642209359883,-0.0140683103818488
3.65194141737207,-0.0146486076233386
3.67746074114531,-0.015175381504913
3.70298006491855,-0.0156469579935126
3.72849938869179,-0.0160617324632424
3.75401871246503,-0.016418173136524
3.77953803623827,-0.0167148244619279
3.80505736001152,-0.0169503104333297
3.83057668378476,-0.0171233378542384
3.856096007558,-0.0172326995502093
3.88161533133124,-0.0172772775311934
3.90713465510448,-0.0172560461045071
3.93265397887772,-0.0171680749378509
3.95817330265096,-0.0170125320704794
3.98369262642421,-0.0167886868692507
4.00921195019745,-0.0164959129248764
4.03473127397069,-0.0161336908822842
4.06025059774393,-0.0157016111975956
4.08576992151717,-0.0151993768128581
4.11128924529041,-0.014626805738341
4.13680856906365,-0.0139838335309584
4.1623278928369,-0.0132705156562092
4.18784721661014,-0.0124870297199624
4.21336654038338,-0.0116336775554609
4.23888586415662,-0.0107108871501006
4.26440518792986,-0.00971921439585489
4.2899245117031,-0.008659344646685
4.31544383547634,-0.00753209406589896
4.34096315924958,-0.00633841074620949
4.36648248302283,-0.00507937558518962
4.39200180679607,-0.00375620289894585
4.41752113056931,-0.00237024075711359
4.44304045434255,-0.000922971022727731
4.46855977811579,0.000583990918866573
4.49407910188903,0.00214889675713143
4.51959842566227,0.00376986619363875
4.54511774943551,0.00544488823265685
4.57063707320876,0.00717182283693815
4.596156396982,0.00894840295931879
4.62167572075524,0.010772236959327
4.64719504452848,0.0126408114124879
4.67271436830172,0.0145514943184157
4.69823369207496,0.0165015387121193
4.7237530158482,0.0184880866812205
4.74927233962145,0.0205081737900083
4.77479166339469,0.0225587339094545
4.80031098716793,0.0246366044504739
4.82583031094117,0.0267385319958836
4.85134963471441,0.0288611783246685
4.87686895848765,0.0310011268203289
4.90238828226089,0.0331548892532778
4.92790760603414,0.0353189129254626
4.95342692980738,0.0374895881636419
4.97894625358062,0.0396632561460298
5.00446557735386,0.0418362170453575
5.0299849011271,0.0440047384697897
5.05550422490034,0.0461650641815641
5.08102354867358,0.0483134230717299
5.10654287244682,0.0504460383679071
5.13206219622007,0.0525591370506105
5.15758151999331,0.0546489594523646
5.18310084376655,0.0567117690125715
5.20862016753979,0.0587438621599121
5.23413949131303,0.0607415782929268
5.25965881508627,0.0627013098283674
5.28517813885951,0.0646195122859159
5.31069746263275,0.0664927143769447
5.336216786406,0.068317528064139
5.36173611017924,0.0700906585580227
5.38725543395248,0.0718089142157226
5.41277475772572,0.073469216306689
5.43829408149896,0.0750686086095407
5.4638134052722,0.076604266803763
5.48933272904544,0.0780735076196249
5.51485205281868,0.0794737977094348
5.54037137659193,0.080802762203107
5.56589070036517,0.0820581929109941
5.59141002413841,0.0832380561370347
5.61692934791165,0.0843405000655136
5.64244867168489,0.0853638616851089
5.66796799545813,0.0863066732144456
5.69348731923138,0.0871676679940788
5.71900664300462,0.0879457858107093
5.74452596677786,0.0886401776205016
5.7700452905511,0.0892502096396278
5.79556461432434,0.0897754667716238
5.82108393809758,0.0902157553428051
5.84660326187082,0.0905711051188746
5.87212258564406,0.090841770577948
5.89764190941731,0.0910282314175417
5.92316123319055,0.0911311922756102
5.94868055696379,0.0911515816484764
5.97419988073703,0.0910905499914779
5.99971920451027,0.090949466991345
6.02523852828351,0.0907299180027117
6.05075785205675,0.0904336996447592
6.07627717582999,0.0900628145577522
6.10179649960324,0.0896194653231667
6.12731582337648,0.0891060475551928
6.15283514714972,0.0885251421756005
6.17835447092296,0.0878795068882812
6.2038737946962,0.0871720668741665
6.22939311846944,0.0864059047316791
6.25491244224268,0.0855842496923447
6.28043176601593,0.0847104661456565
6.30595108978917,0.0837880415117183
6.33147041356241,0.0828205735045425
6.35698973733565,0.0818117568331305
6.38250906110889,0.0807653693915701
6.40802838488213,0.0796852579933145
6.43354770865537,0.0785753237085243
6.45906703242861,0.077439506866824
6.48458635620186,0.0762817717910168
6.5101056799751,0.0751060913301708
6.53562500374834,0.0739164312630265
6.56114432752158,0.0727167346448249
6.58666365129482,0.0715109061724126
6.61218297506806,0.0703027966438036
6.6377022988413,0.0690961875892604
6.66322162261455,0.0678947761513644
6.68874094638779,0.0667021602914792
6.71426027016103,0.0655218243994438
6.73977959393427,0.0643571253822741
6.76529891770751,0.0632112793060759
6.79081824148075,0.0620873486633069
6.81633756525399,0.0609882303349509
6.84185688902723,0.0599166443141087
6.86737621280048,0.0588751232539708
6.89289553657372,0.0578660028991435
6.91841486034696,0.0568914134548651
6.9439341841202,0.0559532719438026
6.96945350789344,0.0550532755948935
6.99497283166668,0.0541928963031156
7.02049215543992,0.0533733761931807
7.04601147921317,0.0525957243139773
7.07153080298641,0.0518607144841901
7.09705012675965,0.051168884302937
7.12256945053289,0.0505205353325304
7.14808877430613,0.0499157344536447
7.17360809807937,0.049354316386299
7.19912742185261,0.0488358873631904
7.22464674562585,0.0483598299350957
7.2501660693991,0.0479253088813387
7.27568539317234,0.0475312781917532
7.30120471694558,0.0471764890801964
7.32672404071882,0.0468594989835399
7.35224336449206,0.0465786814942224
7.3777626882653,0.0463322371689314
7.40328201203854,0.0461182051508398
7.42880133581179,0.0459344755380737
7.45432065958503,0.0457788024267881
7.47983998335827,0.0456488175533826
7.50535930713151,0.0455420444570434
7.53087863090475,0.0454559130809591
7.55639795467799,0.0453877747282575
7.58191727845123,0.0453349172869453
7.60743660222448,0.0452945806369265
7.63295592599772,0.045263972151526
7.65847524977096,0.0452402822058508
7.6839945735442,0.0452206996047849
7.70951389731744,0.0452024268444241
7.73503322109068,0.0451826951222992
7.76055254486392,0.0451587790138036
7.78607186863716,0.045128010734801
7.8115911924104,0.0450877939134368
7.83711051618365,0.0450356167976666
7.86262983995689,0.0449690648289393
7.88814916373013,0.0448858325167813
7.91366848750337,0.0447837345537017
7.93918781127661,0.0446607161148403
7.96470713504985,0.04451486229206
7.9902264588231,0.0443444066177344
8.01574578259634,0.0441477386392211
8.04126510636958,0.0439234105109469
8.06678443014282,0.0436701425770832
8.09230375391606,0.0433868279239485
8.1178230776893,0.0430725358874844
8.14334240146254,0.0427265145073801
8.16886172523578,0.0423481919256309
8.19438104900902,0.0419371767334661
8.21990037278227,0.0414932572766497
8.24541969655551,0.0410163999350881
8.27093902032875,0.0405067463984669
8.29645834410199,0.0399646099652287
8.32197766787523,0.0393904708975871
8.34749699164847,0.0387849708704096
8.37301631542172,0.0381489065566748
8.39853563919496,0.0374832223967981
8.4240549629682,0.0367890026033947
8.44957428674144,0.0360674624570033
8.47509361051468,0.0353199389519037
8.50061293428792,0.0345478808544184
8.52613225806116,0.0337528382389693
8.5516515818344,0.0329364515696797
8.57717090560765,0.0321004403974251
8.60269022938089,0.0312465917439746
8.62820955315413,0.0303767482461956
8.65372887692737,0.0294927961342287
8.67924820070061,0.0285966531180764
8.70476752447385,0.027690256257176
8.73028684824709,0.0267755498872659
8.75580617202033,0.0258544736781888
8.78132549579358,0.024928950895222
8.80684481956682,0.0240008769350869
8.83236414334006,0.0230721082059715
8.8578834671133,0.0221444514187151
8.88340279088654,0.0212196533537576
8.90892211465978,0.0202993911655643
8.93444143843302,0.0193852632830082
8.95996076220626,0.018478780960643
8.98548008597951,0.0175813605319469
9.01099940975275,0.0166943164114705
9.03651873352599,0.0158188548884141
9.06203805729923,0.0149560687494886
9.08755738107247,0.0141069327640245
9.11307670484571,0.01327230005919
9.13859602861895,0.0124528994078893
9.16411535239219,0.011649333446477
9.18963467616544,0.0108620778338348
9.21515399993868,0.0100914813576906
9.24067332371192,0.00933776698829031
9.26619264748516,0.00860103387374288
9.2917119712584,0.00788126026553761
9.31723129503164,0.00717830735693912
9.34275061880489,0.00649192401122155
9.36826994257813,0.00582175235104155
9.39378926635137,0.00516733417471085
9.41930859012461,0.00452811815974089
9.44482791389785,0.00390346780883138
9.47034723767109,0.00329267008849728
9.49586656144433,0.00269494470580314
9.52138588521757,0.00210945396424072
9.54690520899082,0.00153531313566505
9.57242453276406,0.000971601281442531
9.5979438565373,0.00041737245257422
9.62346318031054,-0.000128332804424001
9.64898250408378,-0.000666475711651418
9.67450182785702,-0.00119800737182806
9.70002115163026,-0.00172385680766526
9.7255404754035,-0.00224491900922374
9.75105979917675,-0.00276204307051071
9.77657912294999,-0.00327602049668394
9.80209844672323,-0.00378757376282299
9.82761777049647,-0.00429734520429647
9.85313709426971,-0.00480588631729848
9.87865641804295,-0.00531364754615192
9.90417574181619,-0.00582096863148719
9.92969506558943,-0.0063280695904173
9.95521438936268,-0.00683504239635894
9.98073371313592,-0.00734184342221297
10.0062530369092,-0.00784828670624029
10.0317723606824,-0.00835403809518
10.0572916844556,-0.00885861031398187
10.0828110082289,-0.00936135900600212
10.1083303320021,-0.0098614797816758
10.1338496557754,-0.0103580063075654
10.1593689795486,-0.0108498094613443
10.1848883033218,-0.0113355975717353
10.2104076270951,-0.0118139177557511
10.2359269508683,-0.0122831583587981
10.2614462746416,-0.0127415524963811
10.2869655984148,-0.0131871826893049
10.3124849221881,-0.0136179865774793
10.3380042459613,-0.0140317636907258
10.3635235697345,-0.0144261832484141
10.3890428935078,-0.0147987929533665
10.414562217281,-0.0151470287392972
10.4400815410543,-0.0154682254251477
10.4656008648275,-0.0157596282240764
10.4911201886007,-0.0160184050495937
10.516639512374,-0.0162416595564405
10.5421588361472,-0.0164264448493139
10.5676781599205,-0.0165697777884808
10.5931974836937,-0.0166686538177059
10.618716807467,-0.0167200622367783
10.6442361312402,-0.0167210018382679
10.6697554550134,-0.0166684968259813
10.6952747787867,-0.0165596129309407
10.7207941025599,-0.0163914736395681
10.7463134263332,-0.0161612764481284
10.7718327501064,-0.0158663090573638
10.7973520738796,-0.0155039654216355
10.8228713976529,-0.0150717615677547
10.8483907214261,-0.0145673511000401
10.8739100451994,-0.0139885403099419
10.8994293689726,-0.0133333028108296
10.9249486927458,-0.0125997936212094
10.9504680165191,-0.0117863626227053
10.9759873402923,-0.010891567322578
11.0015066640656,-0.00991418485433498
11.0270259878388,-0.00885322315408445
11.0525453116121,-0.00770793125466111
11.0780646353853,-0.00647780864419199
11.1035839591585,-0.00516261364062182
11.1291032829318,-0.00376237073876926
11.154622606705,-0.00227737689169145
11.1801419304783,-0.000708206693472435
11.2056612542515,0.000944283564014839
11.2311805780247,0.00267895298231894
11.256699901798,0.00449437431199617
11.2822192255712,0.00638883338342332
11.3077385493445,0.00836032971814816
11.3332578731177,0.0104065783205961
11.3587771968909,0.012525012644519
11.3842965206642,0.0147127887232353
11.4098158444374,0.0169667904474812
11.4353351682107,0.0192836359695981
11.4608544919839,0.0216596852078356
11.4863738157572,0.0240910484197756
11.5118931395304,0.0265735958092908
11.5374124633036,0.0291029681270651
11.5629317870769,0.0316745882205259
11.5884511108501,0.034283673485093
11.6139704346234,0.0369252491649417
11.6394897583966,0.0395941624480218
11.6650090821698,0.0422850972968744
11.6905284059431,0.044992589953866
11.7160477297163,0.0477110450568045
11.7415670534896,0.0504347522985408
11.7670863772628,0.0531579035620838
11.7926057010361,0.0558746104609807
11.8181250248093,0.0585789222132443
11.8436443485825,0.061264843775939
11.8691636723558,0.0639263541666881
11.894682996129,0.0665574248978204
11.9202023199023,0.0691520384486572
11.9457216436755,0.071704206701532
11.9712409674487,0.0742079892675543
11.996760291222,0.0766575116288635
12.0222796149952,0.0790469830251715
12.0477989387685,0.081370714013761
12.0733182625417,0.0836231336337921
12.0988375863149,0.0857988061077547
12.1243569100882,0.087892447015198
12.1498762338614,0.089898938876454
12.1753955576347,0.0918133460869432
12.2009148814079,0.093630929145795
12.2264342051812,0.0953471581259255
12.2519535289544,0.0969577253363741
12.2774728527276,0.0984585571315878
12.3029921765009,0.0998458248264545
12.3285115002741,0.101115954680188
12.3540308240474,0.102265636916651
12.3795501478206,0.103291833753345
12.4050694715938,0.104191786416055
12.4305887953671,0.104963021121022
12.4561081191403,0.105603354011475
12.4816274429136,0.106110895040357
12.5071467666868,0.106484050796122
12.5326660904601,0.106721526273513
12.5581854142333,0.106822325596232
12.5837047380065,0.106785751703339
12.6092240617798,0.106611405016093
12.634743385553,0.106299181106627
12.6602627093263,0.105849267394465
12.6857820330995,0.105262138901258
12.7113013568727,0.104538553098295
12.736820680646,0.103679543885327
12.7623400044192,0.102686414742902
12.7878593281925,0.101560731103845
12.8133786519657,0.100304311992607
12.8388979757389,0.0989192209840173
12.8644172995122,0.097407756535399
12.8899366232854,0.0957724417481177
12.9154559470587,0.0940160136163631
12.9409752708319,0.0921414118223206
12.9664945946052,0.090151767137873
12.9920139183784,0.0880503894935738
13.0175332421516,0.0858407557758515
13.0430525659249,0.083526497413249
13.0685718896981,0.0811113878119744
13.0940912134714,0.078599329700149
13.1196105372446,0.0759943424389023
13.1451298610178,0.0733005493568866
13.1706491847911,0.0705221651629029
13.1961685085643,0.0676634834891327
13.2216878323376,0.0647288646150178
13.2472071561108,0.0617227234191118
13.272726479884,0.0586495176032952
13.2982458036573,0.0555137362306013
13.3237651274305,0.052319888614604
13.3492844512038,0.0490724935948625
13.374803774977,0.0457760692293624
13.4003230987503,0.0424351229312538
13.4258424225235,0.0390541420734884
13.4513617462967,0.0356375850812476
13.47688107007,0.03218987302834
13.5024003938432,0.0287153817500733
13.5279197176165,0.0252184344814886
13.5534390413897,0.0217032950263166
13.5789583651629,0.0181741614585972
13.6044776889362,0.0146351603556123
13.6299970127094,0.011090341557648
13.6555163364827,0.00754367344713353
13.6810356602559,0.00399903873692282
13.7065549840292,0.000460230754898115
13.7320743078024,-0.0030690497902963
13.7575936315756,-0.00658519757974113
13.7831129553489,-0.0100847050102329
13.8086322791221,-0.013564164096763
13.8341516028954,-0.0170202679739433
13.8596709266686,-0.0204498120200804
13.8851902504418,-0.0238496946286094
13.9107095742151,-0.0272169176523941
13.9362288979883,-0.0305485865469645
13.9617482217616,-0.0338419102391271
13.9872675455348,-0.0370942007475354
14.012786869308,-0.0403028725817735
14.0383061930813,-0.0434654419462834
14.0638255168545,-0.0465795257750767
14.0893448406278,-0.0496428406226205
14.114864164401,-0.0526532014355877
14.1403834881743,-0.05560852022933
14.1659028119475,-0.0585068046919778
14.1914221357207,-0.0613461567380039
14.216941459494,-0.0641247710319273
14.2424607832672,-0.0668409335015828
14.2679801070405,-0.0694930198590587
14.2934994308137,-0.0720794941460174
14.3190187545869,-0.0745989073186679
14.3445380783602,-0.0770498958861741
14.3700574021334,-0.0794311806147549
14.3955767259067,-0.0817415653081811
14.4210960496799,-0.0839799356737952
14.4466153734531,-0.0861452582815915
14.4721346972264,-0.0882365796222947
14.4976540209996,-0.0902530252687695
14.5231733447729,-0.0921937991434933
14.5486926685461,-0.09405818289323
14.5742119923194,-0.0958455353704573
14.5997313160926,-0.0975552922195307
14.6252506398658,-0.0991869655640251
14.6507699636391,-0.100740143790164
14.6762892874123,-0.102214491419767
14.7018086111856,-0.103609749064671
14.7273279349588,-0.104925733453194
14.7528472587321,-0.106162337517822
14.7783665825053,-0.107319530531989
14.8038859062785,-0.108397358282603
14.8294052300518,-0.109395943263744
14.854924553825,-0.110315484875921
14.8804438775983,-0.111156259614219
14.9059632013715,-0.111918621227788
14.9314825251447,-0.112603000832323
14.957001848918,-0.113209906956498
14.9825211726912,-0.11373992550278
15.0080404964645,-0.114193719602646
15.0335598202377,-0.114572029345959
15.0590791440109,-0.114875671364203
15.0845984677842,-0.115105538247326
15.1101177915574,-0.115262597774241
15.1356371153307,-0.11534789193749
15.1611564391039,-0.115362535743219
15.1866757628771,-0.115307715768501
15.2121950866504,-0.115184688459119
15.2377144104236,-0.114994778152189
15.2632337341969,-0.114739374809523
15.2887530579701,-0.114419931449355
15.3142723817434,-0.114037961265932
15.3397917055166,-0.113595034428661
15.3653110292898,-0.113092774554749
15.3908303530631,-0.112532854851831
15.4163496768363,-0.111916993929713
15.4418690006096,-0.111246951283186
15.4673883243828,-0.110524522450821
15.492907648156,-0.109751533857715
15.5184269719293,-0.1089298373533
15.5439462957025,-0.108061304458549
15.5694656194758,-0.107147820340146
15.594984943249,-0.106191277532417
15.6205042670223,-0.105193569431072
15.6460235907955,-0.104156583585917
15.6715429145687,-0.103082194822758
15.697062238342,-0.10197225822768
15.7225815621152,-0.10082860202959
15.7481008858885,-0.0996530204195049
15.7736202096617,-0.0984472663473966
15.7991395334349,-0.0972130443394493
15.8246588572082,-0.0959520033803697
15.8501781809814,-0.0946657299068297
15.8756975047547,-0.093355740959212
15.9012168285279,-0.0920234775395573
15.9267361523011,-0.0906702982239294
15.9522554760744,-0.0892974730773392
15.9777747998476,-0.0879061779188522
16.0032941236209,-0.0864974889835697
16.0288134473941,-0.0850723780267921
16.0543327711674,-0.0836317079138575
16.0798520949406,-0.0821762287369015
16.1053714187138,-0.0807065744971108
16.1308907424871,-0.0792232603879617
16.1564100662603,-0.0777266807114615
16.1819293900336,-0.0762171074555694
16.2074487138068,-0.0746946895567935
16.23296803758,-0.07315945286747
16.2584873613533,-0.071611300842467
16.2840066851265,-0.0700500159550623
16.3095260088998,-0.0684752618465539
16.335045332673,-0.0668865862088339
16.3605646564463,-0.0652834243937212
16.3860839802195,-0.0636651037373742
16.4116033039927,-0.0620308485826253
16.437122627766,-0.0603797859766592
16.4626419515392,-0.0587109520161396
16.4881612753125,-0.0570232988067316
16.5136805990857,-0.0553157019990147
16.5391999228589,-0.0535869688580907
16.5647192466322,-0.051835846819799
16.5902385704054,-0.0500610324824112
16.6157578941787,-0.0482611809790253
16.6412772179519,-0.0464349156726572
16.6667965417251,-0.0445808381132593
16.6923158654984,-0.0426975381936271
16.7178351892716,-0.0407836044393901
16.7433545130449,-0.0388376343670626
16.7688738368181,-0.036858244843445
16.7943931605914,-0.0348440823795491
16.8199124843646,-0.0327938332926554
16.8454318081378,-0.0307062336710992
16.8709511319111,-0.0285800790779297
16.8964704556843,-0.0264142339316547
16.9219897794576,-0.0242076405048755
16.9475091032308,-0.0219593274846977
16.973028427004,-0.0196684180423422
16.9985477507773,-0.0173341373633523
17.0240670745505,-0.014955819594151
17.0494942667309,-0.0125742883520909
17.0749619430914,-0.010230759883236
17.1004297717207,-0.00792495636609446
17.1258974819913,-0.00565674277147778
17.1513648029062,-0.00342613053347397
17.1768314629246,-0.0012332803854706
17.2022971897852,0.000921495542694745
17.2277617103291,0.00303773236729593
17.2532247503209,0.00511481182812404
17.2786860342678,0.00715196239025899
17.3041452852367,0.00914826005428954
17.3296022246687,0.0111026298538408
17.3550565721912,0.0130138480142847
17.3805080454268,0.0148805447418438
17.4059563597984,0.0167012076079636
17.4314012283315,0.018474185489863
17.4568423614515,0.0201976930246224
17.4822794667772,0.0218698155310438
17.5077122489094,0.0234885143508496
17.5331404092144,0.0250516325585929
17.5585636456018,0.0265569009879367
17.5839816522964,0.0280019445207471
17.6093941196038,0.0293842885847199
17.6348007336691,0.030701365805031
17.6602011762285,0.0319505227557636
17.6855951243524,0.0331290267575997
17.7109822501812,0.034234072669454
17.7363622206512,0.035262789623374
17.7617346972117,0.0362122476540749
17.7870993355317,0.0370794641769328
17.8124557851962,0.0378614102710535
17.8378036893905,0.0385550167271738
17.8631426845729,0.0391571798235741
17.8884724001343,0.0396647667968554
17.913792458044,0.0400746209783281
17.9391024724813,0.0403835665708287
17.964402049451,0.0405884130449718
17.989690786383,0.0406859591381492
18.0149682717138,0.0406729964439127
18.0402340844505,0.0405463125837403
18.0654877937133,0.0403026939574945
18.0907289582589,0.0399389280731299
18.1159571259799,0.039451805460346
18.1411718333816,0.0388381211768669
18.1663726050327,0.0380946759198488
18.1915589529892,0.0372182767585104
18.2167303761903,0.0362057375074417
18.2418863598226,0.0350538787631403
18.2670263746524,0.0337595276291224
18.2921498763236,0.0323195171574405
18.3172563046175,0.0307306855366071
18.3423450826738,0.0289898750577151
18.3674156161697,0.0270939308920232
18.3924672924528,0.0250396997143466
18.4174994796273,0.0228240282073142
18.4425115255869,0.0204437614819034
18.4675027569945,0.0178957414496228
18.4924724782012,0.0151768051813266
18.5174199701033,0.0122837832868637
18.5423444889308,0.00921349834866323
18.5672452649634,0.00596276344087816
18.592121501169,0.00252838076392525
18.6169723717575,-0.00109285957786218
18.6417970206454,-0.00490418063015413
18.6665945598236,-0.00890881945149521
18.6913640676199,-0.0131100277654614
18.7161045868511,-0.0175110723856143
18.7408151228522,-0.0221152354001791
18.7654946413772,-0.0269258141069581
18.7901420663572,-0.0319461206927613
18.8147562775076,-0.0371794816555358
18.8393361077705,-0.0426292369713972
18.8638803405792,-0.0482987390128817
18.8883877069298,-0.0541913512289035
18.9128568822444,-0.0603104466011336
18.937286483007,-0.0666594058957321
18.9616750631541,-0.0732416157335795
18.9860211101977,-0.0800604665063361
19.0103230410572,-0.0871193501697581
19.0345791975754,-0.0944216579497116
19.0587878416891,-0.101970778000227
19.0829471502232,-0.109770093056677
19.1070552092747,-0.11782297813072
19.1311100081476,-0.126132798297028
19.1551094327962,-0.134702906624924
19.1790512587322,-0.143536642310893
19.2029331433411,-0.152637329070462
19.226752617554,-0.162008273850115
19.2505070768084,-0.171652765921649
19.2741937712301,-0.181574076422667
19.2978097949571,-0.191775458407641
19.3213520745179,-0.202260147474102
19.3448173561698,-0.213031363027895
19.3682021920878,-0.224092310249988
19.3915029252851,-0.235446182824866
19.414715673133,-0.247096166486941
19.4378363093296,-0.259045443436368
19.4608604441546,-0.271297197668969
19.4837834028231,-0.283854621256338
19.5066002017358,-0.296720921601031
19.5293055223937,-0.309899329677821
19.5518936827269,-0.323393109254433
19.57435860555,-0.337205567063355
19.5966937838348,-0.35134006386931
19.6188922424493,-0.365800026343544
19.6409464959813,-0.380588959614944
19.6628485022238,-0.395710460317377
19.6845896108599,-0.41116822989048
19.7061605068449,-0.426966087815012
19.7275511479424,-0.443107984370681
19.7487506958351,-0.459598012390674
19.7697474402009,-0.476440417348643
19.7905287151245,-0.493639604945867
19.8110808072133,-0.511200145163126
19.831388854811,-0.529126771497499
19.8514367377646,-0.547424373812174
19.871206957318,-0.566097982881194
19.8906805058983,-0.585152744305052
19.9098367268593,-0.604593879003486
19.9286531646831,-0.624426626958961
19.9471054067615,-0.644656170294874
19.9651669187417,-0.665287531144106
19.9828088765815,-0.686325439130385
20,-0.707774162705137
