0.643231303103622
0.642815255891648
0.642410117972255
0.642038997483605
0.64172274166445
0.641479330055312
0.641323344308763
0.64126553474987
0.641312500257627
0.64146649369445
0.641725360211677
0.642082610549993
0.642527626193313
0.643045988179029
0.643619916755408
0.644228805116908
0.6448498273071
0.645458598174307
0.646029862060671
0.646538186709791
0.646958639647668
0.647267425936284
0.647442468590032
0.647463915925727
0.647314563513443
0.646980182028821
0.64644974600397
0.645715562074691
0.644773298689665
0.643621922273346
0.64226354743951
0.640703210988309
0.638948581066395
0.637009614032327
0.634898172272907
0.632627616499446
0.630212385963682
0.627667579621309
0.625008550585557
0.622250525297447
0.619408257729854
0.616495727668413
0.613525890695712
0.610510485963582
0.60745990618613
0.604383132538818
0.601287735324443
0.598179939389237
0.595064751372302
0.591946143988134
0.588827290721491
0.585710842609096
0.582599237250652
0.579495028890796
0.57640122740039
0.573321633311311
0.57026115576639
0.567226100367005
0.56422441445285
0.561265878334537
0.558362232406793
0.555527231869136
0.552776622927903
0.550128036790128
0.547600800415907
0.54521566579095
0.542994462327239
0.540959679803593
0.539133991924004
0.537539733004278
0.536198342404413
0.53512979301919
0.534352021345308
0.533880377295565
0.533727111979675
0.533900921086722
0.534406560276755
0.535244547133045
0.536410961781839
0.537897355318903
0.539690771782839
0.541773885699099
0.544125253320704
0.546719671762526
0.549528636425448
0.552520883596666
0.555663002048822
0.558920094985235
0.562256471910454
0.56563634903413
0.569024536695235
0.572387093036225
0.575691924733658
0.578909317931812
0.582012385518639
0.584977420384595
0.587784148144001
0.590415876788148
0.592859544685584
0.59510567205903
0.597148224377049
0.598984398854703
0.600614347348194
0.602040850281391
0.603268956829314
0.604305606421638
0.605159245777772
0.605839454241184
0.606356588271932
0.606721453731377
0.606945012210805
0.607038125274679
0.607011338257001
0.606874703292296
0.606637639679296
0.606308828529276
0.605896137969178
0.605406574941539
0.604846259823821
0.604220420604165
0.603533404101616
0.602788702595269
0.601988995112869
0.601136203414337
0.600231563292606
0.599275712127338
0.598268793618165
0.597210580275093
0.596100613568556
0.594938360684436
0.593723385661038
0.592455531397309
0.591135107720016
0.589763079493305
0.588341247755031
0.586872416167452
0.585360534753527
0.583810813007858
0.582229795048214
0.580625390503816
0.579006856283518
0.5773847261658
0.5757706872138
0.574177404234955
0.572618295757058
0.571107267158214
0.569658408548798
0.568285666652559
0.567002501183219
0.565821536997892
0.564754223592226
0.563810513276793
0.562998568661079
0.562324508919393
0.561792202793997
0.561403114495438
0.561156206690841
0.561047902735835
0.561072108310544
0.561220290762343
0.56148161282049
0.561843115993836
0.562289947933133
0.562805627350153
0.56337233972867
0.563971257006519
0.564582874603552
0.565187359553272
0.565764903993687
0.566296078810885
0.566762182736765
0.56714558262065
0.56743004087897
0.5676010262534
0.567646003973025
0.567554701239872
0.567319343679948
0.566934858081821
0.566399036452633
0.565712656234807
0.564879551523008
0.563906630370187
0.562803833829703
0.56158403328336
0.560262863863748
0.558858493376966
0.557391328023782
0.555883658331683
0.554359250951931
0.552842894231556
0.551359907616279
0.549935626850033
0.548594878489156
0.547361458338
0.546257628952781
0.545303651295568
0.544517364926063
0.543913829806101
0.543505040905744
0.54329972441794
0.543303221616108
0.543517463351932
0.543941035029074
0.544569328747438
0.545394776333717
0.546407154287267
0.547593949387574
0.548940771917884
0.550431802218604
0.552050255623207
0.553778850748864
0.555600266586051
0.557497574804645
0.559454635097772
0.561456443134996
0.563489422701693
0.565541655768547
0.567603046474243
0.569665417233811
0.57172253733379
0.573770086385496
0.575805556834633
0.57782810133769
0.579838332192914
0.581838081144892
0.583830128762697
0.585817913221325
0.587805228696056
0.589795923710081
0.591793609656969
0.593801389349592
0.595821614823546
0.597855682744748
0.599903874639429
0.601965247787986
0.604037581018142
0.606117377824658
0.608199927272056
0.610279421056666
0.612349122981169
0.614401585006735
0.616428902081592
0.618422996191651
0.620375918629384
0.622280158415659
0.624128944207364
0.625916526934807
0.627638430866922
0.629291661802246
0.630874862602826
0.632388408270971
0.633834435131681
0.635216801319847
0.636540978556599
0.637813877998834
0.639043615623526
0.64023922503407
0.641410327635024
0.642566771721709
0.643718253107984
0.644873930436355
0.646042048279595
0.647229580584106
0.648441905982114
0.649682525094795
0.650952828259012
0.652251920241348
0.653576506558239
0.654920844095321
0.656276756892613
0.657633716294944
0.658978983196672
0.66029780885122
0.661573689663109
0.662788670510149
0.663923690421492
0.664958963823724
0.665874390023276
0.666649983088378
0.667266313808865
0.667704954945123
0.667948920543395
0.667983089725893
0.667794605107138
0.667373235899117
0.666711695907552
0.665805907047194
0.664655199763395
0.663262442871582
0.661634096825748
0.659780186286228
0.657714190033954
0.655452848704834
0.653015893402537
0.650425700881309
0.64770688355116
0.64488582492095
0.641990173139819
0.639048306915745
0.636088789193269
0.633139824497408
0.630228735763994
0.627381475776072
0.62462218704084
0.621972822130122
0.619452834252781
0.617078945232346
0.614864995243076
0.612821875734621
0.610957544070826
0.609277115637229
0.607783026638203
0.606475258596953
0.605351613760679
0.604408029251064
0.603638916919791
0.603037515484893
0.602596241634223
0.602307027370082
0.602161631903238
0.602151917842741
0.602270083216641
0.602508842935055
0.602861555599179
0.603322293987745
0.603885860029208
0.604547747500735
0.60530405798773
0.606151377692948
0.607086624408221
0.608106875267467
0.609209186712572
0.610390418366725
0.611647072188408
0.61297515736565
0.614370089927038
0.615826634047441
0.617338889598596
0.618900327752753
0.620503873531534
0.622142031259746
0.623807046102841
0.625491092403949
0.627186477548514
0.6288858487068
0.630582389141235
0.632269990882319
0.633943391494286
0.635598264342565
0.6372312541641
0.638839952708372
0.640422812602667
0.641979001210891
0.643508199893638
0.645010357524682
0.646485410169117
0.647932981294587
0.649352078614522
0.650740804538051
0.652096097160522
0.653413517759817
0.654687098908485
0.655909264662842
0.657070830985233
0.658161090768922
0.659167983766676
0.660078347588372
0.6608782419454
0.661553334685152
0.662089335060224
0.662472457265217
0.662689895661443
0.662730292364831
0.662584178017657
0.662244367577821
0.661706294775913
0.660968271408768
0.660031660727472
0.658900957684485
0.657583772562192
0.656090718342345
0.654435205924581
0.652633154805461
0.650702629947158
0.648663418179304
0.646536559496462
0.644343849973306
0.642107333685305
0.639848800988917
0.63758930980477
0.635348745208958
0.633145430744014
0.630995802505385
0.628914154351064
0.62691245964328
0.625000271891603
0.623184703658291
0.621470480238236
0.6198600620577
0.618353827554086
0.61695030658967
0.615646453277513
0.614437946491482
0.613319506297678
0.612285215053065
0.61132883290953
0.610444098850968
0.60962501006709
0.608866074304291
0.608162531696393
0.607510544333266
0.606907353350432
0.606351404515467
0.6058424440732
0.605381586952261
0.604971359330272
0.604615717043965
0.604320040491863
0.604091105622061
0.603937029461875
0.60386718757992
0.603892100026373
0.604023281814768
0.604273054005554
0.604654312009625
0.60518024888655
0.60586403315466
0.60671844289383
0.607755460591955
0.608985836104493
0.610418628070777
0.612060736948291
0.613916445268466
0.615986982576962
0.618270133616876
0.620759908504543
0.623446292847236
0.626315093933598
0.629347896329372
0.632522136535735
0.635811301976732
0.639185254687548
0.642610674924482
0.646051614780044
0.649470147036075
0.652827090185254
0.656082787028607
0.659197911702739
0.662134278540342
0.664855625894771
0.667328348973103
0.66952215776757
0.671410639239172
0.672971706825842
0.674187924917543
0.675046700932366
0.675540342798785
0.675665984758379
0.675425389223385
0.674824636752357
0.673873719877034
0.672586059396896
0.670977963771247
0.6690680533433
0.666876671330871
0.664425302857249
0.661736021850663
0.658830983515401
0.655731977395919
0.65246005295363
0.649035226196441
0.645476272385203
0.641800606324639
0.638024248354624
0.634161871003087
0.630226918440409
0.626231788466174
0.622188064822958
0.61810678621088
0.613998737494421
0.609874748255181
0.605745984039132
0.601624216346386
0.597522058572576
0.593453156677253
0.589432325258822
0.585475621881218
0.581600354842806
0.577825022018182
0.574169180854647
0.570653251986842
0.567298261172223
0.564125526282808
0.561156297862782
0.558411363237349
0.555910625309173
0.553672667990829
0.55171432069212
0.550050234416799
0.548692481838123
0.547650193235836
0.546929239410387
0.546531971666417
0.546457027699507
0.546699210750416
0.547249447731742
0.54809483020653
0.549218740132453
0.550601060208901
0.552218466513445
0.554044798931893
0.556051502723524
0.558208132478679
0.56048290778485
0.562843308188754
0.565256693595552
0.567690935149264
0.570115040949784
0.572499760729078
0.574818153863708
0.577046105854842
0.579162779651306
0.581150989894395
0.58299749027205
0.584693166611835
0.586233131027947
0.587616715266761
0.588847364261036
0.589932433697131
0.590882898019457
0.591712977648931
0.592439696198965
0.593082380072717
0.593662113978542
0.594201166586998
0.594722400773795
0.595248682669154
0.59580230310313
0.596404424050281
0.597074561398526
0.597830113865622
0.598685946235576
0.599654033359112
0.600743169626306
0.601958746938314
0.603302602632621
0.604772937395324
0.606364301955412
0.608067650317654
0.609870456457072
0.611756890761156
0.61370805204638
0.615702250663847
0.617715338008274
0.619721077613711
0.621691552915598
0.623597606641432
0.625409306626385
0.62709643260926
0.628628978233389
0.629977662054847
0.631114440859654
0.632013018039619
0.63264933921341
0.633002066756218
0.633053024475922
0.632787603406911
0.632195119643378
0.631269115353862
0.630007594648013
0.628413186829184
0.626493230767435
0.624259775651045
0.621729495183521
0.618923514330266
0.615867149910154
0.612589568585017
0.609123368029354
0.605504089166572
0.601769669244396
0.597959847108702
0.59411553325569
0.590278158050534
0.586489011872724
0.582788590883934
0.579215961636268
0.575808156890487
0.572599613855456
0.569621664663348
0.566902087338234
0.564464723876459
0.562329170408397
0.560510542814683
0.559019319673895
0.557861263054002
0.557037416440971
0.556544178022424
0.556373446596424
0.556512836529351
0.556945957411413
0.557652753322264
0.558609895895827
0.559791224645428
0.561168227272739
0.562710551946272
0.564386542821523
0.566163789422898
0.56800967996525
0.569891948314369
0.571779204125938
0.573641435811418
0.575450476396325
0.577180423085218
0.578808002432471
0.580312874420426
0.581677870426261
0.582889161953617
0.583936359034424
0.584812539277026
0.58551421054773
0.586041212123649
0.58639656075139
0.586586249308933
0.586619006637132
0.586506027546931
0.586260682010208
0.585898212125083
0.585435424656013
0.584890385853155
0.584282123940315
0.583630343223848
0.582955152318139
0.582276807606075
0.581615471845111
0.580990986865497
0.580422658641523
0.579929052680583
0.57952779767563
0.579235395687529
0.57906703772634
0.579036424427868
0.579155592502934
0.579434748692042
0.579882114003813
0.580503781969914
0.581303595436486
0.582283046967039
0.583441208202989
0.584774693479993
0.586277662613472
0.587941867045737
0.589756742508958
0.591709550038955
0.593785565626536
0.595968317081409
0.598239864885254
0.600581122009637
0.602972205959487
0.605392814762262
0.607822617340659
0.610241647757965
0.61263069227171
0.614971658017578
0.617247912495278
0.619444583841275
0.62154881312549
0.623549951551126
0.625439697396339
0.627212169722047
0.628863918174943
0.63039387052368
0.631803221762294
0.633095270587114
0.634275210703697
0.635349885670513
0.636327516782921
0.6372174138199
0.638029678322824
0.638774908485452
0.639463913769183
0.640107446101136
0.640715953063417
0.64129935694646
0.64186686202303
0.642426790999796
0.642986450401557
0.643552023699936
0.644128490348737
0.644719568541156
0.645327679442214
0.645953930832727
0.646598118469386
0.647258743947056
0.647933048366053
0.648617061581998
0.649305667179596
0.649992683509133
0.650670961118259
0.651332496686048
0.651968563127489
0.652569854912349
0.653126646879433
0.653628963987217
0.654066758596227
0.654430091102841
0.654709309112039
0.654895219913857
0.654979250868027
0.654953592439468
0.654811319080131
0.654546483915102
0.654154184236183
0.653630596087955
0.652972977685915
0.652179642956272
0.651249908046347
0.650184015133242
0.648983039167878
0.647648784249786
0.646183677064491
0.644590665174651
0.642873127901837
0.641034807052033
0.639079763830913
0.637012366992752
0.634837315618573
0.632559697992509
0.630185085924119
0.627719661644174
0.625170372185991
0.622545104060559
0.619852869147181
0.61710399115138
0.614310280817321
0.611485187397174
0.608643913730574
0.605803482708704
0.60298274390139
0.600202310699579
0.5974844204328
0.594852712500895
0.592331922528566
0.589947493807455
0.587725110714799
0.585690162259391
0.583867147266587
0.582279035834578
0.580946604438015
0.579887764295483
0.579116904242577
0.578644270270631
0.578475404035295
0.578610661970294
0.579044835151692
0.579766887771158
0.580759829049755
0.58200072974467
0.583460890186466
0.585106162175333
0.5868974222222
0.588791188718886
0.590740370841903
0.592695132517392
0.594603850772298
0.596414144425874
0.598073946470161
0.599532591754021
0.600741890794815
0.601657160730473
0.60223818558907
0.602450080150746
0.602264034628317
0.601657921084525
0.600616746793074
0.599132944472269
0.597206494294037
0.594844877610152
0.592062867256083
0.588882163914981
0.585330892191495
0.581442973622655
0.577257396735487
0.572817406375579
0.568169635838912
0.563363205836914
0.55844881404002
0.553477837935303
0.548501472080557
0.543569918640524
0.53873164746363
0.534032739018411
0.529516320377281
0.525222101225882
0.521186013694554
0.517439956747506
0.514011643004019
0.510924543268058
0.508197921756638
0.505846953077717
0.503882910437135
0.502313413362491
0.501142722422145
0.500372067984926
0.5
0.500022746061013
0.500434565633908
0.501228089248816
0.50239463265335
0.503924477362118
0.505807110674167
0.508031420019057
0.51058583838019
0.513458439472906
0.516636983263002
0.52010891423582
0.523861316505022
0.527880831326139
0.532153543802699
0.536664846502551
0.541399288312123
0.546340417135178
0.55147062499458
0.556771003741147
0.562221218948181
0.56779940872197
0.573482113144594
0.579244238948684
0.585059062867628
0.590898275968787
0.596732070212745
0.602529267527775
0.60825749087003
0.613883376064819
0.619372822684468
0.624691281791003
0.629804078021905
0.634676763181264
0.639275498170159
0.643567459704031
0.647521267783614
0.651107429283785
0.654298792291613
0.657071004969508
0.65940297176993
0.661277298831924
0.662680719410727
0.663604489306984
0.664044741556043
0.664002789196749
0.663485364843892
0.662504786108268
0.661079036694147
0.659231754283853
0.656992118093906
0.654394631228544
0.651478795606835
0.648288680213716
0.644872386613985
0.641281418943456
0.637569968813075
0.63379412858497
0.630011049162776
0.626278060652023
0.622651775878402
0.619187197716198
0.615936851419694
0.612949962644583
0.610271700606535
0.607942503897219
0.60599750394343
0.60446605805984
0.603371400640138
0.602730417400393
0.602553543885923
0.602844785832554
0.603601855580951
0.60481641570987
0.606474418490735
0.608556527755533
0.611038608366849
0.6138922677055
0.617085433439057
0.620582952265359
0.624347195274401
0.628338656953938
0.632516536577055
0.636839292642834
0.641265163080474
0.645752645962847
0.650260937407425
0.654750325085542
0.659182537248581
0.663521048366994
0.667731343342644
0.671781142796958
0.675640592177732
0.679282417405148
0.682682049546011
0.685817720627689
0.688670532247951
0.691224498172161
0.693466561698648
0.695386588270827
0.696977333662338
0.698234388085001
0.699156096777181
0.699743458012636
0.7
0.699931638777808
0.699546519893411
0.698854847321297
0.697868703657346
0.696601866051529
0.695069622549355
0.693288593450717
0.691276561928802
0.689052317467524
0.686635514683709
0.684046548835879
0.681306447846466
0.678436779064003
0.67545956737133
0.672397219724104
0.669272449906725
0.666108196343507
0.662927525313779
0.659753511981475
0.656609092324171
0.65351688035729
0.650498946977725
0.647576559233141
0.644769881749123
0.642097645264817
0.639576790552412
0.637222099215382
0.635045825750752
0.633057347599364
0.631262851489493
0.629665075029548
0.628263122096956
0.627052369032398
0.626024475977029
0.625167513951644
0.624466213608242
0.623902336189913
0.623455161375236
0.623102080663534
0.622819279109301
0.622582482878017
0.622367745598443
0.622152243122389
0.621915044313007
0.621637825038863
0.621305493743459
0.62090669978815
0.620434200137665
0.619885065688838
0.619260715370758
0.618566773736926
0.617812755746636
0.617011590385095
0.616179002286865
0.615332777211349
0.614491942720604
0.613675899439564
0.612903540626303
0.612192398325667
0.611557853100344
0.611012441303849
0.610565289246148
0.610221697652452
0.609982892842631
0.609845953423717
0.609803913378109
0.609846034636885
0.609958234925547
0.610123650196052
0.61032330559855
0.610536864916354
0.610743425831138
0.610922327365652
0.61105393635368
0.611120381723245
0.611106208596247
0.610998928499819
0.610789447106091
0.610472356598081
0.610046085720385
0.609512906539877
0.608878802656674
0.60815320884124
0.607348636638318
0.606480204224305
0.605565091629353
0.604621944283137
0.603670248702889
0.60272970404401
0.601819612243457
0.600958307699809
0.600162644970272
0.599447559958639
0.598825716663394
0.598307247899154
0.597899594642013
0.597607444918118
0.597432769581551
0.597374949025496
0.597430981936615
0.597595764716082
0.597862428212905
0.598222716988304
0.598667395477289
0.59918666513983
0.59977057698564
0.600409424682475
0.60109410477077
0.601816432245072
0.602569401849896
0.603347387788414
0.604146277063026
0.604963534259181
0.605798198148813
0.606650812931567
0.607523299162284
0.608418771354758
0.609341310842177
0.610295703669556
0.611287154067859
0.612320984409383
0.613402332485441
0.614535856515087
0.615725457538086
0.616974027828612
0.618283232757358
0.619653332199731
0.621083046203981
0.622569468254761
0.624108028141806
0.62569250520267
0.627315091569193
0.628966504010581
0.630636142019403
0.632312288907999
0.633982351844408
0.635633135931291
0.637251146596606
0.638822913709482
0.640335329962052
0.641775995188433
0.643133557464074
0.644398041097831
0.645561151064376
0.646616543103699
0.647560048717164
0.648389844690079
0.649106557629824
0.649713295366226
0.650215598929401
0.650621311180266
0.650940360965472
0.651184464812535
0.651366751550424
0.651501318687175
0.651602732730819
0.651685488724687
0.651763446905189
0.651849266413562
0.651953857259734
0.652085872135947
0.652251259140946
0.652452894979797
0.65269031577766
0.652959559366166
0.653253128894126
0.653560083047747
0.653866253240472
0.654154583073597
0.654405580411829
0.654597867797991
0.654708812869233
0.654715217129026
0.654594039033977
0.654323125986515
0.653881929546724
0.653252178997638
0.652418490271568
0.651368890071778
0.650095238658021
0.64859353902172
0.646864124843458
0.644911724471827
0.642745402954082
0.640378388659417
0.637827795059603
0.63511425159521
0.632261460124949
0.629295695143816
0.626245266725864
0.623139965013429
0.620010504098566
0.616887981429113
0.613803366561047
0.610787030335773
0.607868322565352
0.605075203243073
0.602433929335996
0.599968796516927
0.597701932886067
0.595653139915055
0.59383977457961
0.592276665954998
0.590976059418251
0.58994758198672
0.589198223150684
0.588732326734272
0.58855159073608
0.588655073645189
0.589039207287572
0.589697817727673
0.590622157038698
0.591800949787694
0.593220458801723
0.594864575152623
0.596714937302934
0.598751083995121
0.600950644757313
0.603289570871881
0.605742408350693
0.608282612934167
0.610882905439311
0.613515663989494
0.616153347834745
0.618768945688033
0.621336439833896
0.623831275784683
0.626230826038085
0.628514835594794
0.630665836386721
0.632669517693396
0.634515040022166
0.636195280814739
0.637707001716636
0.639050928983831
0.640231740856131
0.641257958331672
0.642141738643069
0.642898573758619
0.643546899294835
0.644107622206727
0.644603578397233
0.645058933841295
0.645498544850728
0.645947294629163
0.64642942422054
0.646967876304075
0.647583670023911
0.648295324179375
0.649118344682246
0.650064790271493
0.651142928140357
0.652356988463852
0.653707023911609
0.655188877188668
0.656794256561222
0.658510916286671
0.660322935962838
0.66221109011747
0.664153296945864
0.666125133033372
0.668100399224474
0.67005172156669
0.671951170503124
0.673770881239261
0.675483658484306
0.677063549567796
0.678486371246206
0.679730177311686
0.680775656346662
0.681606451564124
0.682209397544735
0.682574671720847
0.682695861541847
0.682569951253067
0.682197234996038
0.681581165359428
0.680728148457335
0.679647297984048
0.678350161417806
0.67685043157929
0.675163656089049
0.673306955946433
0.671298762544079
0.669158580045399
0.666906777327178
0.664564410787413
0.662153076415978
0.659694786802097
0.657211866380491
0.654726856352293
0.652262419485389
0.649841234494237
0.647485869973019
0.645218628914388
0.643061356649176
0.641035207505442
0.639160368482144
0.637455741602879
0.635938590171192
0.634624157686412
0.63352527148726
0.632651946063885
0.63201100322792
0.631605727791766
0.631435577955991
0.631495969154617
0.631778148629381
0.632269175516027
0.632952017802642
0.633805773288463
0.634806016805309
0.635925270676763
0.637133589926874
0.638399248373722
0.63968950672262
0.640971439370071
0.642212793081791
0.643382848220138
0.644453251925076
0.645398792699035
0.646198087246907
0.646834153148469
0.647294844895433
0.647573135849466
0.647667234555377
0.647580530313797
0.647321369686046
0.64690267235836
0.646341401219303
0.645657907303281
0.644875175154411
0.644017997942085
0.643112114140669
0.642183338662693
0.64125672096805
0.640355760891268
0.639501709833005
0.638712980710607
0.638004684869287
0.637388308275745
0.63687153303422
0.636458203880154
0.636148433117587
0.635938831757813
0.635822849645153
0.635791203338358
0.63583236762113
0.635933104854624
0.636079006009904
0.636255018118782
0.636445934985858
0.636636831185366
0.636813423445722
0.636962348283791
0.637071349940243
0.637129378019145
0.637126599475001
0.637054334452226
0.636904929718598
0.636671586830416
0.636348164550173
0.635928976285379
0.635408603364815
0.634781743811656
0.634043113968477
0.633187416993212
0.632209388047313
0.631103921153245
0.629866277458716
0.628492369283691
0.626979109126299
0.625324808043662
0.6235296037624
0.621595895737752
0.619528762351992
0.617336334650093
0.615030101520394
0.612625123042263
0.610140131777968
0.607597505955902
0.605023103594303
0.602445952418213
0.599897796661249
0.597412508228483
0.595025375929576
0.592772292280946
0.590688862451464
0.588809464050995
0.587166289443328
0.585788403966714
0.584700853788249
0.583923856087307
0.583472101904731
0.583354198413926
0.583572272724678
0.584121753821333
0.584991343097271
0.586163177431622
0.587613182124505
0.589311604522494
0.591223713070311
0.593310641036504
0.595530349465891
0.597838680156459
0.600190466747797
0.602540670402513
0.604845506079768
0.607063526018993
0.609156628714683
0.611090964281875
0.612837710574131
0.614373698590434
0.615681870450324
0.61675155837613
0.617578578541994
0.618165139176581
0.618519567787943
0.618655867668146
0.618593118792211
0.618354742719424
0.6179676550139
0.617461331916484
0.616866820426654
0.616215722513175
0.615539184807936
0.614866924814118
0.614226323369535
0.613641610870268
0.613133171631771
0.612716986830432
0.612404231846731
0.612201038670339
0.612108428503134
0.61212241400419
0.612234264970364
0.612430925850808
0.612695568561203
0.613008259785915
0.61334671849958
0.613687136935047
0.614005036760777
0.614276131848627
0.614477169702892
0.61458672532367
0.614585923885298
0.614459071975984
0.61419418108783
0.613783371365605
0.613223148106603
0.612514547944257
0.611663155851627
0.610678997899969
0.609576317970215
0.60837324925076
0.60709139331804
0.605755320886993
0.604392008979095
0.603030229365111
0.60169990280497
0.600431432952814
0.599255032952045
0.598200056838632
0.597294347010225
0.596563608287555
0.596030818544378
0.59571568552762
0.595634159307411
0.595798009729577
0.596214478203396
0.596886013036343
0.597810097205875
0.598979176817555
0.600380697433768
0.601997253887453
0.603806857074716
0.605783318545442
0.60789675052537
0.610114175397646
0.612400234782735
0.614717984357483
0.617029756650408
0.619298070460847
0.621486562496065
0.623560914511545
0.625489747856247
0.627245457005915
0.628804954500495
0.630150301712767
0.631269203026667
0.632155345193131
0.632808568696841
0.63323486369541
0.633446189230185
0.633460120676518
0.633299336513173
0.632990961165139
0.632565785654039
0.632057391856159
0.631501209149567
0.630933534016774
0.630390543708739
0.629907334384094
0.62951701228959
0.629249863673419
0.629132625396286
0.629187873833263
0.629433544869359
0.629882592816877
0.630542791149358
0.631416673262903
0.632501607219717
0.633789994743336
0.635269581721263
0.636923865186883
0.638732580214166
0.640672249342791
0.642716777001376
0.644838071829761
0.64700668071685
0.649192419657912
0.651364988082379
0.653494555004199
0.65555230710776
0.657510950626127
0.659345160537016
0.661031972157769
0.662551111645255
0.663885263198085
0.6650202719279
0.665945282432947
0.666652814093275
0.667138775033811
0.667402417584753
0.667446238914805
0.667275831317853
0.666899687382542
0.666328965941806
0.665577225253047
0.664660130262797
0.663595141026165
0.66240118935039
0.66109835049218
0.659707516253189
0.658250075096244
0.65674760397482
0.65522157547535
0.653693082678624
0.652182582927316
0.650709660524152
0.649292807363334
0.647949219695539
0.646694608711218
0.645543022447234
0.644506676704043
0.643595793204258
0.642818444099533
0.642180403085144
0.64168500472887
0.641333015061658
0.641122517897156
0.64104882262527
0.641104400244039
0.641278855048944
0.641558939603589
0.641928620311955
0.642369200073424
0.64285950313615
0.643376125416163
0.64389375129689
0.644385535373857
0.644823544892325
0.645179255886674
0.645424093419843
0.64553000398539
0.64547004620672
0.645218984558163
0.644753870022936
0.644054591441175
0.64310438179873
0.641890264838965
0.640403429086143
0.6386395185611
0.63659883203594
0.634286425487004
0.63171211533047
0.628890382930188
0.625840183630467
0.622584666081619
0.619150809809392
0.615568990772446
0.611872486022767
0.608096929526154
0.604279731730426
0.600459475623448
0.596675301850615
0.592966295018854
0.589370882660138
0.585926257516936
0.582667832892142
0.579628739812843
0.576839373714625
0.574326997272261
0.572115404884279
0.570224653155986
0.568670860507135
0.567466077745889
0.566618230094619
0.566131129728175
0.566004556406616
0.566234402280141
0.566812875456356
0.567728755503569
0.568967692782937
0.570512542426622
0.572343722978837
0.574439589256045
0.576776808914544
0.579330732573727
0.582075748144903
0.5849856112467
0.588033745209212
0.591193506113449
0.594438410488291
0.597742325580822
0.60107962439927
0.604425309864331
0.607755114258609
0.61104558160872
0.614274141562045
0.61741918364827
0.620460140496251
0.623377587599063
0.626153365615506
0.628770729037475
0.631214522451294
0.633471382723536
0.635529962420766
0.637381166818077
0.639018394159192
0.640437766591109
0.641638337580374
0.642622260767557
0.64339490523269
0.643964903080429
0.644344117108664
0.64454751904204
0.644592972281235
0.644500917179577
0.64429396130862
0.643996381781492
0.643633551217666
