0.608243497905706
0.607237878780636
0.606357879048523
0.605596713568002
0.604945404200192
0.604393083869476
0.603927318933907
0.603534441476579
0.603199883750864
0.602908507733606
0.602644923523363
0.602393791135808
0.602140101073741
0.601869429870688
0.601568167616992
0.601223715272289
0.600824650347459
0.600360860301803
0.59982364374487
0.599205780251233
0.598501570280563
0.597706847329682
0.596818965009171
0.595836762212497
0.594760509907471
0.593591843305876
0.592333683238631
0.590990150467947
0.589566476399761
0.588068913224269
0.586504645925185
0.584881707886066
0.583208901021326
0.581495720515538
0.579752283418527
0.577989259569477
0.576217802664122
0.574449478783815
0.572696189414503
0.570970085926762
0.569283472680575
0.567648696360538
0.566078019822604
0.564583479610777
0.563176727335621
0.561868856239103
0.560670215436777
0.559590215459381
0.558637129742154
0.557817897566596
0.55713793458944
0.556600957452362
0.556208829023492
0.555961430564403
0.555856566547901
0.555889906993936
0.556054971080512
0.55634315447551
0.556743801386277
0.557244320807695
0.557830344940287
0.558485926322124
0.559193768941327
0.559935487531091
0.560691888445805
0.561443265009695
0.562169700036472
0.56285136834007
0.56346883247517
0.564003325627485
0.564437016468776
0.564753251839251
0.564936774251644
0.564973912354103
0.564852743571431
0.564563229100102
0.564097322206
0.563449051322796
0.562614579748586
0.561592243782724
0.560382570947564
0.558988279534015
0.557414260145421
0.555667539255521
0.55375722411666
0.551694427732514
0.549492172122332
0.547165267821525
0.544730167544168
0.542204792217201
0.53960832820313
0.53696099545327
0.534283787547464
0.53159818602462
0.528925853014914
0.526288307854139
0.523706594985007
0.521200951913972
0.518790487179962
0.51649287909579
0.514324106351244
0.512298221348482
0.51042717633245
0.508720710971222
0.507186308057996
0.505829221508266
0.504652577907307
0.503657549650025
0.502843594358397
0.502208751929999
0.501749987442375
0.501463565389847
0.501345438528501
0.50139163309784
0.501598611490582
0.5019635936344
0.502484819466903
0.503161736916785
0.503995102690542
0.504986986800123
0.506140676004467
0.507460475993965
0.508951417011476
0.510618872450175
0.5124681045658
0.514503755563734
0.516729305762983
0.519146523120825
0.521754929982488
0.524551313402715
0.527529304722295
0.530679052275623
0.533987008208556
0.537435846500741
0.541004524557524
0.544668495344018
0.548400071186545
0.552168934292221
0.555942782973339
0.559688096747348
0.563370998144647
0.566958184407607
0.570417898493276
0.573720906056921
0.576841443516397
0.579758101961413
0.58245461261838
0.584920501808455
0.587151586797431
0.589150288541768
0.590925742954191
0.592493698774823
0.59387619723508
0.595101036207111
0.596201029183833
0.597213076960945
0.598177077013355
0.599134701998637
0.600128084317987
0.601198447984572
0.602384731990122
0.60372225076956
0.605241437142098
0.606966711219611
0.608915515250154
0.611097549305623
0.613514236293986
0.616158437206225
0.619014429077249
0.622058149171773
0.625257699751041
0.628574098796949
0.631962253623957
0.635372126731274
0.63875005683539
0.642040193020644
0.645185996534314
0.648131763041795
0.650824118180507
0.653213440965731
0.655255172893741
0.656910975279307
0.658149703224742
0.658948171375382
0.659291693975666
0.659174389395509
0.658599246948041
0.657577961186078
0.656130545695229
0.654284744485928
0.652075264260167
0.64954285497602
0.646733269188321
0.643696132588114
0.640483759020586
0.637149943090818
0.633748762358047
0.630333419182523
0.626955149649095
0.623662223780134
0.620499057600572
0.617505453660068
0.614715982475481
0.612159513146408
0.609858897223679
0.607830805871491
0.606085716544961
0.60462804188355
0.603456390365275
0.602563945535839
0.601938948370228
0.601565265580541
0.601423025479736
0.601489302359805
0.601738830243038
0.602144727298603
0.602679213148906
0.603314302669577
0.604022461646217
0.604777211709354
0.60555367423516
0.606329045275869
0.607082995971421
0.607797995197653
0.608459553340359
0.609056387976972
0.609580513845224
0.610027260749043
0.610395223987462
0.610686152507136
0.610904780309292
0.611058606742029
0.611157631246891
0.611214047980188
0.611241905571473
0.611256737184972
0.611275166073774
0.611314492002458
0.611392264281107
0.611525847697164
0.611731988321126
0.612026386943782
0.612423288702404
0.612935098182014
0.613572029838208
0.614341803882289
0.615249397707211
0.616296862439413
0.617483213224447
0.618804400369652
0.620253366482843
0.62182019230448
0.62349233110751
0.625254928440213
0.627091220744628
0.628983003146552
0.63091115364311
0.632856198171659
0.634798898781802
0.636720845485292
0.638605031434988
0.640436390959246
0.642202280689694
0.64389288556485
0.645501533825028
0.647024908151306
0.648463143723792
0.649819808033008
0.651101761602263
0.652318903184065
0.653483807291461
0.654611265932198
0.655717749959939
0.656820808394613
0.6579384262737
0.659088362992311
0.660287493623582
0.661551175372569
0.662892660135096
0.664322572173338
0.665848467280011
0.667474486608648
0.66920111474518
0.671025047746721
0.672939172944192
0.674932658461703
0.676991146803904
0.679097043642732
0.68122989021492
0.68336680561118
0.685482983756387
0.687552229073012
0.689547514680252
0.691441547469129
0.693207325440945
0.694818674210065
0.696250751440711
0.697480510088014
0.698487113518272
0.699252297767274
0.69976067824385
0.7
0.699961332192533
0.699639208503005
0.699031716039848
0.698140535624152
0.69697093639069
0.695531727374458
0.693835168275239
0.691896840987072
0.689735482841149
0.687372781934584
0.684833134491625
0.682143364002701
0.679332401966064
0.676430930449795
0.673470987406652
0.67048553669264
0.667508006019703
0.664571797548347
0.661709777414309
0.658953752088153
0.656333940984805
0.653878456067578
0.651612800230126
0.649559396903622
0.647737163556115
0.646161141478369
0.644842193462111
0.643786779674762
0.642996820248216
0.642469650881748
0.642198075187384
0.642170514675558
0.642371254300213
0.642780778475501
0.643376189564858
0.644131698149595
0.645019172022949
0.646008728928628
0.647069356654767
0.648169543267804
0.649277900064565
0.650363760247031
0.651397737367722
0.652352229212924
0.653201854919522
0.653923815670652
0.654498172179237
0.654908035227297
0.655139668655443
0.655182507262397
0.655029094954165
0.654674951062137
0.65411837492993
0.653360200570764
0.652403514364681
0.651253349366892
0.649916369830338
0.648400559027703
0.646714922434611
0.644869216871086
0.642873714373243
0.64073900747394
0.638475860308921
0.636095107634196
0.633607601538792
0.631024203454559
0.628355817081113
0.625613456125611
0.622808339355636
0.61995200441548
0.617056431183062
0.614134165153842
0.611198431423939
0.608263230290607
0.605343406268284
0.602454683398656
0.599613661073512
0.596837766144083
0.594145158810409
0.591554591615588
0.589085222756219
0.586756386802808
0.584587327741695
0.582596900941614
0.580803252152041
0.579223482898428
0.577873312596527
0.576766748316825
0.575915773352211
0.575330065551292
0.575016755764519
0.574980235715081
0.575222023174056
0.575740690530079
0.576531860756601
0.577588272469297
0.578899913321001
0.580454218500519
0.58223632868939
0.584229399593058
0.586414953201492
0.588773259341432
0.591283734936172
0.593925347748716
0.596677011287685
0.599517958015701
0.602428079004562
0.605388219692263
0.608380423351566
0.611388116194552
0.614396230610583
0.617391265751435
0.620361287413882
0.623295871801531
0.626186000152508
0.629023913285351
0.631802936744751
0.634517288343426
0.637161880441796
0.639732129254639
0.642223782822699
0.644632778064652
0.646955135585158
0.64918689873727
0.651324120922809
0.653362902379968
0.655299474882534
0.657130329994385
0.658852383920399
0.660463169697799
0.661961045594266
0.663345407216764
0.66461689006046
0.66577754908664
0.666831002429221
0.667782527478855
0.668639099339676
0.669409363927033
0.670103540681156
0.670733252897418
0.671311286889571
0.671851284469366
0.672367376402551
0.672873767448596
0.673384286179759
0.673911914889034
0.674468316439996
0.675063375811982
0.675704774304538
0.676397613866842
0.67714410782018
0.677943352381545
0.678791190937021
0.679680180040864
0.680599662735786
0.681535951123018
0.682472616288919
0.683390879855715
0.684270097705551
0.685088322963477
0.685822932241448
0.686451296554518
0.686951476318017
0.687302918497274
0.687487133364462
0.687488328451843
0.687293978184764
0.686895309313975
0.686287684604165
0.685470870209575
0.684449175692211
0.683231459607859
0.681830997877375
0.680265216639204
0.67855529579755
0.676725653886811
0.674803329013639
0.672817274363674
0.670797589930528
0.668774714614166
0.666778604538621
0.664837924273921
0.662979277562205
0.661226503123798
0.659600059170924
0.658116517435881
0.656788183913206
0.655622859241035
0.654623746853914
0.653789511900122
0.653114488620704
0.65258902863386
0.652199977557406
0.651931262826583
0.651764571601643
0.651680094463152
0.651657308286264
0.651675770356684
0.651715895489752
0.651759688648491
0.651791407294333
0.65179813037436
0.651770214344818
0.651701620815415
0.651590105111228
0.651437260109862
0.651248414931572
0.651032393246959
0.650801140932257
0.650569237368682
0.650353308689134
0.650171364584163
0.650042082777445
0.649984066886808
0.650015104050224
0.650151448400842
0.650407155239122
0.650793488624849
0.651318422180748
0.651986249275439
0.652797314575004
0.653747874379312
0.654830088366665
0.656032140542975
0.657338482516571
0.658730187878704
0.660185402632365
0.661679873427402
0.663187532950955
0.664681120278956
0.666132813369833
0.667514851188718
0.66880012416124
0.669962713702587
0.670978364345096
0.671824875359968
0.672482402574439
0.672933665147404
0.673164056198761
0.673161660207657
0.67291718383056
0.672423810089305
0.671676988616697
0.670674176728935
0.66941454746173
0.66789868133784
0.66612825854006
0.664105767389457
0.661834243644325
0.65931705323247
0.656557728713366
0.653559867150381
0.650327094270202
0.646863096906135
0.64317172286421
0.639257144604677
0.63512408057171
0.630778065692929
0.626225760557281
0.621475287103835
0.616536577345656
0.611421720736149
0.606145295279587
0.600724667408502
0.5951802460103
0.589535676791277
0.583817964419424
0.578057511580438
0.572288066195385
0.56654657055023
0.56087290892752
0.555309553441309
0.54990111107248
0.544693778280335
0.539734712911119
0.535071336308149
0.530750581420374
0.526818105177276
0.523317485327937
0.520289423227007
0.51777097460933
0.515794830175591
0.514388666794224
0.513574588325808
0.513368672547185
0.513780637479866
0.514813636728292
0.516464189350984
0.518722245483578
0.521571384580009
0.524989138912697
0.528947431044637
0.533413110512453
0.538348572075749
0.54371243570349
0.549460267060748
0.555545316672537
0.561919256184109
0.568532891182409
0.575336831831888
0.582282105020572
0.589320694695189
0.596406000453649
0.60349320811222
0.610539569719142
0.617504594191317
0.624350153257003
0.631040510557458
0.637542284473616
0.64382435740063
0.649857745719256
0.655615445561576
0.661072269621544
0.666204689729441
0.670990698733087
0.675409703472988
0.67944245839245
0.683071046694514
0.686278913067461
0.689050948980221
0.691373628532184
0.693235189959852
0.694625855278338
0.695538078278355
0.695966809300635
0.695909763939473
0.695367682131284
0.694344563982882
0.692847869182228
0.690888667881245
0.688481732493053
0.685645561831552
0.682402331351139
0.678777765817688
0.674800933451688
0.670503963320768
0.665921690414793
0.661091235311878
0.656051527548125
0.650842783661529
0.645505952330944
0.640082140031704
0.634612031156135
0.629135316594041
0.623690144347373
0.618312604893529
0.613036262756914
0.607891744155335
0.602906388723903
0.598103971259796
0.593504497257121
0.589124073795284
0.584974855189242
0.581065060784825
0.577399060459894
0.573977521836042
0.570797611968097
0.567853245398021
0.565135369958295
0.562632281592768
0.560329959717398
0.55821241523857
0.556262044234842
0.554459981425549
0.552786448820893
0.551221096287349
0.549743332079696
0.548332642596536
0.546968901625387
0.545632670082658
0.544305487665208
0.542970157876512
0.54161102755825
0.540214261360171
0.538768110556882
0.53726317433507
0.535692650216693
0.534052568759509
0.532342006204648
0.530563267445787
0.528722030696615
0.526827444642415
0.524892168767985
0.522932348021811
0.520967514037102
0.519020406779932
0.51711671269133
0.515284718055118
0.513554879344127
0.511959315533795
0.510531230663008
0.50930427809538
0.508311880816601
0.507586524531404
0.507159042153111
0.50705790939457
0.507308571493088
0.507932820597056
0.508948242016276
0.510367745444598
0.512199194497032
0.514445144595903
0.517102695552674
0.520163461304454
0.523613655366733
0.527434286844518
0.531601458477593
0.536086755334199
0.540857710531145
0.54587833282944
0.551109680172496
0.556510463194555
0.562037663383139
0.567647151845029
0.573294296381982
0.578934546686885
0.584523989765445
0.590019870010746
0.595381070552063
0.600568554426266
0.605545765666213
0.61027899148517
0.61473768731675
0.618894766543806
0.62272685635512
0.626214520380378
0.629342447678287
0.632099606419555
0.634479359359491
0.636479537080997
0.638102464146318
0.639354932844948
0.640248119257114
0.640797436922558
0.641022324527105
0.64094596566537
0.640594940834647
0.639998814251893
0.639189660720133
0.63820154043789
0.637069932169751
0.635831137403837
0.634521669852923
0.633177645776466
0.631834191013444
0.630524880267587
0.629281223073332
0.628132209039044
0.62710392250885
0.626219233843134
0.625497571262043
0.624954773820075
0.624603022786604
0.624450845695947
0.624503184782406
0.624761519580652
0.62522403225898
0.625885803822413
0.62673902968111
0.62777324418004
0.628975545430503
0.630330814030712
0.631821921834754
0.633429929627933
0.635134275184043
0.63691295551472
0.638742708990124
0.64059920426409
0.642457243468238
0.644290986892084
0.646074205338426
0.647780564589345
0.649383944044928
0.650858788757132
0.652180490964326
0.653325794051637
0.654273208842257
0.65500342948545
0.655499734149468
0.655748354421506
0.655738796888385
0.655464100895008
0.654921017969307
0.654110100819702
0.653035693053416
0.651705814679036
0.650131942848283
0.648328691932239
0.646313401669378
0.644105646515847
0.64172668323182
0.639198856935125
0.636544988165044
0.63378776479198
0.630949162803309
0.628049919070406
0.625109077192807
0.622143624514567
0.619168234556129
0.616195124584684
0.613234033070218
0.610292316575433
0.607375160445073
0.604485892728572
0.601626386308569
0.598797530410008
0.595999749690624
0.593233547084034
0.59050004555904
0.587801504005297
0.585141783543943
0.582526742636678
0.57996454233359
0.577465846729397
0.575043908031522
0.572714530400986
0.570495911712262
0.568408367387004
0.566473945284052
0.564715945076761
0.56315835943525
0.561825257494099
0.560740133392041
0.559925244020302
0.559400960450298
0.55918515681209
0.559292658689457
0.559734770457601
0.56051889753027
0.561648275358331
0.563121812418435
0.564934049560432
0.567075233173201
0.569531494912936
0.572285126441445
0.575314933952225
0.578596654397283
0.582103413407205
0.585806204013206
0.589674365472416
0.593676042750803
0.597778609460372
0.601949040155235
0.60615422169466
0.610361197672983
0.61453734446193
0.61865048196207
0.622668926467217
0.626561496871828
0.630297488585055
0.633846631781506
0.637179051889332
0.640265250416027
0.643076123323282
0.64558303222488
0.647757940792273
0.649573625058164
0.651003961998947
0.65202429607429
0.652611878549378
0.652746369672559
0.652410389373369
0.651590098309766
0.650275788025778
0.648462456839199
0.646150346973839
0.643345418440877
0.640059736263888
0.636311749784185
0.63212644587986
0.627535361843104
0.622576448210619
0.617293776830741
0.611737094663094
0.605961229023257
0.600025354994006
0.593992140330626
0.587926787219911
0.581895993571285
0.575966859020748
0.570205762448857
0.5646772385265
0.559442880617679
0.554560296331791
0.550082140203337
0.546055245482848
0.542519873965375
0.5395090992898
0.537048335347292
0.535155017473705
0.533838440097744
0.533099750594066
0.532932095356357
0.533320910653583
0.534244347741272
0.535673819030723
0.537574649917617
0.539906819167
0.542625769557529
0.545683269803457
0.549028308583754
0.552608001787504
0.556368494795941
0.560255842717473
0.564216852918303
0.568199875887416
0.572155532376308
0.576037366794603
0.579802418956663
0.583411708398033
0.586830627555643
0.59002924208045
0.59298249838277
0.595670340166171
0.598077737163606
0.600194630538749
0.60201580045636
0.60354066216753
0.604772997616409
0.605720630077549
0.606395049703434
0.606810998126387
0.606986020441523
0.606939993016611
0.606694635642351
0.606273016556379
0.605699058841476
0.604997056599887
0.604191209121875
0.603305180973496
0.602361695500351
0.601382168656728
0.600386389304047
0.599392251168078
0.598415540501385
0.597469782179167
0.596566145490569
0.595713409315186
0.594917984749882
0.594183991638866
0.593513383931218
0.59290611741857
0.592360352262781
0.591872681873262
0.591438379188185
0.591051651288916
0.590705893548932
0.590393935181833
0.590108269080049
0.589841260177118
0.589585328152983
0.58933310204875
0.589077546168516
0.588812058419081
0.588530543871656
0.588227467727275
0.587897892946049
0.587537508493254
0.587142654418052
0.586710349793415
0.586238328914891
0.585725090113987
0.585169960146714
0.584573175448716
0.583935979702496
0.583260735248812
0.582551044008603
0.581811871878526
0.581049669129682
0.580272478269285
0.579490020193438
0.578713749316897
0.577956868736867
0.577234297368278
0.576562582345225
0.575959751758404
0.575445104909699
0.575038939612538
0.574762218538273
0.574636179086981
0.57468189362977
0.574919789121061
0.575369136919917
0.576047525115405
0.576970326670989
0.578150177261098
0.579596476768101
0.581314928062338
0.583307125943998
0.585570208041459
0.588096578104153
0.590873710571025
0.593884043608358
0.597104966055812
0.600508901948586
0.604063494533419
0.607731889988287
0.611473119396492
0.615242575909023
0.618992582438987
0.622673043648758
0.626232174395172
0.629617295178121
0.632775683491788
0.635655468319471
0.638206553373674
0.640381553112572
0.642136724128524
0.643432873284073
0.64423622305495
0.644519214019249
0.644261224394172
0.643449187041331
0.642078085494422
0.640151312339936
0.637680875703398
0.634687442629234
0.631200211727352
0.627256611498517
0.622901825120682
0.618188147035139
0.613174181255705
0.607923895770812
0.602505551553979
0.596990528389902
0.591452072825721
0.585963995958723
0.580599350389544
0.575429116452047
0.570520927757616
0.565937865174213
0.561737346639555
0.557970137749304
0.554679504952307
0.551900529529179
0.549659596443063
0.547974067754228
0.546852145708065
0.546292925963223
0.5462866368434
0.546815056087183
0.54785209244208
0.549364515698769
0.551312815476867
0.553652166329257
0.556333474590858
0.559304480907835
0.562510891577547
0.565897511723872
0.569409353925051
0.572992697181034
0.576596073014541
0.580171157985992
0.583673554890599
0.587063448304003
0.590306123845594
0.593372344421238
0.596238580669468
0.598887096746061
0.601305896324334
0.603488537153318
0.605433825607026
0.607145405294779
0.608631255923308
0.609903120164815
0.610975877270936
0.611866882581287
0.612595291926817
0.613181389260193
0.613645934710097
0.614009548717742
0.614292146044543
0.6145124313172
0.614687465479835
0.614832310130473
0.61495975430553
0.615080125909664
0.615201187730182
0.615328115877277
0.615463556595702
0.615607755732238
0.615758753738038
0.615912637947465
0.616063843007816
0.616205489731304
0.616329752288734
0.616428243544375
0.616492408420443
0.616513915451516
0.616485037117587
0.616399010103516
0.616250367298872
0.616035234105631
0.615751582446154
0.615399436749349
0.614981027132343
0.614500885985717
0.613965885212448
0.613385212465333
0.612770285875467
0.612134607963414
0.611493560668715
0.610864144710196
0.610264667780073
0.609714387352604
0.609233115119313
0.608840791208039
0.608557037358199
0.60840069906401
0.608389387316483
0.608539030933489
0.608863450532706
0.609373964952706
0.610079040353984
0.610983991339964
0.612090742249197
0.613397655319829
0.614899430765855
0.616587081991841
0.618447987277237
0.620466017354697
0.622621736460356
0.624892672713994
0.627253652150567
0.629677189416848
0.632133927097741
0.6345931148604
0.637023119098298
0.639391953504425
0.641667820972903
0.643819657381768
0.645817668101341
0.647633848456512
0.649242479804421
0.650620593336336
0.651748394149654
0.652609638552139
0.653191957959443
0.653487123147128
0.65349124305101
0.653204892815962
0.652633166420671
0.651785650002352
0.650676313014738
0.649323315608307
0.647748732141711
0.645978192516134
0.644040445045136
0.641966846782428
0.639790789555682
0.637547072300952
0.635271232546928
0.632998851937064
0.630764852372721
0.62860280058852
0.626544239622485
0.624618065631007
0.622849967765179
0.621261947350181
0.61987193041356
0.618693484754197
0.617735649335537
0.617002879965397
0.616495111161634
0.616207929990322
0.616132853702589
0.616257699386906
0.616567030779197
0.617042664989793
0.617664220332585
0.618409685749969
0.619255992538463
0.620179570162158
0.621156869811236
0.622164841891581
0.623181356652755
0.624185560483218
0.625158163818563
0.626081659916923
0.62694047676665
0.627721066943598
0.628411942205606
0.629003660922736
0.629488777065869
0.629861759436372
0.63011888918564
0.630258142555804
0.630279064312731
0.630182635699882
0.629971139082554
0.629648019935658
0.629217745594155
0.628685659343205
0.628057828046907
0.627340881629086
0.626541843311532
0.625667950526526
0.62472646775645
0.623724494089339
0.622668769871948
0.621565488339986
0.620420119361153
0.61923725330856
0.618020473483181
0.616772265350775
0.615493970116666
0.614185788837701
0.612846841412773
0.611475282487493
0.610068473673496
0.60862320866147
0.607135984958089
0.6056033132646
0.604022053098606
0.602389761286231
0.600705038542394
0.598967858606328
0.597179864367252
0.595344616123675
0.593467778553601
0.591557235079619
0.589623121006474
0.587677769974186
0.585735571768729
0.583812743209867
0.58192701752776
0.580097261180386
0.578343030292021
0.576684081660843
0.575139855461766
0.573728948253735
0.572468595613006
0.57137418361173
0.570458807435944
0.569732893716244
0.569203900690833
0.568876107231277
0.568750498163598
0.568824749364569
0.569093311978711
0.569547590971197
0.570176209296209
0.570965345404932
0.571899128814845
0.572960076161917
0.574129548678967
0.575388211467882
0.576716475298651
0.578094902965388
0.579504564402391
0.580927327709153
0.582346076807736
0.583744850479275
0.585108901792582
0.586424681225098
0.587679750859222
0.588862640698331
0.589962661190154
0.590969688306338
0.591873938882852
0.592665754302333
0.593335409975549
0.593872966488725
0.59426817581366
0.594510452763515
0.594588918095131
0.594492515515405
0.594210200570632
0.593731195215881
0.593045298001686
0.592143236483545
0.591017045830984
0.589660455822168
0.588069267544892
0.586241701221451
0.584178697616999
0.581884157411283
0.57936510559896
0.57663177128185
0.573697576946072
0.5705790352777
0.567295555555169
0.563869165462501
0.560324157607722
0.556686672944545
0.552984235555554
0.549245254774562
0.545498511361014
0.541772644390965
0.538095654740687
0.534494439592
0.530994370396827
0.527618924339988
0.524389376686526
0.521324558650421
0.518440682728455
0.515751234945086
0.513266931269041
0.510995733679048
0.508942920031882
0.50711120104354
0.505500877322683
0.504110029452189
0.502934734530279
0.501969303267661
0.501206532588449
0.500637969592654
0.500254183602489
0.500045043740532
0.5
0.500108366014605
0.50035960169327
0.500743593557675
0.501250930040334
0.501873168225284
0.502603087620697
0.503434925635798
0.504364588593806
0.505389831448479
0.506510398976515
0.507728121168837
0.509046955896739
0.510472972714368
0.512014272879014
0.513680842297905
0.515484336089443
0.517437795698296
0.519555301927879
0.521851569737251
0.524341493072652
0.527039650247663
0.529959782339133
0.53311425863157
0.536513544243058
0.540165685646819
0.544075829835375
0.548245792356175
0.552673688400284
0.557353639593498
0.562275567184415
0.567425080023107
0.572783463162588
0.578327770183082
0.584031019525889
0.589862492315111
0.595788126420736
0.601770998945762
0.607771886963939
0.61374989424407
0.619663129913285
0.625469423568677
0.631127060270349
0.636595518159469
0.641836191157406
0.646813079326484
0.651493430014607
0.655848313864532
0.659853121136938
0.663487965559778
0.666737985050385
0.669593531126625
0.67205024158261
0.674108993994484
0.675775740772416
0.677061229704917
0.67798061716064
0.678552984224118
0.678800768945023
0.678749130475163
0.678425263057544
0.677857679529146
0.677075485127778
0.676107662893046
0.674982391780927
0.673726417750854
0.672364496537393
0.670918924613758
0.669409172044797
0.667851627589871
0.666259462651228
0.664642616591035
0.663007901697119
0.661359221813164
0.659697894520853
0.658023062928605
0.6563321797394
0.654621543483509
0.652886864738442
0.651123838922299
0.649328701912642
0.647498745351257
0.645632770047438
0.643731458349657
0.641797649636972
0.639836507066816
0.637855568247667
0.635864677395727
0.633875801573194
0.631902738567468
0.629960728628331
0.628065986415055
0.626235172919331
0.62448482965597
0.622830798926238
0.621287654382413
0.619868165435369
0.618582817285831
0.617439405616591
0.616442721402158
0.615594337063272
0.614892500540374
0.614332139028137
0.613904969356175
0.613599707565221
0.613402366338169
0.613296625790737
0.613264260850199
0.613285607140763
0.613340046979084
0.613406497730749
0.613463886298036
0.613491595759421
0.613469872979982
0.61338018914836
0.613205548446528
0.612930743201208
0.612542556695616
0.612029917163599
0.611384008213839
0.610598341959443
0.609668801433071
0.60859365848123
0.607373572337411
0.606011572601771
0.604513028568956
0.602885604931271
0.601139202034367
0.599285877262056
0.597339742938474
0.595316835488029
0.593234950570012
0.591113439538556
0.588972963849315
0.58683520586936
0.584722536827657
0.582657645213343
0.580663131605475
0.57876107850599
0.57697260605448
0.575317426352606
0.573813410370526
0.572476181940746
0.57131875310764
0.570351214086825
0.569580489343965
0.569010168922584
0.568640421272776
0.568467990627091
0.568486278626292
0.568685506612681
0.569052951971687
0.569573249282883
0.570228744977501
0.570999892788919
0.571865676577434
0.572804047115167
0.57379236008824
0.574807803826648
0.575827806987849
0.576830418453791
0.577794653894861
0.578700805648724
0.579530714607547
0.580268004574586
0.580898280940194
0.581409296472669
0.581791087493571
0.582036083721392
0.582139194668219
0.582097874738506
0.581912168207329
0.581584734162226
0.581120850397295
0.580528394265888
0.579817797730847
0.579001973380381
0.578096208059152
0.577118021024389
0.576086984172497
0.575024502860179
0.573953557107918
0.572898404444453
0.571884247236344
0.570936868947395
0.570082245288993
0.569346137561493
0.568753676568396
0.568328946246062
0.568094576549589
0.568071355149721
0.568277867127784
0.568730171128182
0.569441519381426
0.570422127700197
0.571679000042298
0.573215810599512
0.575032844683873
0.577126998014664
0.57949183242647
0.58211768457919
0.584991823002819
0.588098647790076
0.591419926483582
0.594935059205073
0.598621365844703
0.602454388161764
0.606408199927813
0.610455718745589
0.614569013871665
0.618719605221857
0.622878749705861
0.627017712078087
0.631108018559913
0.635121692538202
0.639031472629994
0.642811014279813
0.646435076783175
0.649879698172193
0.653122360727731
0.656142149977081
0.658919909886182
0.661438396561656
0.663682432153056
0.665639059814255
0.66729769958138
0.66865030390011
0.669691510343663
0.6704187878672
0.670832571811615
0.670936381867418
0.670736916403074
0.670244116011261
0.669471188881831
0.668434590710796
0.667153952325402
0.665651949055657
0.663954107105008
0.662088543742815
0.660085640017808
0.657977646818317
0.655798227411824
0.653581942001879
0.651363682255102
0.649178066079941
0.647058805085548
0.645038059018943
0.643145792982486
0.641409154291799
0.639851886379491
0.638493797131127
0.637350298424283
0.636432032417633
0.635744598315962
0.63528839095338
0.635058559649185
0.635045092479673
0.635233027476653
0.635602788429016
0.636130639060982
0.636789245532167
0.637548333596289
0.638375423510221
0.639236623037344
0.640097456756935
0.640923708471684
0.641682252868314
0.642341852771
0.64287389933916
0.643253074371001
0.643457916418011
0.643471275597668
0.643280645688104
0.642878366152986
0.642261691015348
0.641432725805471
0.640398237980289
0.639169350088374
0.637761128389897
0.636192082511986
0.634483593932184
0.632659292573735
0.630744401538063
0.628765069998365
0.626747713572679
0.624718380153525
0.622702157287074
0.62072263487904
0.6188014343802
0.616957812799345
0.615208347031265
0.613566701189272
0.612043476999394
0.61064614493215
0.609379051682877
