-20,-0.831668709290457
-19.9832568725844,-0.808563454416968
-19.9660615937232,-0.785778780851075
-19.9484467500175,-0.763308118320699
-19.9304421854157,-0.74114488844383
-19.912075219411,-0.719282664842499
-19.8933708584715,-0.697715294338545
-19.8743519969608,-0.676436986345796
-19.8550396053749,-0.655442376507126
-19.835452904842,-0.634726569638032
-19.8156095276082,-0.614285166161035
-19.795525663752,-0.594114275456564
-19.7752161947089,-0.574210518912949
-19.7546948143827,-0.554571024921431
-19.7339741387307,-0.535193417619194
-19.7130658047453,-0.516075800821328
-19.6919805597552,-0.497216738288904
-19.6707283419348,-0.478615231243387
-19.6493183528634,-0.460270693847718
-19.6277591229165,-0.442182927222763
-19.6060585702098,-0.424352092447472
-19.5842240537527,-0.40677868289588
-19.5622624214081,-0.389463496189212
-19.5401800531954,-0.372407605982743
-19.5179829004212,-0.355612333761433
-19.4956765210703,-0.339079220783135
-19.4732661118457,-0.322810000281064
-19.4507565372045,-0.306806570016725
-19.4281523556975,-0.291070965258969
-19.405457843891,-0.275605332253416
-19.3826770181149,-0.260411902238043
-19.3598136542578,-0.245492966054743
-19.3368713058047,-0.230850849402393
-19.3138533202918,-0.216487888774082
-19.2907628543343,-0.202406408119166
-19.267602887367,-0.18860869626955
-19.2443762342219,-0.175096985168696
-19.2210855566538,-0.161873428941246
-19.1977333739144,-0.148940083840586
-19.1743220724628,-0.136298889111103
-19.1508539148948,-0.123951648801184
-19.1273310481599,-0.111900014562134
-19.1037555111336,-0.100145469467051
-19.0801292416002,-0.0886893128822861
-19.056454082701,-0.0775326464224357
-19.0327317888935,-0.0666763610177599
-19.008964031464,-0.0561211251206013
-18.985152403633,-0.0458673740746967
-18.9612984252873,-0.0359153006683082
-18.9374035473709,-0.0262648468888089
-18.9134691559615,-0.0169156968928188
-18.8894965760615,-0.00786727120213708
-18.8654870751233,0.00088127786831483
-18.8414418663325,0.00933106954860732
-18.8173621116685,0.0174834967204824
-18.7932489247581,0.0253402267997027
-18.7691033735401,0.0329032014058774
-18.744926482755,0.0401746348363669
-18.7207192362729,0.0471570113656946
-18.6964825792717,0.0538530813967371
-18.672217420277,0.0602658564947832
-18.6479246330749,0.066398603340295
-18.6236050585049,0.0722548366408697
-18.5992595061438,0.0778383110474095
-18.5748887558865,0.0831530121238729
-18.5504935594331,0.0882031464241274
-18.5260746416866,0.0929931307333455
-18.5016327020695,0.0975275805350596
-18.4771684157633,0.101811297768349
-18.4526824348777,0.105849257942709
-18.4281753895522,0.109646596680847
-18.4036478889973,0.113208595762042
-18.3791005224765,0.116540668740653
-18.3545338602354,0.119648346215966
-18.3299484543795,0.122537260830732
-18.3053448397056,0.125213132076515
-18.2807235344884,0.127681750984267
-18.2560850412258,0.129948964778487
-18.2314298473459,0.132020661572713
-18.2067584258771,0.133902755183184
-18.1820712360843,0.135601170136035
-18.157368724073,0.137121826941608
-18.1326513233639,0.138470627707182
-18.1079194554382,0.139653442156783
-18.0831735302572,0.140676094123696
-18.0584139467568,0.141544348577908
-18.033641093318,0.142263899246955
-18.0088553482158,0.142840356884551
-17.9840570800474,0.143279238237034
-17.9592466481397,0.143585955753002
-17.9344244029399,0.143765808076617
-17.9095906863869,0.143823971359965
-17.8847458322681,0.143765491424594
-17.8598901665586,0.143595276796896
-17.8350240077478,0.143318092636508
-17.8101476671506,0.142938555571268
-17.7852614492062,0.142461129446636
-17.7603656517644,0.141890121991834
-17.7354605663605,0.141229682399366
-17.7105464784785,0.140483799809005
-17.6856236678046,0.139656302681949
-17.6606924084706,0.138750859045502
-17.6357529692873,0.137770977583573
-17.6108056139703,0.136720009543345
-17.5858506013567,0.135601151423802
-17.5608881856136,0.134417448407423
-17.5359186164399,0.133171798492225
-17.5109421392609,0.131866957277572
-17.4859589954154,0.130505543353723
-17.4609694223378,0.129090044242023
-17.4359736537331,0.127622822829942
-17.4109719197467,0.1261061242429
-17.3859644471294,0.124542083092881
-17.3609514593962,0.12293273104244
-17.3359331769815,0.121280004621593
-17.3109098173891,0.119585753234522
-17.2858815953384,0.117851747292785
-17.2608487229064,0.116079686411991
-17.235811409666,0.114271207609504
-17.2107698628211,0.112427893441817
-17.1857242873377,0.110551280021657
-17.1606748860729,0.108642864856704
-17.1356218599003,0.106704114453978
-17.1105654078326,0.104736471636445
-17.0855057271427,0.102741362521233
-17.0604430134811,0.100720203111944
-17.0353774609926,0.0986744054609159
-17.0103092624297,0.0966053833609072
-16.9852386092649,0.0945145575294535
-16.9601656918018,0.092403360253145
-16.9350906992834,0.0902732394631712
-16.9100138200002,0.0881256622176986
-16.8849352413969,0.0859621175709429
-16.8598551501775,0.0837841188131235
-16.8347737324102,0.0815932050698351
-16.8096911736312,0.0793909422536734
-16.7846076589476,0.0771789233652341
-16.7595233731409,0.0749587681447627
-16.7343935680482,0.0727661426110945
-16.7092637629554,0.0706367446096913
-16.6841339578627,0.0685722839712871
-16.65900415277,0.0665744986111407
-16.6338743476773,0.0646451511087935
-16.6087445425846,0.0627860247317952
-16.5836147374919,0.0609989189295372
-16.5584849323992,0.0592856443260287
-16.5333551273065,0.0576480172428688
-16.5082253222138,0.056087853785846
-16.483095517121,0.0546069635304874
-16.4579657120283,0.0532071428435168
-16.4328359069356,0.0518901678785418
-16.4077061018429,0.0506577872853912
-16.3825762967502,0.0495117146733688
-16.3574464916575,0.0484536208692814
-16.3323166865648,0.0474851260114577
-16.3071868814721,0.0466077915211039
-16.2820570763793,0.0458231119922532
-16.2569272712866,0.0451325070412957
-16.2317974661939,0.0445373131565994
-16.2066676611012,0.0440387755881148
-16.1815378560085,0.0436380403160717
-16.1564080509158,0.0433361461369782
-16.1312782458231,0.0431340169041006
-16.1061484407304,0.0430324539585004
-16.0810186356377,0.0430321287854997
-16.0558888305449,0.0431335759301929
-16.0307590254522,0.0433371862043146
-16.0056292203595,0.0436432002154291
-15.9804994152668,0.0440517022480444
-15.9553696101741,0.0445626145248705
-15.9302398050814,0.045175691875063
-15.9051099999887,0.045890516834908
-15.879980194896,0.0467064952050341
-15.8548503898033,0.047622852086875
-15.8297205847105,0.0486386284197507
-15.8045907796178,0.0497526780386036
-15.7794609745251,0.0509636652710859
-15.7543311694324,0.0522700630913742
-15.7292013643397,0.0536701518467536
-15.704071559247,0.0551620185716783
-15.6789417541543,0.0567435569026606
-15.6538119490616,0.0584124676059566
-15.6286821439689,0.060166259728598
-15.6035523388761,0.062002252381855
-15.5784225337834,0.0639175771646857
-15.5532927286907,0.0659091812331351
-15.528162923598,0.0679738310199713
-15.5030331185053,0.070108116607077
-15.4779033134126,0.0723084567512566
-15.4527735083199,0.0745711045621409
-15.4276437032272,0.0768921538287913
-15.4025138981345,0.0792675459893984
-15.3773840930417,0.0816930777361545
-15.352254287949,0.084164409244923
-15.3271244828563,0.0866770730167787
-15.3019946777636,0.0892264833158027
-15.2768648726709,0.0918079461847377
-15.2517350675782,0.0944166700172179
-15.2266052624855,0.0970477766623256
-15.2014754573928,0.0996963130341724
-15.1763456523001,0.102357263196119
-15.1512158472073,0.105025560886109
-15.1260860421146,0.107696102446451
-15.1009562370219,0.110363760118266
-15.0758264319292,0.113023395657708
-15.0506966268365,0.115669874228075
-15.0255668217438,0.118298078518968
-15.0004370166511,0.120902923040911
-14.9753072115584,0.123479368541164
-14.9501774064657,0.126022436484064
-14.9250476013729,0.128527223536987
-14.8999177962802,0.130988916001093
-14.8747879911875,0.133402804124324
-14.8496581860948,0.135764296232802
-14.8245283810021,0.138068932615745
-14.7993985759094,0.14031239909842
-14.7742687708167,0.142490540237371
-14.749138965724,0.144599372072399
-14.7240091606312,0.146635094370337
-14.6988793555385,0.148594102296747
-14.6737495504458,0.150472997453202
-14.6486197453531,0.152268598219761
-14.6234899402604,0.153977949344745
-14.5983601351677,0.155598330726793
-14.573230330075,0.157127265337582
-14.5481005249823,0.158562526237372
-14.5229707198896,0.159902142639821
-14.4978409147968,0.161144404987116
-14.4727111097041,0.162287869001519
-14.4475813046114,0.1633313586848
-14.4224514995187,0.1642739682427
-14.397321694426,0.165115062917556
-14.3721918893333,0.165854278718393
-14.3470620842406,0.166491521044215
-14.3219322791479,0.167026962202705
-14.2968024740552,0.167461037833223
-14.2716726689624,0.167794442249589
-14.2465428638697,0.168028122724844
-14.221413058777,0.168163272746685
-14.1962832536843,0.168201324278788
-14.1711534485916,0.16814393906943
-14.1460236434989,0.167992999054904
-14.1208938384062,0.167750595910942
-14.0957640333135,0.167419019810761
-14.0706342282208,0.167000747453375
-14.045504423128,0.166498429430409
-14.0203746180353,0.165914877003746
-13.9952448129426,0.165253048369951
-13.9701150078499,0.164516034490477
-13.9449852027572,0.163707044569115
-13.9198553976645,0.162829391260082
-13.8947255925718,0.161886475691348
-13.8695957874791,0.160881772388506
-13.8444659823864,0.159818814184436
-13.8193361772936,0.158701177199435
-13.7942063722009,0.157532465975186
-13.7690765671082,0.156316298844065
-13.7439467620155,0.155056293612811
-13.7188169569228,0.153756053636486
-13.6936871518301,0.152419154355069
-13.6685573467374,0.151049130360837
-13.6434275416447,0.149649463060088
-13.618297736552,0.148223568987687
-13.5931679314592,0.146774788827438
-13.5680381263665,0.145306377185476
-13.5429083212738,0.143821493157783
-13.5177785161811,0.142323191726568
-13.4926487110884,0.140814416013736
-13.4675189059957,0.139297990413031
-13.442389100903,0.137776614615721
-13.4172592958103,0.136252858537982
-13.3921294907176,0.134729158151475
-13.3669996856248,0.133207812212076
-13.3418698805321,0.131690979875341
-13.3167400754394,0.130180679181111
-13.2916102703467,0.128678786383823
-13.266480465254,0.127187036099499
-13.2413506601613,0.125707022235205
-13.2162208550686,0.124240199662001
-13.1910910499759,0.122787886588015
-13.1659612448832,0.121351267584457
-13.1408314397904,0.119931397213955
-13.1157016346977,0.118529204207778
-13.090571829605,0.117145496136153
-13.0654420245123,0.115780964514117
-13.0403122194196,0.114436190284091
-13.0151824143269,0.113111649615669
-12.9900526092342,0.111807719962944
-12.9649228041415,0.110524686320074
-12.9397929990488,0.109262747616632
-12.914663193956,0.108022023195648
-12.8895333888633,0.106802559319084
-12.8644035837706,0.105604335647653
-12.8392737786779,0.104427271644615
-12.8141439735852,0.103271232856084
-12.7890141684925,0.102136037023741
-12.7638843633998,0.101021459989386
-12.7387545583071,0.0999272413546024
-12.7136247532144,0.0988530898627704
-12.6884949481216,0.0977986884748057
-12.6633651430289,0.0967636991142385
-12.6382353379362,0.0957477670615003
-12.6131055328435,0.0947505249815781
-12.5879757277508,0.093771596573426
-12.5628459226581,0.0928105998336859
-12.5377161175654,0.0918671499313043
-12.5125863124727,0.090940861693517
-12.48745650738,0.0900313517073624
-12.4623267022872,0.0891382400443623
-12.4371968971945,0.0882611516192293
-12.4120670921018,0.0873997171964251
-12.3869372870091,0.0865535740610583
-12.3618074819164,0.0857223663729764
-12.3366776768237,0.0849057452249631
-12.311547871731,0.0841033684276784
-12.2864180666383,0.0833149000453866
-12.2612882615456,0.0825400097076034
-12.2361584564528,0.0817783717225535
-12.2110286513601,0.081029664018787
-12.1858988462674,0.0802935669414607
-12.1607690411747,0.0795697619296534
-12.135639236082,0.0788579301007004
-12.1105094309893,0.0781577507668782
-12.0853796258966,0.0774688999089115
-12.0602498208039,0.0767910486296989
-12.0351200157111,0.0761238616104143
-12.0099902106184,0.0754669955897382
-11.9848604055257,0.0748200978854606
-11.959730600433,0.0741828049760742
-11.9346007953403,0.0735547411582948
-11.9094709902476,0.0729355172947119
-11.8843411851549,0.072324729664023
-11.8592113800622,0.0717219589245638
-11.8340815749695,0.0711267692001248
-11.8089517698767,0.070538707295383
-11.783821964784,0.069957302046676
-11.7586921596913,0.0693820638123298
-11.7335623545986,0.0688124841053415
-11.7084325495059,0.0682480353699094
-11.6833027444132,0.0676881709021268
-11.6581729393205,0.0671323249140995
-11.6330431342278,0.0665799127398272
-11.6079133291351,0.0660303311804054
-11.5827835240423,0.0654829589854524
-11.5576537189496,0.0649371574671493
-11.5325239138569,0.0643922712428894
-11.5073941087642,0.06384762910226
-11.4822643036715,0.0633025449939252
-11.4571344985788,0.0627563191279124
-11.4320046934861,0.0622082391888403
-11.4068748883934,0.0616575816557304
-11.3817450833007,0.0611036132242102
-11.3566152782079,0.0605455923271327
-11.3314854731152,0.0599827707498866
-11.3063556680225,0.0594143953369287
-11.2812258629298,0.0588397097863476
-11.2560960578371,0.0582579565295119
-11.2309662527444,0.0576683786930943
-11.2058364476517,0.057070222140945
-11.180706642559,0.0564627375934325
-11.1555768374663,0.0558451828219422
-11.1304470323735,0.0552168249162333
-11.1053172272808,0.0545769426222778
-11.0801874221881,0.0539248287480518
-11.0550576170954,0.0532597926345008
-11.0299278120027,0.0525811626885609
-11.00479800691,0.0518882889746943
-10.9796682018173,0.051180545860867
-10.9545383967246,0.0504573347142967
-10.9294085916319,0.0497180866415999
-10.9042787865391,0.0489622652672001
-10.8791489814464,0.0481893695430234
-10.8540191763537,0.0473989365816056
-10.828889371261,0.0465905445037904
-10.8037595661683,0.0457638152912166
-10.7786297610756,0.0449184176327814
-10.7534999559829,0.044054069753252
-10.7283701508902,0.0431705422111795
-10.7032403457975,0.0422676606522786
-10.6781105407047,0.0413453085034693
-10.652980735612,0.0404034295918628
-10.6278509305193,0.0394420306721265
-10.6027211254266,0.0384611838448801
-10.5775913203339,0.0374610288480998
-10.5524615152412,0.036441775202921
-10.5273317101485,0.0354037041947662
-10.5022019050558,0.0343471706703935
-10.477072099963,0.033272604631252
-10.4519422948703,0.032180512603485
-10.4268124897776,0.0310714787650136
-10.4016826846849,0.0299461658103969
-10.3765528795922,0.0288053155345828
-10.3514230744995,0.0276497491172539
-10.3262932694068,0.0264803670902269
-10.3011634643141,0.0252981489712914
-10.2760336592214,0.0241041525489582
-10.2509038541286,0.0228995128038464
-10.2257740490359,0.0216854404538452
-10.2006442439432,0.0204632201117512
-10.1755144388505,0.0192342080457911
-10.1503846337578,0.017999829535284
-10.1252548286651,0.0167615758156662
-10.1001250235724,0.0155210006091959
-10.0749952184797,0.0142797162398349
-10.049865413387,0.0130393893331
-10.0247356082942,0.011801736104026
-9.99960580320154,0.0105685172388155
-9.97447599810882,0.0093415323782202
-9.94934619301611,0.0081226142132104
-9.9242163879234,0.00691362220601603
-9.89908658283069,0.00571643595215674
-9.87395677773798,0.00453294820160075
-9.84882697264527,0.00336505755968283
-9.82369716755256,0.00221466089086719
-9.79856736245985,0.00108364545083261
-9.77343755736713,-2.61192253220716e-05
-9.74830775227442,-0.00111278964872175
-9.72317794718171,-0.00217455688404854
-9.698048142089,-0.00320965520439075
-9.67291833699629,-0.00421637085755487
-9.64778853190358,-0.00519305090604495
-9.62265872681087,-0.0061381121013358
-9.59752892171815,-0.00705004975165082
-9.57239911662544,-0.00792744654122431
-9.54726931153273,-0.00876898125798196
-9.52213950644002,-0.00957343738573923
-9.49700970134731,-0.0103397115163767
-9.4718798962546,-0.0110668215370503
-9.44675009116189,-0.0117539145472997
-9.42162028606918,-0.0124002744609753
-9.39649048097647,-0.0130053292481837
-9.37136067588376,-0.0135686577729912
-9.34623087079104,-0.0140899961834012
-9.32110106569833,-0.0145692438111542
-9.29597126060562,-0.0150064685401828
-9.27084145551291,-0.0154019116040926
-9.2457116504202,-0.0157559917748269
-9.22058184532749,-0.016069308906716
-9.19545204023478,-0.0163426468023905
-9.17032223514206,-0.0165769753695728
-9.14519243004935,-0.0167734520405133
-9.12006262495664,-0.0169334224288299
-9.09493281986393,-0.017058420201709
-9.06980301477122,-0.0171501661488347
-9.04467320967851,-0.0172105664330112
-9.0195434045858,-0.0172417100112198
-8.99441359949309,-0.0172458652187835
-8.96928379440037,-0.0172254755133969
-8.94415398930766,-0.0171831543799684
-8.91902418421495,-0.0171216794015314
-8.89389437912224,-0.0170439855058511
-8.86876457402953,-0.0169531574017896
-8.84363476893682,-0.0168524212239483
-8.81850496384411,-0.0167451354085682
-8.7933751587514,-0.0166347808281019
-8.76824535365868,-0.0165249502162481
-8.74311554856597,-0.0164193369195365
-8.71798574347326,-0.0163217230157273
-8.69285593838055,-0.0162359668433278
-8.66772613328784,-0.0161659899903887
-8.64259632819513,-0.0161157637944044
-8.61746652310242,-0.0160892954085627
-8.59233671800971,-0.0160906134927596
-8.56720691291699,-0.0161237535906687
-8.54207710782428,-0.0161927432567201
-8.51694730273157,-0.016301586999069
-8.49181749763886,-0.0164542511065007
-8.46668769254615,-0.0166546484287024
-8.44155788745344,-0.0169066231804231
-8.41642808236073,-0.0172139358407158
-8.39129827726802,-0.0175802482187073
-8.36616847217531,-0.0180091087571585
-8.34103866708259,-0.0185039381444529
-8.31590886198988,-0.0190680153045906
-8.29077905689717,-0.019704463833254
-8.26564925180446,-0.0204162389460748
-8.24051944671175,-0.0212061150028592
-8.21538964161904,-0.0220766736687467
-8.19025983652633,-0.0230302927700878
-8.16513003143361,-0.0240691358992652
-8.1400002263409,-0.0251951428187523
-8.11487042124819,-0.0264100207104508
-8.08974061615548,-0.0277152363117793
-8.06461081106277,-0.0291120089751587
-8.03948100597006,-0.0306013046824588
-8.01435120087735,-0.0321838310407004
-7.98922139578463,-0.0338600332798654
-7.96409159069192,-0.0356300912681088
-7.93896178559921,-0.0374939175540182
-7.9138319805065,-0.039451156439885
-7.88870217541379,-0.0415011840842711
-7.86357237032108,-0.0436431096265155
-7.83844256522837,-0.0458757773202834
-7.81331276013566,-0.0481977696578357
-7.78818295504295,-0.0506074114614535
-7.76305314995023,-0.0531027749134104
-7.73792334485752,-0.0556816854910911
-7.71279353976481,-0.0583417287693421
-7.6876637346721,-0.0610802580479352
-7.66253392957939,-0.0638944027581675
-7.63740412448668,-0.0667810775991199
-7.61227431939397,-0.0697369923509966
-7.58714451430126,-0.0727586623102587
-7.56201470920855,-0.0758424192889958
-7.53688490411583,-0.0789844231191205
-7.51175509902312,-0.0821806736005734
-7.48662529393041,-0.0854270228317445
-7.4614954888377,-0.088719187859797
-7.43636568374499,-0.0920527635884732
-7.41123587865228,-0.0954232358812962
-7.38610607355957,-0.0988259947988077
-7.36097626846685,-0.102256347909619
-7.33584646337414,-0.105709533616551
-7.31071665828143,-0.109180734440984
-7.28558685318872,-0.112665090210729
-7.26045704809601,-0.116157711099187
-7.2353272430033,-0.119653690466297
-7.21019743791059,-0.123148117454764
-7.18506763281788,-0.126636089298195
-7.15993782772517,-0.130112723301128
-7.13480802263245,-0.133573168454388
-7.10967821753974,-0.137012616652763
-7.08454841244703,-0.140426313485625
-7.05941860735432,-0.143809568574747
-7.03428880226161,-0.14715776543722
-7.0091589971689,-0.15046637085497
-6.98402919207619,-0.153730943735912
-6.95889938698347,-0.156947143455213
-6.93376958189076,-0.160110737668443
-6.90863977679805,-0.163217609591595
-6.88350997170534,-0.166263764745915
-6.85838016661263,-0.169245337168351
-6.83325036151992,-0.172158595091013
-6.80812055642721,-0.174999946095486
-6.7829907513345,-0.177765941750006
-6.75786094624178,-0.180453281739481
-6.73273114114907,-0.183058817500089
-6.70760133605636,-0.185579555371678
-6.68247153096365,-0.188012659282495
-6.65734172587094,-0.190355452981801
-6.63221192077823,-0.192605421836806
-6.60708211568552,-0.194760214210974
-6.58195231059281,-0.196817642441199
-6.55682250550009,-0.198775683431623
-6.53169270040738,-0.200632478881941
-6.50656289531467,-0.202386335168016
-6.48143309022196,-0.204035722892401
-6.45630328512925,-0.20557927612208
-6.43117348003654,-0.207015791330317
-6.40604367494383,-0.208344226059015
-6.38091386985112,-0.209563697317428
-6.3557840647584,-0.21067347973245
-6.33065425966569,-0.211673003465072
-6.30552445457298,-0.212561851906929
-6.28039464948027,-0.2133397591702
-6.25526484438756,-0.214006607383455
-6.23013503929485,-0.214562423805401
-6.20500523420214,-0.21500737776789
-6.17987542910943,-0.215341777458946
-6.15474562401671,-0.215566066556068
-6.129615818924,-0.215680820719566
-6.10448601383129,-0.215686743955261
-6.07935620873858,-0.215584664855528
-6.05422640364587,-0.215375532727298
-6.02909659855316,-0.215060413615428
-6.00396679346045,-0.214640486229575
-5.97883698836774,-0.214117037782591
-5.95370718327502,-0.2134914597483
-5.92857737818231,-0.212765243546458
-5.9034475730896,-0.211939976162626
-5.87831776799689,-0.211017335710657
-5.85318796290418,-0.20999908694551
-5.82805815781147,-0.208887076734061
-5.80292835271876,-0.207683229491633
-5.77779854762605,-0.206389542591932
-5.75266874253334,-0.205008081758062
-5.72753893744062,-0.203540976442305
-5.70240913234791,-0.20199041520224
-5.6772793272552,-0.200358641080764
-5.65214952216249,-0.198647946997408
-5.62701971706978,-0.196860671158252
-5.60188991197707,-0.194999192491522
-5.57676010688436,-0.193065926115776
-5.55163030179165,-0.1910633188473
-5.52650049669893,-0.188993844753068
-5.50137069160622,-0.186860000755305
-5.47624088651351,-0.184664302293315
-5.4511110814208,-0.182409279047891
-5.42598127632809,-0.180097470733204
-5.40085147123538,-0.177731422960671
-5.37572166614267,-0.175313683178862
-5.35059186104995,-0.172846796693112
-5.32546205595724,-0.170333302768046
-5.30033225086453,-0.16777573081586
-5.27520244577182,-0.16517659667279
-5.25007264067911,-0.162538398965851
-5.2249428355864,-0.159863615571596
-5.19981303049369,-0.157154700168393
-5.17468322540098,-0.154414078883441
-5.14955342030826,-0.151644147035596
-5.12442361521555,-0.148847265974952
-5.09929381012284,-0.14602576002004
-5.07416400503013,-0.143181913493551
-5.04903419993742,-0.140317967857499
-5.02390439484471,-0.137436118948957
-4.998774589752,-0.134538514317609
-4.97364478465929,-0.131627250666715
-4.94851497956657,-0.128704371399351
-4.92338517447386,-0.125771864272198
-4.89825536938115,-0.122831659159595
-4.87312556428844,-0.119885625931026
-4.84799575919573,-0.11693557244576
-4.82286595410302,-0.113983242668885
-4.79773614901031,-0.111030314913547
-4.7726063439176,-0.108078400214792
-4.74747653882488,-0.10512904084095
-4.72234673373217,-0.1021837089491
-4.69721692863946,-0.0992438053916432
-4.67208712354675,-0.0963106586815428
-4.64695731845404,-0.0933855241242173
-4.62182751336133,-0.0904695831244725
-4.59669770826862,-0.0875639426771752
-4.57156790317591,-0.0846696350506073
-4.54643809808319,-0.0817876176715913
-4.52130829299048,-0.0789187732215233
-4.49617848789777,-0.0760639099523973
-4.47104868280506,-0.073223762231725
-4.44591887771235,-0.0703989913249717
-4.42078907261964,-0.0675901864237079
-4.39565926752693,-0.0647978659271393
-4.37052946243422,-0.062022478984002
-4.34539965734151,-0.0592644073010175
-4.32026985224879,-0.0565239672231725
-4.29514004715608,-0.0538014120900389
-4.27001024206337,-0.0510969348711859
-4.24488043697066,-0.0484106710824448
-4.21975063187795,-0.0457427019834065
-4.19462082678524,-0.0430930580550377
-4.16949102169253,-0.0404617227547294
-4.14436121659981,-0.0378486365444359
-4.1192314115071,-0.0352537011858445
-4.09410160641439,-0.0326767842947418
-4.06897180132168,-0.03011772414493
-4.04384199622897,-0.0275763347102099
-4.01871219113626,-0.0250524109310952
-3.99358238604355,-0.0225457341910769
-3.96845258095084,-0.0200560779854301
-3.94332277585813,-0.0175832137637554
-3.91819297076541,-0.0151269169257077
-3.8930631656727,-0.0126869729476715
-3.86793336057999,-0.01026318361654
-3.84280355548728,-0.00785537334523336
-3.81767375039457,-0.00546339554317687
-3.79254394530186,-0.00308713901365709
-3.76741414020915,-0.000726534348804098
-3.74228433511644,0.0016184397080998
-3.71715453002372,0.00394774996416539
-3.69202472493101,0.00626130257422991
-3.6668949198383,0.00855893696647486
-3.64176511474559,0.0108404199292538
-3.61663530965288,0.0131054398922798
-3.59150550456017,0.0153536014354008
-3.56637569946746,0.0175844200580696
-3.54124589437474,0.019797317242332
-3.51611608928203,0.0219916158416802
-3.49098628418932,0.0241665358274778
-3.46585647909661,0.026321190423834
-3.4407266740039,0.0284545826608116
-3.41559686891119,0.0305656023746871
-3.39046706381848,0.0326530236826499
-3.36533725872577,0.0347155029578388
-3.34020745363306,0.036751577328976
-3.31507764854034,0.0387596637270622
-3.28994784344763,0.0407380584996796
-3.26481803835492,0.0426849376113843
-3.23968823326221,0.0445983574464959
-3.2145584281695,0.0464762562282941
-3.18942862307679,0.0483164560662385
-3.16429881798408,0.0501166656403301
-3.13916901289137,0.0518744835291614
-3.11403920779865,0.0535874021855418
-3.08890940270594,0.0552528125608663
-3.06377959761323,0.0568680093766245
-3.03864979252052,0.0584301970386205
-3.01351998742781,0.0599364961866196
-2.9883901823351,0.0613839508692605
-2.96326037724239,0.0627695363311698
-2.93813057214967,0.0640901673963231
-2.91300076705696,0.0653427074288008
-2.88787096196425,0.0665239778492119
-2.86274115687154,0.0676307681822157
-2.83761135177883,0.06865984660776
-2.81248154668612,0.0696079709858986
-2.78735174159341,0.0704719003223565
-2.7622219365007,0.071248406639381
-2.73709213140798,0.071934287213884
-2.71196232631527,0.072526377142426
-2.68683252122256,0.0730215621902616
-2.66170271612985,0.0734167918794324
-2.63657291103714,0.073709092768811
-2.61144310594443,0.0738955818770384
-2.58631330085172,0.0739734801974996
-2.56118349575901,0.073940126252846
-2.53605369066629,0.0737929896351054
-2.51092388557358,0.0735296844761499
-2.48579408048087,0.0731479827922092
-2.46066427538816,0.0726458276452424
-2.43553447029545,0.0720213460633326
-2.41040466520274,0.0712728616618377
-2.38527486011003,0.0703989069068419
-2.36014505501732,0.0693982349625118
-2.3350152499246,0.068269831064264
-2.30988544483189,0.0670129233602294
-2.28475563973918,0.0656269931643308
-2.25962583464647,0.064111784565401
-2.23449602955376,0.0624673133381543
-2.20936622446105,0.0606938751034894
-2.18423641936834,0.0587920526875418
-2.15910661427563,0.0567627226311332
-2.13397680918291,0.0546070608037657
-2.1088470040902,0.0523265470790895
-2.08371719899749,0.0499229690318234
-2.05858739390478,0.047398424619423
-2.03345758881207,0.0447553238153662
-2.00832778371936,0.0419963891647438
-1.98319797862665,0.0391246552369031
-1.95806817353394,0.036143466954166
-1.93293836844123,0.0330564767801359
-1.90780856334851,0.0298676407557786
-1.8826787582558,0.026581213376315
-1.85754895316309,0.0232017413069619
-1.83241914807038,0.0197340559406882
-1.80728934297767,0.0161832648063874
-1.78215953788496,0.0125547418411919
-1.75702973279225,0.00885411654601658
-1.73189992769954,0.00508726204883235
-1.70677012260682,0.00126028210556268
-1.68164031751411,-0.00262050292613089
-1.6565105124214,-0.00654857109959259
-1.63138070732869,-0.0105172148326493
-1.60625090223598,-0.0145195577509164
-1.58112109714327,-0.0185485723650842
-1.55599129205056,-0.0225970985215696
-1.53086148695785,-0.0266578625613618
-1.50573168186513,-0.0307234971175858
-1.48060187677242,-0.0347865614782683
-1.45547207167971,-0.0388395624370548
-1.430342266587,-0.0428749755512259
-1.40521246149429,-0.0468852667233022
-1.38008265640158,-0.0508629140198636
-1.35495285130887,-0.0548004296389327
-1.32982304621615,-0.0586903819354337
-1.30469324112344,-0.0625254174128232
-1.27956343603073,-0.0662982825880555
-1.25443363093802,-0.0700018456365601
-1.22930382584531,-0.0736291177239232
-1.2041740207526,-0.0771732739314648
-1.17904421565989,-0.0806276736839003
-1.15391441056718,-0.0839858805887709
-1.12878460547447,-0.0872416815993297
-1.10365480038175,-0.0903891054150574
-1.07852499528904,-0.0934224400369665
-1.05339519019633,-0.0963362493983193
-1.02826538510362,-0.0991253889953026
-1.00313558001091,-0.101785020446595
-0.978005774918197,-0.104310624915561
-0.952875969825486,-0.106698015334031
-0.927746164732775,-0.108943347372229
-0.902616359640064,-0.111043129105372
-0.877486554547352,-0.112994229333738
-0.852356749454641,-0.114793884519593
-0.82722694436193,-0.116439704311181
-0.802097139269219,-0.117929675631057
-0.776967334176508,-0.119262165313241
-0.751837529083796,-0.12043592128108
-0.726707723991085,-0.121450072265135
-0.701577918898374,-0.122304126067939
-0.676448113805662,-0.122997966390002
-0.651318308712951,-0.123531848238898
-0.62618850362024,-0.123906391950691
-0.601058698527529,-0.124122575860203
-0.575928893434818,-0.124181727663714
-0.550799088342106,-0.124085514524563
-0.525669283249395,-0.123835931978701
-0.500539478156684,-0.123435291703535
-0.475409673063973,-0.122886208219336
-0.450279867971261,-0.122191584598034
-0.42515006287855,-0.121354597259315
-0.400020257785839,-0.120378679938602
-0.374890452693127,-0.11926750691561
-0.349760647600416,-0.118024975595843
-0.324630842507705,-0.116655188540385
-0.299501037414994,-0.115162435041885
-0.274371232322282,-0.113551172346478
-0.249241427229571,-0.111826006622667
-0.22411162213686,-0.10999167377883
-0.198981817044149,-0.108053020231022
-0.173852011951437,-0.106014983722107
-0.148722206858726,-0.103882574291988
-0.123592401766015,-0.101660855496809
-0.0984625966733038,-0.0993549259724574
-0.0733327915805925,-0.0969699014345963
-0.0482029864878813,-0.0945108972037075
-0.02307318139517,-0.091983011339346
0.00205662369754123,-0.0893913084629866
0.0271864287902525,-0.0867408043434988
0.0523162338829637,-0.0840364513134827
0.077446038975675,-0.0812831245784495
0.102575844068386,-0.0784856094742064
0.127705649161097,-0.0756485897208122
0.152835454253809,-0.0727766367142048
0.17796525934652,-0.0698741998890679
0.203095064439231,-0.0669455981787968
0.228224869531942,-0.0639950125905603
0.253354674624654,-0.0610264799055322
0.278484479717365,-0.0580438875063995
0.303614284810076,-0.0550509693263414
0.328744089902787,-0.0520513029058441
0.353873894995499,-0.0490483075360413
0.37900370008821,-0.0460452434598144
0.404133505180921,-0.0430452120946823
0.429263310273632,-0.0400511572346452
0.454393115366344,-0.0370658671816385
0.479522920459055,-0.0340919777511847
0.504652725551766,-0.0311319760912191
0.529782530644478,-0.0281882052479786
0.554912335737189,-0.0252628694083044
0.5800421408299,-0.022358039743759
0.605171945922611,-0.0194756607786335
0.630301751015322,-0.0166175572012365
0.655431556108034,-0.0137854410358424
0.680561361200745,-0.0109809190913431
0.705691166293456,-0.00820550060200746
0.730820971386167,-0.00546060497581334
0.755950776478879,-0.00274756956656417
0.78108058157159,-6.76573874531933e-05
0.806210386664301,0.00257793531415167
0.831340191757012,0.00518807169814267
0.856469996849724,0.007761667263363
0.881599801942435,0.0102976831395661
0.906729607035146,0.012795119805073
0.931859412127857,0.0152530112904314
0.956989217220569,0.0176704199227761
0.98211902231328,0.0200464316595381
1.00724882740599,0.0223801520537118
1.0323786324987,0.0246707028861196
1.05750843759141,0.0269172194930619
1.08263824268413,0.0291188488104829
1.10776804777684,0.0312747481483568
1.13289785286955,0.0333840847015033
1.15802765796226,0.0354460357954995
1.18315746305497,0.0374597898588686
1.20828726814768,0.0394245481053342
1.23341707324039,0.0413395269027058
1.2585468783331,0.043203960797968
1.28367668342581,0.0450171061614412
1.30880648851853,0.0467782454065183
1.33393629361124,0.0484866917355315
1.35906609870395,0.0501417943567836
1.38419590379666,0.0517429441127815
1.40932570888937,0.053289579455232
1.43445551398208,0.0547811926984768
1.45958531907479,0.0562173364797616
1.4847151241675,0.0575976303520995
1.50984492926022,0.0589217674335113
1.53497473435293,0.060189521035125
1.56010453944564,0.0614007511900081
1.58523434453835,0.0625554110046895
1.61036414963106,0.063653552756098
1.63549395472377,0.0646953336581095
1.66062375981648,0.0656810212240162
1.68575356490919,0.0666109981540249
1.71088337000191,0.0674857666802905
1.73601317509462,0.0683059523060135
1.76114298018733,0.069072306879695
1.78627278528004,0.0697857109507526
1.81140259037275,0.0704471753582798
1.83653239546546,0.0710578420107523
1.86166220055817,0.0716189838208894
1.88679200565088,0.072132003766615
1.9119218107436,0.0725984330560727
1.93705161583631,0.0730199283818789
1.96218142092902,0.0733982682571823
1.98731122602173,0.0737353484335832
2.01244103111444,0.0740331764084791
2.03757083620715,0.0742938650369017
2.06270064129986,0.0745196252703118
2.08783044639257,0.0747127580520811
2.11296025148529,0.0748756454064453
2.138090056578,0.0750107407645112
2.16321986167071,0.0751205585773786
2.18834966676342,0.075207663272562
2.21347947185613,0.0752746576155963
2.23860927694884,0.0753241705439658
2.26373908204155,0.0753588445452435
2.28886888713427,0.075381322655554
2.31399869222698,0.0753942351581245
2.33912849731969,0.0754001860647613
2.3642583024124,0.0754017394655373
2.38938810750511,0.0754014058338061
2.41451791259782,0.0754016283748374
2.43964771769053,0.0754047695069082
2.46477752278324,0.0754130975635642
2.48990732787595,0.0754287738050115
2.51503713296867,0.075453839825192
2.54016693806138,0.0754902054390758
2.56529674315409,0.0755396371320718
2.5904265482468,0.0756037471502339
2.61555635333951,0.0756839833061741
2.64068615843222,0.0757816195712799
2.66581596352493,0.0758977475200406
2.69094576861764,0.0760332686870304
2.71607557371036,0.0761888878914291
2.74120537880307,0.0763651075779156
2.76633518389578,0.0765622232164049
2.79146498898849,0.0767803197964506
2.8165947940812,0.0770192694452636
2.84172459917391,0.0772787301912374
2.86685440426662,0.0775581458876974
2.89198420935933,0.0778567473043273
2.91711401445205,0.078173554386453
2.94224381954476,0.0785073796751019
2.96737362463747,0.0788568328735869
2.99250342973018,0.0792203265393093
3.01763323482289,0.0795960828726004
3.0427630399156,0.0799821415677641
3.06789284500831,0.0803763686850883
3.09302265010102,0.0807764664965026
3.11815245519374,0.081179984251808
3.14328226028645,0.0815843298070363
3.16841206537916,0.0819867820515249
3.19354187047187,0.0823845040657732
3.21867167556458,0.0827745569380684
3.24380148065729,0.0831539141642976
3.26893128575,0.0835194765522627
3.29406109084271,0.0838680875492545
3.31919089593543,0.0841965489095824
3.34432070102814,0.0845016366172395
3.36945050612085,0.0847801169778875
3.39458031121356,0.0850287627938798
3.41971011630627,0.0852443695361007
3.44483992139898,0.0854237714269679
3.46996972649169,0.0855638573500163
3.49509953158441,0.0856615865030396
3.52022933667712,0.0857140037137886
3.54535914176983,0.0857182543396947
3.57048894686254,0.0856715986759803
3.59561875195525,0.085571425799805
3.62074855704796,0.085415266781749
3.64587836214067,0.0852008071999383
3.67100816723338,0.0849258988964089
3.69613797232609,0.0845885709198939
3.72126777741881,0.0841870396040331
3.74639758251152,0.083719717735036
3.77152738760423,0.083185222768036
3.79665719269694,0.0825823840567189
3.82178699778965,0.0819102490662618
3.84691680288236,0.0811680885451514
3.87204660797507,0.0803554006370169
3.89717641306778,0.0794719139191984
3.9223062181605,0.0785175893603278
3.94743602325321,0.077492621194716
3.97256582834592,0.0763974367167671
3.99769563343863,0.0752326950039755
4.02282543853134,0.0739992845822592
4.04795524362405,0.0726983200524293
4.07308504871676,0.071331137701474
4.09821485380948,0.0698992901270118
4.12334465890219,0.0684045399077397
4.1484744639949,0.0668488523569473
4.17360426908761,0.0652343874001632
4.19873407418032,0.0635634906217498
4.22386387927303,0.0618386835287445
4.24899368436574,0.0600626530834494
4.27412348945845,0.0582382405592017
4.29925329455117,0.0563684297763895
4.32438309964388,0.0544563347781283
4.34951290473659,0.0525051870070548
4.3746427098293,0.0505183220464559
4.39977251492201,0.0484991659903887
4.42490232001472,0.0464512215086103
4.45003212510743,0.0443780536729836
4.47516193020014,0.0422832756125792
4.50029173529285,0.0401705340649624
4.52542154038557,0.0380434948911154
4.55055134547828,0.0359058286211334
4.57568115057099,0.0337611960972309
4.6008109556637,0.0316132342797154
4.62594076075641,0.0294655422804324
4.65107056584912,0.0273216676867734
4.67620037094183,0.0251850932376509
4.70133017603454,0.023059223910919
4.72645998112726,0.02094737447954
4.75158978621997,0.0188527575913749
4.77671959131268,0.0167784724248388
4.80184939640539,0.0147274939697879
4.8269792014981,0.0127026629799345
4.85210900659081,0.0107066766398029
4.87723881168352,0.00874207998577736
4.90236861677624,0.00681125811714406
4.92749842186895,0.00491642922922298
4.95262822696166,0.00305963849672102
4.97775803205437,0.00124275283134107
5.00288783714708,-0.00053254346654244
5.02801764223979,-0.00226475214665672
5.0531474473325,-0.00395256352698733
5.07827725242521,-0.00559485808474165
5.10340705751793,-0.00719070711808602
5.12853686261064,-0.00873937248119901
5.15366666770335,-0.0102403053997762
5.17879647279606,-0.0116931443786993
5.20392627788877,-0.0130977122181443
5.22905608298148,-0.0144540121588948
5.25418588807419,-0.0157622231820668
5.2793156931669,-0.0170226944927727
5.30444549825961,-0.0182359392214689
5.32957530335233,-0.0194026273807972
5.35470510844504,-0.0205235781196286
5.37983491353775,-0.0215997513197345
5.40496471863046,-0.0226322385839997
5.43009452372317,-0.0236222536683649
5.45522432881588,-0.0245711224126861
5.48035413390859,-0.0254802722284355
5.5054839390013,-0.0263512212036034
5.53061374409402,-0.0271855668872828
5.55574354918673,-0.0279849748182163
5.58087335427944,-0.0287511668630299
5.60600315937215,-0.0294859094309776
5.63113296446486,-0.0301910016327376
5.65626276955757,-0.0308682634511583
5.68139257465028,-0.0315195239918075
5.70652237974299,-0.032146609880763
5.73165218483571,-0.0327513338762631
5.75678198992842,-0.0333354837596388
5.78191179502113,-0.0339008115693567
5.80704160011384,-0.0344490232400365
5.83217140520655,-0.0349817687059615
5.85730121029926,-0.0355006325259054
5.88243101539197,-0.0360071250830377
5.90756082048468,-0.0365026744102987
5.9326906255774,-0.0369886186879249
5.95782043067011,-0.0374661994558263
5.98295023576282,-0.0379365555792417
6.00808004085553,-0.0384007180015985
6.03320984594824,-0.0388596053137623
6.05833965104095,-0.0393140201639429
6.08346945613366,-0.0397646465274355
6.10859926122637,-0.0402120478501487
6.13372906631909,-0.0406566660745593
6.1588588714118,-0.0410988215513316
6.18398867650451,-0.0415387138344256
6.20911848159722,-0.0419764233520802
6.23424828668993,-0.0424119139406716
6.25937809178264,-0.0428450362231107
6.28450789687535,-0.043275531808216
6.30963770196806,-0.0437030382824021
6.33476750706078,-0.0441270949600807
6.35989731215349,-0.0445471493544371
6.3850271172462,-0.0449625643257258
6.41015692233891,-0.0453726258599591
6.43528672743162,-0.045776551426882
6.46041653252433,-0.0461734988624373
6.48554633761704,-0.0465625757175699
6.51067614270975,-0.0469428490122058
6.53580594780247,-0.047313355330595
6.56093575289518,-0.0476731111919395
6.58606555798789,-0.0480211236283584
6.6111953630806,-0.048356400900771
6.63632516817331,-0.048677963282228
6.66145497326602,-0.0489848538375847
6.68658477835873,-0.049276149128199
6.71171458345145,-0.0495509697705477
6.73684438854416,-0.0498084907782864
6.76197419363687,-0.0500479516183233
6.78710399872958,-0.0502686659129412
6.81223380382229,-0.0504700307218484
6.837363608915,-0.0506515353402896
6.86249341400771,-0.0508127695519635
6.88762321910042,-0.0509534312784626
6.91275302419313,-0.0510733335702686
6.93788282928585,-0.0511724108879624
6.96301263437856,-0.0512507246262365
6.98814243947127,-0.0513084678374949
7.01327224456398,-0.0513459691162757
7.03840204965669,-0.0513636956103993
7.0635318547494,-0.0513622551296108
7.08866165984211,-0.0513423973275177
7.11379146493482,-0.0513050139377958
7.13892127002754,-0.051251138050915
7.16405107512025,-0.0511819424230005
7.18918088021296,-0.0510987368138594
7.21431068530567,-0.0510029643566325
7.23944049039838,-0.0508961969669651
7.26457029549109,-0.0507801298049787
7.2897001005838,-0.0506565748086549
7.31482990567651,-0.0505274533224814
7.33995971076923,-0.0503947878503255
7.36508951586194,-0.0502606929664781
7.39021932095465,-0.0501273654236178
7.41534912604736,-0.0499970735010601
7.44047893114007,-0.0498721456410565
7.46560873623278,-0.0497549584250778
7.49073854132549,-0.0496479239459254
7.5158683464182,-0.0495534766351576
7.54099815151092,-0.0494740596086703
7.56612795660363,-0.0494121105963163
7.59125776169634,-0.0493700475241875
7.61638756678905,-0.0493502538205804
7.64151737188176,-0.049355063518737
7.66664717697447,-0.0493867462311714
7.69177698206718,-0.0494474920717542
7.71690678715989,-0.0495393966027392
7.74203659225261,-0.0496644458845546
7.76716639734532,-0.0498245017064628
7.79229620243803,-0.0500212870761019
7.81742600753074,-0.0502563720454713
7.84255581262345,-0.0505311599501015
7.86768561771616,-0.0508468741369736
7.89281542280887,-0.051204545255219
7.91794522790158,-0.0516049991817408
7.9430750329943,-0.0520488456516768
7.96820483808701,-0.0525364676610523
7.99333464317972,-0.0530680117060906
8.01846444827243,-0.0536433789204326
8.04359425336514,-0.0542622171680191
8.06872405845785,-0.0549239141455796
8.09385386355056,-0.0556275915445938
8.11898366864327,-0.0563721003182555
8.14411347373598,-0.0571560170943653
8.1692432788287,-0.0579776417702705
8.19437308392141,-0.058834996320919
8.21950288901412,-0.0597258248458783
8.24463269410683,-0.0606475948757451
8.26976249919954,-0.061597499952822
8.29489230429225,-0.0625724634952304
8.32002210938496,-0.063569143947822
8.34515191447768,-0.0645839412173525
8.37028171957039,-0.0656130043834121
8.3954115246631,-0.0666522406706124
8.42054132975581,-0.0676973256615006
8.44567113484852,-0.0687437147236742
8.47080093994123,-0.0697866556185983
8.49593074503394,-0.0708212022537303
8.52106055012666,-0.0718422295337523
8.54619035521936,-0.0728444492610351
8.57132016031208,-0.0738224270299282
8.59644996540479,-0.0747706000541331
8.6215797704975,-0.0756832958612827
8.64670957559021,-0.0765547517839679
8.67183938068292,-0.0773791351718285
8.69696918577563,-0.0781505642450137
8.72209899086834,-0.0788631295053275
8.74722879596106,-0.0795109156177342
8.77235860105377,-0.080088023671653
8.79748840614648,-0.0805885937286132
8.82261821123919,-0.0810068275604291
8.8477480163319,-0.0813370114800792
8.87287782142461,-0.0815735391659752
8.89800762651732,-0.0817109343792958
8.92313743161004,-0.0817438734735465
8.94826723670275,-0.081667207595512
8.97339704179546,-0.0814759844772942
8.99852684688817,-0.0811654697201844
9.02365665198088,-0.0807311674727131
9.04878645707359,-0.0801688404073347
9.0739162621663,-0.0794745289028665
9.09904606725901,-0.0786445693429651
9.12417587235172,-0.0776756114446145
9.14930567744444,-0.0765646345347761
9.17443548253715,-0.0753089626980058
9.19956528762986,-0.0739062787229627
9.22469509272257,-0.0723546367812661
9.24982489781528,-0.0706524737781067
9.27495470290799,-0.0687986193203203
9.3000845080007,-0.0667923042542788
9.32521431309342,-0.0646331677328787
9.35034411818613,-0.0623212627780934
9.37547392327884,-0.0598570603129493
9.40060372837155,-0.0572414516443243
9.42573353346426,-0.05447574938564
9.45086333855697,-0.0515616868162363
9.47599314364968,-0.0485014156819519
9.50112294874239,-0.0452975024491356
9.5262527538351,-0.0419529230319114
9.55138255892782,-0.0384710560199893
9.57651236402053,-0.0348556744415794
9.60164216911324,-0.0311109361030001
9.62677197420595,-0.0272413725533044
9.65190177929866,-0.0232518767286617
9.67703158439137,-0.0191476893372476
9.70216138948408,-0.0149343840510152
9.72729119457679,-0.0106178515758633
9.75242099966951,-0.00620428267639399
9.77755080476222,-0.00170015023559179
9.80268060985493,0.00288780956662837
9.82781041494764,0.00755261686901584
9.85294022004035,0.0122870684492606
9.87807002513306,0.0170837586576128
9.90319983022577,0.0219351008712134
9.92832963531849,0.026833349375813
9.9534594404112,0.0317706215814451
9.97858924550391,0.0367389204790939
10.0037190505966,0.0417301572464282
10.0288488556893,0.0467361739122549
10.053978660782,0.051748765991439
10.0791084658748,0.0567597050046283
10.1042382709675,0.0617607608001665
10.1293680760602,0.066743723599046
10.1544978811529,0.0717004256876015
10.1796276862456,0.0766227626868358
10.2047574913383,0.0815027143317518
10.229887296431,0.0863323646987992
10.2550171015237,0.0911039218244698
10.2801469066164,0.0958097366631657
10.3052767117092,0.100442321337637
10.3304065168019,0.104994366640527
10.3555363218946,0.109458758750806
10.3806661269873,0.113828595134042
10.40579593208,0.118097199600602
10.4309257371727,0.122258136500817
10.4560555422654,0.126305224040952
10.4811853473581,0.130232546708416
10.5063151524508,0.134034466798985
10.5314449575436,0.13770563504289
10.5565747626363,0.141241000330382
10.581704567729,0.144635818540836
10.6068343728217,0.147885660482589
10.6319641779144,0.15098641895343
10.6570939830071,0.153934314934101
10.6822237880998,0.156725902929185
10.7073535931925,0.159358075471468
10.7324833982852,0.161828066807161
10.757613203378,0.164133455780404
10.7827430084707,0.166272167936109
10.8078728135634,0.168242476860594
10.8330026186561,0.170043004779505
10.8581324237488,0.171672722432399
10.8832622288415,0.173130948242917
10.9083920339342,0.174417346802902
10.9335218390269,0.175531926688064
10.9586516441196,0.176475037621899
10.9837814492124,0.177247367003598
11.0089112543051,0.177849935814669
11.0340410593978,0.17828409391791
11.0591708644905,0.178551514761394
11.0843006695832,0.178654189499097
11.1094304746759,0.178594420538941
11.1345602797686,0.178374814528234
11.1596900848613,0.177998274785852
11.184819889954,0.177467993190045
11.2099496950468,0.176787441530474
11.2350795001395,0.175960362333029
11.2602093052322,0.174990759166128
11.2853391103249,0.173882886437598
11.3104689154176,0.17264123869188
11.3355987205103,0.17127053941819
11.360728525603,0.169775729381374
11.3858583306957,0.168161954488587
11.4109881357884,0.166434553206503
11.4361179408812,0.164599043545565
11.4612477459739,0.162661109629792
11.4863775510666,0.160626587872828
11.5115073561593,0.158501452783247
11.536637161252,0.156291802424547
11.5617669663447,0.154003843557839
11.5868967714374,0.15164387649778
11.6120265765301,0.149218279714955
11.6371563816228,0.146733494220489
11.6622861867156,0.144196007771231
11.6874159918083,0.141612338936344
11.712545796901,0.138989021068447
11.7376756019937,0.136332586224693
11.7628054070864,0.133649549085159
11.7879352121791,0.130946390917686
11.8130650172718,0.128229543639902
11.8381948223645,0.125505374030347
11.8633246274573,0.122780168141625
11.88845443255,0.12006011596911
11.9135842376427,0.117351296429019
11.9387140427354,0.114659662699598
11.9638438478281,0.111991027978712
11.9889736529208,0.109351051710341
12.0141034580135,0.106745226331264
12.0392332631062,0.104178864587664
12.0643630681989,0.101657087469473
12.0894928732917,0.0991848128079552
12.1146226783844,0.0967667445794445
12.1397524834771,0.0944073629551718
12.1648822885698,0.0921109151338931
12.1900120936625,0.0898814069905023
12.2151418987552,0.0877225955700469
12.2402717038479,0.0856379824525906
12.2654015089406,0.0836308080102028
12.2905313140333,0.0817040465730569
12.3156611191261,0.0798604025171978
12.3407909242188,0.0781023072820646
12.3659207293115,0.0764319173213302
12.3910505344042,0.0748511129861154
12.4161803394969,0.0733614983351599
12.4413101445896,0.0719644018621544
12.4664399496823,0.0706608781261594
12.491569754775,0.0694517102669191
12.5166995598677,0.0683374133829391
12.5418293649605,0.0673182387464683
12.5669591700532,0.0663941788260356
12.5920889751459,0.0655649730839678
12.6172187802386,0.064830114513366
12.6423485853313,0.0641888568763753
12.667478390424,0.0636402226032533
12.6926081955167,0.0631830113097283
12.7177380006094,0.0628158088884657
12.7428678057021,0.0625369971291107
12.7679976107949,0.0623447638203589
12.7931274158876,0.0622371132868175
12.8182572209803,0.0622118773130465
12.843387026073,0.0622667264071049
12.8685168311657,0.0623991813561475
12.8936466362584,0.06260662502713
12.9187764413511,0.0628863143664212
12.9439062464438,0.0632353925531261
12.9690360515365,0.0636509012621104
12.9941658566293,0.0641297929941081
13.019295661722,0.0646689434318334
13.0444254668147,0.065265163782691
13.0695552719074,0.0659152130704569
13.0946850770001,0.0666158103401537
13.1198148820928,0.0673636467422491
13.1449446871855,0.0681553974642297
13.1700744922782,0.0689877334795259
13.1952042973709,0.0698573330856634
13.2203341024637,0.0707608932053605
13.2454639075564,0.0716951404260751
13.2705937126491,0.0726568417551948
13.2957235177418,0.0736428150696552
13.3208533228345,0.0746499392402463
13.3459831279272,0.0756751639122145
13.3711129330199,0.0767155189249813
13.3962427381126,0.0777681233548775
13.4213725432054,0.0788301941657231
13.4465023482981,0.0798990544528798
13.4716321533908,0.0809721412670617
13.4967619584835,0.082047013004715
13.5218917635762,0.0831213563521894
13.5470215686689,0.0841929927712176
13.5721513737616,0.0852598845134241
13.5972811788543,0.0863201401517052
13.622410983947,0.087372019616379
13.6475407890398,0.0884139387240252
13.6726705941325,0.0894444731869172
13.6978003992252,0.0904623620909461
13.7229302043179,0.0914665108299414
13.7480600094106,0.0924559934843412
13.7731898145033,0.0934300546322829
13.798319619596,0.0943881105813819
13.8234494246887,0.0953297500097709
13.8485792297814,0.0962547340054098
13.8737090348742,0.0971629954932492
13.8988388399669,0.0980546380405791
13.9239686450596,0.0989299340318117
13.9490984501523,0.0997893222050627
13.974228255245,0.100633404544216
13.9993580603377,0.101462942521683
14.0244878654304,0.102278852688823
14.0496176705231,0.10308220161296
14.0747474756158,0.103874200162118
14.0998772807086,0.10465619714104
14.1250070858013,0.105429672284623
14.150136890894,0.106196228617814
14.1752666959867,0.106957584193955
14.2003965010794,0.107715563226822
14.2255263061721,0.108472086634939
14.2506561112648,0.109229162020228
14.2757859163575,0.109988873106717
14.3009157214502,0.11075336866864
14.326045526543,0.111524850981111
14.3511753316357,0.112305563830244
14.3763051367284,0.113097780123427
14.4014349418211,0.113903789144152
14.4265647469138,0.114725883499461
14.4516945520065,0.115566345811625
14.4768243570992,0.116427435209023
14.5019541621919,0.117311373674429
14.5270839672846,0.11822033231184
14.5522137723774,0.119156417595715
14.5773435774701,0.120121657668898
14.6024733825628,0.121117988757548
14.6276031876555,0.122147241773129
14.6527329927482,0.123211129172811
14.6778627978409,0.124311232150511
14.7029926029336,0.125448988231227
14.7281224080263,0.126625679341293
14.753252213119,0.12784242042662
14.7783820182118,0.129100148689968
14.8035118233045,0.130399613516705
14.8286416283972,0.13174136715645
14.8537714334899,0.133125756225345
14.8789012385826,0.134552914090602
14.9040310436753,0.136022754195277
14.929160848768,0.137534964377076
14.9542906538607,0.139089002230345
14.9794204589534,0.140684091555274
15.0045502640462,0.142319219932776
15.0296800691389,0.143993137457542
15.0548098742316,0.145704356655416
15.0799396793243,0.147451153604568
15.105069484417,0.149231570272928
15.1301992895097,0.151043418077191
15.1553290946024,0.15288428266122
15.1804588996951,0.154751529884159
15.2055887047878,0.156642313000919
15.2307185098806,0.158553581010027
15.2558483149733,0.160482088136186
15.280978120066,0.162424404407364
15.3061079251587,0.164376927278812
15.3312377302514,0.166335894249271
15.3563675353441,0.168297396407662
15.3814973404368,0.170257392842052
15.4066271455295,0.172211725836438
15.4317569506222,0.174156136775206
15.456886755715,0.176086282669834
15.4820165608077,0.177997753217752
15.5071463659004,0.179886088299141
15.5322761709931,0.181746795813971
15.5574059760858,0.183575369758797
15.5825357811785,0.185367308440698
15.6076655862712,0.18711813272435
15.6327953913639,0.188823404207584
15.6579251964566,0.190478743220887
15.6830550015494,0.192079846547148
15.7081848066421,0.193622504759602
15.7333146117348,0.195102619078273
15.7584444168275,0.196516217648359
15.7835742219202,0.197859471147843
15.8087040270129,0.199128707636132
15.8338338321056,0.200320426560739
15.8589636371983,0.201431311844872
15.8840934422911,0.20245824398515
15.9092232473838,0.203398311095676
15.9343530524765,0.204248818842059
15.9594828575692,0.205007299216874
15.9846126626619,0.205671518116204
16.0097424677546,0.206239481685443
16.0348722728473,0.206709441411242
16.06000207794,0.20707989794535
16.0851318830327,0.207349603655064
16.1102616881255,0.20751756390397
16.1353914932182,0.207583037075544
16.1605212983109,0.207545533360936
16.1856511034036,0.207404812340829
16.2107809084963,0.207160879399489
16.235910713589,0.206813981017092
16.2610405186817,0.206364598993845
16.2861703237744,0.20581344366651
16.3113001288671,0.205161446184369
16.3364299339599,0.204409749917623
16.3615597390526,0.203559701076435
16.3866895441453,0.202612838623468
16.411819349238,0.201570883566631
16.4369491543307,0.200435727721871
16.4620789594234,0.19920942203827
16.4872087645161,0.197894164579265
16.5123385696088,0.196492288254645
16.5374683747015,0.195006248397993
16.5625981797943,0.193438610283467
16.587727984887,0.191792036674288
16.6128577899797,0.190069275492998
16.6379875950724,0.188273147700528
16.6631174001651,0.186406535467383
16.6882472052578,0.184472370715876
16.7133770103505,0.182473624107319
16.7385068154432,0.18041329454251
16.7636366205359,0.17829439923775
16.7886743425153,0.176086071674659
16.8137596164347,0.173757182636833
16.8388451084136,0.171310732837123
16.8639306339527,0.168749699424081
16.8890160083674,0.166077029488342
16.9141010466853,0.163295634482915
16.9391855635425,0.160408385447367
16.9642693730804,0.157418109038136
16.9893522888403,0.154327584359325
17.0144341236584,0.151139540580567
17.039514689559,0.14785665532106
17.0645937976462,0.144481553771588
17.0896712579955,0.141016808519477
17.1147468795425,0.137464940034869
17.1398204699707,0.13382841777068
17.1648918355971,0.130109661823019
17.1899607812562,0.126311045093818
17.2150271101815,0.122434895893021
17.2400906238846,0.118483500913803
17.2651511220319,0.114459108511183
17.2902084023186,0.110363932211825
17.3152622603395,0.106200154381062
17.3403124894571,0.101969929971999
17.3653588806658,0.0976753902811858
17.3904012224527,0.0933186466355791
17.4154393006549,0.0889017939365263
17.4404728983124,0.0844269139881243
17.4655017955163,0.0798960785396427
17.4905257692536,0.075311351974638
17.5155445932453,0.0706747935829543
17.5405580377811,0.0659884593559319
17.5655658695477,0.0612544032498203
17.5905678514508,0.056474677867556
17.6155637424322,0.0516513345146729
17.6405532972794,0.046786422591127
17.6655362664281,0.0418819882871681
17.6905123957583,0.0369400725580378
17.715481426382,0.0319627083591574
17.7404430944221,0.0269519171305151
17.765397130784,0.0219097045261475
17.7903432609168,0.016838055391835
17.815281204565,0.0117389280013552
17.84021067551,0.0066142475688201
17.8651313813007,0.00146589906165632
17.8900430229722,-0.00370428065433095
17.914945294752,-0.00889451129972598
17.9398378837541,-0.0141030782516728
17.964720469658,-0.0193283421489798
17.9895927243739,-0.0245687489760651
18.0144543116921,-0.029822840564426
18.0393048869156,-0.0350892654455726
18.0641440964755,-0.0403667899851304
18.0889715775278,-0.0456543097241037
18.1137869575297,-0.0509508608501679
18.1385898537962,-0.0562556317193015
18.1633798730327,-0.0615679743461565
18.1881566108454,-0.0668874157802374
18.2129196512248,-0.072213669284322
18.2376685660037,-0.0775466452315153
18.2624029142854,-0.0828864616379712
18.2871222418415,-0.0882334542495826
18.3118260804776,-0.0935881861028567
18.3365139473632,-0.0989514564827187
18.3611853443249,-0.104324309203145
18.3858397571001,-0.109708040140249
18.4104766545473,-0.115104203951751
18.4350954878117,-0.120514619921593
18.4596956894416,-0.125941376873805
18.4842766724529,-0.131386837105538
18.5088378293375,-0.136853639295421
18.5333785310119,-0.142344700350036
18.5578981257012,-0.1478632161583
18.5823959377539,-0.1534126612308
18.6068712663831,-0.15899678720871
18.6313233843264,-0.164619620234639
18.6557515364208,-0.170285457185683
18.6801549380846,-0.175998860776971
18.7045327736993,-0.181764653552074
18.7288841948828,-0.187587910784713
18.7532083186478,-0.193473952324257
18.7775042254321,-0.199428333425448
18.8017709569943,-0.205456834610578
18.8260075141611,-0.211565450619974
18.8502128544146,-0.217760378514016
18.8743858893062,-0.224048004997024
18.8985254816823,-0.230434893040122
18.9226304427048,-0.236927767886615
18.946699528649,-0.243533502529449
18.9707314374587,-0.250259102755895
18.9947248050369,-0.257111691859788
19.018678201248,-0.264098495126251
19.0425901256041,-0.271226824198009
19.0664590026073,-0.278504061436006
19.0902831767139,-0.285937644390078
19.1140609068852,-0.293535050497954
19.1377903606844,-0.301303782132737
19.1614696078749,-0.309251352120371
19.1850966134706,-0.31738526984928
19.2086692301828,-0.325713028094483
19.2321851902015,-0.33424209067796
19.2556420962435,-0.34297988108585
19.279037411789,-0.351933772161252
19.3023684504215,-0.361111076988857
19.3256323641742,-0.370519041084363
19.3488261307761,-0.380164835997617
19.3719465396739,-0.390055554433519
19.3949901766967,-0.400198206988846
19.417953407208,-0.410599720596286
19.4408323575739,-0.421266938758723
19.4636228947528,-0.432206623647181
19.4863206037884,-0.443425460124345
19.508920762959,-0.45493006174196
19.5314183163049,-0.466726978744046
19.5538078432212,-0.47882270808823
19.5760835247604,-0.49122370547361
19.5982391062474,-0.503936399334504
19.6202678557561,-0.516967206723707
19.642162517943,-0.53032255096487
19.6639152626694,-0.544008880899034
19.6855176277745,-0.558032691482589
19.7069604552918,-0.572400545409386
19.7282338203162,-0.587119095324204
19.7493269516531,-0.602195106062941
19.7702281432928,-0.617635476190048
19.7909246556792,-0.633447257897963
19.8114026056702,-0.649637674076813
19.8316468440422,-0.666214131043915
19.8516408193797,-0.683184225028276
19.8713664272376,-0.700555740020143
19.8908038435955,-0.718336634003604
19.9099313418871,-0.736535009875206
19.9287250933361,-0.755159066500104
19.9471589510356,-0.774217024362552
19.9652042192798,-0.793717019136286
19.9828294112066,-0.81366695526255
20,-0.834074310348464
