-20,-0.949025984955338
-19.9830752168166,-0.930910166401929
-19.9657112822303,-0.913242549334101
-19.9479380902464,-0.896011076418478
-19.9297831761002,-0.879203401617426
-19.9112718885394,-0.862807046071726
-19.8924275586189,-0.846809522769727
-19.8732716618479,-0.831198435196543
-19.853823971702,-0.815961554460459
-19.8341027033837,-0.801086878729268
-19.814124647334,-0.786562678202741
-19.7939052924393,-0.772377528310614
-19.7734589391748,-0.758520333360564
-19.7527988031185,-0.74498034246475
-19.7319371093875,-0.731747159240649
-19.7108851786127,-0.71881074650497
-19.6896535050899,-0.706161426950928
-19.6682518277451,-0.693789880611983
-19.6466891945326,-0.681687139762684
-19.6249740208519,-0.669844581783904
-19.6031141425351,-0.658253920420222
-19.5811168639158,-0.646907195777526
-19.5589890014477,-0.635796763345159
-19.5367369233034,-0.624915282276385
-19.5143665853443,-0.614255703120803
-19.4918835638152,-0.603811255170805
-19.4692930850837,-0.593575433559307
-19.4466000527139,-0.58354198622654
-19.4238090721343,-0.573704900858459
-19.4009244731334,-0.56405839188739
-19.3779503303938,-0.554596887636135
-19.3548904822539,-0.545315017679291
-19.3317485478664,-0.536207600489458
-19.3085279429068,-0.527269631431014
-19.2852318939678,-0.518496271159766
-19.2618634517635,-0.50988283448291
-19.2384255032544,-0.501424779730116
-19.2149207827904,-0.49311769868293
-19.1913518823648,-0.484957307106154
-19.1677212610563,-0.476939435921101
-19.1440312537344,-0.469060023056729
-19.1202840790923,-0.461315106010535
-19.0964818470661,-0.453700815146658
-19.0726265656948,-0.446213367754034
-19.0487201474686,-0.438849062882511
-19.0247644152088,-0.431604276969656
-19.00076110752,-0.424475460265665
-18.9767118838493,-0.41745913405816
-18.9526183291848,-0.410551888692977
-18.9284819584247,-0.403750382381223
-18.904304220441,-0.397051340776958
-18.8800865018654,-0.39045155730399
-18.8558301306162,-0.383947894204365
-18.8315363791893,-0.377537284275386
-18.8072064677305,-0.371216733256312
-18.782841566905,-0.3649833228205
-18.7584428005818,-0.358834214123487
-18.7340112483448,-0.352766651852658
-18.709547947845,-0.346777968719572
-18.6850538970045,-0.340865590331847
-18.6605300560844,-0.335027040377795
-18.6359773496248,-0.329259946053737
-18.6113966682677,-0.323562043661192
-18.5867888704703,-0.317931184298956
-18.5621547841165,-0.312365339573449
-18.5374952080336,-0.306862607249701
-18.5128109134214,-0.30142121676494
-18.4881026451987,-0.296039534526957
-18.4633711232735,-0.290716068920272
-18.4386170437419,-0.285449474944651
-18.4138410800206,-0.280238558412591
-18.3890438839168,-0.275082279635186
-18.36422608664,-0.269979756529124
-18.3393882997598,-0.264930267081514
-18.3145311161125,-0.259933251113757
-18.2896551106605,-0.25498831129072
-18.2647608413061,-0.25009521332704
-18.2398488496651,-0.245253885348354
-18.2149196617993,-0.240464416371734
-18.1899737889139,-0.235727053876367
-18.1650117280196,-0.231042200442653
-18.1400339625618,-0.226410409445292
-18.1150409630204,-0.221832379793533
-18.0900331874804,-0.217308949719482
-18.065011082175,-0.212841089623264
-18.0399750820047,-0.208429893991665
-18.0149256110314,-0.204076572414766
-17.9898630829503,-0.199782439732833
-17.9647879015412,-0.195548905353312
-17.9397004610991,-0.19137746178522
-17.9146011468468,-0.187269672445304
-17.8894903353289,-0.183227158797168
-17.8643683947899,-0.179251586890963
-17.8392356855365,-0.17534465337722
-17.8140925602844,-0.171508071073909
-17.7889393644917,-0.167743554170756
-17.763776436679,-0.164052803159251
-17.7386041087369,-0.160437489580578
-17.7134227062219,-0.156899240686826
-17.6882325486407,-0.153439624113331
-17.663033949725,-0.1500601326618
-17.6378272176955,-0.146762169294909
-17.612612655517,-0.143547032443488
-17.5873905611445,-0.140415901726991
-17.5621612277616,-0.137369824186898
-17.5369249440102,-0.134409701130845
-17.5116819942136,-0.131536275682796
-17.4864326585923,-0.128750121131315
-17.4611772134734,-0.126051630164115
-17.435915931494,-0.12344100507249
-17.4106490817986,-0.120918249004091
-17.3853769302313,-0.118483158336735
-17.3600997395231,-0.116135316239601
-17.3348177694741,-0.113874087481421
-17.3095312771316,-0.111698614537926
-17.2842405169642,-0.109607815043197
-17.2589457410316,-0.107600380621502
-17.2336471991517,-0.105674777127867
-17.2083451390632,-0.103829246317084
-17.1830398065869,-0.10206180895207
-17.1577314457825,-0.100370269353621
-17.1324202991042,-0.0987522213846773
-17.1071066075536,-0.0972050558532487
-17.0817906108302,-0.095725969309281
-17.0564725474809,-0.0943119742019748
-17.0311526550474,-0.0929599103554859
-17.0058311702122,-0.0916664577125917
-16.980508328944,-0.0904281502878526
-16.9551843666415,-0.0892413912640961
-16.9298595182772,-0.0881024691587437
-16.9044736310732,-0.0869690275533971
-16.8790877438693,-0.0857986210194071
-16.8537018566653,-0.0845872777951967
-16.8283159694613,-0.0833309739071965
-16.8029300822574,-0.0820256533364499
-16.7775441950534,-0.0806672486810167
-16.7521583078495,-0.0792517022042851
-16.7267724206455,-0.0777749871566081
-16.7013865334415,-0.0762331292556851
-16.6760006462376,-0.0746222282098192
-16.6506147590336,-0.0729384791676058
-16.6252288718296,-0.071178193977751
-16.5998429846257,-0.0693378221435706
-16.5744570974217,-0.0674139713582825
-16.5490712102178,-0.0654034275094626
-16.5236853230138,-0.0633031740439621
-16.4982994358098,-0.0611104105881797
-16.4729135486059,-0.0588225707228013
-16.4475276614019,-0.0564373388159465
-16.4221417741979,-0.0539526658240619
-16.396755886994,-0.0513667839758302
-16.37136999979,-0.0486782202607969
-16.345984112586,-0.0458858086513029
-16.3205982253821,-0.0429887009935976
-16.2952123381781,-0.039986376511674
-16.2698264509742,-0.0368786498753268
-16.2444405637702,-0.0336656777921752
-16.2190546765662,-0.030347964091826
-16.1936687893623,-0.0269263632789558
-16.1682829021583,-0.0234020825407861
-16.1428970149543,-0.0197766822031733
-16.1175111277504,-0.0160520746382706
-16.0921252405464,-0.0122305216353933
-16.0667393533425,-0.00831463025527656
-16.0413534661385,-0.00430734719629549
-16.0159675789345,-0.000211951709384997
-15.9905816917306,0.00396795289372069
-15.9651958045266,0.008228449086742
-15.9398099173226,0.0125653162702169
-15.9144240301187,0.0169740431418122
-15.8890381429147,0.0214498412230904
-15.8636522557108,0.0259876594644104
-15.8382663685068,0.0305821998443363
-15.8128804813028,0.0352279338751863
-15.7874945940989,0.0399191199221968
-15.7621087068949,0.0446498212402411
-15.7367228196909,0.0494139246291307
-15.711336932487,0.0542051596062683
-15.685951045283,0.0590171179938247
-15.6605651580791,0.0638432738166784
-15.6351792708751,0.0686770034070933
-15.6097933836711,0.0735116056125189
-15.5844074964672,0.078340322003957
-15.5590216092632,0.0831563569840577
-15.5336357220592,0.0879528976964526
-15.5082498348553,0.0927231336407938
-15.4828639476513,0.0974602759015125
-15.4574780604473,0.102157575902425
-15.4320921732434,0.106808343603932
-15.4067062860394,0.111405965064707
-15.3813203988355,0.115943919295292
-15.3559345116315,0.120415794337069
-15.3305486244275,0.124815302506326
-15.3051627372236,0.129136294749862
-15.2797768500196,0.133372774065433
-15.2543909628156,0.137518907947468
-15.2290050756117,0.141569039825753
-15.2036191884077,0.145517699472151
-15.1782333012038,0.149359612357796
-15.1528474139998,0.15308970795064
-15.1274615267958,0.156703126950492
-15.1020756395919,0.16019522746593
-15.0766897523879,0.163561590144454
-15.0513038651839,0.16679802227403
-15.02591797798,0.169900560880701
-15.000532090776,0.172865474853101
-14.9751462035721,0.175689266130508
-14.9497603163681,0.17836866999649
-14.9243744291641,0.180900654525138
-14.8989885419602,0.183282419231324
-14.8736026547562,0.185511392980415
-14.8482167675522,0.187585231216278
-14.8228308803483,0.189501812569282
-14.7974449931443,0.191259234908324
-14.7720591059404,0.192855810902607
-14.7466732187364,0.194290063160086
-14.7212873315324,0.195560719010033
-14.6959014443285,0.196666704997179
-14.6705155571245,0.197607141154337
-14.6451296699205,0.198381335119277
-14.6197437827166,0.198988776159984
-14.5943578955126,0.199429129170297
-14.5689720083086,0.199702228695291
-14.5435861211047,0.199808073042703
-14.5182002339007,0.199746818533254
-14.4928143466968,0.199518773938831
-14.4674284594928,0.19912439515339
-14.4420425722888,0.198564280136933
-14.4166566850849,0.197839164168259
-14.3912707978809,0.196949915437294
-14.3658849106769,0.195897531002783
-14.340499023473,0.194683133135988
-14.315113136269,0.19330796606589
-14.2897272490651,0.191773393136183
-14.2643413618611,0.190080894379239
-14.2389554746571,0.188232064507155
-14.2135695874532,0.186228611315084
-14.1881837002492,0.184072354487302
-14.1627978130452,0.181765224791913
-14.1374119258413,0.179309263645805
-14.1120260386373,0.176706623027429
-14.0866401514334,0.173959565711271
-14.0612542642294,0.171070465794464
-14.0358683770254,0.168041809482955
-14.0104824898215,0.16487619610196
-13.9850966026175,0.16157633929313
-13.9597107154135,0.158145068358936
-13.9343248282096,0.154585329713263
-13.9089389410056,0.150900188396085
-13.8835530538017,0.147092829609353
-13.8581671665977,0.143166560230904
-13.8327812793937,0.139124810263223
-13.8073953921898,0.134971134174328
-13.7820095049858,0.130709212088803
-13.7566236177818,0.126342850788096
-13.7312377305779,0.121875984480681
-13.7058518433739,0.117312675304329
-13.6804659561699,0.112657113524804
-13.655080068966,0.107913617397518
-13.629694181762,0.103086632661144
-13.6043082945581,0.098180731634877
-13.5789224073541,0.0932006118938718
-13.5535365201501,0.088151094500358
-13.5281506329462,0.0830371217710444
-13.5027647457422,0.0778637545646085
-13.4773788585382,0.0726361690763136
-13.4519929713343,0.0673596531300869
-13.4266070841303,0.0620396019616766
-13.4012211969264,0.0566815134897999
-13.3758353097224,0.0512909830754296
-13.3504494225184,0.0458736977725594
-13.3250635353145,0.0404354300769026
-13.2996776481105,0.0349820311819916
-13.2742917609065,0.0295194237550547
-13.2489058737026,0.0240535942478298
-13.2235199864986,0.0185905847601115
-13.1981340992947,0.0131364844763281
-13.1727482120907,0.00769742069777141
-13.1473623248867,0.00227954949527688
-13.1219764376828,-0.00311095399086231
-13.0965905504788,-0.00846790557514509
-13.0712046632748,-0.0137851223450377
-13.0458187760709,-0.0190564332413933
-13.0204328888669,-0.0242756898681599
-12.995047001663,-0.029436777497348
-12.969661114459,-0.0345336262343223
-12.944275227255,-0.0395602223077681
-12.9188893400511,-0.0445106194481416
-12.8935034528471,-0.0493789503180393
-12.8681175656431,-0.0541594379577303
-12.8427316784392,-0.05884640720905
-12.8173457912352,-0.0634342960809848
-12.7919599040313,-0.0679176670205415
-12.7665740168273,-0.0722912180529226
-12.7411881296233,-0.0765497937555803
-12.7158022424194,-0.0806883960314172
-12.6904163552154,-0.0847021946472139
-12.6650304680114,-0.0885865375042958
-12.6396445808075,-0.0923369606095008
-12.6142586936035,-0.0959491977156485
-12.5888728063995,-0.0994191896019592
-12.5634869191956,-0.1027430929662
-12.5381010319916,-0.105917288901747
-12.5127151447877,-0.108938390934232
-12.4873292575837,-0.111803252593996
-12.4619433703797,-0.114508974502185
-12.4365574831758,-0.11705291094995
-12.4111715959718,-0.119432675951961
-12.3857857087678,-0.12164614875712
-12.3603998215639,-0.123691478801172
-12.3350139343599,-0.125567090087637
-12.309628047156,-0.12727168498533
-12.284242159952,-0.12880424743248
-12.258856272748,-0.130164045539271
-12.2334703855441,-0.131350633582411
-12.2080844983401,-0.132363853387078
-12.1826986111361,-0.133203835093331
-12.1573127239322,-0.133870997305781
-12.1319268367282,-0.134366046626964
-12.1065409495243,-0.134689976576501
-12.0811550623203,-0.134844065899666
-12.0557691751163,-0.134829876270515
-12.0303832879124,-0.134649249396175
-12.0049974007084,-0.13430430353027
-11.9796115135044,-0.133797429404774
-11.9542256263005,-0.133131285590848
-11.9288397390965,-0.132308793300347
-11.9034538518926,-0.131333130640812
-11.8780679646886,-0.130207726337748
-11.8526820774846,-0.128936252938936
-11.8272961902807,-0.127522619516386
-11.8019103030767,-0.125970963882302
-11.7765244158727,-0.124285644336145
-11.7511385286688,-0.122471230960502
-11.7257526414648,-0.120532496484023
-11.7003667542608,-0.118474406730182
-11.6749808670569,-0.116302110671044
-11.6495949798529,-0.114020930105579
-11.624209092649,-0.111636348982379
-11.598823205445,-0.109154002386911
-11.573437318241,-0.106579665213643
-11.5480514310371,-0.103919240543576
-11.5226655438331,-0.101178747747866
-11.4972796566291,-0.0983643103383744
-11.4718937694252,-0.0954821435860593
-11.4465078822212,-0.0925385419282802
-11.4211219950173,-0.0895398661861473
-11.3957361078133,-0.0864925306131801
-11.3703502206093,-0.0834029897966433
-11.3449643334054,-0.0802777254330593
-11.3195784462014,-0.0771232329995432
-11.2941925589974,-0.0739460083427756
-11.2688066717935,-0.0707525342076298
-11.2434207845895,-0.0675492667276899
-11.2180348973856,-0.0643426219001638
-11.1926490101816,-0.0611389620679819
-11.1672631229776,-0.0579445824322046
-11.1418772357737,-0.0547656976182185
-11.1164913485697,-0.0516084283196016
-11.0911054613657,-0.0484787880439593
-11.0657195741618,-0.0453826699854873
-11.0403336869578,-0.0423258340494974
-11.0149477997539,-0.0393138940546387
-10.9895619125499,-0.0363523051390556
-10.9641760253459,-0.0334463513972474
-10.938790138142,-0.0306011337749084
-10.913404250938,-0.0278215582495426
-10.888018363734,-0.0251123243251406
-10.8626324765301,-0.0224779138696772
-10.8372465893261,-0.0199225803246243
-10.8118607021221,-0.017450338316064
-10.7864748149182,-0.0150649536973262
-10.7610889277142,-0.0127699340533412
-10.7357030405103,-0.010568519697101
-10.7103171533063,-0.00846367518872472
-10.6849312661023,-0.00645808140764702
-10.6595453788984,-0.00455412820834296
-10.6341594916944,-0.00275390768980701
-10.6087736044904,-0.00105920810865791
-10.5833877172865,0.000528491534721238
-10.5580018300825,0.00200802620821383
-10.5326159428786,0.00337854883013775
-10.5072300556746,0.00463953349443705
-10.4818441684706,0.00579077791286369
-10.4564582812667,0.00683240504936507
-10.4310723940627,0.00776486392331191
-10.4056865068587,0.00858892955979446
-10.3803006196548,0.00930570206698275
-10.3549147324508,0.00991660482249008
-10.3295288452469,0.0104233817527977
-10.3041429580429,0.0108280936920867
-10.2787570708389,0.0111331138092851
-10.253371183635,0.0113411220947602
-10.227985296431,0.0114550989008665
-10.202599409227,0.0114783175334954
-10.1772135220231,0.0114143358948464
-10.1518276348191,0.011266987180848
-10.1264417476151,0.011040369639991
-10.1010558604112,0.0107388354037739
-10.0756699732072,0.0103669784025049
-10.0502840860033,0.0099296213838258
-10.0248981987993,0.00943180205501732
-9.99951231159533,0.00887875837389217
-9.97412642439137,0.00827591301686487
-9.94874053718741,0.0076288570565935
-9.92335464998344,0.00694333288539265
-9.89796876277948,0.00622521642440938
-9.87258287557552,0.00548049866230717
-9.84719698837156,0.00471526657091001
-9.82181110116759,0.00393568344888138
-9.79642521396363,0.00314796874805771
-9.77103932675967,0.00235837744047094
-9.7456534395557,0.00157317898739914
-9.72026755235174,0.000798635974914169
-9.69488166514778,4.09824833759384e-05
-9.66949577794382,-0.000693597738903231
-9.64410989073985,-0.00139899322502452
-9.61872400353589,-0.00206918678675407
-9.59333811633193,-0.00269827748241743
-9.56795222912796,-0.00328050247635378
-9.542566341924,-0.00381025870928748
-9.51718045472004,-0.00428212429771134
-9.49179456751608,-0.0046908795794195
-9.46640868031211,-0.00503152772169523
-9.44102279310815,-0.00529931480836559
-9.41563690590419,-0.00548974932198708
-9.39025101870022,-0.0055986209378387
-9.36486513149626,-0.0056220185471805
-9.3394792442923,-0.00555634742839229
-9.31409335708834,-0.00539834548614985
-9.28870746988437,-0.00514509848072243
-9.26332158268041,-0.00479405417179923
-9.23793569547645,-0.00434303530396406
-9.21254980827248,-0.0037902513640472
-9.18716392106852,-0.00313430904408065
-9.16177803386456,-0.00237422134747213
-9.1363921466606,-0.0015094152802773
-9.11100625945663,-0.000539738074096158
-9.08562037225267,0.000534538107879973
-9.06023448504871,0.00171271302478525
-9.03484859784474,0.0029936568093839
-9.00946271064078,0.00437581004817384
-8.98407682343682,0.0058571855153911
-8.95869093623286,0.00743537157942307
-8.93330504902889,0.00910753729329813
-8.90791916182493,0.0108704391738438
-8.88253327462097,0.0127204296668319
-8.857147387417,0.0146534672879917
-8.83176150021304,0.0166651284221866
-8.80637561300908,0.0187506207553779
-8.78098972580512,0.0209047983062491
-8.75560383860115,0.0231221780165947
-8.73021795139719,0.0253969578518243
-8.70483206419323,0.0277230363552263
-8.67944617698926,0.0300940335920387
-8.6540602897853,0.0325033134119105
-8.62867440258134,0.0349440069510657
-8.60328851537738,0.0374090372884433
-8.57790262817341,0.0398911451633189
-8.55251674096945,0.0423829156554765
-8.52713085376549,0.0448768057229253
-8.50174496656152,0.0473651724864924
-8.47635907935756,0.0498403021454187
-8.4509731921536,0.0522944394033686
-8.42558730494964,0.0547198172800954
-8.40020141774567,0.0571086871803931
-8.37481553054171,0.059453349088979
-8.34942964333775,0.0617461817575901
-8.32404375613378,0.0639796727488952
-8.29865786892982,0.0661464482008323
-8.27327198172586,0.068239302174706
-8.2478860945219,0.0702512254508384
-8.22250020731793,0.0721754336367729
-8.19711432011397,0.074005394454988
-8.17172843291001,0.0757348540797981
-8.14634254570604,0.0773578623965919
-8.12095665850208,0.0788687970607835
-8.09557077129812,0.0802623862388144
-8.07018488409416,0.0815337299192242
-8.04479899689019,0.0826783196881947
-8.01941310968623,0.0836920568710147
-7.99402722248227,0.0845712689486075
-7.9686413352783,0.0853127241665419
-7.94325544807434,0.0859136442627958
-7.91786956087038,0.0863717152498805
-7.89248367366642,0.0866850961967472
-7.86709778646245,0.0868524259660908
-7.84171189925849,0.0868728278732098
-7.81632601205453,0.0867459122433986
-7.79094012485056,0.0864717768558677
-7.7655542376466,0.0860510052733555
-7.74016835044264,0.0854846630678265
-7.71478246323868,0.0847742919638804
-7.68939657603471,0.0839219019326506
-7.66401068883075,0.0829299612799757
-7.63862480162679,0.0818013847834091
-7.61323891442282,0.0805395199431183
-7.58785302721886,0.0791481314218493
-7.5624671400149,0.0776313837588197
-7.53708125281094,0.0759938224515922
-7.51169536560697,0.0742403535086066
-7.48630947840301,0.0723762215830532
-7.46092359119905,0.0704069868060984
-7.43553770399508,0.0683385004440744
-7.41015181679112,0.0661768795100719
-7.38476592958716,0.063928480465397
-7.3593800423832,0.06159987215052
-7.33399415517923,0.0591978080884492
-7.30860826797527,0.0567291983058636
-7.28322238077131,0.0542010808188394
-7.25783649356734,0.0516205929305849
-7.23245060636338,0.0489949424882623
-7.20706471915942,0.0463313792447293
-7.18167883195545,0.0436371664688854
-7.15629294475149,0.0409195529452873
-7.13090705754753,0.0381857454998148
-7.10552117034357,0.0354428821834739
-7.0801352831396,0.0326980062409415
-7.05474939593564,0.0299580409842332
-7.02936350873168,0.0272297656849708
-7.00397762152772,0.024519792591175
-6.97859173432375,0.021834545166395
-6.95320584711979,0.0191802376403427
-6.92781995991583,0.016562855951122
-6.90243407271186,0.0139881401496773
-6.8770481855079,0.0114615683273158
-6.85166229830394,0.00898834211714941
-6.82627641109998,0.00657337381013651
-6.80089052389601,0.00422127511614334
-6.77550463669205,0.00193634759018006
-6.75011874948809,-0.000277425266249111
-6.72473286228412,-0.00241638422881827
-6.69934697508016,-0.0044771989090901
-6.6739610878762,-0.00645687066789163
-6.64857520067224,-0.00835273391225803
-6.62318931346827,-0.0101624558137322
-6.59780342626431,-0.0118840344942456
-6.57241753906035,-0.0135157957337341
-6.54703165185638,-0.0150563882610307
-6.52164576465242,-0.0165047776963662
-6.49625987744846,-0.0178602392199733
-6.4708739902445,-0.0191223490467937
-6.44548810304053,-0.020290974792105
-6.42010221583657,-0.0213662648169979
-6.39471632863261,-0.02234863664603
-6.36933044142864,-0.023238764552048
-6.34394455422468,-0.0240375664051117
-6.31855866702072,-0.0247461898836728
-6.29317277981676,-0.0253659981466556
-6.26778689261279,-0.0258985550648991
-6.24240100540883,-0.0263456101095383
-6.21701511820487,-0.0267090829933768
-6.1916292310009,-0.026991048159156
-6.16624334379694,-0.0271937192058808
-6.14085745659298,-0.0273194333410827
-6.11547156938902,-0.0273706359431001
-6.09008568218505,-0.0273498653132028
-6.06469979498109,-0.0272597376927135
-6.03931390777713,-0.027102932615247
-6.01392802057316,-0.0268821786588368
-5.9885421333692,-0.0266002396571119
-5.96315624616524,-0.026259901422873
-5.93777035896127,-0.0258639590314503
-5.91238447175731,-0.0254152047051603
-5.88699858455335,-0.0249164163340681
-5.86161269734939,-0.0243703466621595
-5.83622681014542,-0.0237797131619757
-5.81084092294146,-0.0231471886148246
-5.7854550357375,-0.0224753924078894
-5.76006914853353,-0.0217668825539553
-5.73468326132957,-0.0210241484341185
-5.70929737412561,-0.0202496042587415
-5.68391148692165,-0.0194455832371412
-5.65852559971768,-0.018614332442038
-5.63313971251372,-0.0177580083507074
-5.60775382530976,-0.0168786730410622
-5.58236793810579,-0.0159782910175893
-5.55698205090183,-0.0150587266391623
-5.53159616369787,-0.0141217421182809
-5.50621027649391,-0.0131689960592362
-5.48082438928994,-0.0122020425010818
-5.45543850208598,-0.0112223304300892
-5.43005261488202,-0.0102312037255868
-5.40466672767805,-0.00922990150270088
-5.37928084047409,-0.00821955881553045
-5.35389495327013,-0.00720120768466927
-5.32850906606617,-0.0061757784137214
-5.3031231788622,-0.00514410116051514
-5.27773729165824,-0.00410690773007674
-5.25235140445428,-0.00306483355805207
-5.22696551725031,-0.00201841985513171
-5.20157963004635,-0.00096811588510351
-5.17619374284239,8.57186485897429e-05
-5.15080785563843,0.00114281113053694
-5.12542196843446,0.00220297349553644
-5.1000360812305,0.00326609964296653
-5.07465019402654,0.00433216281844604
-5.04926430682257,0.00540121297529588
-5.02387841961861,0.00647337412574215
-4.99849253241465,0.0075488416893063
-4.97310664521069,0.00862787984341508
-4.94772075800672,0.00971081887897598
-4.92233487080276,0.0107980525615224
-4.8969489835988,0.0118900354965546
-4.87156309639483,0.0129872804959211
-4.84617720919087,0.0140903559405023
-4.82079132198691,0.0151998831331003
-4.79540543478295,0.0163165336343153
-4.77001954757898,0.0174410265732976
-4.74463366037502,0.0185741259246273
-4.71924777317106,0.0197166377421779
-4.69386188596709,0.0208694073406729
-4.66847599876313,0.022033316415731
-4.64309011155917,0.0232092800935305
-4.61770422435521,0.0243982439017573
-4.59231833715124,0.0256011806542724
-4.56693244994728,0.0268190872428691
-4.54154656274332,0.0280529813306295
-4.51616067553935,0.0293038979426568
-4.49077478833539,0.0305728859513853
-4.46538890113143,0.0318610044551829
-4.44000301392747,0.033169319050577
-4.4146171267235,0.0344988980000997
-4.38923123951954,0.0358508082994545
-4.36384535231558,0.0372261116494181
-4.33845946511161,0.0386258603395869
-4.31307357790765,0.0400510930527341
-4.28768769070369,0.0415028306001294
-4.26230180349973,0.0429820715996755
-4.23691591629576,0.0444897881101055
-4.2115300290918,0.0460269212357449
-4.18614414188784,0.0475943767174552
-4.16075825468387,0.0491930205263305
-4.13537236747991,0.0508236744774863
-4.10998648027595,0.0524871118818808
-4.08460059307199,0.054184053254495
-4.05921470586802,0.0559151620974038
-4.03382881866406,0.0576810407762702
-4.0084429314601,0.0594822265085912
-3.98305704425613,0.0613191874816344
-3.95767115705217,0.0631923191174248
-3.93228526984821,0.065101940501376
-3.90689938264425,0.0670482909902408
-3.88151349544028,0.0690315270139707
-3.85612760823632,0.071051719084866
-3.83074172103236,0.0731088490260603
-3.80535583382839,0.0752028074299542
-3.77996994662443,0.0773333913557075
-3.75458405942047,0.0795003022733307
-3.72919817221651,0.0817031442603267
-3.70381228501254,0.0839414224552235
-3.67842639780858,0.0862145417707497
-3.65304051060462,0.0885218058678453
-3.62765462340065,0.0908624163902027
-3.60226873619669,0.0932354724576104
-3.57688284899273,0.0956399704150459
-3.55149696178877,0.098074803833256
-3.5261110745848,0.10053876375548
-3.50072518738084,0.103030539184038
-3.47533930017688,0.105548717799712
-3.44995341297291,0.108091786906248
-3.42456752576895,0.110658134591823
-3.39918163856499,0.11324605109907
-3.37379575136103,0.115853730395119
-3.34840986415706,0.118479271933166
-3.3230239769531,0.121120682597312
-3.29763808974914,0.123775878822774
-3.27225220254517,0.126442688884054
-3.24686631534121,0.129118855344338
-3.22148042813725,0.131802037660081
-3.19609454093329,0.134489814935617
-3.17070865372932,0.137179688823519
-3.14532276652536,0.139869086567404
-3.1199368793214,0.14255536418485
-3.09455099211743,0.145235809789113
-3.06916510491347,0.147907647049276
-3.04377921770951,0.150568038789408
-3.01839333050554,0.153214090728181
-2.99300744330158,0.155842855361156
-2.96762155609762,0.158451335988619
-2.94223566889366,0.161036490892392
-2.91684978168969,0.16359523766542
-2.89146389448573,0.166124457698162
-2.86607800728177,0.168621000825854
-2.8406921200778,0.171081690140566
-2.81530623287384,0.173503326971645
-2.78992034566988,0.175882696037554
-2.76453445846592,0.17821657077141
-2.73914857126195,0.180501718821531
-2.71376268405799,0.182734907727171
-2.68837679685403,0.18491291076827
-2.66299090965007,0.187032512986517
-2.6376050224461,0.189090517373356
-2.61221913524214,0.191083751218691
-2.58683324803818,0.193009072612134
-2.56144736083421,0.194863377086521
-2.53606147363025,0.196643604391315
-2.51067558642629,0.198346745381287
-2.48528969922233,0.199969849003661
-2.45990381201836,0.201510029364671
-2.4345179248144,0.202964472854327
-2.40913203761044,0.204330445306028
-2.38374615040647,0.205605299165681
-2.35836026320251,0.206786480643075
-2.33297437599855,0.207871536816529
-2.30758848879458,0.208858122660288
-2.28220260159062,0.209744007962807
-2.25681671438666,0.210527084102958
-2.2314308271827,0.211205370650368
-2.20604493997873,0.211777021755504
-2.18065905277477,0.21224033229489
-2.15527316557081,0.21259374373684
-2.12988727836685,0.212835849693467
-2.10450139116288,0.212965401125371
-2.07911550395892,0.212981311166443
-2.05372961675496,0.212882659537489
-2.02834372955099,0.212668696519028
-2.00295784234703,0.212338846455565
-1.97757195514307,0.211892710765806
-1.95218606793911,0.211330070435843
-1.92680018073514,0.210650887975027
-1.90141429353118,0.209855308817255
-1.87602840632722,0.208943662153546
-1.85064251912325,0.207916461185157
-1.82525663191929,0.206774402789951
-1.79987074471533,0.205518366598336
-1.77448485751136,0.204149413478763
-1.7490989703074,0.202668783436467
-1.72371308310344,0.201077892932834
-1.69832719589948,0.199378331636458
-1.67294130869551,0.197571858620514
-1.64755542149155,0.19566039802458
-1.62216953428759,0.193646034202363
-1.59678364708362,0.19153100637994
-1.57139775987966,0.189317702852076
-1.5460118726757,0.187008654746895
-1.52062598547174,0.184606529391623
-1.49524009826777,0.182114123314278
-1.46985421106381,0.179534354918038
-1.44446832385985,0.176870256866542
-1.41908243665588,0.174124968219576
-1.39369654945192,0.17130172635943
-1.36831066224796,0.168403858748718
-1.342924775044,0.165434774560586
-1.31753888784003,0.162397956222027
-1.29215300063607,0.159296950910474
-1.26676711343211,0.156135362042958
-1.24138122622814,0.152916840795911
-1.21599533902418,0.149645077692188
-1.19060945182022,0.146323794290123
-1.16522356461626,0.142956735007349
-1.13983767741229,0.139547659109889
-1.11445179020833,0.136100332894509
-1.08906590300437,0.132618522089723
-1.0636800158004,0.129105984498009
-1.03829412859644,0.125566462898956
-1.01290824139248,0.122003678230059
-0.987522354188516,0.118421323058918
-0.962136466984553,0.11482305535758
-0.93675057978059,0.111212492586795
-0.911364692576627,0.107593206095082
-0.885978805372664,0.103968715834666
-0.860592918168702,0.100342485393703
-0.835207030964739,0.0967179173416837
-0.809821143760776,0.0930983488825676
-0.784435256556813,0.089487047808083
-0.75904936935285,0.0858872087417345
-0.733663482148887,0.0823019496623952
-0.708277594944924,0.0787343086949814
-0.682891707740962,0.0751872411545781
-0.657505820536999,0.0716636168295484
-0.632119933333036,0.0681662174885948
-0.606734046129073,0.0646977345964638
-0.58134815892511,0.061260767222988
-0.555962271721147,0.0578578201304291
-0.530576384517184,0.0544913020246222
-0.505190497313222,0.0511635239562011
-0.479804610109259,0.0478766978591946
-0.454418722905296,0.0446329352155076
-0.429032835701333,0.0414342458352066
-0.40364694849737,0.0382825367441045
-0.378261061293407,0.0351796111718422
-0.352875174089444,0.0321271676354825
-0.327489286885481,0.029126799115518
-0.302103399681519,0.0261799923231346
-0.276717512477556,0.0232881270595152
-0.251331625273593,0.0204524756699069
-0.22594573806963,0.0176742025970479
-0.200559850865667,0.0149543640403535
-0.175173963661704,0.0122939077289484
-0.149788076457741,0.00969367281817799
-0.124402189253779,0.00715438992061108
-0.0990163020498157,0.00467668128373562
-0.0736304148458528,0.00226106112751948
-0.04824452764189,-9.20638442555959e-05
-0.0228586404379271,-0.00238239374449168
0.00252724676603577,-0.00460973460049151
0.0279131339699986,-0.00677399723433982
0.0532990211739615,-0.00887519591173356
0.0786849083779244,-0.0109134467456745
0.104070795581887,-0.0128889658423488
0.12945668278585,-0.0148020671777157
0.154842569989813,-0.0166531601947939
0.180228457193776,-0.0184427471133665
0.205614344397739,-0.0201714199458041
0.231000231601702,-0.0218398572149107
0.256386118805664,-0.0234488203721122
0.281772006009627,-0.0249991499169022
0.30715789321359,-0.0264917612212085
0.332543780417553,-0.0279276400652193
0.357929667621516,-0.0293078378941745
0.383315554825479,-0.0306334668086517
0.408701442029442,-0.0319056943039248
0.434087329233404,-0.0331257377770112
0.459473216437367,-0.0342948588230052
0.48485910364133,-0.0354143573451998
0.510244990845293,-0.0364855655062698
0.535630878049256,-0.0375098415504134
0.561016765253219,-0.0384885635287667
0.586402652457182,-0.0394231229626062
0.611788539661145,-0.0403149184807935
0.637174426865107,-0.0411653494695643
0.66256031406907,-0.0419758097741068
0.687946201273033,-0.0427476814923717
0.713332088476996,-0.0434823289022037
0.738717975680959,-0.0441810925631548
0.764103862884922,-0.0448452836342261
0.789489750088885,-0.0454761784482768
0.814875637292848,-0.0460750133829308
0.84026152449681,-0.0466429800665064
0.865647411700773,-0.0471812209557927
0.891033298904736,-0.0476908253204056
0.916419186108699,-0.0481728256659942
0.941805073312662,-0.0486281946257476
0.967190960516625,-0.0490578423464894
0.992576847720587,-0.0494626143921769
1.01796273492455,-0.0498432901838606
1.04334862212851,-0.0502005819911501
1.06873450933248,-0.0505351344859949
1.09412039653644,-0.0508475248651758
1.1195062837404,-0.0511382635433386
1.14489217094436,-0.0514077954137433
1.17027805814833,-0.0516565016691733
1.19566394535229,-0.0518847021707129
1.22104983255625,-0.0520926583473898
1.24643571976022,-0.0522805766050386
1.27182160696418,-0.0524486122182237
1.29720749416814,-0.0525968736746968
1.3225933813721,-0.05272542743771
1.34797926857607,-0.0528343030875921
1.37336515578003,-0.0529234988003712
1.39875104298399,-0.0529929871179146
1.42413693018796,-0.05304272096111
1.44952281739192,-0.0530726398350383
1.47490870459588,-0.0530826761729374
1.50029459179984,-0.0530727617640373
1.52568047900381,-0.05304283420908
1.55106636620777,-0.0529928433465518
1.57645225341173,-0.0529227575923439
1.6018381406157,-0.0528325701357397
1.62722402781966,-0.0527223049353023
1.65260991502362,-0.0525920224593985
1.67799580222758,-0.0524418251177452
1.70338168943155,-0.0522718623324846
1.72876757663551,-0.0520823351998734
1.75415346383947,-0.0518735006966863
1.77953935104344,-0.0516456753888691
1.8049252382474,-0.0513992386037891
1.83031112545136,-0.0511346350316125
1.85569701265533,-0.0508523767258296
1.88108289985929,-0.0505530444777357
1.90646878706325,-0.0502372885447044
1.93185467426721,-0.0499058287173199
1.95724056147118,-0.0495594537158347
1.98262644867514,-0.0491990199119234
2.0080123358791,-0.0488254493772877
2.03339822308307,-0.0484397272662669
2.05878411028703,-0.048042898545189
2.08416999749099,-0.0476360640867053
2.10955588469495,-0.0472203761527425
2.13494177189892,-0.0467970332949366
2.16032765910288,-0.0463672747064389
2.18571354630684,-0.0459323740637569
2.21109943351081,-0.0454936329017899
2.23648532071477,-0.0450523735693759
2.26187120791873,-0.04460993181648
2.28725709512269,-0.0441676490675636
2.31264298232666,-0.0437268644386711
2.33802886953062,-0.0432889065583223
2.36341475673458,-0.0428550852543825
2.38880064393854,-0.0424266831706844
2.41418653114251,-0.0420049473782822
2.43957241834647,-0.0415910810468171
2.46495830555043,-0.0411862352415601
2.4903441927544,-0.0407915009112754
2.51573007995836,-0.0404079011311104
2.54111596716232,-0.0400363836632823
2.56650185436628,-0.0396778138964004
2.59188774157025,-0.0393329682218566
2.61727362877421,-0.0390025279028496
2.64265951597817,-0.038687073488305
2.66804540318214,-0.038387079820242
2.6934312903861,-0.0381029116790343
2.71881717759006,-0.0378348201065697
2.74420306479402,-0.037582939442543
2.76958895199799,-0.0373472851040721
2.79497483920195,-0.0371277521335357
2.82036072640591,-0.0369241145340428
2.84574661360988,-0.0367360254062903
2.87113250081384,-0.0365630178947995
2.8965183880178,-0.0364045069456774
2.92190427522176,-0.0362597918721805
2.94729016242573,-0.036128059718502
2.97267604962969,-0.0360083894064022
2.99806193683365,-0.035899756643614
3.02344782403762,-0.0358010395673977
3.04883371124158,-0.035711025091259
3.07421959844554,-0.0356284159177047
3.09960548564951,-0.0355518381750353
3.12499137285347,-0.0354798496315978
3.15037726005743,-0.0354109484366785
3.17576314726139,-0.0353435823333386
3.20114903446536,-0.035276158285003
3.22653492166932,-0.0352070524545453
3.25192080887328,-0.0351346204719739
3.27730669607725,-0.0350572079246483
3.30269258328121,-0.0349731610022458
3.32807847048517,-0.0348808372274743
3.35346435768913,-0.0347786162027885
3.3788502448931,-0.0346649103031268
3.40423613209706,-0.0345381752449303
3.42962201930102,-0.0343969204624515
3.45500790650499,-0.0342397192235748
3.48039379370895,-0.0340652184190683
3.50577968091291,-0.0338721479613332
3.53116556811687,-0.0336593297313077
3.55655145532084,-0.0334256860151887
3.5819373425248,-0.0331702473760402
3.60732322972876,-0.0328921599091225
3.63270911693273,-0.0325906918338977
3.65809500413669,-0.0322652393800708
3.68348089134065,-0.0319153319297373
3.70886677854461,-0.0315406363826249
3.73425266574858,-0.0311409607165677
3.75963855295254,-0.0307162567206434
3.7850244401565,-0.0302666218838412
3.81041032736047,-0.0297923004276392
3.83579621456443,-0.0292936834764425
3.86118210176839,-0.0287713083654004
3.88656798897235,-0.0282258570906754
3.91195387617632,-0.0276581539127064
3.93733976338028,-0.0270691621283828
3.96272565058424,-0.0264599800332797
3.98811153778821,-0.0258318361001505
4.01349742499217,-0.0251860834047262
4.03888331219613,-0.0245241933344653
4.0642691994001,-0.0238477486202385
4.08965508660406,-0.0231584357349666
4.11504097380802,-0.022458036706946
4.14042686101198,-0.0217484203989706
4.16581274821595,-0.0210315333073721
4.19119863541991,-0.0203093899377302
4.21658452262387,-0.0195840628162546
4.24197040982783,-0.0188576721976709
4.2673562970318,-0.0181323755318825
4.29274218423576,-0.0174103567526906
4.31812807143972,-0.016693815452455
4.34351395864369,-0.0159849560067627
4.36889984584765,-0.0152859767129406
4.39428573305161,-0.0145990590056125
4.41967162025558,-0.0139263568114708
4.44505750745954,-0.013269986104008
4.4704433946635,-0.012632014717165
4.49582928186746,-0.0120144524747007
4.52121516907143,-0.0114192416895968
4.54660105627539,-0.010848248085002
4.57198694347935,-0.0103032521851064
4.59737283068331,-0.00978594122095462
4.62275871788728,-0.0092979015925609
4.64814460509124,-0.00884061192482581
4.6735304922952,-0.00841543675068344
4.69891637949917,-0.00802362085066636
4.72430226670313,-0.00766628427368595
4.74968815390709,-0.00734441805931723
4.77507404111105,-0.00705888067728665
4.80045992831502,-0.00681039519519575
4.82584581551898,-0.00659954718083773
4.85123170272294,-0.00642678334076426
4.87661758992691,-0.00629241089210581
4.90200347713087,-0.00619659766003539
4.92738936433483,-0.00613937288874934
4.9527752515388,-0.00612062874941764
4.97816113874276,-0.00614012252429027
5.00354702594672,-0.00619747944202798
5.02893291315068,-0.00629219613540841
5.05431880035465,-0.00642364468884387
5.07970468755861,-0.00659107723967658
5.10509057476257,-0.00679363109399505
5.13047646196653,-0.0070303343147767
5.1558623491705,-0.00730011173751282
5.18124823637446,-0.00760179136613932
5.20663412357842,-0.00793411110008904
5.23202001078239,-0.00829572574161364
5.25740589798635,-0.00868521423121075
5.28279178519031,-0.00910108705803609
5.30817767239428,-0.00954179379159812
5.33356355959824,-0.0100057306808205
5.3589494468022,-0.0104912482667244
5.38433533400616,-0.010996658955525
5.40972122121013,-0.0115202444998566
5.43510710841409,-0.0120602633371271
5.46049299561805,-0.0126149577356585
5.48587888282201,-0.0131825607012784
5.51126477002598,-0.0137613025993734
5.53665065722994,-0.0143494174501033
5.5620365444339,-0.0149451488574567
5.58742243163787,-0.0155467555361184
5.61280831884183,-0.0161525164036701
5.63819420604579,-0.0167607352094461
5.66358009324976,-0.0173697446753889
5.68896598045372,-0.017977910128461
5.71435186765768,-0.0185836326085455
5.73973775486164,-0.0191853514402754
5.76512364206561,-0.0197815462618356
5.79050952926957,-0.0203707385084436
5.81589541647353,-0.0209514923529167
5.84128130367749,-0.0215224151104091
5.86666719088146,-0.0220821571190463
5.89205307808542,-0.0226294111127372
5.91743896528938,-0.0231629111068787
5.94282485249335,-0.0236814308219451
5.96821073969731,-0.024183781674041
5.99359662690127,-0.0246688103653518
6.01898251410523,-0.0251353961110238
6.0443684013092,-0.025582447542307
6.06975428851316,-0.0260088993287773
6.09514017571712,-0.0264137085650821
6.12052606292109,-0.0267958509699127
6.14591195012505,-0.0271543169467621
6.17129783732901,-0.0274881075574739
6.19668372453298,-0.0277962304605991
6.22206961173694,-0.0280776958671455
6.2474554989409,-0.0283315125664284
6.27284138614486,-0.0285566840743901
6.29822727334883,-0.0287522049559667
6.32361316055279,-0.0289170573718382
6.34899904775675,-0.0290502078982091
6.37438493496071,-0.0291506046661499
6.39977082216468,-0.0292171748644922
6.42515670936864,-0.0292488226473396
6.4505425965726,-0.0292444274839524
6.47592848377657,-0.0292028429851094
6.50131437098053,-0.0291228962360813
6.52670025818449,-0.0290033876621027
6.55208614538846,-0.0288430914477246
6.57747203259242,-0.0286407565267208
6.60285791979638,-0.0283951081543468
6.62824380700034,-0.0281048500687389
6.65362969420431,-0.0277686672431539
6.67901558140827,-0.0273852292256163
6.70440146861223,-0.0269531940574165
6.72978735581619,-0.0264712127568201
6.75517324302016,-0.0259379343493665
6.78055913022412,-0.0253520114212778
6.80594501742808,-0.0247121061678276
6.83133090463205,-0.0240168969040588
6.85671679183601,-0.023265085001033
6.88210267903997,-0.02245540220688
6.90748856624394,-0.0215866183083199
6.9328744534479,-0.0206575490850895
6.95826034065186,-0.0196670645068342
6.98364622785582,-0.0186140971195629
7.00903211505979,-0.0174976505667105
7.03441800226375,-0.0163168081882362
7.05980388946771,-0.0150707416400078
7.08518977667168,-0.0137587194749962
7.11057566387564,-0.0123801156275251
7.1359615510796,-0.0109344177419931
7.16134743828356,-0.00942123528809996
7.18673332548753,-0.00784030740565019
7.21211921269149,-0.00619151042347525
7.23750509989545,-0.00447486499887942
7.26289098709942,-0.00269054282625851
7.28827687430338,-0.000838872866145205
7.31366276150734,0.00107965295113365
7.33904864871131,0.0030643745897674
7.36443453591527,0.00511445937981536
7.38982042311923,0.00722889813093565
7.41520631032319,0.00940650191987317
7.44059219752716,0.0116458995789772
7.46597808473112,0.0139455359087661
7.49136397193508,0.0163036706332106
7.51674985913904,0.0187183781119988
7.54213574634301,0.0211875478196032
7.56752163354697,0.0237088855965473
7.59290752075093,0.0262799156738714
7.6182934079549,0.0288979834674827
7.64367929515886,0.0315602591348558
7.66906518236282,0.0342637418824574
7.69445106956678,0.0370052650083414
7.71983695677075,0.0397815016605953
7.74522284397471,0.0425889712887698
7.77060873117867,0.0454240467620745
7.79599461838264,0.0482829621250209
7.8213805055866,0.0511618209583254
7.84676639279056,0.0540566053102803
7.87215227999452,0.0569631851614545
7.89753816719849,0.0598773283835076
7.92292405440245,0.0627947111510958
7.94830994160641,0.0657109287643103
7.97369582881038,0.0686215068378177
7.99908171601434,0.0715219128118731
8.0244676032183,0.0744075677396195
8.04985349042227,0.0772738583045992
8.07523937762623,0.0801161490221381
8.10062526483019,0.0829297945782407
8.12601115203415,0.0857101522598208
8.15139703923812,0.0884525944304938
8.17678292644208,0.0911525210067403
8.20216881364604,0.0938053718900237
8.22755470085,0.0964066393113748
8.25294058805397,0.0989518800460437
8.27832647525793,0.101436727457041
8.30371236246189,0.103856903327737
8.32909824966586,0.106208229445156
8.35448413686982,0.10848663889714
8.37987002407378,0.11068818704823
8.40525591127774,0.112809062160814
8.43064179848171,0.114845595629881
8.45602768568567,0.116794271801581
8.48141357288963,0.118651737347656
8.5067994600936,0.120414810169763
8.53218534729756,0.122080487809655
8.55757123450152,0.123645955343189
8.58295712170549,0.125108592738121
8.60834300890945,0.12646598165769
8.63372889611341,0.127715911694017
8.65911478331737,0.128856386017381
8.68450067052134,0.129885626429471
8.7098865577253,0.130802077810782
8.73527244492926,0.131604411954301
8.76065833213323,0.132291530779711
8.78604421933719,0.132862568924322
8.81143010654115,0.13331689570893
8.83681599374511,0.133654116478829
8.86220188094908,0.133874073322081
8.88758776815304,0.133976845169176
8.912973655357,0.133962747280017
8.93835954256097,0.133832330126103
8.96374542976493,0.133586377677565
8.98913131696889,0.133225905106508
9.01451720417285,0.132752155919828
9.03990309137682,0.132166598536341
9.06528897858078,0.131470922324683
9.09067486578474,0.130667033119956
9.1160607529887,0.129757048238555
9.14144664019267,0.128743291012009
9.16683252739663,0.12762828486192
9.19221841460059,0.126414746939297
9.21760430180456,0.125105581352653
9.24299018900852,0.123703872010217
9.26837607621248,0.12221287510247
9.29376196341644,0.120636011251942
9.31914785062041,0.118976857357835
9.34453373782437,0.117239138163525
9.36991962502833,0.115426717575318
9.3953055122323,0.1135435897611
9.42069139943626,0.111593870057545
9.44607728664022,0.109581785714547
9.47146317384419,0.107511666505299
9.49684906104815,0.10538793523015
9.52223494825211,0.103215098141899
9.54762083545607,0.1009977353196
9.57300672266004,0.0987404910172437
9.598392609864,0.0964480640128786
9.62377849706796,0.0941251979827614
9.64916438427193,0.091776671924145
9.67455027147589,0.0894072906491547
9.69993615867985,0.0870218753710212
9.72532204588381,0.0846252544026656
9.75070793308778,0.0822222539863061
9.77609382029174,0.0798176892713876
9.8014797074957,0.0774163554567373
9.82686559469967,0.0750230191114333
9.85225148190363,0.0726424096874516
9.87763736910759,0.0702792112357501
9.90302325631155,0.067938054336062
9.92840914351552,0.0656235082493253
9.95379503071948,0.0633400733003751
9.97918091792344,0.0610921734972958
10.0045668051274,0.0588841493926694
10.0299526923314,0.0567202511908813
10.0553385795353,0.0546046321046731
10.0807244667393,0.0525413419632524
10.1061103539433,0.0505343210735153
10.1314962411472,0.0485873943352874
10.1568821283512,0.0467042656109776
10.1822680155551,0.0448885123496363
10.2076539027591,0.0431435804651495
10.2330397899631,0.0414727794681579
10.258425677167,0.039879277851276
10.283811564371,0.0383660987272946
10.309197451575,0.0369361157202742
10.3345833387789,0.0355920491097685
10.3599692259829,0.0343364622288542
10.3853551131868,0.0331717581171623
10.4107410003908,0.0321001764307146
10.4361268875948,0.0311237906110329
10.4615127747987,0.0302445053167075
10.4868986620027,0.0294640541213661
10.5122845492067,0.0287839974827555
10.5376704364106,0.0282057209884205
10.5630563236146,0.0277304338842195
10.5884422108186,0.0273591678926367
10.6138280980225,0.0270927763285127
10.6392139852265,0.0269319335204086
10.6645998724304,0.0268771345463136
10.6899857596344,0.0269286952927983
10.7153716468384,0.0270867528469699
10.7407575340423,0.0273512662307083
10.7661434212463,0.0277220174866083
10.7915293084503,0.0281986131248454
10.8169151956542,0.0287804859397683
10.8423010828582,0.0294668972044286
10.8676869700621,0.0302569392504456
10.8930728572661,0.0311495384395939
10.9184587444701,0.0321434585322634
10.943844631674,0.0332373044564973
10.969230518878,0.0344295264796527
10.994616406082,0.0357184247828516
11.0200022932859,0.0371021544363208
11.0453881804899,0.0385787307714469
11.0707740676938,0.0401460351429294
11.0961599548978,0.0418018210718012
11.1215458421018,0.0435437207573342
11.1469317293057,0.045369251942966
11.1723176165097,0.0472758251184126
11.1977035037137,0.0492607510370794
11.2230893909176,0.051321248524798
11.2484752781216,0.0534544525528117
11.2738611653255,0.0556574225448584
11.2992470525295,0.0579271508851759
11.3246329397335,0.0602605715913277
11.3500188269374,0.0626545691129523
11.3754047141414,0.0651059872149017
11.4007906013454,0.0676116379008179
11.4261764885493,0.0701683103310032
11.4515623757533,0.0727727796865419
11.4769482629573,0.0754218159300318
11.5023341501612,0.0781121924120417
11.5277200373652,0.0808406942715426
11.5531059245691,0.0836041265780982
11.5784918117731,0.0863993221635757
11.6038776989771,0.0892231490915588
11.629263586181,0.0920725177135575
11.654649473385,0.094944387262489
11.680035360589,0.0978357719358022
11.7054212477929,0.100743746423009
11.7308071349969,0.103665450835282
11.7561930222008,0.106598094998188
11.7815789094048,0.109538962072495
11.8069647966088,0.112485411472372
11.8323506838127,0.1154348810551
11.8577365710167,0.118384888561661
11.8831224582207,0.121333032293184
11.9085083454246,0.12427699101423
11.9338942326286,0.127214523080193
11.9592801198325,0.130143464792613
11.9846660070365,0.133061727993031
12.0100518942405,0.135967296912875
12.0354377814444,0.138858224303905
12.0608236686484,0.141732626880806
12.0862095558524,0.144588680114478
12.1115954430563,0.147424612421516
12.1369813302603,0.150238698802067
12.1623672174642,0.15302925398475
12.1877531046682,0.155794625143457
12.2131389918722,0.158533184256659
12.2385248790761,0.161243320185141
12.2639107662801,0.163923430548886
12.2892966534841,0.166571913488058
12.314682540688,0.169187159396582
12.340068427892,0.171767542719726
12.365454315096,0.174311413909183
12.3908402022999,0.176817091630501
12.4162260895039,0.179282855318242
12.4416119767078,0.181706938173859
12.4669978639118,0.18408752070009
12.4923837511158,0.186422724863531
12.5177696383197,0.188710608974036
12.5431555255237,0.190949163365673
12.5685414127277,0.193136306959164
12.5939272999316,0.195269884780067
12.6193131871356,0.19734766650046
12.6446990743395,0.199367346064593
12.6700849615435,0.201326542450911
12.6954708487475,0.203222801614121
12.7208567359514,0.205053599641589
12.7462426231554,0.206816347148436
12.7716285103594,0.208508394925256
12.7970143975633,0.210127040841591
12.8224002847673,0.211669537997145
12.8477861719712,0.213133104101408
12.8731720591752,0.214514932050867
12.8985579463792,0.215812201661553
12.9239438335831,0.217022092503252
12.9493297207871,0.218141797770545
12.9747156079911,0.219168539114942
13.000101495195,0.220099582351885
13.025487382399,0.220932253946412
13.0508732696029,0.221663958171905
13.0762591568069,0.222292194827623
13.1016450440109,0.222814577392867
13.1270309312148,0.223228851488557
13.1524168184188,0.223532913510942
13.1778027056228,0.223724829297066
13.2031885928267,0.223802852677663
13.2285744800307,0.22376544377024
13.2539603672347,0.223611286863441
13.2793462544386,0.223339307743279
13.3047321416426,0.222948690312547
13.3301180288465,0.222438892356664
13.3555039160505,0.22180966031241
13.3808898032545,0.221061042900402
13.4062756904584,0.220193403487761
13.4316615776624,0.219207431054172
13.4570474648664,0.218104149642422
13.4824333520703,0.216884926183441
13.5078192392743,0.215551476595783
13.5332051264782,0.214105870070378
13.5585910136822,0.212550531463036
13.5839769008862,0.210888241729676
13.6093627880901,0.209122136352329
13.6347486752941,0.207255701717625
13.6601345624981,0.205292769423566
13.685520449702,0.203237508504822
13.710906336906,0.201094415581419
13.7362922241099,0.198868302950434
13.7616781113139,0.196564284655024
13.7870639985179,0.194187760579716
13.8124498857218,0.191744398635183
13.8378357729258,0.189240115109726
13.8632216601298,0.186681053278117
13.8886075473337,0.184073560371404
13.9139934345377,0.181424163023411
13.9393793217417,0.178739541321167
13.9647652089456,0.176026501596962
13.9901510961496,0.173291948109379
14.0155369833535,0.1705428537692
14.0409228705575,0.167786230073538
14.0663087577615,0.165029096417907
14.0916946449654,0.16227844896108
14.1170805321694,0.159541229221471
14.1424664193733,0.1568242925865
14.1678523065773,0.154134376917756
14.1932381937813,0.151478071434945
14.2186240809852,0.14886178606047
14.2440099681892,0.146291721404154
14.2693958553932,0.143773839563992
14.2947817425971,0.141313835914103
14.3201676298011,0.138917112045107
14.3455535170051,0.136588750015207
14.370939404209,0.134333488062198
14.396325291413,0.132155697917705
14.4217111786169,0.130059363855061
14.4470970658209,0.128048063591609
14.4724829530249,0.126124951154827
14.4978688402288,0.124292741809685
14.5232547274328,0.122553699132105
14.5486406146368,0.120909624300415
14.5740265018407,0.119361847663386
14.5994123890447,0.117911222629849
14.6247982762486,0.116558121911213
14.6501841634526,0.115302436134394
14.6755700506566,0.114143574828995
14.7009559378605,0.113080469778944
14.7263418250645,0.112111580715476
14.7517277122685,0.111234903315284
14.7771135994724,0.110447979455015
14.8024994866764,0.109747909661121
14.8278853738804,0.109131367682434
14.8532712610843,0.108594617101823
14.8786571482883,0.108133529892951
14.9040430354922,0.107743606818501
14.9294289226962,0.107419999557444
14.9548148099002,0.107157534440832
14.9802006971041,0.106950737668458
15.0055865843081,0.106793861872405
15.030972471512,0.106680913888064
15.056358358716,0.10660568358873
15.08174424592,0.106561773636263
15.1071301331239,0.106542629997625
15.1325160203279,0.106541573075326
15.1579019075319,0.106551829298914
15.1832877947358,0.10656656302465
15.2086736819398,0.106578908591325
15.2340595691438,0.106582002381836
15.2594454563477,0.106569014742583
15.2848313435517,0.106533181615918
15.3102172307556,0.106467835744794
15.3356031179596,0.106366437313285
15.3609890051636,0.106222603891825
15.3863748923675,0.106030139561726
15.4117607795715,0.105783063099772
15.4371466667755,0.105475635110369
15.4625325539794,0.105102383999798
15.4879184411834,0.10465813069457
15.5133043283873,0.104138012013575
15.5386902155913,0.103537502611667
15.5640761027953,0.102852435420484
15.5894619899992,0.102079020520499
15.6148478772032,0.101213862386695
15.6402337644072,0.100253975458549
15.6656196516111,0.0991967979933759
15.6910055388151,0.0980402041703484
15.7163914260191,0.0967825144206233
15.741777313223,0.0954225039670497
15.767163200427,0.0939594095647134
15.7925490876309,0.0923929344411762
15.8179349748349,0.0907232514425963
15.8433208620389,0.0889510043989759
15.8687067492428,0.0870773077285242
15.8940926364468,0.0851037443075488
15.9194785236508,0.0830323616383633
15.9448644108547,0.0808656663534108
15.9702502980587,0.0786066170991519
15.9956361852626,0.0762586158482224
16.0210220724666,0.0738254976929446
16.0464079596706,0.0713115191774624
16.0717938468745,0.068721345229561
16.0971797340785,0.0660600347566468
16.1225656212825,0.0633330249733756
16.1479515084864,0.0605461145310707
16.1733373956904,0.0577054455213447
16.1987232828943,0.0548174844282532
16.2241091700983,0.0518890021048801
16.2494950573023,0.0489270528514876
16.2748809445062,0.0459389526732792
16.3002668317102,0.0429322567964294
16.3256527189142,0.0399147365213605
16.3510386061181,0.036894355492292
16.3764244933221,0.0338792454618804
16.401810380526,0.0308776816293325
16.42719626773,0.0278980576297018
16.452582154934,0.0249488602512256
16.4779680421379,0.0220386439565057
16.5033539293419,0.0191760052821226
16.5287398165459,0.0163695571899159
16.5541257037498,0.0136279034416588
16.5795115909538,0.0109596130672482
16.6048974781578,0.00837319499481525
16.6302833653617,0.00587707290935609
16.6556692525657,0.00347956040461178
16.6810551397696,0.00118883649098527
16.7064410269736,-0.000987078479701711
16.7318269141776,-0.00304034641383136
16.7572128013815,-0.00496333454326964
16.7825986885855,-0.00674863790564903
16.8079845757895,-0.00838910118509165
16.8333704629934,-0.00987783986289821
16.8587563501974,-0.011208260629826
16.8841422374013,-0.0123740810136662
16.9095281246053,-0.0133693481779188
16.9349140118093,-0.0141884568494371
16.9601969012356,-0.0148645841558206
16.9855228172929,-0.0154315565042355
17.0108489160193,-0.0158849324053237
17.0361749627201,-0.0162206912651751
17.0615007224134,-0.0164352465318878
17.0868259596858,-0.0165254576601478
17.1121504385483,-0.0164886409752336
17.1374739222908,-0.0163225794108293
17.1627961733355,-0.0160255310971147
17.1881169530889,-0.0155962367777292
17.2134360217917,-0.0150339260363626
17.2387531383677,-0.0143383223159178
17.2640680602699,-0.0135096467154378
17.2893805433243,-0.0125486205522856
17.3146903415716,-0.0114564666794298
17.3399972071051,-0.010234909550119
17.3653008899068,-0.0088861740247389
17.3906011376787,-0.00741298291724481
17.4158976956714,-0.00581855328124233
17.4411903065086,-0.00410659143857463
17.4664787100066,-0.00228128675615166
17.4917626429905,-0.000347304179746013
17.5170418391041,0.0016902244634334
17.5423160286155,0.00382571037838438
17.5675849382169,0.00605311891386074
17.5928482908179,0.00836598185012148
17.618105805333,0.0107574108376669
17.643357196462,0.0132201119581608
17.6686021744631,0.01574640137506
17.6938404449188,0.0183282220377248
17.7190717084925,0.0209571613989693
17.7442956606777,0.0236244701021595
17.769511991537,0.0263210815900691
17.7947203854316,0.0290376325838115
17.8199205207405,0.0317644843762593
17.8451120695686,0.0344917448805131
17.8702946974426,0.0372092913701603
17.8954680629951,0.0399067938443367
17.9206318176351,0.042573738946981
17.9457856052043,0.0451994543661801
17.9709290616191,0.0477731336361828
17.9960618144959,0.0502838612615215
18.0211834827607,0.0527206380797899
18.0462936762393,0.055072406776965
18.0713919952304,0.0573280774668164
18.096478030057,0.0594765532438943
18.1215513605972,0.0615067556179093
18.1466115557919,0.0634076497359978
18.1716581731283,0.0651682692984645
18.196690758098,0.0667777410731228
18.221708843627,0.0682253089133273
18.2467119494767,0.0695003571852566
18.2716995816145,0.0705924335109584
18.2966712315494,0.0714912707351227
18.3216263756346,0.0721868080255345
18.3465644743299,0.0726692110196731
18.3714849714255,0.0729288909329542
18.396387293222,0.0729565225476936
18.421270847664,0.0727430610059618
18.4461350234253,0.0722797573341085
18.4709791889407,0.0715581726318537
18.4958026913812,0.0705701908644164
18.5206048555697,0.0693080302022136
18.5453849828307,0.0677642528591117
18.5701423497709,0.0659317733870828
18.5948762069856,0.0638038653923193
18.6195857776837,0.0613741666453722
18.6442702562277,0.0586366825656543
18.66892880658,0.0555857880686308
18.6935605606497,0.0522162277721377
18.7181646165316,0.0485231145665074
18.7427400366288,0.0445019265614148
18.7672858456509,0.0401485024306001
18.7918010284759,0.0354590351837254
18.8162845278663,0.0304300644026027
18.8407352420268,0.0250584669867495
18.8651520219912,0.0193414464606656
18.8895336688226,0.0132765209023027
18.9138789306135,0.00686150955883647
18.938186499266,9.45182220215002e-05
18.9624550070354,-0.00702607655897782
18.986683022815,-0.0145016443443782
19.0108690481398,-0.0223333186629074
19.0350115128835,-0.0305220157723352
19.0591087706212,-0.0390684542275178
19.0831590936276,-0.047973175159907
19.1071606674755,-0.05723656317108
19.1311115851984,-0.0668588677422859
19.1550098409751,-0.0768402250622224
19.1788533232903,-0.0871806801763207
19.2026398075203,-0.0978802093626285
19.2263669478873,-0.108938742641997
19.2500322687187,-0.120356186333585
19.2736331549426,-0.132132445570682
19.29716684174,-0.144267446696405
19.3206304032687,-0.156761159463883
19.3440207403598,-0.169613618970958
19.367334567081,-0.18282494726506
19.3905683960438,-0.196395374559585
19.4137185223215,-0.210325260008591
19.4367810058258,-0.224615111991674
19.459751651973,-0.239265607865135
19.4826259904525,-0.254277613138704
19.505399251884,-0.269652200038556
19.5280663421279,-0.285390665416712
19.5506218139838,-0.301494547963341
19.5730598359812,-0.317965644671265
19.5953741579307,-0.33480602649001
19.6175580728686,-0.352018053088828
19.6396043749815,-0.369604386622817
19.6615053130575,-0.387568004361546
19.6832525389569,-0.405912209993494
19.7048370505482,-0.424640643359108
19.7262491285,-0.443757288287344
19.7474782662676,-0.463266478110986
19.7685130925641,-0.483172898310197
19.7893412855628,-0.503481585575976
19.8099494780488,-0.524197922388779
19.8303231527286,-0.545327625965116
19.8504465269335,-0.56687673012773
19.8703024260237,-0.588851558294228
19.889872144948,-0.611258685345346
19.9091352976589,-0.634104885619544
19.9280696544671,-0.657397063679759
19.9466509679956,-0.681142163811319
19.9648527892203,-0.705347053447165
19.9826462762399,-0.730018374904003
20,-0.75516235900212
