-20,-0.77770231471312
-19.9832057609962,-0.761253082383924
-19.9659586809396,-0.745323748594303
-19.9482886588442,-0.72990217320035
-19.9302233488847,-0.714975419180718
-19.91178830758,-0.700529908192952
-19.8930071415992,-0.686551547775511
-19.8739016525529,-0.673025834904818
-19.8544919762998,-0.659937940091261
-19.8347967151889,-0.647272775660371
-19.8148330623201,-0.63501505134919
-19.7946169173916,-0.623149319871891
-19.7741629940498,-0.611660014681957
-19.753484918896,-0.600531481783097
-19.732595322467,-0.589748007116036
-19.7115059226055,-0.579293840769641
-19.6902276006942,-0.569153219027953
-19.6687704712574,-0.559310385064303
-19.6471439454337,-0.549749608925044
-19.6253567888165,-0.540455207303794
-19.6034171741393,-0.531411563488407
-19.5813327292551,-0.522603147763554
-19.5591105808304,-0.514014538468629
-19.5367573941448,-0.505630443841167
-19.5142794093549,-0.497435724717753
-19.491682474551,-0.489415418115738
-19.4689720759071,-0.48155476167837
-19.4461533651968,-0.47383921893203
-19.4232311849236,-0.466254505275957
-19.4002100912879,-0.458786614601499
-19.3770943751953,-0.451421846418675
-19.353888081489,-0.444146833352212
-19.3305950265696,-0.436948568856802
-19.3072188145552,-0.429814434991614
-19.2837628521127,-0.422732230086947
-19.260230362084,-0.415690196130927
-19.2366243960156,-0.408677045701256
-19.2129478456912,-0.401681988265889
-19.1892034537555,-0.394694755677188
-19.1653938235107,-0.387705626686221
-19.1415214279584,-0.380705450307552
-19.1175886181516,-0.373685667869796
-19.0935976309182,-0.366638333593439
-19.0695505960088,-0.359556133544782
-19.0454495427169,-0.352432402823237
-19.0212964060177,-0.345261140848621
-18.997093032264,-0.338037024625291
-18.9728411844765,-0.330755419871003
-18.9485425472616,-0.323412389910096
-18.924198731386,-0.316004702242905
-18.8998112780369,-0.30852983271614
-18.8753816627919,-0.300985967232217
-18.850911299321,-0.293372000949105
-18.8264015428431,-0.285687534936038
-18.801853693354,-0.277932870264461
-18.7772689986447,-0.270108999527521
-18.7526486571253,-0.262217595795486
-18.7279938204686,-0.254260999028307
-18.7033055960883,-0.246242199980253
-18.6785850494618,-0.238164821644951
-18.6538332063109,-0.23003309830227
-18.6290510546486,-0.221851852241121
-18.6042395467042,-0.213626468244423
-18.579399600732,-0.205362865934146
-18.5545321027151,-0.19706747008534
-18.5296379079688,-0.188747179028489
-18.5047178426524,-0.180409331269162
-18.4797727051944,-0.172061670462932
-18.4548032676382,-0.16371230889169
-18.4298102769117,-0.155369689594838
-18.4047944560283,-0.147042547315437
-18.3797565052218,-0.138739868427038
-18.3546971030204,-0.130470850011815
-18.3296169072633,-0.122244858264536
-18.304516556065,-0.11407138640008
-18.2793966687277,-0.105960012244356
-18.2542578466087,-0.0979203556899103
-18.2291006739425,-0.0899620361979603
-18.2039257186224,-0.082094630528263
-18.1787335329431,-0.0743276308770523
-18.1535246543076,-0.0666704036012604
-18.128299605899,-0.0591321487044805
-18.1030588973212,-0.051721860256543
-18.0778030252093,-0.0444482879142961
-18.0525324738113,-0.0373198997061576
-18.027247715544,-0.0303448462373012
-18.0019492115231,-0.0235309264659833
-17.97663741207,-0.016885555194543
-17.9513127571971,-0.0104157324110235
-17.925975677071,-0.00412801460924992
-17.9006265924573,0.00197151179345574
-17.8752659151459,0.00787725483086816
-17.8498940483597,0.0135841390542886
-17.8245113871465,0.0190876252003279
-17.7991183187553,0.0243837273799189
-17.7737152229984,0.0294690277191355
-17.7483024725996,0.0343406883933872
-17.7228804335295,0.038996461007802
-17.6974494653286,0.0434346932880786
-17.6720099214193,0.0476543330577225
-17.6465621494065,0.05165492948935
-17.6211064913688,0.0554366316296009
-17.5956432841397,0.0590001842091033
-17.5701728595802,0.0623469207608427
-17.5446955448423,0.0654787540821348
-17.519211662626,0.0683981640871837
-17.4937215314275,0.071108183108822
-17.4682254657812,0.073612378719487
-17.4427237764956,0.0759148341526845
-17.4172167708823,0.0780201264171189
-17.3917047529805,0.0799333022062656
-17.3661880237753,0.0816598517163592
-17.3406668814118,0.0832056804955519
-17.3151416214049,0.0845770794562825
-17.2896125368445,0.085780693191656
-17.2640799185976,0.086823486744811
-17.2385440555066,0.0877127109877961
-17.2130052345847,0.0884558667733522
-17.1874637412088,0.0890606680291467
-17.1619198593094,0.0895350039694077
-17.1363738715592,0.0898869006034757
-17.1108260595592,0.0901244817245666
-17.0852767040238,0.0902559295649047
-17.0597260849645,0.0902894453053647
-17.0341744818722,0.0902332096288241
-17.0086319123139,0.090137572113387
-16.9830893427556,0.0900527950236983
-16.9575467731973,0.0899867907297368
-16.932004203639,0.0899473106126986
-16.9064616340807,0.0899419086751734
-16.8809190645225,0.0899779063079268
-16.8553764949642,0.0900623583828394
-16.8298339254059,0.090202020834893
-16.8042913558476,0.0904033198885042
-16.7787487862893,0.0906723230750429
-16.753206216731,0.0910147121790417
-16.7276636471727,0.0914357582404807
-16.7021210776144,0.0919402987296411
-16.6765785080561,0.0925327169994304
-16.6510359384978,0.093216924107861
-16.6254933689396,0.0939963430905478
-16.5999507993813,0.0948738957498029
-16.574408229823,0.0958519920131535
-16.5488656602647,0.0969325219000495
-16.5233230907064,0.0981168501211752
-16.4977805211481,0.0994058133202626
-16.4722379515898,0.100799719953706
-16.4466953820315,0.102298352788665
-16.4211528124732,0.103900973985841
-16.3956102429149,0.105606332718783
-16.3700676733566,0.107412675267539
-16.3445251037984,0.109317757510782
-16.3189825342401,0.111318859727326
-16.2934399646818,0.113412803605248
-16.2678973951235,0.115595971344802
-16.2423548255652,0.117864326729936
-16.2168122560069,0.12021343803266
-16.1912696864486,0.12263850260479
-16.1657271168903,0.125134373002778
-16.140184547332,0.127695584483516
-16.1146419777737,0.130316383702165
-16.0890994082154,0.132990758437329
-16.0635568386571,0.135712468164269
-16.0380142690989,0.138475075293322
-16.0124716995406,0.141271976888367
-15.9869291299823,0.144096436679022
-15.961386560424,0.146941617180232
-15.9358439908657,0.149800611734122
-15.9103014213074,0.152666476291354
-15.8847588517491,0.155532260752677
-15.8592162821908,0.158391039696057
-15.8336737126325,0.161235942320411
-15.8081311430742,0.164060181443788
-15.782588573516,0.166857081401545
-15.7570460039577,0.169620104698795
-15.7315034343994,0.172342877280958
-15.7059608648411,0.175019212296629
-15.6804182952828,0.177643132238104
-15.6548757257245,0.180208889356669
-15.6293331561662,0.18271098426211
-15.6037905866079,0.185144182628748
-15.5782480170496,0.187503529943508
-15.5527054474913,0.189784364245101
-15.527162877933,0.191982326817111
-15.5016203083748,0.194093370811665
-15.4760777388165,0.19611376779421
-15.4505351692582,0.198040112213755
-15.4249925996999,0.199869323816522
-15.3994500301416,0.201598648034333
-15.3739074605833,0.203225654392043
-15.348364891025,0.204748232990893
-15.3228223214667,0.206164589136655
-15.2972797519084,0.207473236192877
-15.2717371823501,0.208672986750224
-15.2461946127918,0.209762942212893
-15.2206520432336,0.210742480912203
-15.1951094736753,0.211611244865724
-15.169566904117,0.212369125307598
-15.1440243345587,0.213016247122097
-15.1184817650004,0.213552952317705
-15.0929391954421,0.213979782683372
-15.0673966258838,0.214297461771705
-15.0418540563255,0.214506876356047
-15.0163114867672,0.214609057509389
-14.9907689172089,0.214605161453005
-14.9652263476506,0.214496450321591
-14.9396837780924,0.214284272989474
-14.9141412085341,0.213970046099252
-14.8885986389758,0.213555235430001
-14.8630560694175,0.213041337737049
-14.8375134998592,0.212429863189196
-14.8119709303009,0.211722318522404
-14.7864283607426,0.210920191021237
-14.7608857911843,0.21002493343094
-14.735343221626,0.209037949894005
-14.7098006520677,0.207960582995434
-14.6842580825094,0.20679410199085
-14.6587155129512,0.205539692281113
-14.6331729433929,0.204198446186316
-14.6076303738346,0.20277135506107
-14.5820878042763,0.201259302781859
-14.556545234718,0.199663060626124
-14.5310026651597,0.197983283551687
-14.5054600956014,0.196220507874195
-14.4799175260431,0.194375150329647
-14.4543749564848,0.192447508498713
-14.4288323869265,0.19043776255966
-14.4032898173682,0.188345978327295
-14.37774724781,0.186172111526464
-14.3522046782517,0.183916013240463
-14.3266621086934,0.181577436467141
-14.3011195391351,0.179156043708741
-14.2755769695768,0.176651415515491
-14.2500344000185,0.174063059897813
-14.2244918304602,0.171390422517672
-14.1989492609019,0.168632897566175
-14.1734066913436,0.165789839231945
-14.1478641217853,0.162860573663124
-14.122321552227,0.159844411325082
-14.0967789826688,0.156740659655967
-14.0712364131105,0.153548635923135
-14.0456938435522,0.150267680185235
-14.0201512739939,0.146897168267206
-13.9946087044356,0.143436524658647
-13.9690661348773,0.139885235249903
-13.943523565319,0.136242859824696
-13.9179809957607,0.132509044233143
-13.8924384262024,0.128683532174525
-13.8668958566441,0.124766176525026
-13.8413532870858,0.120756950151927
-13.8158107175276,0.116655956162151
-13.7902681479693,0.112463437539701
-13.764725578411,0.108179786133248
-13.7391830088527,0.103805550961795
-13.7136404392944,0.0993414458130281
-13.6880978697361,0.094788356115414
-13.6625553001778,0.0901473450714032
-13.6370127306195,0.0854196590450715
-13.6114701610612,0.0806067322031832
-13.5859275915029,0.0757101904139005
-13.5603850219447,0.0707318544121647
-13.5348424523864,0.065673742245078
-13.5092998828281,0.0605380710144002
-13.4837573132698,0.0553272579365148
-13.4582147437115,0.0500439207428762
-13.4326721741532,0.0446908774460562
-13.4071296045949,0.0392711454980092
-13.3815870350366,0.0337879403681254
-13.3560444654783,0.0282446735690302
-13.33050189592,0.0226449501579352
-13.3049593263617,0.0169925657407039
-13.2794167568035,0.0112915030046783
-13.2538741872452,0.00554592780477138
-13.2283316176869,-0.000239815174582089
-13.2027890481286,-0.00606120716125102
-13.1772464785703,-0.0119135604231545
-13.151703909012,-0.01779202376676
-13.1261613394537,-0.0236915883940125
-13.1006187698954,-0.0296070941082828
-13.0750762003371,-0.0355332358628439
-13.0495336307788,-0.0414645706482569
-13.0239910612205,-0.04739552471779
-12.9984484916623,-0.0533204011525673
-12.972905922104,-0.0592333877704701
-12.9473633525457,-0.0651285653848558
-12.9218207829874,-0.0709999164208517
-12.8962782134291,-0.0768413338982968
-12.8707356438708,-0.082646630791286
-12.8451930743125,-0.0884095497747104
-12.8196505047542,-0.0941237733681295
-12.7941079351959,-0.0997829344867781
-12.7685653656376,-0.105380627408443
-12.7430227960793,-0.1109104191634
-12.7174802265211,-0.116365861352513
-12.6919376569628,-0.121740502396069
-12.6663950874045,-0.12702790021286
-12.6408525178462,-0.132221635325595
-12.6153099482879,-0.1373153243848
-12.5897673787296,-0.142302634099163
-12.5642248091713,-0.147177295555687
-12.538682239613,-0.151933118908192
-12.5131396700547,-0.156564008407652
-12.4875971004964,-0.161063977742676
-12.4620545309381,-0.165427165653126
-12.4365119613799,-0.169647851774586
-12.4109693918216,-0.173720472666113
-12.3854268222633,-0.177639637968554
-12.359884252705,-0.181400146635737
-12.3343416831467,-0.184997003176134
-12.3087991135884,-0.188425433838138
-12.2832565440301,-0.19168090266808
-12.2577139744718,-0.194759127366489
-12.2321714049135,-0.197656094864937
-12.2066288353552,-0.200368076543236
-12.1810862657969,-0.202891643004706
-12.1555436962387,-0.205223678325808
-12.1300011266804,-0.207361393695703
-12.1044585571221,-0.209302340361134
-12.0789159875638,-0.211044421792667
-12.0533734180055,-0.212585904989579
-12.0278308484472,-0.213925430842672
-12.0022882788889,-0.21506202347698
-11.9767457093306,-0.215995098499696
-11.9512031397723,-0.216724470082696
-11.925660570214,-0.21725035681372
-11.9001180006558,-0.217573386255558
-11.8745754310975,-0.2176945981585
-11.8490328615392,-0.217615446277679
-11.8234902919809,-0.217337798753889
-11.7979477224226,-0.216863937023745
-11.7724051528643,-0.216196553232819
-11.746862583306,-0.215338746133389
-11.7213200137477,-0.214294015456743
-11.6957774441894,-0.213066254758475
-11.6702348746311,-0.211659742743807
-11.6446923050728,-0.210079133088644
-11.6191497355146,-0.208329442780756
-11.5936071659563,-0.206416039014014
-11.568064596398,-0.204344624677114
-11.5425220268397,-0.202121222486415
-11.5169794572814,-0.199752157820512
-11.4914368877231,-0.197244040321797
-11.4658943181648,-0.194603744337536
-11.4403517486065,-0.191838388279788
-11.4148091790482,-0.188955312989878
-11.3892666094899,-0.18596205919889
-11.3637240399316,-0.182866344180962
-11.3381814703734,-0.179676037700737
-11.3126389008151,-0.176399137360401
-11.2870963312568,-0.173043743455066
-11.2615537616985,-0.169618033447947
-11.2360111921402,-0.166130236178803
-11.2104686225819,-0.162588605920398
-11.1849260530236,-0.159001396398365
-11.1593834834653,-0.155376834889786
-11.133840913907,-0.151723096515009
-11.1082983443487,-0.148048278835833
-11.0827557747904,-0.144360376871045
-11.0572132052322,-0.14066725863764
-11.0316706356739,-0.13697664132266
-11.0061280661156,-0.133296068186739
-10.9805854965573,-0.129632886295959
-10.955042926999,-0.125994225173693
-10.9295003574407,-0.122386976458666
-10.9039577878824,-0.118817774649653
-10.8784152183241,-0.115292979010969
-10.8528726487658,-0.111818656706372
-10.8273300792075,-0.108400567222138
-10.8017875096492,-0.105044148132962
-10.776244940091,-0.101754502257071
-10.7507023705327,-0.0985363862394812
-10.7251598009744,-0.0953942005948247
-10.6996172314161,-0.0923319812335645
-10.6740746618578,-0.0893533924878596
-10.6485320922995,-0.0864617216457888
-10.6229895227412,-0.0836598749952007
-10.5974469531829,-0.0809503753711325
-10.5719043836246,-0.0783353611935992
-10.5463618140663,-0.075816586975615
-10.520819244508,-0.0733954252746243
-10.4952766749498,-0.0710728700541123
-10.4697341053915,-0.0688495414160697
-10.4441915358332,-0.0667256916592412
-10.4186489662749,-0.0647012126126982
-10.3931063967166,-0.0627756441892887
-10.3675638271583,-0.0609481840989352
-10.3420212576,-0.0592176986575985
-10.3164786880417,-0.0575827346240125
-10.2909361184834,-0.0560415319930423
-10.2653935489251,-0.0545920376717107
-10.2398509793668,-0.0532319199616148
-10.2143084098086,-0.0519585837695811
-10.1887658402503,-0.0507691864670133
-10.163223270692,-0.0496606543174427
-10.1376807011337,-0.0486296993913151
-10.1121381315754,-0.0476728368870047
-10.0865955620171,-0.0467864027774529
-10.0610529924588,-0.0459665717026355
-10.0355104229005,-0.0452093750292989
-10.0099678533422,-0.0445107190010059
-9.98442528378394,-0.043866402903509
-9.95888271422565,-0.0432721371727927
-9.93334014466736,-0.0427235613757609
-9.90779757510907,-0.0422162619964851
-9.88225500555078,-0.0417457899641415
-9.85671243599249,-0.0413076778622001
-9.83116986643419,-0.0408974567621162
-9.8056272968759,-0.0405106726286055
-9.78008472731761,-0.040142902247614
-9.75454215775932,-0.0397897686322175
-9.72899958820103,-0.0394469558659411
-9.70345701864274,-0.0391102233472814
-9.67791444908445,-0.0387754194035828
-9.65237187952616,-0.0384384942467659
-9.62682930996787,-0.0380955122477689
-9.60128674040958,-0.0377426635108538
-9.57574417085129,-0.0373762747331753
-9.550201601293,-0.0369928193391403
-9.52465903173471,-0.0365889268831126
-9.49911646217642,-0.0361613917178854
-9.47357389261813,-0.0357071809300647
-9.44803132305983,-0.0352234415470195
-9.42248875350154,-0.0347075070233888
-9.39694618394325,-0.0341569030182191
-9.37140361438496,-0.0335693524766848
-9.34586104482667,-0.0329427800329376
-9.32031847526838,-0.032275315752994
-9.29477590571009,-0.0315652982386396
-9.2692333361518,-0.0308112771151296
-9.24369076659351,-0.0300120149269746
-9.21814819703522,-0.0291664884673315
-9.19260562747693,-0.0282738895674475
-9.16706305791863,-0.0273336253732553
-9.14152048836034,-0.0263453181365804
-9.11597791880205,-0.0253088045484943
-9.09043534924376,-0.0242241346421653
-9.06489277968547,-0.0230915702920889
-9.03935021012718,-0.0219115833358835
-9.01380764056889,-0.0206848533438753
-8.9882650710106,-0.0194122650605334
-8.96272250145231,-0.0180949055404281
-8.93717993189402,-0.0167340609998187
-8.91163736233573,-0.0153312134032394
-8.88609479277744,-0.0138880368025628
-8.86055222321914,-0.0124063934440136
-8.83500965366085,-0.010888329656494
-8.80946708410256,-0.00933607153239255
-8.78392451454427,-0.00775202040982079
-8.75838194498598,-0.00613874816295135
-8.73283937542769,-0.0044989923048868
-8.7072968058694,-0.00283565090525444
-8.68175423631111,-0.00115177732255876
-8.65621166675282,0.000549425250762139
-8.63066909719453,0.00226460943460738
-8.60512652763624,0.00399028950467348
-8.57958395807795,0.00572284744065522
-8.55404138851966,0.00745853918822073
-8.52849881896136,0.00919350114509425
-8.50295624940307,0.0109237568826331
-8.47741367984478,0.0126452241151094
-8.45187111028649,0.0143537219294569
-8.4263285407282,0.016044978288529
-8.40078597116991,0.0177146378208977
-8.37524340161162,0.0193582699099262
-8.34970083205333,0.02097137709423
-8.32415826249504,0.0225494037907275
-8.29861569293675,0.0240877453502571
-8.27307312337846,0.0255817574541962
-8.24753055382017,0.0270267658586996
-8.22198798426187,0.0284180764910306
-8.19644541470358,0.0297509859000704
-8.17090284514529,0.0310207920604065
-8.145360275587,0.0322228055264941
-8.11981770602871,0.0333523609302276
-8.09427513647042,0.0344048288119303
-8.06873256691213,0.0353756277712296
-8.04318999735384,0.036260236920634
-8.01764742779555,0.037054208620839
-7.99210485823726,0.0377531814729269
-7.96656228867897,0.0383528935387238
-7.94101971912068,0.0388491957566608
-7.91547714956239,0.0392380655166022
-7.88993458000409,0.0395156203532991
-7.8643920104458,0.0396781317144135
-7.83884944088751,0.0397220387555205
-7.81330687132922,0.039643962111126
-7.78776430177093,0.0394407175876101
-7.76222173221264,0.0391093297211446
-7.73667916265435,0.03864704514107
-7.71113659309606,0.0380513456770037
-7.68559402353777,0.0373199611460978
-7.66005145397948,0.0364508817554265
-7.63450888442119,0.0354423700534584
-7.6089663148629,0.0342929723640175
-7.58342374530461,0.0330015296360368
-7.55788117574631,0.0315671876428174
-7.53233860618802,0.0299894064654029
-7.50679603662973,0.028267969196097
-7.48125346707144,0.0264029898000737
-7.45571089751315,0.0243949200754748
-7.43016832795486,0.0222445556553272
-7.40462575839657,0.019953040998063
-7.37908318883828,0.0175218733173391
-7.35354061927999,0.0149529054062423
-7.3279980497217,0.0122483473157832
-7.30245548016341,0.00941076685280475
-7.27691291060512,0.0064430888680395
-7.25137034104682,0.00334859331097832
-7.22582777148853,0.000130912034454519
-7.20028520193024,-0.00320597566167131
-7.17474263237195,-0.00665774875164614
-7.14920006281366,-0.010219751466852
-7.12365749325537,-0.0138870015308473
-7.09811492369708,-0.0176541996295368
-7.07257235413879,-0.0215157400925884
-7.0470297845805,-0.0254657227552634
-7.02148721502221,-0.0294979659630036
-6.99594464546392,-0.0336060206744471
-6.97040207590563,-0.0377831856121045
-6.94485950634733,-0.0420225234037551
-6.91931693678904,-0.0463168776517708
-6.89377436723075,-0.0506588908621032
-6.86823179767246,-0.0550410231596002
-6.84268922811417,-0.0594555717117186
-6.81714665855588,-0.0638946907785843
-6.79160408899759,-0.0683504123037742
-6.7660615194393,-0.0728146669571632
-6.74051894988101,-0.0772793055387499
-6.71497638032272,-0.0817361206505218
-6.68943381076443,-0.086176868542214
-6.66389124120614,-0.0905932910362074
-6.63834867164785,-0.0949771374368603
-6.61280610208955,-0.0993201863302204
-6.58726353253126,-0.103614267181363
-6.56172096297297,-0.107851281638489
-6.53617839341468,-0.112023224455421
-6.51063582385639,-0.116122203947178
-6.4850932542981,-0.120140461896949
-6.45955068473981,-0.124070392836872
-6.43400811518152,-0.127904562629654
-6.40846554562323,-0.131635726283082
-6.38292297606494,-0.135256844934933
-6.35738040650665,-0.138761101951549
-6.33183783694836,-0.142141918089449
-6.30629526739007,-0.145392965675679
-6.28075269783177,-0.14850818176912
-6.25521012827348,-0.151481780271694
-6.22966755871519,-0.154308262965128
-6.2041249891569,-0.156982429455776
-6.17858241959861,-0.159499386016777
-6.15303985004032,-0.16185455332354
-6.12749728048203,-0.164043673085146
-6.10195471092374,-0.166062813580659
-6.07641214136545,-0.167908374115553
-6.05086957180716,-0.169577088419361
-6.02532700224887,-0.171066027011283
-5.99978443269058,-0.172372598565733
-5.97424186313228,-0.173494550314675
-5.94869929357399,-0.17442996752804
-5.9231567240157,-0.17517727211752
-5.89761415445741,-0.175735220412521
-5.87207158489912,-0.176102900160119
-5.84652901534083,-0.176279726803328
-5.82098644578254,-0.176265439093993
-5.79544387622425,-0.176060094098094
-5.76990130666596,-0.175664061652124
-5.74435873710767,-0.175078018329643
-5.71881616754938,-0.174302940976962
-5.69327359799109,-0.173340099876295
-5.6677310284328,-0.172191051593554
-5.6421884588745,-0.170857631566417
-5.61664588931621,-0.169341946486199
-5.59110331975792,-0.167646366524627
-5.56556075019963,-0.165773517453738
-5.54001818064134,-0.16372627270392
-5.51447561108305,-0.16150774540159
-5.48893304152476,-0.159121280424165
-5.46339047196647,-0.156570446505976
-5.43784790240818,-0.153859028424504
-5.41230533284989,-0.150991019291924
-5.3867627632916,-0.147970612972469
-5.36122019373331,-0.14480219664154
-5.33567762417502,-0.141490343497934
-5.31013505461672,-0.138039805636015
-5.28459248505843,-0.134455507080194
-5.25904991550014,-0.130742536979722
-5.23350734594185,-0.126906142957649
-5.20796477638356,-0.12295172460379
-5.18242220682527,-0.118884827097807
-5.15687963726698,-0.114711134945073
-5.13133706770869,-0.110436465804795
-5.1057944981504,-0.106066764387089
-5.08025192859211,-0.101608096393227
-5.05470935903382,-0.0970666424712283
-5.02916678947552,-0.0924486921573112
-5.00362421991723,-0.0877606377724959
-4.97808165035894,-0.0830089682428455
-4.95253908080065,-0.0782002628114928
-4.92699651124236,-0.0733411846106907
-4.90145394168407,-0.0684384740626602
-4.87591137212578,-0.0634989420789951
-4.85036880256749,-0.0585294630297854
-4.8248262330092,-0.05353696745545
-4.79928366345091,-0.0485284344964966
-4.77374109389262,-0.0435108840190186
-4.74819852433433,-0.0384913684167114
-4.72265595477604,-0.0334769640734565
-4.69711338521775,-0.0284747624741052
-4.67157081565945,-0.0234918609549255
-4.64602824610116,-0.0185353530892382
-4.62048567654287,-0.0136123187080008
-4.59494310698458,-0.0087298135594996
-4.56940053742629,-0.00389485861678054
-4.543857967868,0.000885570953986399
-4.51831539830971,0.00560455714647077
-4.49277282875142,0.0102552507661859
-4.46723025919313,0.0148308833548037
-4.44168768963484,0.0193247793556999
-4.41614512007655,0.0237303684854682
-4.39060255051826,0.0280411982721679
-4.36505998095996,0.0322509467173205
-4.33951741140167,0.0363534350352124
-4.31397484184338,0.040342640419911
-4.28843227228509,0.0442127087875873
-4.2628897027268,0.047957967439319
-4.23734713316851,0.0515729375874979
-4.21180456361022,0.0550523466873669
-4.18626199405193,0.058391140514031
-4.16071942449364,0.0615844949245707
-4.13517685493535,0.0646278272446313
-4.10963428537706,0.0675168072190795
-4.08409171581877,0.0702473674670036
-4.05854914626047,0.0728157133824961
-4.03300657670218,0.0752183324242799
-4.00746400714389,0.0774520027393123
-3.9819214375856,0.0795138010680204
-3.95637886802731,0.0814011098817558
-3.93083629846902,0.0831116237063872
-3.90529372891073,0.0846433545896673
-3.87975115935244,0.0859946366740511
-3.85420858979415,0.0871641298410224
-3.82866602023586,0.0881508223976238
-3.80312345067757,0.088954032780782
-3.77758088111928,0.0895734102601188
-3.75203831156099,0.0900089346252027
-3.72649574200269,0.0902609148485896
-3.7009531724444,0.0903299867214833
-3.67541060288611,0.0902171094643662
-3.64986803332782,0.0899235613204857
-3.62432546376953,0.0894509341455673
-3.59878289421124,0.0888011270125441
-3.57324032465295,0.0879763388553934
-3.54769775509466,0.0869790601813121
-3.52215518553637,0.0858120638854304
-3.49661261597808,0.0844783952069927
-3.47107004641979,0.0829813608704293
-3.4455274768615,0.0813245174589388
-3.4199849073032,0.0795116590721088
-3.39444233774491,0.0775468043226683
-3.36889976818662,0.0754341827306916
-3.34335719862833,0.0731782205764293
-3.31781462907004,0.0707835262754245
-3.29227205951175,0.0682548753416689
-3.26672948995346,0.0655971950062452
-3.24118692039517,0.0628155485602168
-3.21564435083688,0.0599151194914148
-3.19010178127859,0.0569011954852967
-3.1645592117203,0.0537791523601569
-3.13901664216201,0.050554438006715
-3.11347407260372,0.0472325564014691
-3.08793150304542,0.0438190517622096
-3.06238893348713,0.0403194929127547
-3.03684636392884,0.0367394579223007
-3.01130379437055,0.0330845190828171
-2.98576122481226,0.0293602282856455
-2.96021865525397,0.0255721028559415
-2.93467608569568,0.0217256119008218
-2.90913351613739,0.0178261632240698
-2.8835909465791,0.0138790908570671
-2.85804837702081,0.00988964325221642
-2.83250580746252,0.00586297218159766
-2.80696323790423,0.00180412237990998
-2.78142066834593,-0.00228197803303083
-2.75587809878764,-0.00639052631885775
-2.73033552922935,-0.0105168530488623
-2.70479295967106,-0.0146564291704349
-2.67925039011277,-0.0188048721923874
-2.65370782055448,-0.0229579514738709
-2.62816525099619,-0.0271115926056891
-2.6026226814379,-0.0312618808768737
-2.57708011187961,-0.0354050638234352
-2.55153754232132,-0.0395375528602248
-2.52599497276303,-0.0436559240008031
-2.50045240320474,-0.0477569176741327
-2.47490983364645,-0.051837437650766
-2.44936726408815,-0.0558945490949775
-2.42382469452986,-0.0599254757629929
-2.39828212497157,-0.0639275963710912
-2.37273955541328,-0.0678984401608737
-2.34719698585499,-0.0718356816924317
-2.3216544162967,-0.0757371348994695
-2.29611184673841,-0.0796007464436512
-2.27056927718012,-0.0834245884085523
-2.24502670762183,-0.0872068503765731
-2.21948413806354,-0.0909458309350283
-2.19394156850525,-0.0946399286603473
-2.16839899894696,-0.098287632631898
-2.14285642938867,-0.101887512529376
-2.11731385983037,-0.105438208369967
-2.09177129027208,-0.108938419943591
-2.06622872071379,-0.112386896006458
-2.0406861511555,-0.115782423294879
-2.01514358159721,-0.119123815422829
-1.98960101203892,-0.122409901728015
-1.96405844248063,-0.125639516132344
-1.93851587292234,-0.128811486083455
-1.91297330336405,-0.131924621644594
-1.88743073380576,-0.134977704800398
-1.86188816424747,-0.137969479046171
-1.83634559468918,-0.140898639327941
-1.81080302513088,-0.143763822399996
-1.78526045557259,-0.146563597665667
-1.7597178860143,-0.149296458565829
-1.73417531645601,-0.15196081457803
-1.70863274689772,-0.1545549838871
-1.68309017733943,-0.157077186785811
-1.65754760778114,-0.159525539861399
-1.63200503822285,-0.161898051020666
-1.60646246866456,-0.164192615402924
-1.58091989910627,-0.166407012226154
-1.55537732954798,-0.16853890260757
-1.52983475998969,-0.170585828395167
-1.5042921904314,-0.172545212041898
-1.4787496208731,-0.174414357548861
-1.45320705131481,-0.176190452498276
-1.42766448175652,-0.177870571191139
-1.40212191219823,-0.179451678898295
-1.37657934263994,-0.180930637227237
-1.35103677308165,-0.182304210600364
-1.32549420352336,-0.183569073833608
-1.29995163396507,-0.18472182079743
-1.27440906440678,-0.185758974135174
-1.24886649484849,-0.18667699600668
-1.2233239252902,-0.187472299818021
-1.19778135573191,-0.188141262891186
-1.17223878617361,-0.18868024002062
-1.14669621661532,-0.189085577856766
-1.12115364705703,-0.189353630050201
-1.09561107749874,-0.189480773083645
-1.07006850794045,-0.189463422713154
-1.04452593838216,-0.189298050934169
-1.01898336882387,-0.188981203382921
-0.993440799265579,-0.18850951707895
-0.967898229707288,-0.187879738410307
-0.942355660148997,-0.187088741259347
-0.916813090590707,-0.186133545164024
-0.891270521032416,-0.185011333407192
-0.865727951474125,-0.183719470924742
-0.840185381915834,-0.182255521922406
-0.814642812357543,-0.18061726709083
-0.789100242799253,-0.178802720309028
-0.763557673240962,-0.176810144727622
-0.738015103682671,-0.174638068125334
-0.71247253412438,-0.172285297435066
-0.686929964566089,-0.169750932339514
-0.661387395007799,-0.167034377840661
-0.635844825449508,-0.164135355712639
-0.610302255891217,-0.161053914753302
-0.584759686332926,-0.157790439756395
-0.559217116774635,-0.154345659133422
-0.533674547216345,-0.150720651122089
-0.508131977658054,-0.146916848526575
-0.482589408099763,-0.142936041943733
-0.457046838541472,-0.138780381438613
-0.431504268983181,-0.134452376642335
-0.405961699424891,-0.129954895255352
-0.3804191298666,-0.125291159949247
-0.354876560308309,-0.120464743670614
-0.329333990750018,-0.1154795633609
-0.303791421191727,-0.11033987211652
-0.278248851633437,-0.105050249823802
-0.252706282075146,-0.0996155923134441
-0.227163712516855,-0.0940410990890131
-0.201621142958564,-0.0883322596935093
-0.176078573400273,-0.0824948387871138
-0.150536003841983,-0.0765348600178327
-0.124993434283692,-0.0704585887747756
-0.099450864725401,-0.0642725139212066
-0.0739082951671102,-0.0579833286112068
-0.0483657256088194,-0.0515979102997426
-0.0228231560505286,-0.0451233000610845
0.00271941350776217,-0.0385666813348282
0.028261983066053,-0.0319353582222008
0.0538045526243438,-0.025236733457847
0.0793471221826346,-0.0184782861838809
0.104889691740925,-0.011667549653634
0.130432261299216,-0.0048120889922175
0.155974830857507,0.00208052086022368
0.181517400415798,0.0090027168988809
0.207059969974089,0.0159469693776823
0.232602539532379,0.0229058025891204
0.25814510909067,0.0298718149887317
0.283687678648961,0.0368376985581034
0.309230248207252,0.0437962573066797
0.334772817765543,0.0507404248197432
0.360315387323833,0.0576632807676983
0.385857956882124,0.0645580663000934
0.411400526440415,0.0714181982566447
0.436943095998706,0.0782372821367688
0.462485665556997,0.085009123778719
0.488028235115287,0.091727739709286
0.513570804673578,0.098387366135052
0.539113374231869,0.104982466556337
0.56465594379016,0.111507737995114
0.590198513348451,0.117958115838265
0.615741082906741,0.124328777307467
0.641283652465032,0.130615143576702
0.666826222023323,0.136812880567778
0.692368791581614,0.142917898463248
0.717911361139905,0.14892634998469
0.743453930698195,0.154834627492325
0.768996500256486,0.160639358969458
0.794539069814777,0.166337402962053
0.820081639373068,0.171925842549912
0.845624208931359,0.177401978431433
0.871166778489649,0.182763321208588
0.89670934804794,0.188007582962738
0.922251917606231,0.193132668215047
0.947794487164522,0.198136664367612
0.973337056722813,0.203017831722957
0.998879626281103,0.207774593180302
1.02442219583939,0.212405523706959
1.04996476539768,0.216909339682356
1.07550733495598,0.221284888210641
1.10104990451427,0.225531136495468
1.12659247407256,0.229647161367581
1.15213504363085,0.233632139052166
1.17767761318914,0.237485335258622
1.20322018274743,0.241206095670643
1.22876275230572,0.244793836909107
1.25430532186401,0.248248038034503
1.2798478914223,0.251568232649434
1.30539046098059,0.254754001655212
1.33093303053888,0.257804966709734
1.35647560009717,0.260720784426857
1.38201816965547,0.26350114135025
1.40756073921376,0.266145749727503
1.43310330877205,0.268654344102911
1.45864587833034,0.271026678740119
1.48418844788863,0.273262525878583
1.50973101744692,0.275361674820772
1.53527358700521,0.277323931840129
1.5608161565635,0.279149120893187
1.58635872612179,0.280837085112869
1.61190129568008,0.282387689053953
1.63744386523837,0.28380082165599
1.66298643479666,0.285076399883693
1.68852900435496,0.286214372999885
1.71407157391325,0.287214727421715
1.73961414347154,0.288077492106831
1.76515671302983,0.288802744412729
1.79069928258812,0.289390616369481
1.81624185214641,0.289841301303561
1.8417844217047,0.29015506074844
1.86732699126299,0.290332231576174
1.89286956082128,0.290373233283169
1.91841213037957,0.290278575362802
1.94395469993786,0.290048864697562
1.96949726949615,0.289684812903788
1.99503983905444,0.289187243562986
2.02058240861274,0.28855709927502
2.04612497817103,0.287795448470207
2.07166754772932,0.286903491919472
2.09721011728761,0.285882568884203
2.1227526868459,0.284734162850269
2.14829525640419,0.283459906793831
2.17383782596248,0.282061587929972
2.19938039552077,0.280541151898883
2.22492296507906,0.278900706348242
2.25046553463735,0.277142523874553
2.27600810419564,0.275269044290489
2.30155067375393,0.273282876189708
2.32709324331222,0.271186797785166
2.35263581287052,0.268983757001579
2.37817838242881,0.266676870807355
2.4037209519871,0.264269423776048
2.42926352154539,0.261764865872111
2.45480609110368,0.259166809460385
2.48034866066197,0.256479025543476
2.50589123022026,0.253705439235662
2.53143379977855,0.250850124486544
2.55697636933684,0.247917298071938
2.58251893889513,0.244911312873786
2.60806150845342,0.241836650474896
2.63360407801171,0.238697913098215
2.65914664757,0.23549981492401
2.6846892171283,0.232247172821821
2.71023178668659,0.228944896537269
2.73577435624488,0.225597978376772
2.76131692580317,0.22221148243599
2.78685949536146,0.218790533420219
2.81240206491975,0.215340305107134
2.83794463447804,0.211866008504149
2.86348720403633,0.208372879754197
2.88902977359462,0.204866167844987
2.91457234315291,0.201351122177699
2.9401149127112,0.197832980051681
2.96565748226949,0.194316954121959
2.99120005182779,0.190808219886316
3.01674262138608,0.187311903258291
3.04228519094437,0.183833068281722
3.06782776050266,0.180376705041402
3.09337033006095,0.17694771782307
3.11891289961924,0.173550913574251
3.14445546917753,0.170190990715511
3.16999803873582,0.166872528349414
3.19554060829411,0.163599975911937
3.2210831778524,0.160377643308306
3.24662574741069,0.157209691572161
3.27216831696898,0.154100124083759
3.29771088652728,0.151052778379389
3.32325345608557,0.148071318580634
3.34879602564386,0.145159228468258
3.37433859520215,0.142319805221654
3.39988116476044,0.139556153840743
3.42542373431873,0.136871182263173
3.45096630387702,0.134267597185536
3.47650887343531,0.131747900593203
3.5020514429936,0.129314386999291
3.52759401255189,0.126969141389181
3.55313658211018,0.124714037863072
3.57867915166847,0.122550738965159
3.60422172122676,0.120480695684289
3.62976429078506,0.118505148107411
3.65530686034335,0.11662512670371
3.68084942990164,0.114841454214193
3.70639199945993,0.113154748118534
3.73193456901822,0.111565423648364
3.75747713857651,0.110073697313737
3.7830197081348,0.108679590907481
3.80856227769309,0.107382935950304
3.83410484725138,0.106183378538073
3.85964741680967,0.105080384551552
3.88518998636796,0.104073245188068
3.91073255592625,0.103161082774088
3.93627512548455,0.10234285681757
3.96181769504284,0.101617370259115
3.98736026460113,0.100983275881456
4.01290283415942,0.100439082837654
4.03844540371771,0.0999831632594527
4.063987973276,0.0996137589086724
4.08953054283429,0.0993289878361465
4.11507311239258,0.0991268510146328
4.14061568195087,0.0990052389142277
4.16615825150916,0.0989619379911341
4.19170082106745,0.0989946370631056
4.21724339062574,0.0991009335475132
4.24278596018403,0.0992783395407068
4.26832852974233,0.0995242877201539
4.29387109930062,0.0998361370537068
4.31941366885891,0.100211178303227
4.3449562384172,0.100646639312681
4.37049880797549,0.101139690073673
4.39604137753378,0.101687447564138
4.42158394709207,0.10228698035865
4.44712651665036,0.102935313011348
4.47266908620865,0.103629430214957
4.49821165576694,0.104366280741642
4.52375422532523,0.105142781173601
4.54929679488352,0.105955819433164
4.57483936444182,0.106802258123966
4.60038193400011,0.107678937696226
4.6259245035584,0.108582679450484
4.65146707311669,0.109510288395217
4.67700964267498,0.110458555974615
4.70255221223327,0.111424262683398
4.72809478179156,0.112404180585989
4.75363735134985,0.113395075757528
4.77917992090814,0.114393710664209
4.80472249046643,0.115396846500213
4.83026506002472,0.116401245498112
4.85580762958301,0.117403673229074
4.8813501991413,0.118400900908491
4.9068927686996,0.119389707721803
4.93243533825789,0.120366883184341
4.95797790781618,0.121329229547978
4.98352047737447,0.122273564266209
5.00906304693276,0.123196722528139
5.03460561649105,0.124095559870597
5.06014818604934,0.124966954876357
5.08569075560763,0.125807811965216
5.11123332516592,0.126615064283377
5.13677589472421,0.127385676695442
5.1623184642825,0.128116648882091
5.18786103384079,0.128805018545408
5.21340360339908,0.129447864722755
5.23894617295738,0.130042311209076
5.26448874251567,0.130585530086607
5.29003131207396,0.131074745360079
5.31557388163225,0.131507236694739
5.34111645119054,0.131880343253816
5.36665902074883,0.132191467631405
5.39220159030712,0.132438079876172
5.41774415986541,0.132617721600804
5.4432867294237,0.13272801017164
5.46882929898199,0.132766642972512
5.49437186854028,0.132731401736461
5.51991443809857,0.132620156938608
5.54545700765687,0.132430872243122
5.57099957721516,0.132161608996868
5.59654214677345,0.131810530761953
5.62208471633174,0.131375907878977
5.64762728589003,0.130856122052373
5.67316985544832,0.130249670948744
5.69871242500661,0.129555172798547
5.7242549945649,0.128771370990885
5.74979756412319,0.127897138650496
5.77534013368148,0.126931483185277
5.80088270323977,0.12587355079186
5.82642527279806,0.124722630905867
5.85196784235636,0.123478160582512
5.87751041191465,0.122139728792157
5.90305298147294,0.120707080614375
5.92859555103123,0.119180121312914
5.95413812058952,0.117558920272772
5.97968069014781,0.115843714779427
6.0052232597061,0.11403491361904
6.03076582926439,0.112133100477274
6.05630839882268,0.110139037113224
6.08185096838097,0.108053666283869
6.10739353793926,0.105878114393421
6.13293610749755,0.103613693841072
6.15847867705584,0.101261905039842
6.18402124661414,0.0988244380786049
6.20956381617243,0.0963031739989466
6.23510638573072,0.0937001856582336
6.26064895528901,0.0910177381502769
6.2861915248473,0.0882582887551847
6.31173409440559,0.0854244863904938
6.33727666396388,0.082519170536441
6.36281923352217,0.0795453696092928
6.38836180308046,0.0765062987580437
6.41390437263875,0.073405357061463
6.43944694219704,0.0702461241044962
6.46498951175533,0.0670323559153511
6.49053208131363,0.0637679802472544
6.51607465087192,0.060457091191824
6.54161722043021,0.0571039431142722
6.5671597899885,0.0537129439042056
6.59270235954679,0.0502886475396034
6.61824492910508,0.0468357459656258
6.64378749866337,0.0433590602941805
6.66933006822166,0.0398635313346446
6.69487263777995,0.0363542094707631
6.72041520733824,0.0328362439034747
6.74595777689653,0.0293148712842338
6.77150034645482,0.0257954037682347
6.79704291601312,0.0222832165217779
6.82258548557141,0.0187837347227944
6.8481280551297,0.0153024200982039
6.87367062468799,0.011844757046302
6.89921319424628,0.0084162383966848
6.92475576380457,0.00502235086427736
6.95029833336286,0.00166856025780784
6.97584090292115,-0.00163970349350446
7.00138347247944,-0.00489706142822986
7.02692604203773,-0.00809820068653358
7.05246861159602,-0.0112378896178925
7.07801118115431,-0.0143109927894322
7.1035537507126,-0.0173124858204327
7.1290963202709,-0.0202374699679366
7.15463888982919,-0.0230811863883392
7.18018145938748,-0.0258390300003608
7.20572402894577,-0.0285065628759141
7.23126659850406,-0.0310795270870671
7.25680916806235,-0.0335538569395887
7.28235173762064,-0.0359256905264198
7.30789430717893,-0.0381913805378211
7.33343687673722,-0.040347504268925
7.35897944629551,-0.0423908727698732
7.3845220158538,-0.0443185390886957
7.41006458541209,-0.0461278055624831
7.43560715497039,-0.0478162301182179
7.46114972452868,-0.0493816315508009
7.48669229408697,-0.0508220937522933
7.51223486364526,-0.0521359688731263
7.53777743320355,-0.0533218794029754
7.56332000276184,-0.0543787191660716
7.58886257232013,-0.0553056532328841
7.61440514187842,-0.0561021167572832
7.63994771143671,-0.0567678127554329
7.665490280995,-0.0573027088496828
7.69103285055329,-0.0577070330075915
7.71657542011158,-0.0579812683128387
7.74211798966987,-0.0581261468111264
7.76766055922817,-0.0581426424801597
7.79320312878646,-0.0580319633783992
7.81874569834475,-0.0577955430324241
7.84428826790304,-0.0574350311273988
7.86983083746133,-0.0569522835692665
7.89537340701962,-0.0563493519908372
7.92091597657791,-0.055628472776899
7.9464585461362,-0.0547920556858087
7.97200111569449,-0.0538426721467031
7.99754368525278,-0.0527830433125084
8.02308625481107,-0.0516160279492888
8.04862882436936,-0.0503446102421894
8.07417139392765,-0.0489718875972741
8.09971396348594,-0.047501058516971
8.12525653304423,-0.0459354106246183
8.15079910260253,-0.0442783089107816
8.17634167216082,-0.0425331842706227
8.20188424171911,-0.0407035223976703
8.2274268112774,-0.0387928530949056
8.25296938083569,-0.0368047400591982
8.27851195039398,-0.034742771189823
8.30405451995227,-0.0326105494661472
8.32959708951056,-0.0304116844336036
8.35513965906885,-0.0281497843308747
8.38068222862714,-0.0258284488848014
8.40622479818543,-0.0234512627930039
8.43176736774373,-0.0210217899075926
8.45730993730202,-0.0185435681267239
8.48285250686031,-0.0160201049941755
8.5083950764186,-0.0134548740006345
8.53393764597689,-0.0108513115740622
8.55948021553518,-0.00821281474038193
8.58502278509347,-0.00554273942987343
8.61056535465176,-0.00284439939910253
8.63610792421005,-0.000121065733004314
8.66165049376834,0.00262403311307426
8.68719306332663,0.0053877107759665
8.71273563288492,0.00816682200043195
8.73827820244322,0.0109582612600393
8.76382077200151,0.0137589610381
8.7893633415598,0.0165658898259983
8.81490591111809,0.0193760498981367
8.84044848067638,0.0221864749240556
8.86599105023467,0.024994227479075
8.89153361979296,0.0277963965150351
8.91707618935125,0.0305900948524221
8.94261875890954,0.0333724567543081
8.96816132846783,0.0361406356411955
8.99370389802612,0.0388918020039776
9.01924646758441,0.0416231415698978
9.0447890371427,0.0443318537735817
9.070331606701,0.0470151505819963
9.09587417625929,0.0496702557185497
9.12141674581758,0.0522944043275575
9.14695931537587,0.0548848431159657
9.17250188493416,0.0574388310045863
9.19804445449245,0.0599536403162156
9.22358702405074,0.0624265585228817
9.24912959360903,0.064854890569168
9.27467216316732,0.0672359617831094
9.30021473272561,0.0695671213805976
9.3257573022839,0.071845746563604
9.35129987184219,0.0740692472068718
9.37684244140049,0.0762350711220724
9.40238501095878,0.0783407098828151
9.42792758051707,0.0803837051883667
9.45347015007536,0.0823616557385251
9.47901271963365,0.0842722245868229
9.50455528919194,0.0861131469341508
9.53009785875023,0.0878822383200205
9.55564042830852,0.0895774031640537
9.58118299786681,0.0911966436059228
9.6067255674251,0.0927380685879099
9.63226813698339,0.094199903120509
9.65781070654168,0.0955804976681037
9.68335327609998,0.0968783375887317
9.70889584565827,0.0980920525593115
9.73443841521656,0.0992204259154919
9.75998098477485,0.100262403833474
9.78552355433314,0.101217104279825
9.81106612389143,0.102083825654379
9.83660869344972,0.102862055050941
9.86215126300801,0.103551476060504
9.8876938325663,0.104151976042312
9.91323640212459,0.104663652789082
9.93877897168288,0.105086820514291
9.96432154124117,0.105422015091478
9.98986411079946,0.10566999847806
10.0154066803578,0.10583176225925
10.040949249916,0.10590853025124
10.0664918194743,0.105901760106845
10.0920343890326,0.105813143871395
10.1175769585909,0.10564460744168
10.1431195281492,0.105398308886204
10.1686620977075,0.105076635590986
10.1942046672658,0.104682200201435
10.2197472368241,0.104217835337603
10.2452898063824,0.103686587067187
10.2708323759407,0.103091707128106
10.296374945499,0.10243664390021
10.3219175150572,0.101725032133631
10.3474600846155,0.100960681449547
10.3730026541738,0.100147563637426
10.3985452237321,0.0992897987813871
10.4240877932904,0.0983916402567949
10.4496303628487,0.0974574586468394
10.475172932407,0.0964917246373286
10.5007155019653,0.0954989909563685
10.5262580715236,0.0944838734338407
10.5518006410819,0.0934510312636094
10.5773432106402,0.0924051465591177
10.6028857801984,0.0913509033003878
10.6284283497567,0.0902929657773794
10.653970919315,0.0892359566411081
10.6795134888733,0.0881844346798097
10.7050560584316,0.0871428724427164
10.7305986279899,0.0861156338386103
10.7561411975482,0.085106951840176
10.7816837671065,0.0841209064282712
10.8072263366648,0.0831614029124627
10.8327689062231,0.0822321507655595
10.8583114757814,0.081336643110315
10.8838540453396,0.0804781369959801
10.9093966148979,0.0796596346009152
10.9349391844562,0.0788838654950053
10.9604817540145,0.078153270092149
10.9860243235728,0.077469984418621
11.0115668931311,0.0768358263176207
11.0371094626894,0.0762522832038525
11.0626520322477,0.0757205014745428
11.088194601806,0.0752412776749239
11.1137371713643,0.0748150515069408
11.1392797409226,0.0744419007598098
11.1648223104808,0.0741215382301476
11.1903648800391,0.0738533106877299
11.2159074495974,0.0736361999306488
11.2414500191557,0.0734688259607443
11.266992588714,0.0733494522968197
11.2925351582723,0.07327599342938
11.3180777278306,0.0732460244065583
11.3436202973889,0.0732567925266297
11.3691628669472,0.0733052310981541
11.3947054365055,0.0733879752144493
11.4202480060637,0.0735013794748859
11.445790575622,0.0736415375715358
11.4713331451803,0.0738043036460919
11.4968757147386,0.0739853153088409
11.5224182842969,0.0741800181989096
11.5479608538552,0.0743836919531255
11.5735034234135,0.074591477439746
11.5990459929718,0.0747984051031053
11.6245885625301,0.0749994242559981
11.6501311320884,0.075189433148454
11.6756737016467,0.0753633096345244
11.7012162712049,0.0755159422528781
11.7267588407632,0.0756422615324392
11.7523014103215,0.0757372713310509
11.7778439798798,0.075796080013247
11.8033865494381,0.0758139312726873
11.8289291189964,0.0757862344056825
11.8544716885547,0.0757085938444955
11.880014258113,0.0755768377627547
11.9055568276713,0.0753870455703403
11.9310993972296,0.0751355741214547
11.9566419667879,0.0748190824672432
11.9821845363461,0.0744345549932256
12.0077271059044,0.0739793227918633
12.0332696754627,0.0734510831317689
12.058812245021,0.0728479168972487
12.0843548145793,0.0721683038849957
12.1098973841376,0.0714111358586926
12.1354399536959,0.0705757272769538
12.1609825232542,0.0696618236253077
12.1865250928125,0.0686696072986811
12.2120676623708,0.0675997009969789
12.2376102319291,0.0664531686127199
12.2631528014873,0.0652315136061733
12.2886953710456,0.0639366748799169
12.3142379406039,0.0625710201810665
12.3397805101622,0.061137337075499
12.3653230797205,0.059638821554071
12.3908656492788,0.0580790643460187
12.4164082188371,0.0564620350292763
12.4419507883954,0.0547920640412905
12.4674933579537,0.053073822706914
12.493035927512,0.0513123014120393
12.5185784970703,0.0495127860627265
12.5441210666285,0.0476808329795616
12.5696636361868,0.045822242385842
12.5952062057451,0.043943030655823
12.6207487753034,0.0420494014956496
12.6462913448617,0.0401477162347093
12.67183391442,0.0382444634089261
12.6973764839783,0.0363462278199923
12.7229190535366,0.0344596592556687
12.7484616230949,0.0325914410561129
12.7740041926532,0.0307482587097131
12.7995467622115,0.0289367686591554
12.8250893317697,0.0271635674944825
12.850631901328,0.0254351617047252
12.8761744708863,0.0237579381534184
12.9017170404446,0.0221381354359541
12.9272596100029,0.0205818162684037
12.9528021795612,0.0190948410482024
12.9783447491195,0.0176828427170355
13.0038873186778,0.0163512030454898
13.0294298882361,0.0151050304476148
13.0549724577944,0.0139491394216055
13.0805150273527,0.0128880317004339
13.1060575969109,0.0119258791835676
13.1316001664692,0.0110665087079809
13.1571427360275,0.0103133887036294
13.1826853055858,0.00966961776549966
13.2082278751441,0.00913791516136185
13.2337704447024,0.00872061328158176
13.2593130142607,0.00841965202480767
13.284855583819,0.00823657510122211
13.3103981533773,0.00817252822333504
13.3359407229356,0.00822825914313778
13.3614832924939,0.00840411948387276
13.3870258620521,0.0087000683047871
13.4125684316104,0.00911567732807383
13.4381110011687,0.00965013774884043
13.463653570727,0.010302268541384
13.4891961402853,0.011070526168387
13.5147387098436,0.0119530155938458
13.5402812794019,0.0129475024956839
13.5658238489602,0.0140514265700501
13.5913664185185,0.0152619158162928
13.6169089880768,0.0165758016895182
13.6424515576351,0.0179896350064788
13.6679941271933,0.0194997024902715
13.6935366967516,0.0211020438399426
13.7190792663099,0.0227924692125511
13.7446218358682,0.0245665770075091
13.7701644054265,0.0264197718460454
13.7957069749848,0.0283472826423802
13.8212495445431,0.0303441806676058
13.8467921141014,0.0324053975122766
13.8723346836597,0.034525742859265
13.897877253218,0.0366999219844728
13.9234198227762,0.0389225529094354
13.9489623923345,0.0411881831366524
13.9745049618928,0.0434913059055471
14.0000475314511,0.0458263759142431
14.0255901010094,0.0481878244597655
14.0511326705677,0.0505700739567723
14.076675240126,0.0529675518024181
14.1022178096843,0.0553747035623978
14.1277603792426,0.0577860054605312
14.1533029488009,0.0601959761613953
14.1788455183592,0.062599187842401
14.2043880879174,0.0649902765583271
14.2299306574757,0.0673639519075842
14.255473227034,0.0697150060153708
14.2810157965923,0.0720383218543333
14.3065583661506,0.0743288809283431
14.3321009357089,0.0765817703495016
14.3576435052672,0.0787921893424752
14.3831860748255,0.0809554552137054
14.4087286443838,0.0830670088259353
14.4342712139421,0.0851224196208228
14.4598137835004,0.0871173902341704
14.4853563530586,0.0890477607494909
14.5108989226169,0.0909095126362559
14.5364414921752,0.0926987724192372
14.5619840617335,0.0944118151248819
14.5875266312918,0.09604506754966
14.6130692008501,0.0975951113938204
14.6386117704084,0.0990586863020136
14.6641543399667,0.100432692849812
14.689696909525,0.101714195512312
14.7152394790833,0.102900425647775
14.7407820486416,0.103988784525711
14.7663246181998,0.104976846424912
14.7918671877581,0.105862361822822
14.8174097573164,0.106643260693274
14.8429523268747,0.107317655925096
14.868494896433,0.107883846869401
14.8940374659913,0.108340323018659
14.9195800355496,0.108685767815836
14.9451226051079,0.108919062587089
14.9706651746662,0.10903929058678
14.9962077442245,0.109045741138899
15.0217503137828,0.108937913854472
15.047292883341,0.108715522900164
15.0728354528993,0.108378501289151
15.0983780224576,0.107927005161435
15.1239205920159,0.107361418017135
15.1494631615742,0.106682354863002
15.1750057311325,0.105890666229414
15.2005483006908,0.104987442012503
15.2260908702491,0.103974015093854
15.2516334398074,0.102851964688397
15.2771760093657,0.101623119369728
15.302718578924,0.100289559721144
15.3282611484822,0.0988536205601795
15.3538037180405,0.0973178926843894
15.3793462875988,0.0956852240865218
15.4048888571571,0.093958720588108
15.4304314267154,0.0921417458418172
15.4559739962737,0.0902379206546915
15.481516565832,0.0882511215865963
15.5070591353903,0.086185478780849
15.5326017049486,0.0840453729870393
15.5581442745069,0.081835431739489
15.5836868440651,0.0795605246585981
15.6092294136234,0.0772257578464834
15.6347719831817,0.0748364673527673
15.66031455274,0.0723982116911419
15.6858571222983,0.06991676339234
15.7113996918566,0.0673980995843874
15.7369422614149,0.0648483915964357
15.7624848309732,0.0622739935880711
15.7880274005315,0.0596814302116872
15.8135699700898,0.0570773833213153
15.8391125396481,0.0544686777471224
15.8646551092063,0.0518622661606387
15.8901976787646,0.0492652130615794
15.9157402483229,0.0466846779228634
15.9412828178812,0.0441278975360636
15.9668253874395,0.0416021676050104
15.9923679569978,0.0391148236405783
16.0179105265561,0.0366732212147714
16.0434530961144,0.0342847156370783
16.0689956656727,0.0319566411206237
16.094538235231,0.0296962895098998
16.1200808047893,0.027510888645788
16.1456233743475,0.0254075804471215
16.1711659439058,0.0233933987912252
16.1967085134641,0.0214752472786152
16.2222510830224,0.0196598769693914
16.2477936525807,0.0179538641807367
16.273336222139,0.0163635884363882
16.2988787916973,0.0148952106599143
16.3244213612556,0.0135546517041357
16.3499639308139,0.0123475713090581
16.3755065003722,0.0112793475802255
16.4010490699305,0.0103550570784803
16.4265916394887,0.00957945561070506
16.452134209047,0.00895695980925689
16.4776767786053,0.0084916295854675
16.5032193481636,0.00818715153981429
16.5287619177219,0.00804682340815071
16.5543044872802,0.00807353961976547
16.5798470568385,0.00826977803901334
16.6053896263968,0.00863758795786131
16.6309321959551,0.00917857940194318
16.6564747655134,0.00989391380762511
16.6820173350717,0.0107842961222021
16.7075599046299,0.0118499683736773
16.7331024741882,0.0130907047506614
16.7586450437465,0.0145058082268009
16.7841876133048,0.0160941087578194
16.8097301828631,0.0178539630727784
16.8352727524214,0.0197832560745673
16.8608153219797,0.0218794038579287
16.886357891538,0.0241393583465749
16.9119004610963,0.0265596135441646
16.9374430306546,0.029136213387132
16.9629856002129,0.0318647611806097
16.9885281697711,0.0347404305920252
17.0140707393294,0.037757978170357
17.0396133088877,0.0409117573526052
17.0651257918035,0.044153636837923
17.0906785252122,0.0474348403823339
17.1162314059174,0.050748583617638
17.1417841546901,0.0540877359878188
17.1673364919123,0.0574448412686786
17.1928881373933,0.0608121393124741
17.2184388101857,0.0641815888373089
17.2439882283994,0.06754489117917
17.2695361090147,0.0708935149203819
17.2950821676927,0.0742187213045304
17.3206261185841,0.0775115903445502
17.3461676741348,0.0807630475277347
17.3717065448888,0.0839638910188808
17.3972424392884,0.0871048192606647
17.4227750634697,0.0901764588686706
17.4483041210555,0.0931693927172253
17.4738293129426,0.0960741881113948
17.4993503370854,0.0988814249401194
17.524866888274,0.10158172370554
17.5503786579071,0.104165773324081
17.5758853337585,0.106624358595797
17.6013865997378,0.108948387239875
17.6268821356443,0.11112891639599
17.652371616913,0.113157178493411
17.6778547143535,0.11502460639239
17.7033310938804,0.116722857705367
17.7288004162346,0.118243838208894
17.7542623366953,0.119579724260942
17.7797165047819,0.120722984142316
17.8051625639453,0.1216663982453
17.8306001512475,0.122403078037371
17.8560288970289,0.122926483732782
17.8814484245636,0.123230440610026
17.9068583496993,0.123309153918702
17.9322582804844,0.123157222324897
17.957647816778,0.122769649850102
17.9830265498443,0.12214185626461
18.008394061929,0.121269685902512
18.0337499258174,0.120149414871562
18.0590937043717,0.118777756637485
18.0844249500482,0.117151865968619
18.1097432043918,0.11526934123307
18.1350479975055,0.113128225046891
18.1603388474961,0.110727003278045
18.1856152598911,0.108064602417089
18.2108767270284,0.105140385331589
18.2361227274132,0.101954145427257
18.2613527250444,0.0985060992445692
18.2865661687037,0.094796877525275
18.3117624912094,0.0908275147886065
18.3369411086289,0.0865994374622168
18.3621014194494,0.0821144506178213
18.3872428037034,0.0773747233662053
18.4123646220447,0.0723827729706824
18.4374662147735,0.0671414477421825
18.4625469008055,0.0616539087829591
18.4876059765815,0.0559236106493609
18.5126427149137,0.0499542810072553
18.5376563637629,0.0437498993564548
18.5626461449436,0.0373146749029214
18.5876112527498,0.0306530236595859
18.6125508524962,0.0237695448582805
18.6374640789699,0.0166689967566136
18.6623500347829,0.00935627192452256
18.6872077886211,0.00183637209580572
18.7120363733797,-0.00588561732989543
18.7368347841765,-0.0138045530493839
18.7616019762344,-0.0219152597977735
18.7863368626217,-0.0302125563861439
18.8110383118394,-0.0386912817525148
18.8357051452431,-0.0473463209452861
18.8603361342848,-0.0561726309602823
18.8849299975623,-0.0651652663548358
18.9094853976564,-0.0743194045649789
18.9340009377418,-0.0836303708547235
18.9584751579488,-0.0930936628296388
18.9829065314573,-0.102704974450411
19.0072934602971,-0.112460219485817
19.03163427083,-0.122355554348515
19.0559272088852,-0.132387400261261
19.0801704345152,-0.142552464705509
19.1043620163398,-0.152847762108957
19.128499925437,-0.163270633733234
19.1525820287417,-0.17381876672775
19.176606081903,-0.184490212320579
19.2005697215492,-0.195283403122153
19.2244704569033,-0.206197169522405
19.248305660686,-0.217230755166801
19.2720725592335,-0.228383831501368
19.2957682217552,-0.23965651138126
19.3193895486406,-0.251049361741541
19.3429332587218,-0.262563415332594
19.3663958753819,-0.274200181525695
19.389773711391,-0.285961656196788
19.4130628523347,-0.297850330698019
19.4362591384886,-0.309869199927005
19.4593581449717,-0.322021769502792
19.4823551599953,-0.33431206205465
19.505245161002,-0.346744622624886
19.5280227884659,-0.359324523179042
19.5506823171013,-0.372057366205832
19.5732176241962,-0.384949287373824
19.5956221547595,-0.398006957191564
19.6178888831345,-0.411237581591135
19.6400102706981,-0.424648901320859
19.6619782192255,-0.438249189989025
19.6837840194618,-0.452047250545327
19.7054182944035,-0.466052409917379
19.7268709367509,-0.480274511433427
19.7481310399613,-0.494723904555574
19.7691868223018,-0.509411431316247
19.7900255432839,-0.524348408689616
19.8106334118642,-0.539546605933558
19.8309954858214,-0.5550182157008
19.8510955617886,-0.570775817433476
19.8709160555396,-0.58683233121752
19.8904378723295,-0.603200959876612
19.9096402673887,-0.619895116626433
19.9285006971183,-0.636928335089608
19.9469946621558,-0.654314157897212
19.9650955443488,-0.672065999492449
19.98277444084,-0.690196978141047
20,-0.708719711599789
