-20,-0.627479130723537
-19.9829243876051,-0.61046641076411
-19.965422524019,-0.593905083299219
-19.9475255102201,-0.577780855191096
-19.9292617435754,-0.562079484728456
-19.910657151598,-0.546786918411673
-19.8917354132871,-0.531889393144412
-19.8725181657111,-0.517373510782138
-19.8530251947754,-0.503226290807343
-19.8332746099921,-0.489435205860162
-19.8132830036455,-0.475988203959641
-19.7930655951059,-0.462873720498975
-19.772636361254,-0.450080682474374
-19.752008154076,-0.437598506895537
-19.7311928065212,-0.425417094909437
-19.7102012276931,-0.413526822832805
-19.689043488399,-0.40191853101835
-19.6677288980194,-0.390583511263506
-19.6462660735825,-0.379513493298167
-19.6246630018549,-0.368700630751094
-19.6029270951845,-0.358137486886531
-19.5810652417572,-0.347817020317461
-19.5590838508634,-0.337732570835254
-19.5369888937074,-0.327877845443673
-19.5147859402333,-0.31824690464521
-19.4924801923928,-0.308834148997356
-19.4700765142307,-0.299634305933638
-19.4475794591246,-0.290642416827708
-19.424993294475,-0.281853824267109
-19.4023220241123,-0.273264159495811
-19.3795694086564,-0.264869329980209
-19.3567389840363,-0.256665507051568
-19.3338340783586,-0.248649113578302
-19.3108578272887,-0.240816811623588
-19.2878131880936,-0.233165490047311
-19.2647029524778,-0.225692252015945
-19.2415297583296,-0.218394402389442
-19.2182961004827,-0.211269434960343
-19.1950043405874,-0.204315019526974
-19.1716567161751,-0.197528988789553
-19.1482553489912,-0.190909325065303
-19.1248022526637,-0.18445414682588
-19.1012993397694,-0.178161695067817
-19.0777484283497,-0.172030319533821
-19.0541512479271,-0.166058464809749
-19.0305094450657,-0.160244656328865
-19.0068245885154,-0.154587486321269
-18.9830981739752,-0.149085599752402
-18.9593316285097,-0.143737680299936
-18.9355263146457,-0.13854243642332
-18.911683534178,-0.133498587584543
-18.8878045317063,-0.128604850682397
-18.8638904979262,-0.12385992676553
-18.8399425726942,-0.119262488091901
-18.8159618478845,-0.114811165603837
-18.7919493700533,-0.110504536888767
-18.767906142927,-0.10634111469576
-18.743833129727,-0.102319336077404
-18.7197312553436,-0.0984375522251011
-18.6956014083706,-0.0946940190637489
-18.671444443011,-0.0910868886689021
-18.6472611808636,-0.0876142015659676
-18.6230524125985,-0.0842738799667625
-18.5988188995299,-0.0810637219939304
-18.5745613750943,-0.0779813969383022
-18.5502805462397,-0.0750244415883231
-18.5259770947322,-0.072190257664267
-18.5016516783868,-0.0694761103830988
-18.4773049322262,-0.0668791281726587
-18.4529374695739,-0.0643963035463535
-18.4285498830845,-0.0620244951418247
-18.4041427457168,-0.0597604309192087
-18.3797166116529,-0.0576007125066462
-18.3552720171667,-0.0555418206727571
-18.3308094814451,-0.0535801218978854
-18.3063295073657,-0.0517118760081657
-18.2818325822325,-0.0499332448288946
-18.2573191784732,-0.0482403018063845
-18.2327897543006,-0.0466290425405242
-18.2082447543396,-0.0450953961636843
-18.183684610222,-0.0436352374954805
-18.1591097411525,-0.0422443998972879
-18.1345205544451,-0.0409186887453208
-18.1099174460342,-0.0396538954366046
-18.0853008009602,-0.0384458118383218
-18.0606709938321,-0.0372902450878141
-18.0360283892679,-0.0361830326480146
-18.0113733423139,-0.0351200575212902
-17.9867061988453,-0.0340972635235847
-17.9620272959478,-0.0331106705203943
-17.9373369622817,-0.0321563895264851
-17.9126355184302,-0.0312306375723345
-17.8879232772317,-0.0303297522420865
-17.8632005440979,-0.0294502057902887
-17.8384676173177,-0.0285886187478332
-17.8137247883485,-0.0277417729313101
-17.7889723420951,-0.0269066237743801
-17.7642105571767,-0.0260803119047249
-17.7394397061833,-0.0252601738956199
-17.7146600559211,-0.0244437521271302
-17.689871867649,-0.0236288036983125
-17.6650753973047,-0.0228133083385662
-17.640270895723,-0.0219954752733482
-17.6154586088449,-0.0211737490068096
-17.5906387779193,-0.020346813991448
-17.5658116396974,-0.019513598162555
-17.5409774266193,-0.0186732753230119
-17.5161363669944,-0.0178252663717734
-17.4912886851758,-0.0169692393771481
-17.4664346017277,-0.0161051085036473
-17.4415743335881,-0.0152330318086972
-17.4167080942255,-0.0143534079328304
-17.3918360937907,-0.0134668717140342
-17.366958539264,-0.0125742887636956
-17.3420756345973,-0.0116767490479958
-17.3171875808525,-0.0107755595246197
-17.2922945763353,-0.00987223589023575
-17.2673968167256,-0.00896849349931253
-17.242494495204,-0.00806623751945553
-17.2175878025749,-0.00716755239253306
-17.1926769273863,-0.00627469067438882
-17.167762056047,-0.00539006132891117
-17.1428433729404,-0.00451621755458798
-17.1179210605358,-0.00365584422346878
-17.0929952994974,-0.00281174501361808
-17.0680662687905,-0.00198682931671922
-17.0431341457864,-0.00118409900245446
-17.0181991063638,-0.000406635120651498
-16.99326132501,0.000342415379020689
-16.9683209749189,0.00105985283181172
-16.9433782280882,0.00174243787144384
-16.918433255415,0.00238690419966509
-16.8934862267898,0.00298997104236724
-16.8685373111897,0.00354835522668104
-16.8435866767698,0.00405878281773142
-16.8186344909545,0.00451800025843185
-16.793680920527,0.00492278496073831
-16.7687261317192,0.00526995530217318
-16.7437702902996,0.00555637998708415
-16.7188135616622,0.00577898673801758
-16.6938561109134,0.00593477028867455
-16.6688375581354,0.00605287661856434
-16.6438190053574,0.00616253947703584
-16.6188004525794,0.00626101186890372
-16.5937818998014,0.00634564663570367
-16.5687633470234,0.0064139007657052
-16.5437447942454,0.0064633389722635
-16.5187262414674,0.0064916365560853
-16.4937076886894,0.00649658157290153
-16.4686891359114,0.00647607633370633
-16.4436705831334,0.00642813827010939
-16.4186520303554,0.00635090020240003
-16.3936334775774,0.00624261005260651
-16.3686149247994,0.00610163004910287
-16.3435963720214,0.00592643547314122
-16.3185778192434,0.00571561300103079
-16.2935592664654,0.00546785869851861
-16.2685407136874,0.00518197572622362
-16.2435221609094,0.00485687181671157
-16.2185036081314,0.00449155658495908
-16.1934850553534,0.00408513873451925
-16.1684665025754,0.00363682322166729
-16.1434479497974,0.00314590843916027
-16.1184293970194,0.00261178347999295
-16.0934108442414,0.00203392553967813
-16.0683922914634,0.00141189751313039
-16.0433737386854,0.000745345839203652
-16.0183551859074,3.39986423439978e-05
-15.9933366331294,-0.000722335783303663
-15.9683180803514,-0.00152377010662743
-15.9432995275734,-0.00237033867351211
-15.9182809747954,-0.00326199777196377
-15.8932624220174,-0.00419862542424582
-15.8682438692394,-0.00518002068814679
-15.8432253164614,-0.00620590245605015
-15.8182067636834,-0.007275907747275
-15.7931882109054,-0.00838958949611674
-15.7681696581274,-0.00954641384510563
-15.7431511053494,-0.0107457569601358
-15.7181325525714,-0.0119869013912375
-15.6931139997934,-0.0132690320098119
-15.6680954470154,-0.0145912315600427
-15.6430768942374,-0.0159524758688793
-15.6180583414594,-0.0173516287653872
-15.5930397886815,-0.0187874367663141
-15.5680212359035,-0.02025852359036
-15.5430026831255,-0.0217633845688038
-15.5179841303475,-0.0233003810247744
-15.4929655775695,-0.0248677346974929
-15.4679470247915,-0.02646352229122
-15.4429284720135,-0.0280856702313505
-15.4179099192355,-0.0297319497120863
-15.3928913664575,-0.0313999721213349
-15.3678728136795,-0.0330871849289062
-15.3428542609015,-0.0347908681236822
-15.3178357081235,-0.0365081312842068
-15.2928171553455,-0.0382359113650684
-15.2677986025675,-0.0399709712785282
-15.2427800497895,-0.0417098993470935
-15.2177614970115,-0.0434491096981496
-15.1927429442335,-0.0451848436663853
-15.1677243914555,-0.0469131722635895
-15.1427058386775,-0.048629999768507
-15.1176872858995,-0.0503310684818638
-15.0926687331215,-0.0520119646834585
-15.0676501803435,-0.0536681258194223
-15.0426316275655,-0.055294848938448
-15.0176130747875,-0.0568873003860459
-14.9925945220095,-0.0584405267557797
-14.9675759692315,-0.0599494670860506
-14.9425574164535,-0.0614089662804186
-14.9175388636755,-0.0628137897187685
-14.8925203108975,-0.0641586390159299
-14.8675017581195,-0.0654381688737504
-14.8424832053415,-0.0666470049621787
-14.8174646525635,-0.0677797627547525
-14.7924460997855,-0.068831067234079
-14.7674275470075,-0.0697955733735565
-14.7424089942295,-0.0706679872927803
-14.7173904414515,-0.0714430879759166
-14.6923718886735,-0.0721157494348698
-14.6673533358955,-0.0726809631924097
-14.6423347831175,-0.0731338609546223
-14.6173162303395,-0.0734697373371707
-14.5922976775615,-0.0736840725059544
-14.5672791247835,-0.0737725545898881
-14.5422605720055,-0.0737311017217202
-14.5172420192275,-0.073555883562113
-14.4922234664495,-0.0732433421626212
-14.4672049136715,-0.072790212024763
-14.4421863608935,-0.0721935392150629
-14.4171678081155,-0.0714506993997553
-14.3921492553375,-0.0705594146677621
-14.3671307025595,-0.0695177690165578
-14.3421121497815,-0.0683242223825773
-14.3170935970035,-0.0669776231058643
-14.2920750442255,-0.0654772187276348
-14.2670564914475,-0.0638226650292864
-14.2420379386695,-0.0620140332320396
-14.2170193858915,-0.0600518152877798
-14.1920008331135,-0.0579369272036797
-14.1669822803355,-0.0556707103557466
-14.1419637275575,-0.0532549307594375
-14.1169451747795,-0.0506917762788386
-14.0919266220015,-0.0479838517694877
-14.0669080692235,-0.0451341721636369
-14.0418895164455,-0.0421461535204902
-14.0168709636675,-0.0390236020776024
-13.9918524108895,-0.0357707013530725
-13.9668338581115,-0.0323919973613227
-13.9418153053335,-0.0288923820179785
-13.9167967525555,-0.0252770748216048
-13.8917781997775,-0.0215516029116605
-13.8667596469995,-0.0177217796129578
-13.8417410942215,-0.0137936815870363
-13.8167225414435,-0.00977362472013196
-13.7917039886655,-0.00566813888574056
-13.7666854358875,-0.00148394172710176
-13.7416668831095,0.00277208838880265
-13.7166483303315,0.00709294008898371
-13.6916297775535,0.0114714972231355
-13.6666112247755,0.0159005674396493
-13.6415926719975,0.020372910943649
-13.6165741192195,0.0248812692712704
-13.5915555664415,0.0294183939151153
-13.5665370136635,0.0339770746377037
-13.5415184608855,0.0385501673127902
-13.5164999081075,0.0431306211385806
-13.4914813553295,0.0477115050721345
-13.4664628025515,0.0522860333405272
-13.4414442497735,0.0568475898916043
-13.4164256969955,0.0613897516553408
-13.3914071442175,0.0659063104958265
-13.3663885914395,0.0703912937436799
-13.3413700386615,0.0748389832091496
-13.3163514858836,0.0792439325872051
-13.2913329331056,0.0836009831774726
-13.2663143803276,0.0879052778538127
-13.2412958275496,0.0921522732306034
-13.2162772747716,0.0963377499852504
-13.1912587219936,0.100457821309026
-13.1662401692156,0.104508939470926
-13.1412216164376,0.108487900491728
-13.1162030636596,0.112391846937761
-13.0911845108816,0.116218268855947
-13.0661659581036,0.11996500288333
-13.0411474053256,0.123630229575598
-13.0161288525476,0.127212469009759
-12.9911102997696,0.130710574726285
-12.9660917469916,0.134123726085459
-12.9410731942136,0.137451419121401
-12.9160546414356,0.140693455985157
-12.8910360886576,0.143849933075364
-12.8660175358796,0.146921227961242
-12.8409989831016,0.149907985207991
-12.8159804303236,0.152811101219121
-12.7909618775456,0.155631708213694
-12.7659433247676,0.158371157459041
-12.7409247719896,0.161031001881083
-12.7159062192116,0.163612978175088
-12.6908876664336,0.166118988539422
-12.6658691136556,0.168551082153751
-12.6408505608776,0.17091143652113
-12.6158320080996,0.173202338790605
-12.5908134553216,0.175426167173368
-12.5657949025436,0.177585372561171
-12.5407763497656,0.179682460450707
-12.5157577969876,0.181719973272053
-12.4907392442096,0.183700473213108
-12.4657206914316,0.185626525625292
-12.4407021386536,0.187500683088716
-12.4156835858756,0.189325470207603
-12.3906650330976,0.191103369199053
-12.3656464803196,0.192836806330349
-12.3406279275416,0.194528139251977
-12.3156093747636,0.196179645265443
-12.2905908219856,0.197793510556918
-12.2655722692076,0.199371820419731
-12.2405537164296,0.200916550480914
-12.2155351636516,0.202429558939341
-12.1905166108736,0.203912579815682
-12.1654980580956,0.205367217207312
-12.1404795053176,0.206794940534697
-12.1154609525396,0.208197080759487
-12.0904423997616,0.20957482754882
-12.0654238469836,0.210929227355008
-12.0404052942056,0.212261182375042
-12.0153867414276,0.213571450350128
-11.9903681886496,0.21486064516182
-11.9653496358716,0.216129238178232
-11.9403310830936,0.217377560301341
-11.9153125303156,0.218605804664434
-11.8902939775376,0.219814029927463
-11.8652754247596,0.221002164117228
-11.8402568719816,0.222170008959128
-11.8152383192036,0.223317244647433
-11.7902197664256,0.22444343500184
-11.7652012136476,0.225548032959287
-11.7401826608696,0.226630386351633
-11.7151641080916,0.227689743921846
-11.6901455553136,0.228725261533725
-11.6651270025356,0.22973600853281
-11.6401084497576,0.230720974219066
-11.6150898969796,0.231679074395032
-11.5900713442016,0.232609157956367
-11.5650527914236,0.233510013495101
-11.5400342386456,0.234380375889282
-11.5150156858676,0.235218932856141
-11.4899971330896,0.23602433144925
-11.4649785803116,0.236795184483405
-11.4399600275336,0.237530076874147
-11.4149414747556,0.238227571881766
-11.3899229219776,0.238886217252401
-11.3649043691996,0.239504551251388
-11.3398858164216,0.240081108586233
-11.3148672636436,0.24061442621855
-11.2898487108656,0.241103049065958
-11.2648301580876,0.241545535596216
-11.2398116053096,0.241940463316874
-11.2147930525316,0.242286434164342
-11.1897744997536,0.242582079796542
-11.1647559469756,0.242826066793283
-11.1397373941976,0.24301710176811
-11.1147188414196,0.243153936394658
-11.0897002886416,0.243235372349568
-11.0646817358636,0.243260266172759
-11.0396631830856,0.243227534044317
-11.0146446303077,0.243136156475546
-10.9896260775296,0.242985182909826
-10.9646075247517,0.242773736226838
-10.9395889719737,0.242501017141608
-10.9145704191957,0.242166308487532
-10.8895518664177,0.241768979370362
-10.8645333136397,0.241308489177854
-10.8395147608617,0.240784391427628
-10.8144962080837,0.240196337433751
-10.7894776553057,0.239544079770588
-10.7644591025277,0.238827475510774
-10.7394405497497,0.238046489212641
-10.7144219969717,0.237201195631168
-10.6894034441937,0.236291782125583
-10.6643848914157,0.235318550736094
-10.6393663386377,0.234281919901943
-10.6143477858597,0.233182425793044
-10.5893292330817,0.232020723227917
-10.5643106803037,0.230797586151505
-10.5392921275257,0.22951390764769
-10.5142735747477,0.228170699463012
-10.4892550219697,0.226769091020134
-10.4642364691917,0.225310327902063
-10.4392179164137,0.223795769790995
-10.4141993636357,0.22222688784881
-10.3891808108577,0.220605261529823
-10.3641622580797,0.218932574820234
-10.3391437053017,0.217210611902841
-10.3141251525237,0.215441252249975
-10.2891065997457,0.213626465152174
-10.2640880469677,0.211768303694879
-10.2390694941897,0.209868898200241
-10.2140509414117,0.207930449156109
-10.1890323886337,0.205955219659137
-10.1640138358557,0.203945527403902
-10.1389952830777,0.201903736254695
-10.1139767302997,0.199832247441335
-10.0889581775217,0.197733490424828
-10.0639396247437,0.195609913482932
-10.0389210719657,0.193463974069602
-10.0139025191877,0.191298129005927
-9.98888396640969,0.189114824563361
-9.96386541363169,0.186916486502826
-9.9388468608537,0.184705510135619
-9.9138283080757,0.182484250473853
-9.8888097552977,0.180255012539458
-9.8637912025197,0.178020041901531
-9.8387726497417,0.175781515511972
-9.8137540969637,0.173541532908923
-9.7887355441857,0.171302107856555
-9.7637169914077,0.169065160488077
-9.7386984386297,0.16683251001669
-9.71367988585171,0.164605868076378
-9.68866133307371,0.162386832751082
-9.66364278029571,0.160176883346885
-9.63862422751771,0.157977375957361
-9.61360567473971,0.155789539867337
-9.58858712196171,0.153614474834865
-9.56356856918371,0.15145314928541
-9.53855001640571,0.14930639944602
-9.51353146362772,0.147174929440714
-9.48851291084972,0.145059312361511
-9.46349435807172,0.142959992322474
-9.43847580529372,0.140877287496922
-9.41345725251572,0.138811394130655
-9.38843869973772,0.136762391516656
-9.36342014695972,0.134730247909366
-9.33840159418172,0.132714827349358
-9.31338304140372,0.130715897362056
-9.28836448862573,0.128733137487183
-9.26334593584773,0.126766148588916
-9.23832738306973,0.12481446289029
-9.21330883029173,0.122877554669368
-9.18829027751373,0.120954851549013
-9.16327172473573,0.119045746306943
-9.13825317195773,0.11714960912804
-9.11323461917973,0.115265800216736
-9.08821606640173,0.113393682683734
-9.06319751362373,0.111532635618325
-9.03817896084574,0.10968206725524
-9.01316040806774,0.107841428143263
-8.98814185528974,0.106010224221791
-8.96312330251174,0.104188029711177
-8.93810474973374,0.102374499722979
-8.91308619695574,0.100569382497238
-8.88806764417774,0.0987725311755295
-8.86304909139974,0.0969839150208579
-8.83803053862174,0.0952036299983594
-8.81301198584375,0.0934319086343583
-8.78799343306575,0.0916691290754198
-8.76297488028775,0.0899158232737386
-8.73795632750975,0.0881726842303949
-8.71293777473175,0.0864405722336878
-8.68791922195375,0.0847205200358679
-8.66290066917575,0.0830137369180922
-8.63788211639775,0.08132161160027
-8.61286356361975,0.0796457139596054
-8.58784501084175,0.0779877955290158
-8.56282645806376,0.076349788754174
-8.53780790528576,0.0747338049956156
-8.51278935250776,0.0731421312701279
-8.48777079972976,0.0715772257334437
-8.46275224695176,0.070041711914029
-8.43773369417376,0.068538371715448
-8.41271514139576,0.0670701372123474
-8.38769658861776,0.0656400812724756
-8.36267803583976,0.0642514070442993
-8.33765948306177,0.0629074363566459
-8.31264093028377,0.061611597083358
-8.28762237750577,0.0603674095321294
-8.26260382472777,0.0591784719224966
-8.23758527194977,0.0580484450233249
-8.21256671917177,0.0569810360250413
-8.18754816639377,0.0559799817262887
-8.16252961361577,0.055049031118601
-8.13751106083778,0.0541919274560898
-8.11249250805978,0.0534123898999899
-8.08747395528178,0.0527140948302194
-8.06245540250378,0.052100656917855
-8.03743684972578,0.0515756100536205
-8.01241829694778,0.0511423882281167
-7.98739974416978,0.0508043064596037
-7.96238119139178,0.0505645418646867
-7.93736263861378,0.0504261149662649
-7.91234408583578,0.0503918713315924
-7.88732553305779,0.0504644636313009
-7.86230698027979,0.0506463342077537
-7.83728842750179,0.0509396982381718
-7.81226987472379,0.0513465275746228
-7.78725132194579,0.0518685353392167
-7.76223276916779,0.0525071613487479
-7.73721421638979,0.0532635584385814
-7.71219566361179,0.0541385797508502
-7.68717711083379,0.0551327670470392
-7.6621585580558,0.0562463400998133
-7.6371400052778,0.0574791872135416
-7.6121214524998,0.0588308569174226
-7.5871028997218,0.0603005508694426
-7.5620843469438,0.061887118003663
-7.5370657941658,0.0635890499475473
-7.5120472413878,0.0654044777302547
-7.4870286886098,0.0673311697970686
-7.4620101358318,0.069366531339435
-7.43699158305381,0.0715076049444873
-7.41197303027581,0.0737510725624517
-7.38695447749781,0.0760932587850073
-7.36193592471981,0.0785301354225168
-7.33691737194181,0.0810573273630988
-7.31189881916381,0.0836701196917729
-7.28688026638581,0.0863634660434204
-7.26186171360781,0.0891319981590546
-7.23684316082982,0.0919700366109216
-7.21182460805182,0.0948716026582489
-7.18680605527382,0.0978304311920397
-7.16178750249582,0.100839984724179
-7.13676894971782,0.103893468373275
-7.11175039693982,0.1069838457971
-7.08673184416182,0.110103856019233
-7.06171329138382,0.113246031095509
-7.03669473860582,0.116402714564156
-7.01167618582782,0.119566080622069
-6.98665763304983,0.12272815396842
-6.96163908027183,0.125880830255879
-6.93662052749383,0.12901589708894
-6.91160197471583,0.132125055508324
-6.88658342193783,0.135199941900068
-6.86156486915983,0.13823215026773
-6.83654631638183,0.141213254806119
-6.81152776360383,0.144134832715063
-6.78650921082583,0.146988487191958
-6.76149065804784,0.149765870542166
-6.73647210526984,0.152458707346735
-6.71145355249184,0.155058817627409
-6.68643499971384,0.157558139949405
-6.66141644693584,0.15994875440301
-6.63639789415784,0.162222905405657
-6.61137934137984,0.164373024266726
-6.58636078860184,0.166391751457952
-6.56134223582384,0.168271958532944
-6.53632368304585,0.170006769639913
-6.51130513026785,0.171589582572337
-6.48628657748985,0.173014089302894
-6.46126802471185,0.174274295946573
-6.43624947193385,0.175364542099505
-6.41123091915585,0.176279519500634
-6.38621236637785,0.177014289963985
-6.36119381359985,0.177564302529932
-6.33617526082185,0.17792540978456
-6.31115670804386,0.178093883296921
-6.28613815526586,0.178066428124832
-6.26111960248786,0.177840196340705
-6.23610104970986,0.177412799529899
-6.21108249693186,0.176782320215193
-6.18606394415386,0.175947322162176
-6.16104539137586,0.174906859521771
-6.13602683859786,0.17366048476765
-6.11100828581986,0.172208255388024
-6.08598973304187,0.17055073929325
-6.06097118026387,0.168689018902858
-6.03595262748587,0.166624693877979
-6.01093407470787,0.164359882467798
-5.98591552192987,0.161897221441543
-5.96089696915187,0.159239864580661
-5.93587841637387,0.156391479709247
-5.91085986359587,0.15335624424447
-5.88584131081787,0.150138839252691
-5.86082275803987,0.14674444200116
-5.83580420526188,0.143178716999669
-5.81078565248388,0.139447805531227
-5.78576709970588,0.1355583136758
-5.76074854692788,0.131517298836292
-5.73572999414988,0.127332254781346
-5.71071144137188,0.123011095225074
-5.68569288859388,0.118562135969515
-5.66067433581588,0.113994075641484
-5.63565578303788,0.10931597506135
-5.61063723025988,0.104537235287322
-5.58561867748189,0.0996675743847999
-5.56060012470389,0.09471700297639
-5.53558157192589,0.0896957986341371
-5.51056301914789,0.0846144791814299
-5.48554446636989,0.0794837749777974
-5.46052591359189,0.0743146002654237
-5.43550736081389,0.0691180236616177
-5.41048880803589,0.0639052378866408
-5.3854702552579,0.0586875288211818
-5.3604517024799,0.0534762439923355
-5.3354331497019,0.0482827605911606
-5.3104145969239,0.0431184531287074
-5.2853960441459,0.0379946608408123
-5.2603774913679,0.032922654954893
-5.2353589385899,0.0279136059344446
-5.2103403858119,0.0229785508188803
-5.1853218330339,0.0181283607777835
-5.1603032802559,0.0133737089995013
-5.13528472747791,0.00872503903430503
-5.11026617469991,0.00419253371206608
-5.08524762192191,-0.000213915246483232
-5.06022906914391,-0.0044847368072944
-5.03521051636591,-0.00861070927380955
-5.01019196358791,-0.0125829878981367
-4.98517341080991,-0.0163931313429406
-4.96015485803191,-0.0200331268882091
-4.93513630525391,-0.0234954142814287
-4.91011775247592,-0.0267729081346178
-4.88509919969792,-0.029859018777104
-4.86008064691992,-0.0327476714788579
-4.83506209414192,-0.0354333239655996
-4.81004354136392,-0.0379109821537188
-4.78502498858592,-0.0401762140402857
-4.76000643580792,-0.0422251616910253
-4.73498788302992,-0.0440545512770426
-4.70996933025192,-0.0456617011192937
-4.68495077747393,-0.0470445277082326
-4.65993222469593,-0.0482015496746995
-4.63491367191793,-0.0491318896969016
-4.60989511913993,-0.0498352743372136
-4.58487656636193,-0.050312031811468
-4.55985801358393,-0.0505630877023418
-4.53483946080593,-0.0505899586373466
-4.50982090802793,-0.0503947439607366
-4.48480235524993,-0.049980115437317
-4.45978380247193,-0.0493493050346259
-4.43476524969394,-0.0485060908382118
-4.40974669691594,-0.0474547811627233
-4.38472814413794,-0.0462001969291857
-4.35970959135994,-0.0447476523861653
-4.33469103858194,-0.0431029342594335
-4.30967248580394,-0.0412722794212458
-4.28465393302594,-0.0392623511763803
-4.25963538024794,-0.0370802142676219
-4.23461682746994,-0.0347333087084072
-4.20959827469195,-0.0322294225548239
-4.18457972191395,-0.0295766637330815
-4.15956116913595,-0.026783431041909
-4.13454261635795,-0.0238583844520815
-4.10952406357995,-0.0208104148274209
-4.08450551080195,-0.0176486131931401
-4.05948695802395,-0.0143822396783227
-4.03446840524595,-0.0110206922596212
-4.00944985246795,-0.00757347543294911
-3.98443129968996,-0.00405016893902266
-3.95941274691196,-0.000460396667096401
-3.93439419413396,0.0031862041408585
-3.90937564135596,0.00688001326593837
-3.88435708857796,0.0106114573516667
-3.85933853579996,0.0143710390942605
-3.83431998302196,0.0181493656753636
-3.80930143024396,0.0219371763334916
-3.78428287746596,0.025725368975566
-3.75926432468797,0.0295050257354525
-3.73424577190997,0.0332674373923269
-3.70922721913197,0.0370041265679382
-3.68420866635397,0.0407068696283901
-3.65919011357597,0.0443677172228679
-3.63417156079797,0.047979013398774
-3.60915300801997,0.0515334132399498
-3.58413445524197,0.0550238989820281
-3.55911590246397,0.0584437945664196
-3.53409734968598,0.0617867786019727
-3.50907879690798,0.0650468957108945
-3.48406024412998,0.0682185662430715
-3.45904169135198,0.0712965943504071
-3.43402313857398,0.0742761744202054
-3.40900458579598,0.0771528958739007
-3.38398603301798,0.0799227463445604
-3.35896748023998,0.0825821132535142
-3.33394892746198,0.0851277838131796
-3.30893037468399,0.0875569434896112
-3.28391182190599,0.0898671729644956
-3.25889326912799,0.0920564436421987
-3.23387471634999,0.0941231117530427
-3.20885616357199,0.0960659111092169
-3.18383761079399,0.0978839445746006
-3.15881905801599,0.099576674314264
-3.13380050523799,0.101143910893538
-3.10878195245999,0.102585801300248
-3.083763399682,0.103902815967024
-3.058744846904,0.105095734873501
-3.033726294126,0.106165632810719
-3.008707741348,0.107113863892087
-2.98368918857,0.107942045396967
-2.958670635792,0.108652041034147
-2.933652083014,0.109245943713345
-2.908633530236,0.109726057913306
-2.883614977458,0.1100948817351
-2.85859642468001,0.110355088728895
-2.83357787190201,0.110509509581764
-2.80855931912401,0.110561113752997
-2.78354076634601,0.110512991141954
-2.75852221356801,0.110368333871744
-2.73350366079001,0.110130418269904
-2.70848510801201,0.109802587124847
-2.68346655523401,0.109388232294156
-2.65844800245601,0.108890777737836
-2.63342944967801,0.108313663046373
-2.60841089690002,0.107660327529989
-2.58339234412202,0.106934194931777
-2.55837379134402,0.106138658823443
-2.53335523856602,0.105277068738327
-2.50833668578802,0.104352717092042
-2.48331813301002,0.103368826936649
-2.45829958023202,0.102328540589688
-2.43328102745402,0.101234909174714
-2.40826247467602,0.100090883105118
-2.38324392189803,0.0988993035382015
-2.35822536912003,0.0976628948214313
-2.33320681634203,0.0963842579478626
-2.30818826356403,0.0950658650326289
-2.28316971078603,0.0937100548173777
-2.25815115800803,0.0923190292044704
-2.23313260523003,0.0908948508177476
-2.20811405245203,0.0894394415816878
-2.18309549967403,0.0879545823058625
-2.15807694689604,0.0864419132567635
-2.13305839411804,0.0849029356943323
-2.10803984134004,0.083339014345906
-2.08302128856204,0.0817513807858064
-2.05800273578404,0.0801411376844668
-2.03298418300604,0.0785092638868346
-2.00796563022804,0.0768566202758155
-1.98294707745004,0.0751839563727677
-1.95792852467204,0.0734919176235193
-1.93290997189405,0.0717810533150891
-1.90789141911605,0.0700518250652624
-1.88287286633805,0.0683046158244167
-1.85785431356005,0.0665397393265281
-1.83283576078205,0.064757449924133
-1.80781720800405,0.0629579527401817
-1.78279865522605,0.0611414140682173
-1.75778010244805,0.059307971951152
-1.73276154967005,0.0574577468681112
-1.70774299689206,0.0555908524583731
-1.68272444411406,0.0537074062113657
-1.65770589133606,0.0518075400519927
-1.63268733855806,0.0498914107512497
-1.60766878578006,0.0479592100931739
-1.58265023300206,0.0460111747306279
-1.55763168022406,0.0440475956642694
-1.53261312744606,0.0420688272812824
-1.50759457466806,0.0400752958930494
-1.48257602189007,0.038067507713913
-1.45755746911207,0.0360460562265003
-1.43253891633407,0.0340116288827553
-1.40752036355607,0.031965013093823
-1.38250181077807,0.0299071014662416
-1.35748325800007,0.0278388962465069
-1.33246470522207,0.0257615129409465
-1.30744615244407,0.0236761830829711
-1.28242759966607,0.0215842561251102
-1.25740904688807,0.0194872004387877
-1.23239049411008,0.0173866034104894
-1.20737194133208,0.0152841706288157
-1.18235338855408,0.0131817241628427
-1.15733483577608,0.0110811999382167
-1.13231628299808,0.00898464422342894
-1.10729773022008,0.0068942092447356
-1.08227917744208,0.00481214795415195
-1.05726062466408,0.00274080798083268
-1.03224207188608,0.000682624801901802
-1.00722351910809,-0.00135988582561584
-0.982204966330087,-0.00338413612472588
-0.957186413552088,-0.00538747519808561
-0.932167860774089,-0.00736719851028505
-0.90714930799609,-0.00932055789121905
-0.882130755218091,-0.0112447719948049
-0.857112202440092,-0.0131370371435025
-0.832093649662094,-0.0149945384857313
-0.807075096884095,-0.016814461390359
-0.782056544106096,-0.0185940030000072
-0.757037991328097,-0.0203303838629866
-0.732019438550098,-0.0220208595622866
-0.707000885772099,-0.0236627322591851
-0.6819823329941,-0.0252533620687699
-0.656963780216101,-0.0267901781849535
-0.631945227438102,-0.028270689673443
-0.606926674660103,-0.0296924958526
-0.581908121882104,-0.0310532961841842
-0.556889569104105,-0.0323508995986265
-0.531871016326107,-0.0335832331827054
-0.506852463548108,-0.0347483501612954
-0.481833910770109,-0.0358444371092037
-0.45681535799211,-0.0368698203339871
-0.431796805214111,-0.0378229713760189
-0.406778252436112,-0.0387025115779299
-0.381759699658113,-0.039507215681844
-0.356741146880114,-0.0402360144195192
-0.331722594102115,-0.0408879960675696
-0.306704041324116,-0.0414624069473107
-0.281685488546117,-0.0419586508564152
-0.256666935768119,-0.0423762874274222
-0.23164838299012,-0.042715029416158
-0.206629830212121,-0.0429747389312557
-0.181611277434122,-0.043155422624124
-0.156592724656123,-0.0432572258668808
-0.131574171878124,-0.0432804259538414
-0.106555619100125,-0.0432254243701029
-0.0815370663221262,-0.0430927381785125
-0.0565185135441273,-0.0428829905837937
-0.0314999607661284,-0.0425969007397747
-0.00648140798812946,-0.0422352728724434
0.0185371447898694,-0.0417989847979071
0.0435556975678684,-0.0412889759201806
0.0685742503458673,-0.0407062347990369
0.0935928031238662,-0.0400517863828587
0.118611355901865,-0.0393266790054952
0.143629908679864,-0.0385319712495063
0.168648461457863,-0.0376687187808355
0.193667014235862,-0.0367379612618511
0.218685567013861,-0.0357407094508184
0.24370411979186,-0.0346779325961807
0.268722672569859,-0.0335505462335226
0.293741225347857,-0.032359400491761
0.318759778125856,-0.0311052690129453
0.343778330903855,-0.0297888385870555
0.368796883681854,-0.028410699599383
0.393815436459853,-0.0269713373834624
0.418833989237852,-0.0254711245671391
0.443852542015851,-0.0239103144932152
0.46887109479385,-0.0222890357892686
0.493889647571849,-0.0206072881537153
0.518908200349848,-0.0188649394170434
0.543926753127847,-0.0170617239284304
0.568945305905845,-0.0151972423087336
0.593963858683844,-0.0132709626011701
0.618982411461843,-0.0112822228409562
0.644000964239842,-0.0092302350548163
0.669019517017841,-0.00711409069068902
0.69403806979584,-0.00493276746721215
0.719056622573839,-0.00268513762176
0.744075175351838,-0.000369977524998774
0.769093728129837,0.00201402138078462
0.794112280907836,0.00446824037286699
0.819130833685835,0.0069941200323496
0.844149386463833,0.00959314569500895
0.869167939241832,0.0122668318517722
0.894186492019831,0.0150167055908903
0.91920504479783,0.017844289182343
0.944223597575829,0.0207510819128454
0.969242150353828,0.0237385412869439
0.994260703131827,0.0268080637160641
1.01927925590983,0.029960964822912
1.04429780868782,0.0331984594933162
1.06931636146582,0.0365216418113753
1.09433491424382,0.0399314650165966
1.11935346702182,0.0434287216235865
1.14437201979982,0.0470140238457081
1.16939057257782,0.0506877844639967
1.19440912535582,0.0544501982814692
1.21942767813382,0.0583012243008226
1.24444623091182,0.0622405687603585
1.26946478368981,0.066267669158852
1.29448333646781,0.070381679395005
1.31950188924581,0.0745814561411288
1.34452044202381,0.0788655465638313
1.36953899480181,0.0832321774967831
1.39455754757981,0.0876792461621598
1.41957610035781,0.0922043125281711
1.44459465313581,0.0968045933802416
1.46961320591381,0.101476958172997
1.4946317586918,0.106217926719281
1.5196503114698,0.111023668761075
1.5446688642478,0.115890005455532
1.5696874170258,0.120812412797326
1.5947059698038,0.125786026986468
1.6197245225818,0.130805651738472
1.6447430753598,0.135865767521565
1.6697616281378,0.140960542693524
1.6947801809158,0.146083846498756
1.7197987336938,0.151229263874546
1.74481728647179,0.156390112004057
1.76983583924979,0.161559458542709
1.79485439202779,0.166730141434122
1.81987294480579,0.17189479022193
1.84489149758379,0.177045848754487
1.86991005036179,0.182175599170934
1.89492860313979,0.187276187049238
1.91994715591779,0.192339647589793
1.94496570869579,0.197357932701918
1.96998426147378,0.202322938855276
1.99500281425178,0.207226535553759
2.02002136702978,0.212060594285845
2.04503991980778,0.216817017802838
2.07005847258578,0.221487769574718
2.09507702536378,0.226064903272616
2.12009557814178,0.230540592127114
2.14511413091978,0.234907158012716
2.17013268369778,0.239157100110861
2.19515123647577,0.243283123006752
2.22016978925377,0.247278164079025
2.24518834203177,0.251135420045875
2.27020689480977,0.254848372536562
2.29522544758777,0.258410812563281
2.32024400036577,0.261816863775147
2.34526255314377,0.265061004383341
2.37028110592177,0.268138087654449
2.39529965869977,0.271043360877363
2.42031821147776,0.273772482718062
2.44533676425576,0.276321538885749
2.47035531703376,0.278687056043432
2.49537386981176,0.28086601390581
2.52039242258976,0.282855855477304
2.54541097536776,0.284654495393219
2.57042952814576,0.286260326337125
2.59544808092376,0.28767222351774
2.62046663370176,0.288889547198679
2.64548518647976,0.28991214328436
2.67050373925775,0.290740341975172
2.69552229203575,0.291374954514521
2.72054084481375,0.291817268059632
2.74555939759175,0.2920690387169
2.77057795036975,0.292132482791108
2.79559650314775,0.292010266305987
2.82061505592575,0.291705492861214
2.84563360870375,0.291221689898155
2.87065216148174,0.290562793453315
2.89567071425974,0.2897331314846
2.92068926703774,0.288737405861038
2.94570781981574,0.287580673111631
2.97072637259374,0.286268324033401
2.99574492537174,0.284806062262509
3.02076347814974,0.283199881915556
3.04578203092774,0.281456044410762
3.07080058370574,0.279581054580754
3.09581913648374,0.277581636190112
3.12083768926173,0.275464706971665
3.14585624203973,0.273237353295778
3.17087479481773,0.2709068045866
3.19589334759573,0.268480407598399
3.22091190037373,0.265965600663746
3.24593045315173,0.263369888023474
3.27094900592973,0.260700814345953
3.29596755870773,0.257965939540489
3.32098611148573,0.255172813966362
3.34600466426372,0.252328954135436
3.37102321704172,0.249441819002232
3.39604176981972,0.246518786931027
3.42106032259772,0.243567133424816
3.44607887537572,0.240594009696054
3.47109742815372,0.23760642215382
3.49611598093172,0.234611212876583
3.52113453370972,0.231615041134085
3.54615308648772,0.228624366015979
3.57117163926572,0.225645430218888
3.59619019204371,0.222684245037391
3.62120874482171,0.219746576598253
3.64622729759971,0.216837933370938
3.67124585037771,0.213963554981075
3.69626440315571,0.211128402347294
3.72128295593371,0.20833714915544
3.74630150871171,0.205594174677951
3.77132006148971,0.20290355793993
3.7963386142677,0.200269073227319
3.8213571670457,0.197694186926522
3.8463757198237,0.195182055678972
3.8713942726017,0.192735525828318
3.8964128253797,0.190357134132399
3.9214313781577,0.188049109706715
3.9464499309357,0.185813377160996
3.9714684837137,0.183651560885458
3.9964870364917,0.181564990438691
4.02150558926969,0.179554706984669
4.04652414204769,0.177621470722206
4.07154269482569,0.175765769246386
4.09656124760369,0.173987826777885
4.12157980038169,0.172287614192972
4.14659835315969,0.170664859784053
4.17161690593769,0.169119060678144
4.19663545871569,0.167649494838504
4.22165401149369,0.166255233572886
4.24667256427168,0.16493515447051
4.27169111704968,0.163687954688821
4.29670966982768,0.162512164510575
4.32172822260568,0.161406161091554
4.34674677538368,0.160368182319478
4.37176532816168,0.159396340705289
4.39678388093968,0.158488637229064
4.42180243371768,0.15764297506423
4.44682098649568,0.156857173105657
4.47183953927368,0.156128979229433
4.49685809205167,0.155456083214781
4.52187664482967,0.154836129261637
4.54689519760767,0.154266728040768
4.57191375038567,0.153745468217091
4.59693230316367,0.153269927390922
4.62195085594167,0.152837682406316
4.64696940871967,0.152446318980319
4.67198796149767,0.152093440611969
4.69700651427567,0.151776676735065
4.72202506705366,0.151493690084165
4.74704361983166,0.151242183248892
4.77206217260966,0.151019904397415
4.79708072538766,0.150824652155808
4.82209927816566,0.150654279636052
4.84711783094366,0.150506697611373
4.87213638372166,0.150379876843711
4.89715493649966,0.150271849574087
4.92217348927766,0.150180710192566
4.94719204205566,0.150104615110348
4.97221059483365,0.150041781862183
4.99722914761165,0.149990487472813
5.02224770038965,0.149949066126368
5.04726625316765,0.149915906182666
5.07228480594565,0.149889446589044
5.09730335872365,0.14986817274069
5.12232191150165,0.149850611846435
5.14734046427965,0.149835327860526
5.17235901705765,0.149820916044049
5.19737756983564,0.14980599722234
5.22239612261364,0.149789211806927
5.24741467539164,0.149769213652228
5.27243322816964,0.1497446638184
5.29745178094764,0.149714224312393
5.32247033372564,0.149676551879311
5.34748888650364,0.149630291915778
5.37250743928164,0.149574072575974
5.39752599205963,0.149506499139454
5.42254454483763,0.149426148707792
5.44756309761563,0.149331565294469
5.47258165039363,0.149221255369287
5.49760020317163,0.149093683914981
5.52261875594963,0.148947271049623
5.54763730872763,0.14878038926386
5.57265586150563,0.148591361317132
5.59767441428363,0.148378458831657
5.62269296706163,0.148139901617383
5.64771151983962,0.14787385775513
5.67273007261762,0.147578444458956
5.69774862539562,0.147251729732431
5.72276717817362,0.1468917348269
5.74778573095162,0.146496437503192
5.77280428372962,0.146063776091515
5.79782283650762,0.145591654337554
5.82284138928562,0.145077947016115
5.84785994206362,0.14452050628709
5.87287849484161,0.143917168762094
5.89789704761961,0.143265763243889
5.92291560039761,0.14256411909474
5.94793415317561,0.141810075184163
5.97295270595361,0.141001489361172
5.99797125873161,0.140136248391185
6.02298981150961,0.13921227829318
6.04800836428761,0.138227555008637
6.07302691706561,0.137180115330193
6.0980454698436,0.13606806801485
6.1230640226216,0.134889605004068
6.1480825753996,0.133643012671106
6.1731011281776,0.132326683014567
6.1981196809556,0.130939124716354
6.2231382337336,0.129478973982029
6.2481567865116,0.127945005082012
6.2731753392896,0.126336140513055
6.2981938920676,0.124651460701089
6.32321244484559,0.122890213168729
6.34823099762359,0.121051821093517
6.37324955040159,0.119135891186337
6.39826810317959,0.117142220823312
6.42328665595759,0.115070804368855
6.44830520873559,0.112921838632446
6.47332376151359,0.110695727406954
6.49834231429159,0.108393085042082
6.52336086706959,0.106014739012531
6.54837941984758,0.103561731446897
6.57339797262558,0.101035319589981
6.59841652540358,0.0984369751780724
6.62343507818158,0.0957683827138577
6.64845363095958,0.0930314366348176
6.67347218373758,0.0902282373762588
6.69849073651558,0.0873610863374699
6.72350928929358,0.0844324797667821
6.74852784207158,0.0814451015885663
6.77354639484957,0.0784018152023133
6.79856494762757,0.0753056542908962
6.82358350040557,0.0721598126818538
6.84860205318357,0.0689676333120101
6.87362060596157,0.0657325963519164
6.89863915873957,0.0624583065524295
6.92365771151757,0.0591484798811741
6.94867626429557,0.0558069295216633
6.97369481707357,0.0524375513124002
6.99871336985156,0.049044308707367
7.02373192262956,0.045631217342862
7.04875047540756,0.0422023292986689
7.07376902818556,0.0387617171440075
7.09878758096356,0.035313457860605
7.12380613374156,0.0318616167365275
7.14882468651956,0.0284102313251255
7.17384323929756,0.0249632955635494
7.19886179207556,0.0215247441447988
7.22388034485356,0.0180984372361799
7.24889889763155,0.0146881456353597
7.27391745040955,0.0112975364529409
7.29893600318755,0.0079301594076514
7.32395455596555,0.00458943381685973
7.34897310874355,0.00127863636122052
7.37399166152155,-0.00199911030216129
7.39901021429955,-0.0052408480085467
7.42402876707755,-0.00844379257219673
7.44904731985555,-0.0116053422324069
7.47406587263354,-0.0147230850066588
7.49908442541154,-0.017794804905066
7.52410297818954,-0.0208184869670668
7.54912153096754,-0.0237923210883399
7.57414008374554,-0.0267147046131679
7.59915863652354,-0.0295842436748909
7.62417718930154,-0.0323997532746419
7.64919574207954,-0.0351602560961808
7.67421429485753,-0.0378649800623217
7.69923284763554,-0.0405133546460976
7.72425140041353,-0.0431050059574242
7.74926995319153,-0.0456397506335235
7.77428850596953,-0.0481175885687426
7.79930705874753,-0.0505386945265771
7.82432561152553,-0.0529034086836672
7.84934416430353,-0.055212226162215
7.87436271708153,-0.0574657856136553
7.89938126985953,-0.0596648569224453
7.92439982263753,-0.0618103281044966
7.94941837541552,-0.063903191480023
7.97443692819352,-0.0659445292053846
7.99945548097152,-0.0679354982528492
8.02447403374952,-0.0698773149310431
8.04949258652752,-0.0717712390421957
8.07451113930552,-0.0736185577750892
8.09952969208352,-0.0754205694348773
8.12454824486152,-0.0771785671126275
8.14956679763952,-0.0788938223985703
8.17458535041751,-0.080567569243572
8.19960390319551,-0.0822009880733192
8.22462245597351,-0.0837951902590708
8.24964100875151,-0.0853512030476384
8.27465956152951,-0.0868699550514689
8.29967811430751,-0.0883522623973597
8.32469666708551,-0.0897988156294253
8.3497152198635,-0.0912101674584878
8.37473377264151,-0.0925867214460721
8.39975232541951,-0.0939287217067082
8.4247708781975,-0.0952362437072443
8.4497894309755,-0.0965091862364319
8.4748079837535,-0.097747264612146
8.4998265365315,-0.0989500051872884
8.5248450893095,-0.100116741208729
8.5498636420875,-0.101246610076576
8.57488219486549,-0.10233855204368
8.5999007476435,-0.103391310387622
8.62491930042149,-0.104403433079475
8.64993785319949,-0.105373275965489
8.67495640597749,-0.106299007469537
8.69997495875549,-0.107178614815624
8.72499351153349,-0.108009911761231
8.75001206431149,-0.108790547823589
8.77503061708949,-0.109518018972284
8.80004916986749,-0.110189679752982
8.82506772264549,-0.110802756798411
8.85008627542348,-0.111354363674283
8.87510482820148,-0.111841516999446
8.90012338097948,-0.112261153771423
8.92514193375748,-0.112610149820539
8.95016048653548,-0.112885339308175
8.97517903931348,-0.113083535177333
9.00019759209148,-0.113201550456734
9.02521614486948,-0.113236220313029
9.05023469764748,-0.113184424739597
9.07525325042547,-0.113043111764707
9.10027180320347,-0.112809321056652
9.12529035598147,-0.112480207798912
9.15030890875947,-0.112053066704337
9.17532746153747,-0.111525356034
9.20034601431547,-0.110894721483627
9.22536456709347,-0.110159019798482
9.25038311987147,-0.109316341976267
9.27540167264947,-0.108365035916991
9.30042022542746,-0.107303728378984
9.32543877820546,-0.10613134610114
9.35045733098346,-0.104847135953265
9.37547588376146,-0.103450683978933
9.40049443653946,-0.101941933198625
9.42551298931746,-0.100321200045108
9.45053154209546,-0.098589189307992
9.47555009487346,-0.0967470074701808
9.50056864765146,-0.0947961743255209
9.52558720042945,-0.0927386327742951
9.55060575320745,-0.0905767567013001
9.57562430598545,-0.0883133568500637
9.60064285876345,-0.0859516846162597
9.62566141154145,-0.0834954336935216
9.65067996431945,-0.0809487395156059
9.67569851709745,-0.0783161764501527
9.70071706987545,-0.0756027527110864
9.72573562265345,-0.0728139029689233
9.75075417543145,-0.0699554786508547
9.77577272820944,-0.0670337359353628
9.80079128098744,-0.0640553214592504
9.82580983376544,-0.0610272557682324
9.85082838654344,-0.0579569145555622
9.87584693932144,-0.0548520077464834
9.90086549209944,-0.0517205564994996
9.92588404487744,-0.0485708682084691
9.95090259765544,-0.0454115096022573
9.97592115043344,-0.0422512780510377
10.0009397032114,-0.0390991712002255
10.0259582559894,-0.035964355064372
10.0509768087674,-0.0328561307240545
10.0759953615454,-0.0297838997787859
10.1010139143234,-0.0267571287181518
10.1260324671014,-0.0237853123816999
10.1510510198794,-0.0208779366854602
10.1760695726574,-0.01804444079933
10.2010881254354,-0.0152941789648325
10.2261066782134,-0.0126363821469009
10.2511252309914,-0.0100801197163282
10.2761437837694,-0.00763426136128445
10.3011623365474,-0.00530743942684146
10.3261808893254,-0.0031080118807221
10.3511994421034,-0.00104402610150327
10.3762179948814,0.000876816317753347
10.4012365476594,0.00264719356197945
10.4262551004374,0.00426019619997445
10.4512736532154,0.0057093582279197
10.4762922059934,0.00698868638290651
10.5013107587714,0.00809268756809865
10.5263293115494,0.00901639424146472
10.5513478643274,0.00975538763132297
10.5763664171054,0.0103058186541723
10.6013849698834,0.0106644264233497
10.6264035226614,0.0108285542508693
10.6514220754394,0.0107961630592641
10.6764406282174,0.0105658421352608
10.7014591809954,0.0101368171725685
10.7264777337734,0.00950895556684134
10.7514962865514,0.00868276894186086
10.7765148393294,0.00765941290206966
10.8015333921074,0.00644068402264649
10.8265519448854,0.00502901410423284
10.8515704976634,0.00342746173507871
10.8765890504414,0.00163970121866389
10.9016076032194,-0.000329991060352239
10.9266261559974,-0.00247675274478734
10.9516447087754,-0.00479515398762782
10.9766632615534,-0.00727921819546031
11.0016818143314,-0.00992244490751474
11.0267003671094,-0.0127178346743125
11.0517189198874,-0.0156579157900812
11.0767374726654,-0.0187347727243579
11.1017560254434,-0.0219400760906263
11.1267745782214,-0.0252651139834525
11.1517931309994,-0.0287008245104421
11.1768116837774,-0.0322378293414499
11.2018302365554,-0.0358664680948629
11.2268487893334,-0.0395768333794292
11.2518673421114,-0.0433588063100218
11.2768858948894,-0.0472020923168929
11.3019044476674,-0.051096257070336
11.3269230004454,-0.0550307623462307
11.3519415532234,-0.058995001662595
11.3769601060014,-0.0629783355230151
11.4019786587794,-0.0669701261095295
11.4269972115574,-0.0709597712752067
11.4520157643354,-0.0749367376951237
11.4770343171134,-0.0788905930437047
11.5020528698914,-0.0828110370762606
11.5270714226694,-0.086687931503045
11.5520899754474,-0.0905113285550516
11.5771085282254,-0.0942714981520741
11.6021270810034,-0.0979589535950902
11.6271456337814,-0.101564475716739
11.6521641865594,-0.105079135435414
11.6771827393374,-0.108494314670213
11.7022012921154,-0.111801725585566
11.7272198448934,-0.114993428145691
11.7522383976714,-0.118061845970054
11.7772569504494,-0.120999780491626
11.8022755032274,-0.12380042342986
11.8272940560054,-0.126457367599875
11.8523126087834,-0.128964616088335
11.8773311615614,-0.131316589834746
11.9023497143394,-0.13350813366454
11.9273682671173,-0.135534520827063
11.9523868198953,-0.137391456097661
11.9774053726733,-0.139075077508263
12.0024239254513,-0.140581956775247
12.0274424782293,-0.141909098496973
12.0524610310073,-0.143053938196074
12.0774795837853,-0.144014339283587
12.1024981365633,-0.14478858902308
12.1275166893413,-0.145375393573386
12.1525352421193,-0.145773872188126
12.1775537948973,-0.145983550649225
12.2025723476753,-0.146004354009885
12.2275909004533,-0.145836598720216
12.2526094532313,-0.145480984205895
12.2776280060093,-0.14493858396691
12.3026465587873,-0.144210836259722
12.3276651115653,-0.143299534422074
12.3526836643433,-0.142206816895325
12.3777022171213,-0.140935156994548
12.4027207698993,-0.139487352471878
12.4277393226773,-0.137866514913733
12.4527578754553,-0.136076059007611
12.4777764282333,-0.134119691709303
12.5027949810113,-0.132001401336564
12.5278135337893,-0.129725446610637
12.5528320865673,-0.127296345662533
12.5778506393453,-0.124718865016772
12.6028691921233,-0.121998008561305
12.6278877449013,-0.119139006508714
12.6529062976793,-0.116147304350479
12.6779248504573,-0.113028551803178
12.7029434032353,-0.109788591742943
12.7279619560133,-0.10643344912238
12.7529805087913,-0.102969319862431
12.7779990615693,-0.0994025597103753
12.8030176143473,-0.0957396730542703
12.8280361671253,-0.0919873016837037
12.8530547199033,-0.0881522134866232
12.8780732726813,-0.0842412910723664
12.9030918254593,-0.080261520311677
12.9281103782373,-0.0762199787855344
12.9531289310153,-0.0721238241359612
12.9781474837933,-0.0679802823135957
13.0031660365713,-0.0637966357186998
13.0281845893493,-0.0595802112343652
13.0532031421273,-0.0553383681529532
13.0782216949053,-0.0510784859992282
13.1032402476833,-0.0468079522561681
13.1282588004613,-0.0425341500020298
13.1532773532393,-0.0382644454698769
13.1782959060173,-0.0340061755433965
13.2033144587953,-0.0297666352054159
13.2283330115733,-0.0255530649580381
13.2533515643513,-0.0213726382357197
13.2783701171293,-0.0172324488348822
13.3033886699073,-0.0131394983857591
13.3284072226853,-0.00910068389410209
13.3534257754633,-0.0051227853820856
13.3784443282413,-0.00121245365924388
13.4034628810193,0.00262380174447562
13.4284814337973,0.00637962445045757
13.4534999865753,0.0100488228741325
13.4785185393533,0.0136253816043587
13.5035370921313,0.0171034724849568
13.5285556449093,0.0204774653639437
13.5535741976873,0.0237419384763306
13.5785927504653,0.0268916884269281
13.6036113032433,0.0299217397404258
13.6286298560213,0.0328273539470762
13.6536484087993,0.0356040381735954
13.6786669615773,0.0382475532103913
13.7036855143553,0.0407539210279099
13.7287040671333,0.0431194317167555
13.7537226199113,0.0453406498282529
13.7787411726893,0.0474144200942742
13.8037597254673,0.0493378725074208
13.8287782782453,0.0511084267450146
13.8537968310233,0.0527237959227997
13.8788153838013,0.0541819896667472
13.9038339365793,0.0554813164939007
13.9288524893573,0.0566203854957523
13.9538710421353,0.0575981073201979
13.9788895949133,0.0584136944506688
14.0039081476913,0.0590666607835491
14.0289267004693,0.059556820507461
14.0539452532473,0.0598842862904183
14.0789638060253,0.0600494667831937
14.1039823588033,0.0600530634495212
14.1290009115813,0.0598960667359376
14.1540194643593,0.0595797515961624
14.1790380171373,0.0591056723869103
14.2040565699152,0.0584756571539217
14.2290751226932,0.057691801328785
14.2540936754712,0.0567564608587989
14.2791122282492,0.0556722447936946
14.3041307810272,0.0544420073544934
14.3291493338052,0.0530688395111243
14.3541678865832,0.0515560600966687
14.3791864393612,0.0499072064872257
14.4042049921392,0.0481260248774253
14.4292235449172,0.0462164601825337
14.4542420976952,0.0441826455989197
14.4792606504732,0.0420288918553678
14.5042792032512,0.0397596761883487
14.5292977560292,0.0373796310748815
14.5543163088072,0.0348935327570486
14.5793348615852,0.0323062895925605
14.6043534143632,0.0296229302660007
14.6293719671412,0.026848591895528
14.6543905199192,0.0239885080698534
14.6794090726972,0.0210479968502591
14.7044276254752,0.018032448772274
14.7294461782532,0.0149473148813692
14.7544647310312,0.0117980948366701
14.7794832838092,0.00859032511622906
14.8045018365872,0.00532956735681607
14.8295203893652,0.00202139686050605
14.8545389421432,-0.00132860870047068
14.8795574949212,-0.0047148803500616
14.9045760476992,-0.00813186861640797
14.9295946004772,-0.0115740540532015
14.9546131532552,-0.0150359574473362
14.9796317060332,-0.0185121496872224
15.0046502588112,-0.0219972612676727
15.0296688115892,-0.0254859914089338
15.0546873643672,-0.0289731167692261
15.0797059171452,-0.0324534997320544
15.1047244699232,-0.0359220962515773
15.1297430227012,-0.0393739632414395
15.1547615754792,-0.0428042654947069
15.1797801282572,-0.0462082821248498
15.2047986810352,-0.0495814125201267
15.2298172338132,-0.0529191818061727
15.2548357865912,-0.0562172458141314
15.2798543393692,-0.0594713955542128
15.3048728921472,-0.0626775611971561
15.3298914449252,-0.0658318155686568
15.3549099977032,-0.0689303771644033
15.3799285504812,-0.0719696126959084
15.4049471032592,-0.0749460391798216
15.4299656560372,-0.0778563255858308
15.4549842088152,-0.0806972940605918
15.4800027615932,-0.0834659207473433
15.5050213143712,-0.0861593362229431
15.5300398671492,-0.0887748255759933
15.5550584199272,-0.0913098281514635
15.5800769727052,-0.0937619369887851
15.6050955254832,-0.0961288979817229
15.6301140782612,-0.098408608789446
15.6551326310392,-0.100599117529084
15.6801511838172,-0.102698621280658
15.7051697365952,-0.104705464435624
15.7301882893732,-0.106618136920297
15.7552068421512,-0.108435272325242
15.7802253949292,-0.110155645971141
15.8052439477072,-0.111778172940897
15.8302625004852,-0.113301906106594
15.8552810532632,-0.114726034178576
15.8802996060412,-0.116049879802239
15.9053181588192,-0.117272897726226
15.9303367115972,-0.118394673063506
15.9553552643752,-0.119414919664451
15.9803738171532,-0.120333478618375
16.0053923699312,-0.121150316897183
16.0304109227092,-0.121865526151802
16.0554294754872,-0.122479321668939
16.0804480282652,-0.122992041492461
16.1054665810432,-0.123404145710392
16.1304851338212,-0.12371621590513
16.1555036865992,-0.123928954761144
16.1805222393772,-0.124043185821005
16.2055407921552,-0.124059853377345
16.2305593449332,-0.123980022485096
16.2555778977112,-0.123804879075304
16.2805964504892,-0.123535730148856
16.3056150032672,-0.123174004025775
16.3306335560452,-0.122721250623211
16.3556521088232,-0.122179141733023
16.3806706616012,-0.121549471267917
16.4056892143792,-0.120834155443437
16.4307077671572,-0.120035232861847
16.4557263199352,-0.119154864462966
16.4807448727131,-0.118195333306482
16.5057634254911,-0.117159044150079
16.5307819782692,-0.116048522787936
16.5558005310471,-0.114866415114799
16.5808190838251,-0.113615485881828
16.6058376366031,-0.112298617111889
16.6308561893811,-0.110918806143767
16.6558747421591,-0.109479163277017
16.6808932949371,-0.107982908991725
16.7058020886891,-0.106465321302074
16.7307604884409,-0.104962041042237
16.7557191161587,-0.10347661464876
16.7806778070116,-0.102012691025673
16.8056363960196,-0.100574016507668
16.8305947179656,-0.0991644291964125
16.8555526073078,-0.0977878527954654
16.8805098980903,-0.0964482899490836
16.9054664238547,-0.0951498150948867
16.9304220175498,-0.0938965668450139
16.9553765114407,-0.0926927399150952
16.9803297370171,-0.0915425766249807
17.0052815249006,-0.0904503579996884
17.0302317047502,-0.0894203945034134
17.0551801051671,-0.0884570164436294
17.0801265535978,-0.0875645640862614
17.1050708762352,-0.0867473775266003
17.1300128979184,-0.0860097863639945
17.1549524420305,-0.085356099231376
17.1798893303941,-0.0847905932333291
17.204823383165,-0.0843175033486242
17.2297544187229,-0.0839410118549569
17.2546822535602,-0.0836652378349444
17.2796067021674,-0.0834942268233104
17.3045275769167,-0.0834319406555476
17.3294446879409,-0.0834822475782201
17.3543578430106,-0.0836489126804331
17.3792668474069,-0.0839355887048642
17.4041715037907,-0.0843458072951027
17.429071612068,-0.084882970733936
17.4539669692514,-0.0855503442246023
17.4788573693163,-0.0863510487639873
17.5037426030535,-0.0872880546532442
17.528622457916,-0.088364175687417
17.553496717861,-0.0895820640613835
17.5783651631861,-0.090944206024809
17.6032275703597,-0.0924529183138822
17.6280837118455,-0.0941103453824284
17.6529333559196,-0.0959184574495792
17.6777762664819,-0.0978790493756017
17.7026122028588,-0.099993740371771
17.7274409195989,-0.102263974544378
17.7522621662607,-0.104691022267133
17.7770756871907,-0.107275982370406
17.8018812212934,-0.110019785130002
17.8266785017903,-0.112923196032512
17.8514672559698,-0.115986820288823
17.8762472049256,-0.119211108062073
17.9010180632832,-0.122596360371327
17.9257795389151,-0.126142735627506
17.9505313326417,-0.129850256753712
17.9752731379203,-0.133718818838049
18.0000046405172,-0.137748197263419
18.0247255181664,-0.141938056255582
18.0494354402109,-0.146287957788014
18.0741340672262,-0.150797370779896
18.0988210506264,-0.155465680521769
18.1234960322497,-0.160292198262201
18.1481586439234,-0.16527617088812
18.1728085070065,-0.170416790631294
18.1974452319088,-0.175713204733836
18.2220684175848,-0.181164525006549
18.2466776510005,-0.186769837215362
18.2712725065722,-0.192528210233118
18.2958525455737,-0.198438704896455
18.3204173155127,-0.204500382510513
18.3449663494708,-0.210712312947661
18.3694991654071,-0.217073582290358
18.3940152654226,-0.22358329997257
18.4185141349813,-0.230240605378895
18.4429952420866,-0.237044673865624
18.4674580364089,-0.243994722173348
18.491901948361,-0.251090013206404
18.5163263881178,-0.258329860160359
18.540730744576,-0.265713629984849
18.5651143842493,-0.273240746175367
18.589476650095,-0.280910690893962
18.6138168602652,-0.28872300642528
18.6381343067788,-0.296677295980848
18.6624282541068,-0.304773223870949
18.6866979376648,-0.313010515069853
18.7109425622048,-0.321388954206428
18.7351613000986,-0.329908384018311
18.759353289505,-0.338568703313755
18.7835176324087,-0.347369864490994
18.8076533925231,-0.356311870670409
18.8317595930445,-0.365394772499943
18.8558352142438,-0.374618664699016
18.8798791908842,-0.383983682410659
18.9038904094482,-0.393489997435648
18.9278677051573,-0.403137814426047
18.9518098587662,-0.41292736711883
18.9757155931111,-0.422858914692971
18.9995835693902,-0.432932738335707
19.02341238315,-0.443149138105502
19.0472005599523,-0.453508430180566
19.0709465506894,-0.464010944582612
19.0946487265146,-0.474657023465928
19.1183053733514,-0.485447020061631
19.141914685938,-0.496381298366415
19.1654747613627,-0.507460233663919
19.1889835920367,-0.518684213965312
19.2124390580489,-0.530053642453549
19.2358389188362,-0.541568941013281
19.2591808040986,-0.553230554925317
19.282462203879,-0.565038958801098
19.3056804577158,-0.576994663828603
19.3288327427685,-0.589098226396639
19.3519160608019,-0.601350258159375
19.3749272239001,-0.613751437597314
19.3978628387675,-0.626302523124461
19.4207192894525,-0.639004367784284
19.4434927183119,-0.651857935568729
19.4661790050071,-0.66486431938516
19.4887737432993,-0.678024760684973
19.5112722153776,-0.691340670754711
19.5336693634205,-0.704813653654929
19.5559597580509,-0.718445530773399
19.5781375633004,-0.732238366936405
19.6001964976479,-0.746194497993775
19.6221297906398,-0.760316559758412
19.6439301345354,-0.774607518137529
19.6655896303503,-0.789070700238018
19.68709972759,-0.803709826159452
19.7084511568808,-0.818529041101021
19.7296338546116,-0.833532947298411
19.7506368786001,-0.84872663516701
19.771448313699,-0.864115712851113
19.7920551661543,-0.879706333155524
19.8124432454444,-0.895505216554445
19.8325970322548,-0.911519668618845
19.8524995312167,-0.927757589761128
19.8721321070692,-0.944227474646016
19.8914743030318,-0.96093839793857
19.9105036404538,-0.97789998223318
19.9291953992958,-0.995122343012726
19.9475223797968,-1.01261600431393
19.9654546469077,-1.03039177742794
19.9829592608817,-1.048460593478
20,-1.06683327917145
