-20,-0.772750961261711
-19.9830345335902,-0.752976935613023
-19.9656300829031,-0.7336430890048
-19.947816595895,-0.714740225368956
-19.9296216493467,-0.696258815187256
-19.9110706232894,-0.678189134519037
-19.8921868716263,-0.660521373442381
-19.872991885823,-0.643245719253087
-19.8535054497158,-0.626352419048081
-19.8337457843512,-0.609831825636764
-19.813729682394,-0.593674430101076
-19.7934726320759,-0.577870883773519
-19.7729889309478,-0.56241201192419
-19.7522917898953,-0.547288821039612
-19.731393427984,-0.532492501231571
-19.7103051587684,-0.518014425026031
-19.6890374687146,-0.503846143542812
-19.6676000883849,-0.489979380878938
-19.6460020570136,-0.476406027345794
-19.6242517810664,-0.463118132076655
-19.6023570873414,-0.450107895411849
-19.580325271128,-0.437367661379429
-19.5581631398967,-0.424889910516257
-19.5358770529536,-0.412667253214895
-19.5134729574521,-0.400692423733102
-19.4909564211199,-0.388958274963149
-19.4683326620222,-0.377457774025876
-19.4456065756523,-0.366183998728076
-19.4227827596102,-0.355130134900358
-19.3998655361055,-0.344289474615172
-19.3768589724949,-0.333655415270507
-19.3537669000442,-0.323221459513301
-19.3305929310851,-0.312981215967336
-19.3073404747201,-0.302928400723018
-19.2840127512127,-0.293056839540587
-19.2606128051854,-0.283360470713777
-19.237143517738,-0.273833348537503
-19.2136076175841,-0.264469647320665
-19.1900076912974,-0.255263665883485
-19.1663461927463,-0.246209832477793
-19.1426254517914,-0.237302710068317
-19.1188476823106,-0.228537001913159
-19.0950149896112,-0.219907557382277
-19.0711293772818,-0.211409377953779
-19.0471927535332,-0.203037623329228
-19.0232069370717,-0.194787617610803
-18.9991736625438,-0.186654855485126
-18.9750945855883,-0.178635008360702
-18.9509712875291,-0.170723930408291
-18.9268052797375,-0.162917664456024
-18.9025980076899,-0.155212447693713
-18.8783508547477,-0.147604717143516
-18.854065145679,-0.140091114856926
-18.8297421499441,-0.132668492800824
-18.8053830847623,-0.12533391739823
-18.7809891179774,-0.118084673692137
-18.7565613707365,-0.110918269103631
-18.7321009199972,-0.103832436758199
-18.7076088008754,-0.0968251383567697
-18.6830860088453,-0.089894566570611
-18.6585335018032,-0.0830391469416043
-18.6339522020043,-0.0762575392718032
-18.6093429978814,-0.0695486384883562
-18.5847067457558,-0.0629115749719686
-18.5600442714444,-0.0563457143390202
-18.5353563717746,-0.049850656669273
-18.5106438160094,-0.0434262351727872
-18.4859073471919,-0.037072514291224
-18.4611476834127,-0.0307897872301515
-18.436365519006,-0.0245785729203078
-18.41156152568,-0.0184396124070032
-18.3867363535843,-0.0123738646679974
-18.3618906323198,-0.00638250186127076
-18.3370249718942,-0.000466904005122563
-18.3121399636267,0.00537134690596298
-18.287236181005,0.0111304733452931
-18.2623141804986,0.0168085092524116
-18.2373745023289,0.0224033075796635
-18.2124176712017,0.027912548379513
-18.187444197002,0.0333337474241757
-18.1624545754547,0.0386642653479997
-18.1374492887527,0.0439013173018104
-18.1124288061551,0.0490419831071321
-18.0873935845564,0.054083217896784
-18.0623440690286,0.0590218632268301
-18.0372806933388,0.0638546586432163
-18.0122038804422,0.0685782536846659
-17.987114042953,0.0731892203015183
-17.9620115835945,0.0776840656681835
-17.9368968956287,0.08205924536476
-17.9117703632679,0.0863111769011372
-17.8866323620677,0.0904362535545605
-17.8614832593045,0.0944308584892321
-17.8363234143362,0.0982913791240314
-17.811153178949,0.102014221711916
-17.7859728976894,0.105595826092002
-17.7607829081837,0.10903268057276
-17.7355835414448,0.112321336902252
-17.7103751221672,0.115458425278811
-17.6851579690108,0.118440669353216
-17.6599323948747,0.12126490117107
-17.6346987071609,0.123928076001988
-17.6094572080284,0.126427287000203
-17.5842081946393,0.128759779639428
-17.5589519593955,0.130922965863292
-17.5336887901691,0.13291443789138
-17.5084189705237,0.134731981619951
-17.4831427799308,0.136373589555739
-17.4578604939778,0.137837473220922
-17.4325723845712,0.139122074967425
-17.4072787201335,0.140226079139133
-17.3819797657949,0.141148422521453
-17.3566757835801,0.141888304018904
-17.3313670325899,0.142445193503106
-17.3060537691791,0.142818839775631
-17.2807362471299,0.143009277592729
-17.2554147178213,0.143016833701893
-17.2300894303957,0.142842131843607
-17.2047606319215,0.142486096675415
-17.1794285675533,0.141949956579624
-17.1540934806888,0.141235245320492
-17.1287556131237,0.140343802521668
-17.1034152052043,0.139277772939845
-17.0780724959777,0.138039604516105
-17.0527277233408,0.136632045192179
-17.027381124187,0.135058138484824
-17.0020329345525,0.133321217817646
-16.9766833897605,0.131424899616003
-16.9513327245653,0.129373075176934
-16.9259811732953,0.12716990133252
-16.9006010986387,0.124858304716224
-16.8752210239822,0.122481464861002
-16.8498409493256,0.120044290247817
-16.8244608746691,0.117551917273811
-16.7990808000125,0.115009695403752
-16.7737007253559,0.112423171363397
-16.7483206506994,0.109798072435073
-16.7229405760428,0.107140288920788
-16.6975605013863,0.104455855842829
-16.6721804267297,0.10175093395606
-16.6468003520731,0.0990317901499009
-16.6214202774166,0.0963047773213243
-16.59604020276,0.0935763138030351
-16.5706601281035,0.0908528624333017
-16.5452800534469,0.088140909355713
-16.5198999787903,0.0854469426383699
-16.4945199041338,0.0827774308027148
-16.4691398294772,0.080138801352347
-16.4437597548207,0.0775374193917622
-16.4183796801641,0.0749795664240079
-16.3929996055075,0.0724714194147694
-16.367619530851,0.0700190302084129
-16.3422394561944,0.0676283053790312
-16.3168593815379,0.0653049865965975
-16.2914793068813,0.0630546315849505
-16.2660992322247,0.0608825957445573
-16.2407191575682,0.0587940145088481
-16.2153390829116,0.056793786498448
-16.1899590082551,0.0548865575328687
-16.1645789335985,0.0530767055542221
-16.139198858942,0.0513683265123155
-16.1138187842854,0.0497652212551419
-16.0884387096288,0.0482708834633157
-16.0630586349723,0.0468884886614916
-16.0376785603157,0.0456208843342713
-16.0122984856592,0.0444705811686064
-15.9869184110026,0.0434397454392757
-15.961538336346,0.0425301925487127
-15.9361582616895,0.0417433817272971
-15.9107781870329,0.041080411895266
-15.8853981123764,0.0405420186826597
-15.8600180377198,0.0401285725992309
-15.8346379630632,0.0398400783420459
-15.8092578884067,0.0396761752245983
-15.7838778137501,0.0396361387076825
-15.7584977390936,0.0397188830090217
-15.733117664437,0.039922964765745
-15.7077375897804,0.0402465877212561
-15.6823575151239,0.0406876084058271
-15.6569774404673,0.041243542778398
-15.6315973658108,0.0419115737955355
-15.6062172911542,0.0426885598723138
-15.5808372164976,0.04357104419899
-15.5554571418411,0.0445552648767534
-15.5300770671845,0.0456371658354933
-15.504696992528,0.0468124084964517
-15.4793169178714,0.0480763841427407
-15.4539368432149,0.049424226961022
-15.4285567685583,0.0508508277180984
-15.4031766939017,0.052350848036745
-15.3777966192452,0.0539187352357694
-15.3524165445886,0.0555487376999904
-15.3270364699321,0.0572349207465569
-15.3016563952755,0.058971182954725
-15.2762763206189,0.0607512729268693
-15.2508962459624,0.0625688064490725
-15.2255161713058,0.0644172840201052
-15.2001360966493,0.0662901087179284
-15.1747560219927,0.0681806043730269
-15.1493759473361,0.0700820340178676
-15.1239958726796,0.0719876185815762
-15.098615798023,0.0738905557985196
-15.0732357233665,0.0757840392988548
-15.0478556487099,0.0776612778482679
-15.0224755740533,0.0795155147030718
-14.9970954993968,0.0813400470455572
-14.9717154247402,0.0831282454630278
-14.9463353500837,0.0848735734322859
-14.9209552754271,0.086569606769506
-14.8955752007706,0.0882100530034606
-14.870195126114,0.0897887706279543
-14.8448150514574,0.0912997881871394
-14.8194349768009,0.0927373231451286
-14.7940549021443,0.0940958004890446
-14.7686748274878,0.0953698710123892
-14.7432947528312,0.0965544292234041
-14.7179146781746,0.0976446308209857
-14.6925346035181,0.0986359096787447
-14.6671545288615,0.0995239942760103
-14.641774454205,0.100304923513013
-14.6163943795484,0.10097506184618
-14.5910143048918,0.101531113678492
-14.5656342302353,0.101970136939193
-14.5402541555787,0.102289555786899
-14.5148740809222,0.102487172370308
-14.4894940062656,0.102561177581303
-14.464113931609,0.102510160736345
-14.4387338569525,0.102333118123627
-14.4133537822959,0.102029460355545
-14.3879737076394,0.101599018468681
-14.3625936329828,0.101042048716664
-14.3372135583262,0.100359236004955
-14.3118334836697,0.0995516959208696
-14.2864534090131,0.0986209753168993
-14.2610733343566,0.097569051410693
-14.2356932597,0.0963983293708155
-14.2103131850435,0.0951116383636586
-14.1849331103869,0.0937122260435414
-14.1595530357303,0.0922037514751237
-14.1341729610738,0.0905902764846756
-14.1087928864172,0.0888762554444942
-14.0834128117607,0.0870665235027525
-14.0580327371041,0.0851662832792695
-14.0326526624475,0.083181090056039
-14.007272587791,0.0811168354997851
-13.9818925131344,0.0789797299622711
-13.9565124384779,0.0767762834124916
-13.9311323638213,0.0745132850631841
-13.9057522891647,0.0721977817622158
-13.8803722145082,0.0698370552272842
-13.8549921398516,0.0674385982099367
-13.8296120651951,0.0650100896821177
-13.8042319905385,0.0625593691452075
-13.7788519158819,0.0600944101677889
-13.7534718412254,0.057623293264088
-13.7280917665688,0.0551541782301467
-13.7027116919123,0.0526952760592439
-13.6773316172557,0.0502548205618379
-13.6519515425992,0.0478410398183325
-13.6265714679426,0.0454621275952255
-13.601191393286,0.0431262148566612
-13.5758113186295,0.0408413415040562
-13.5504312439729,0.0386154284762877
-13.5250511693164,0.036456250341913
-13.4996710946598,0.0343714085130304
-13.4742910200032,0.0323683052077052
-13.4489109453467,0.0304541182843671
-13.4235308706901,0.0286357770672792
-13.3981507960336,0.0269199392770833
-13.372770721377,0.0253129691745934
-13.3473906467204,0.0238209170194665
-13.3220105720639,0.0224494999381696
-13.2966304974073,0.0212040842878362
-13.2712504227508,0.020089669594217
-13.2458703480942,0.0191108741330299
-13.2204902734376,0.0182719222146741
-13.1951101987811,0.0175766332225467
-13.1697301241245,0.017028412445165
-13.144350049468,0.0166302437320134
-13.1189699748114,0.0163846839925798
-13.0935899001548,0.0162938595474927
-13.0682098254983,0.0163594643300855
-13.0428297508417,0.01658275992618
-13.0174496761852,0.0169645774294621
-12.9920696015286,0.0175053210795906
-12.9666895268721,0.0182049736402145
-12.9413094522155,0.0190631034644219
-12.9159293775589,0.0200788731858944
-12.8905493029024,0.0212510499652307
-12.8651692282458,0.0225780172126131
-12.8397891535893,0.0240577877002494
-12.8144090789327,0.0256880179709051
-12.7890290042761,0.027466023942368
-12.7636489296196,0.0293887976019124
-12.738268854963,0.0314530246797844
-12.7128887803065,0.0336551031864361
-12.6875087056499,0.0359911626947228
-12.6621286309933,0.0384570842455637
-12.6367485563368,0.0410485207536488
-12.6113684816802,0.0437609177886842
-12.5859884070237,0.0465895346073753
-12.5606083323671,0.0495294653118707
-12.5352282577105,0.0525756600117019
-12.509848183054,0.0557229458683487
-12.4844681083974,0.0589660479044049
-12.4590880337409,0.0622996094628987
-12.4337079590843,0.0657182122065959
-12.4083278844278,0.0692163955520493
-12.3829478097712,0.0727886754387127
-12.3575677351146,0.0764295623395765
-12.3321876604581,0.0801335784264412
-12.3068075858015,0.0838952738100906
-12.281427511145,0.0877092417831996
-12.2560474364884,0.09157013300175
-12.2306673618318,0.0954726685489879
-12.2052872871753,0.0994116518344701
-12.1799072125187,0.103381979289458
-12.1545271378622,0.107378649828763
-12.1291470632056,0.111396773058082
-12.103766988549,0.115431576214794
-12.0783869138925,0.119478409839096
-12.0530068392359,0.123532752181156
-12.0276267645794,0.127590212358608
-12.0022466899228,0.131646532287144
-11.9768666152662,0.135697587415114
-11.9514865406097,0.139739386300913
-11.9261064659531,0.143768069079407
-11.9007263912966,0.147779904870726
-11.87534631664,0.151771288191374
-11.8499662419834,0.155738734433753
-11.8245861673269,0.159678874485779
-11.7992060926703,0.163588448567342
-11.7738260180138,0.16746429936481
-11.7484459433572,0.171303364548654
-11.7230658687007,0.175102668762474
-11.6976857940441,0.178859315174319
-11.6723057193875,0.18257047668312
-11.646925644731,0.186233386874343
-11.6215455700744,0.189845330819553
-11.5961654954179,0.193403635814596
-11.5707854207613,0.196905662150356
-11.5454053461047,0.200348794008739
-11.5200252714482,0.203730430574584
-11.4946451967916,0.207047977451606
-11.4692651221351,0.210298838467342
-11.4438850474785,0.213480407948369
-11.4185049728219,0.216590063542795
-11.3931248981654,0.219625159662315
-11.3677448235088,0.222583021610911
-11.3423647488523,0.22546094046168
-11.3169846741957,0.228256168737237
-11.2916045995391,0.230965916942855
-11.2662245248826,0.233587350994838
-11.240844450226,0.236117590579776
-11.2154643755695,0.238553708473253
-11.1900843009129,0.240892730839377
-11.1647042262563,0.243131638525181
-11.1393241515998,0.245267369356595
-11.1139440769432,0.247296821435328
-11.0885640022867,0.24921685742872
-11.0631839276301,0.251024309837405
-11.0378038529736,0.252715987218599
-11.012423778317,0.25428868133598
-10.9870437036604,0.25573917520052
-10.9616636290039,0.257064251960323
-10.9362835543473,0.258260704591535
-10.9109034796908,0.259325346336768
-10.8855234050342,0.260255021832278
-10.8601433303776,0.261046618860336
-10.8347632557211,0.261697080658932
-10.8093831810645,0.262203418717116
-10.784003106408,0.262562725980966
-10.7586230317514,0.262772190392375
-10.7332429570948,0.262829108680643
-10.7078628824383,0.262730900325128
-10.6824828077817,0.262475121606107
-10.6571027331252,0.262059479660438
-10.6317226584686,0.261481846458581
-10.606342583812,0.260740272620109
-10.5809625091555,0.25983300098591
-10.5555824344989,0.258758479866901
-10.5302023598424,0.257515375891191
-10.5048222851858,0.256102586374249
-10.4794422105292,0.254519251139695
-10.4540621358727,0.25276476372182
-10.4286820612161,0.250838781884861
-10.4033019865596,0.248741237398304
-10.377921911903,0.246472345012074
-10.3525418372465,0.244032610580357
-10.3271617625899,0.241422838287916
-10.3017816879333,0.238644136938088
-10.2764016132768,0.235697925267129
-10.2510215386202,0.232585936255196
-10.2256414639637,0.229310220409891
-10.2002613893071,0.225873148004039
-10.1748813146505,0.222277410255005
-10.149501239994,0.218526019438528
-10.1241211653374,0.214622307935536
-10.0987410906809,0.210569926215802
-10.0733610160243,0.206372839767525
-10.0479809413677,0.202035324986869
-10.0226008667112,0.197561964046287
-9.99722079205463,0.192957638764891
-9.97184071739807,0.188227523508322
-9.94646064274151,0.183377077149386
-9.92108056808495,0.178412034124274
-9.89570049342839,0.173338394622252
-9.87032041877183,0.168162413949551
-9.84494034411527,0.162890591110505
-9.81956026945871,0.15752965665105
-9.79418019480215,0.152086559811274
-9.76880012014559,0.146568455034985
-9.74342004548904,0.140982687885122
-9.71803997083248,0.135336780414353
-9.69265989617592,0.129638416040376
-9.66727982151936,0.123895423975294
-9.6418997468628,0.118115763257968
-9.61651967220624,0.112307506437532
-9.59113959754968,0.106478822955252
-9.56575952289312,0.100637962270718
-9.54037944823656,0.094793236776961
-9.51499937358,0.0889530045474959
-9.48961929892344,0.0831256519566609
-9.46423922426688,0.0773195762127891
-9.43885914961032,0.071543167841953
-9.41347907495377,0.0658047931581385
-9.38809900029721,0.0601127767538648
-9.36271892564065,0.0544753840434471
-9.33733885098409,0.0489008038893621
-9.31195877632753,0.0433971313405309
-9.28657870167097,0.037972350509823
-9.26119862701441,0.032634317616714
-9.23581855235785,0.0273907442198404
-9.21043847770129,0.0222491806631843
-9.18505840304473,0.0172169997588223
-9.15967832838817,0.0123013807285843
-9.13429825373161,0.00750929342660002
-9.10891817907505,0.0028474828645733
-9.0835381044185,-0.00167754593829431
-9.05815802976194,-0.00605954275850542
-9.03277795510538,-0.0102925266018516
-9.00739788044882,-0.0143707997439269
-8.98201780579226,-0.0182889613532139
-8.9566377311357,-0.0220419206713284
-8.93125765647914,-0.0256249097238015
-8.90587758182258,-0.0290334955334622
-8.88049750716602,-0.0322635918070792
-8.85511743250946,-0.0353114700644599
-8.8297373578529,-0.0381737701777224
-8.80435728319634,-0.0408475102869934
-8.77897720853979,-0.0433300960573584
-8.75359713388323,-0.045619329240568
-8.72821705922667,-0.0477134155037876
-8.70283698457011,-0.0496109714866413
-8.67745690991355,-0.0513110310469447
-8.65207683525699,-0.0528130506549153
-8.62669676060043,-0.0541169138953006
-8.60131668594387,-0.0552229350368211
-8.57593661128731,-0.0561318616286132
-8.55055653663075,-0.0568448760840002
-8.52517646197419,-0.0573635962129444
-8.49979638731763,-0.0576900746659619
-8.47441631266108,-0.0578267972541242
-8.44903623800452,-0.0577766801120445
-8.42365616334796,-0.0575430656734554
-8.3982760886914,-0.0571297174321375
-8.37289601403484,-0.0565408134645381
-8.34751593937828,-0.0557809386944446
-8.32213586472172,-0.0548550758845019
-8.29675579006516,-0.0537685953442078
-8.2713757154086,-0.0525272433492291
-8.24599564075204,-0.0511371292724501
-8.22061556609548,-0.0496047114330568
-8.19523549143892,-0.0479367816761296
-8.16985541678237,-0.0461404487016429
-8.1444753421258,-0.0442231201683896
-8.11909526746925,-0.0421924836051325
-8.09371519281269,-0.0400564861681645
-8.06833511815613,-0.0378233132914063
-8.04295504349957,-0.0355013662821046
-8.01757496884301,-0.0330992389220829
-7.99219489418645,-0.0306256931412637
-7.96681481952989,-0.0280896338367886
-7.94143474487333,-0.0255000829174334
-7.91605467021677,-0.0228661526591108
-7.89067459556021,-0.0201970184630065
-7.86529452090365,-0.0175018911132565
-7.8399144462471,-0.0147899886359948
-7.81453437159054,-0.0120705078660295
-7.78915429693398,-0.00935259583129608
-7.76377422227742,-0.00664532106855848
-7.73839414762086,-0.0039576449865222
-7.7130140729643,-0.00129839339458902
-7.68763399830774,0.0013237716831467
-7.66225392365118,0.00390037978836639
-7.63687384899462,0.00642317928320192
-7.61149377433806,0.00888416395961161
-7.5861136996815,0.0112755988854351
-7.56073362502494,0.0135900453713262
-7.53535355036839,0.015820384945698
-7.50997347571183,0.0179598422284735
-7.48459340105527,0.0200020065987804
-7.45921332639871,0.0219408525567543
-7.43383325174215,0.0237707586852775
-7.40845317708559,0.0254865251237593
-7.38307310242903,0.0270833894729093
-7.35769302777247,0.0285570410568359
-7.33231295311591,0.0299036334766562
-7.30693287845935,0.0311197953980971
-7.28155280380279,0.0322026395242306
-7.25617272914623,0.0331497697134717
-7.23079265448968,0.0339592862122109
-7.20541257983311,0.0346297889808978
-7.18003250517656,0.0351603791019657
-7.15465243052,0.0355506582676407
-7.12927235586344,0.0358007263553288
-7.10389228120688,0.035911177107879
-7.07851220655032,0.0358830919454951
-7.05313213189376,0.0357180319453674
-7.0277520572372,0.0354180280341468
-7.00237198258064,0.0349855694471391
-6.97699190792408,0.0344235905164888
-6.95161183326752,0.0337354558586082
-6.92623175861097,0.0329249440386325
-6.9008516839544,0.0319962297967012
-6.87547160929785,0.0309538649273354
-6.85009153464129,0.0298027579090727
-6.82471145998473,0.0285481523867824
-6.79933138532817,0.0271956046137122
-6.77395131067161,0.0257509599642649
-6.74857123601505,0.0242203286317679
-6.72319116135849,0.0226100606280594
-6.69781108670193,0.020926720203565
-6.67243101204537,0.0191770598076745
-6.64705093738881,0.0173679937096578
-6.62167086273225,0.0155065714000723
-6.5962907880757,0.0135999508916512
-6.57091071341914,0.0116553720370033
-6.54553063876258,0.00968012997816007
-6.52015056410602,0.00768154884006537
-6.49477048944946,0.00566695577657332
-6.4693904147929,0.00364365547341607
-6.44401034013634,0.00161890520797501
-6.41863026547978,-0.000400109439434066
-6.39325019082322,-0.00240629813361795
-6.36787011616666,-0.00439268850872973
-6.3424900415101,-0.00635244799180753
-6.31710996685354,-0.0082789046554025
-6.29172989219698,-0.0101655670359515
-6.26634981754043,-0.0120061428616304
-6.24096974288387,-0.0137945566406561
-6.21558966822731,-0.0155249660683324
-6.19020959357075,-0.0171917772185058
-6.16482951891419,-0.0187896584924639
-6.13944944425763,-0.0203135533056099
-6.11406936960107,-0.0217586914994491
-6.08868929494451,-0.023120599473461
-6.06330922028795,-0.0243951090382748
-6.03792914563139,-0.0255783649981555
-6.01254907097483,-0.0266668314771246
-5.98716899631827,-0.0276572970090201
-5.96178892166172,-0.0285468784174333
-5.93640884700516,-0.0293330235166963
-5.9110287723486,-0.030013512669923
-5.88564869769204,-0.0305864592444856
-5.86026862303548,-0.0310503090092393
-5.83488854837892,-0.0314038385212527
-5.80950847372236,-0.0316461525527741
-5.7841283990658,-0.0317766806116278
-5.75874832440924,-0.0317951726102174
-5.73336824975268,-0.0317016937397918
-5.70798817509612,-0.0314966186076242
-5.68260810043956,-0.0311806246952646
-5.657228025783,-0.0307546851960814
-5.63184795112645,-0.0302200612898953
-5.60646787646989,-0.0295782939116911
-5.58108780181333,-0.0288311950701497
-5.55570772715677,-0.0279808387701353
-5.53032765250021,-0.0270295515913182
-5.50494757784365,-0.0259799029728323
-5.47956750318709,-0.0248346952513211
-5.45418742853053,-0.0235969534969237
-5.42880735387397,-0.0222699151887487
-5.40342727921741,-0.0208570197682166
-5.37804720456085,-0.0193618981053451
-5.35266712990429,-0.0177883619096735
-5.32728705524774,-0.0161403931140787
-5.30190698059118,-0.0144221332562997
-5.27652690593462,-0.0126378728795659
-5.25114683127806,-0.0107920409703861
-5.2257667566215,-0.00888919444830418
-5.20038668196494,-0.00693400771932781
-5.17500660730838,-0.00493126230179261
-5.14962653265182,-0.00288583653069201
-5.12424645799526,-0.000802695343979519
-5.0988663833387,0.00131311984790853
-5.07348630868214,0.00345650121007003
-5.04810623402558,0.00562228445115995
-5.02272615936903,0.00780525871531056
-4.99734608471247,0.0100001764029435
-4.97196601005591,0.0122017629262669
-4.94658593539935,0.0144047264057339
-4.92120586074279,0.0166037673139005
-4.89582578608623,0.0187935880729875
-4.87044571142967,0.0209689026120025
-4.84506563677311,0.0231244458885581
-4.81968556211655,0.0252549833795191
-4.79430548745999,0.0273553205433636
-4.76892541280343,0.0294203122556578
-4.74354533814687,0.0314448722173613
-4.71816526349031,0.0334239823338076
-4.69278518883376,0.0353527020601862
-4.6674051141772,0.0372261777072155
-4.64202503952064,0.0390396516984619
-4.61664496486408,0.0407884717684787
-4.59126489020752,0.0424681000886265
-4.56588481555096,0.0440741223051376
-4.5405047408944,0.0456022564717291
-4.51512466623784,0.0470483618568916
-4.48974459158128,0.0484084476039019
-4.46436451692472,0.0496786812196765
-4.43898444226816,0.0508553968668114
-4.4136043676116,0.0519351034315791
-4.38822429295505,0.0529144923392955
-4.36284421829849,0.053790445087357
-4.33746414364193,0.0545600404653839
-4.31208406898537,0.0552205614313369
-4.28670399432881,0.0557695016121729
-4.26132391967225,0.0562045713976241
-4.23594384501569,0.0565237035959946
-4.21056377035913,0.0567250586215013
-4.18518369570257,0.0568070291836131
-4.15980362104601,0.0567682444500911
-4.13442354638945,0.0566075736569642
-4.10904347173289,0.05632412914051
-4.08366339707633,0.0559172687684005
-4.05828332241978,0.0553865977495415
-4.03290324776322,0.0547319698047187
-4.00752317310666,0.0539534876829829
-3.9821430984501,0.0530515030116973
-3.95676302379354,0.052026615471341
-3.93138294913698,0.050879671289453
-3.90600287448042,0.0496117610515089
-3.88062279982386,0.0482242168299921
-3.8552427251673,0.0467186086364403
-3.82986265051074,0.0450967402047691
-3.80448257585418,0.0433606441176766
-3.77910250119762,0.0415125762913743
-3.75372242654106,0.039555009837245
-3.72834235188451,0.0374906283222642
-3.70296227722795,0.03532231845311
-3.67758220257139,0.0330531622117976
-3.65220212791483,0.0306864284733873
-3.62682205325827,0.0282255641387966
-3.60144197860171,0.0256741848179937
-3.57606190394515,0.0230360651008194
-3.55068182928859,0.0203151284543839
-3.52530175463203,0.0175154367873917
-3.49992167997547,0.0146411797228492
-3.47454160531891,0.0116966636214098
-3.44916153066235,0.00868630039809911
-3.4237814560058,0.00561459617534406
-3.39840138134924,0.00248613981510632
-3.37302130669268,-0.000694408627500642
-3.34764123203612,-0.00392232948743739
-3.32226115737956,-0.00719285506911424
-3.296881082723,-0.0105011811824608
-3.27150100806644,-0.0138424785977073
-3.24612093340988,-0.0172119043825902
-3.22074085875332,-0.0206046130875768
-3.19536078409676,-0.0240157677467633
-3.1699807094402,-0.0274405506642944
-3.14460063478364,-0.0308741739584669
-3.11922056012709,-0.0343118898380791
-3.09384048547053,-0.0377490005880451
-3.06846041081397,-0.0411808682437742
-3.04308033615741,-0.0446029239363082
-3.01770026150085,-0.0480106768926598
-2.99232018684429,-0.0513997230781996
-2.96694011218773,-0.0547657534702592
-2.94156003753117,-0.0581045619543307
-2.91617996287461,-0.0614120528363276
-2.89079988821805,-0.0646842479663119
-2.86541981356149,-0.0679172934708556
-2.84003973890493,-0.0711074660927971
-2.81465966424838,-0.0742511791385426
-2.78927958959182,-0.0773449880342491
-2.76389951493526,-0.0803855954932031
-2.7385194402787,-0.0833698562974685
-2.71313936562214,-0.0862947816974257
-2.68775929096558,-0.0891575434331541
-2.66237921630902,-0.0919554773817423
-2.63699914165246,-0.0946860868345365
-2.6116190669959,-0.0973470454080859
-2.58623899233934,-0.0999361995921198
-2.56085891768278,-0.10245157093731
-2.53547884302622,-0.104891357884866
-2.51009876836966,-0.107253937239183
-2.48471869371311,-0.109537865283863
-2.45933861905655,-0.111741878540444
-2.43395854439999,-0.113864894168177
-2.40857846974343,-0.11590601000217
-2.38319839508687,-0.11786450422622
-2.35781832043031,-0.119739834675702
-2.33243824577375,-0.121531637765026
-2.30705817111719,-0.12323972703336
-2.28167809646063,-0.124864091301728
-2.25629802180407,-0.12640489243404
-2.23091794714751,-0.127862462694326
-2.20553787249095,-0.129237301692316
-2.1801577978344,-0.130530072909595
-2.15477772317784,-0.131741599798863
-2.12939764852128,-0.13287286144944
-2.10401757386472,-0.133924987812904
-2.07863749920816,-0.134899254483881
-2.0532574245516,-0.135797077032293
-2.02787734989504,-0.136620004885006
-2.00249727523848,-0.137369714756616
-1.97711720058192,-0.138048003631272
-1.95173712592536,-0.138656781299706
-1.9263570512688,-0.139198062458245
-1.90097697661224,-0.13967395837931
-1.87559690195568,-0.140086668165854
-1.85021682729913,-0.140438469605296
-1.82483675264257,-0.140731709641705
-1.79945667798601,-0.140968794488347
-1.77407660332945,-0.141152179406061
-1.74869652867289,-0.141284358176371
-1.72331645401633,-0.141367852301632
-1.69793637935977,-0.141405199967907
-1.67255630470321,-0.141398944809527
-1.64717623004665,-0.14135162451749
-1.62179615539009,-0.141265759336849
-1.59641608073353,-0.141143840501059
-1.57103600607697,-0.140988318653864
-1.54565593142042,-0.1408015923116
-1.52027585676386,-0.140585996420835
-1.4948957821073,-0.140343791067966
-1.46951570745074,-0.140077150398697
-1.44413563279418,-0.139788151806323
-1.41875555813762,-0.139478765448259
-1.39337548348106,-0.139150844150374
-1.3679954088245,-0.138806113758404
-1.34261533416794,-0.138446163994926
-1.31723525951138,-0.138072439879156
-1.29185518485482,-0.137686233765183
-1.26647511019826,-0.137288678052077
-1.24109503554171,-0.136880738616764
-1.21571496088515,-0.136463209017526
-1.19033488622859,-0.136036705512545
-1.16495481157203,-0.135601662934078
-1.13957473691547,-0.135158331454621
-1.11419466225891,-0.134706774276875
-1.08881458760235,-0.134246866274419
-1.06343451294579,-0.133778293604838
-1.03805443828923,-0.13330055431165
-1.01267436363267,-0.132812959925754
-0.987294288976113,-0.132314638071321
-0.961914214319554,-0.131804536075194
-0.936534139662995,-0.131281425572854
-0.911154065006436,-0.130743908098023
-0.885773990349876,-0.130190421637029
-0.860393915693317,-0.129619248123092
-0.835013841036758,-0.129028521839962
-0.809633766380199,-0.12841623869866
-0.78425369172364,-0.127780266345672
-0.758873617067081,-0.127118355055758
-0.733493542410521,-0.126428149357635
-0.708113467753962,-0.125707200336246
-0.682733393097403,-0.124952978551104
-0.657353318440844,-0.124162887506385
-0.631973243784285,-0.12333427760504
-0.606593169127725,-0.122464460516275
-0.581213094471166,-0.1215507238832
-0.555833019814607,-0.120590346295497
-0.530452945158048,-0.119580612450407
-0.505072870501489,-0.118518828424311
-0.479692795844929,-0.117402336976697
-0.45431272118837,-0.116228532808255
-0.428932646531811,-0.114994877695357
-0.403552571875252,-0.113698915424125
-0.378172497218693,-0.112338286448747
-0.352792422562133,-0.110910742200613
-0.327412347905574,-0.109414158977153
-0.302032273249015,-0.107846551342056
-0.276652198592456,-0.106206084971629
-0.251272123935897,-0.104491088885621
-0.225892049279338,-0.102700067004584
-0.200511974622778,-0.100831708980013
-0.175131899966219,-0.09888490024784
-0.14975182530966,-0.0968587312604562
-0.124371750653101,-0.0947525058571972
-0.0989916759965416,-0.0925657487381473
-0.0736116013399824,-0.0902982120111255
-0.0482315266834232,-0.0879498807868064
-0.022851452026864,-0.0855209778020446
0.00252862262969522,-0.0830119670565806
0.0279086972862544,-0.0804235564533791
0.0532887719428136,-0.0777566994378456
0.0786688465993728,-0.0750125956360648
0.104048921255932,-0.07219269049696
0.129428995912491,-0.0692986739478769
0.15480907056905,-0.066332478077507
0.18018914522561,-0.0632962738642785
0.205569219882169,-0.0601924669723245
0.230949294538728,-0.0570236926408858
0.256329369195287,-0.053792809696491
0.281709443851846,-0.0505028937204889
0.307089518508406,-0.0471572294074577
0.332469593164965,-0.0437593021527019
0.357849667821524,-0.0403127889094441
0.383229742478083,-0.0368215483584512
0.408609817134642,-0.0332896104346855
0.433989891791201,-0.0297211652571584
0.459369966447761,-0.0261205515094934
0.48475004110432,-0.0224922443197799
0.510130115760879,-0.018840842689141
0.535510190417438,-0.0151710565190479
0.560890265073998,-0.0114876932878161
0.586270339730557,-0.00779564442691809
0.611650414387116,-0.00409987144776693
0.637030489043675,-0.00040539186947405
0.662410563700234,0.00328273500221572
0.687790638356793,0.00695942239505057
0.713170713013353,0.0106195704402595
0.738550787669912,0.0142580805438739
0.763930862326471,0.0178698697116212
0.78931093698303,0.0214498847804811
0.814691011639589,0.0249931165109172
0.840071086296149,0.0284946134947859
0.865451160952708,0.0319494958349635
0.890831235609267,0.0353529685538291
0.916211310265826,0.0387003346888689
0.941591384922385,0.0419870080348515
0.966971459578945,0.0452085254932331
0.992351534235504,0.048360558990708
1.01773160889206,0.0514389269301144
1.04311168354862,0.0544396051382436
1.06849175820518,0.0573587372764835
1.09387183286174,0.0601926446816667
1.1192519075183,0.0629378356059885
1.14463198217486,0.0655910138264219
1.17001205683142,0.0681490865956881
1.19539213148798,0.0706091719085585
1.22077220614454,0.0729686050590673
1.2461522808011,0.075224944466108
1.27153235545765,0.0773759767468974
1.29691243011421,0.0794197210198969
1.32229250477077,0.0813544324210146
1.34767257942733,0.0831786048192611
1.37305265408389,0.0848909727205043
1.39843272874045,0.0864905123505765
1.42381280339701,0.0879764419117103
1.44919287805357,0.089348221009137
1.47457295271013,0.090605549247661
1.49995302736669,0.0917483640011148
1.52533310202325,0.0927768373608047
1.55071317667981,0.0936913722723617
1.57609325133637,0.0944925978738042
1.60147332599292,0.0951813640510808
1.62685340064948,0.0957587352308903
1.65223347530604,0.0962259834341309
1.6776135499626,0.0965845806169181
1.70299362461916,0.0968361903296797
1.72837369927572,0.0969826587283965
1.75375377393228,0.0970260049755427
1.77913384858884,0.0969684110717138
1.8045139232454,0.0968122111622292
1.82989399790196,0.0965598803661877
1.85527407255852,0.0962140231784677
1.88065414721508,0.0957773614979918
1.90603422187163,0.0952527223381883
1.93141429652819,0.0946430252779454
1.95679437118475,0.093951269713446
1.98217444584131,0.0931805219730696
2.00755452049787,0.0923339023590188
2.03293459515443,0.0914145721804603
2.05831466981099,0.0904257208437446
2.08369474446755,0.089370553065649
2.10907481912411,0.0882522762755903
2.13445489378067,0.0870740882723402
2.15983496843723,0.0858391651999476
2.18521504309379,0.0845506499063288
2.21059511775035,0.0832116407463128
2.2359751924069,0.0818251808888429
2.26135526706346,0.080394248185525
2.28673534172002,0.0789217456548044
2.31211541637658,0.0774104926327364
2.33749549103314,0.0758632166376342
2.3628755656897,0.0742825459918237
2.38825564034626,0.0726710032393485
2.41363571500282,0.0710309993937669
2.43901578965938,0.0693648290451992
2.46439586431594,0.0676746663505454
2.4897759389725,0.0659625619253343
2.51515601362906,0.0642304406500291
2.54053608828561,0.0624801003978237
2.56591616294217,0.060713211685077
2.59129623759873,0.0589313182395704
2.61667631225529,0.0571358384758011
2.64205638691185,0.0553280678605534
2.66743646156841,0.0535091821460999
2.69281653622497,0.0516802414425834
2.71819661088153,0.0498421950954822
2.74357668553809,0.0479958873286042
2.76895676019465,0.046142063607814
2.79433683485121,0.0442813776757389
2.81971690950777,0.0424143992030269
2.84509698416432,0.0405416219974102
2.87047705882088,0.0386634727078712
2.89585713347744,0.0367803199576523
2.921237208134,0.0348924838367271
2.94661728279056,0.0330002456816769
2.97199735744712,0.031103858068718
2.99737743210368,0.029203554943913
3.02275750676024,0.027299561813406
3.0481375814168,0.0253921059158272
3.07351765607336,0.0234814262988619
3.09889773072992,0.0215677837223401
3.12427780538648,0.0196514703111059
3.14965788004304,0.0177328188823476
3.17503795469959,0.0158122118740099
3.20041802935615,0.0138900898033647
3.22579810401271,0.0119669591877597
3.25117817866927,0.010043399862991
3.27655825332583,0.00812007163862717
3.30193832798239,0.00619772023393237
3.32731840263895,0.00427718244276035
3.35269847729551,0.00235939048090333
3.37807855195207,0.000445375474834137
3.40345862660863,-0.00146372994344459
3.42883870126519,-0.0033666899646757
3.45421877592175,-0.00526216487668294
3.4795988505783,-0.00714871130119911
3.50497892523486,-0.0090247834029564
3.53035899989142,-0.0108887350740244
3.55573907454798,-0.0127388230895167
3.58111914920454,-0.0145732112238892
3.6064992238611,-0.016389975310173
3.63187929851766,-0.0181871092176437
3.65725937317422,-0.0199625317167101
3.68263944783078,-0.0217140941932099
3.70801952248734,-0.0234395891679096
3.7333995971439,-0.0251367595708441
3.75877967180046,-0.0268033087142387
3.78415974645702,-0.0284369109021967
3.80953982111357,-0.0300352226101157
3.83491989577013,-0.0315958941619917
3.86029997042669,-0.033116581829381
3.88568004508325,-0.034594960271886
3.91106011973981,-0.036028735235613
3.93644019439637,-0.0374156564231721
3.96182026905293,-0.0387535304464642
3.98720034370949,-0.0400402337717514
4.01258041836605,-0.041273725565367
4.03796049302261,-0.0424520603478859
4.06334056767917,-0.0435734003646868
4.08872064233573,-0.044636027581566
4.11410071699228,-0.0456383552154529
4.13948079164884,-0.0465789387123013
4.1648608663054,-0.0474564860868929
4.19024094096196,-0.048269867542592
4.21562101561852,-0.0490181242929995
4.24100109027508,-0.0497004765119757
4.26638116493164,-0.0503163303435907
4.2917612395882,-0.0508652839092126
4.31714131424476,-0.0513471322551069
4.34252138890132,-0.0517618711905733
4.36790146355788,-0.0521096999737457
4.39328153821444,-0.0523910228096741
4.418661612871,-0.0526064491331653
4.44404168752755,-0.0527567926570044
4.46942176218411,-0.0528430691745855
4.49480183684067,-0.0528664931145654
4.52018191149723,-0.0528284728538718
4.54556198615379,-0.0527306048041848
4.57094206081035,-0.0525746662957911
4.59632213546691,-0.0523626072914401
4.62170221012347,-0.0520965409714183
4.64708228478003,-0.0517787332394592
4.67246235943659,-0.0514115912072425
4.69784243409315,-0.0509976507230427
4.72322250874971,-0.0505395630175048
4.74860258340626,-0.0500400805464975
4.77398265806282,-0.0495020421174377
4.79936273271938,-0.0489283573913814
4.82474280737594,-0.0483219908584325
4.8501228820325,-0.047685945388634
4.87550295668906,-0.0470232454643914
4.90088303134562,-0.0463369202036268
4.92626310600218,-0.0456299862852243
4.95164318065874,-0.0449054308898907
4.9770232553153,-0.0441661947702822
5.00240332997186,-0.0434151555641471
5.02778340462842,-0.0426551114632788
5.05316347928497,-0.0418887653492773
5.07854355394153,-0.0411187095044832
5.10392362859809,-0.0403474110029888
5.12930370325465,-0.0395771978823746
5.15468377791121,-0.0388102461917852
5.18006385256777,-0.0380485680061934
5.20544392722433,-0.0372940004902368
5.23082400188089,-0.0365481960879
5.25620407653745,-0.0358126139066153
5.28158415119401,-0.0350885123561145
5.30696422585057,-0.0343769430936605
5.33234430050713,-0.0336787463181783
5.35772437516368,-0.0329945474463668
5.38310444982024,-0.0323247551941844
5.4084845244768,-0.0316695610772301
5.43386459913336,-0.0310289403335778
5.45924467378992,-0.0304026542626383
5.48462474844648,-0.029790253963703
5.51000482310304,-0.0291910854480444
5.5353848977596,-0.028604296088892
5.56076497241616,-0.0280288423643431
5.58614504707272,-0.0274634988393766
5.61152512172928,-0.0269068683246918
5.63690519638584,-0.0263573931421529
5.6622852710424,-0.0258133674192485
5.68766534569895,-0.0252729503282267
5.71304542035551,-0.0247341801794983
5.73842549501207,-0.0241949892735477
5.76380556966863,-0.0236532194109978
5.78918564432519,-0.0231066379566698
5.81456571898175,-0.0225529543504884
5.83994579363831,-0.0219898369559191
5.86532586829487,-0.0214149301352944
5.89070594295143,-0.0208258714409049
5.91608601760799,-0.0202203088110749
5.94146609226455,-0.0195959176616075
5.96684616692111,-0.0189504177649571
5.99222624157767,-0.0182815898122202
6.01760631623422,-0.0175872915565217
6.04298639089078,-0.0168654734405491
6.06836646554734,-0.0161141936158255
6.0937465402039,-0.0153316322667473
6.11912661486046,-0.0145161051584059
6.14450668951702,-0.0136660763336893
6.16988676417358,-0.012780169892068
6.19526683883014,-0.0118571807897439
6.2206469134867,-0.0108960846084042
6.24602698814326,-0.0098960462476259
6.27140706279982,-0.00885642750392452
6.29678713745638,-0.00777679350749338
6.32216721211293,-0.00665691799574335
6.34754728676949,-0.00549678741077698
6.37292736142605,-0.00429660381584202
6.39830743608261,-0.00305678663354934
6.42368751073917,-0.00177797321614562
6.44906758539573,-0.000461018265348926
6.47444766005229,0.000893007873866735
6.49982773470885,0.00228282201466297
6.52520780936541,0.00370693198796975
6.55058788402197,0.00516364151783302
6.57596795867853,0.00665105606485848
6.60134803333509,0.00816708958556733
6.62672810799164,0.00970947215145863
6.6521081826482,0.0112757583681168
6.67748825730476,0.012863336531814
6.70286833196132,0.014469438458744
6.72824840661788,0.0160911499202833
6.75362848127444,0.0177254216164987
6.779008555931,0.0193690806194926
6.80438863058756,0.0210188422180915
6.82976870524412,0.0226713220957981
6.85514877990068,0.0243230487748374
6.88052885455724,0.0259704762604897
6.90590892921379,0.0276099968216831
6.93128900387036,0.0292379538459943
6.95666907852691,0.0308506547097129
6.98204915318347,0.0324443836064566
7.00742922784003,0.0340154142809029
7.03280930249659,0.0355600226175091
7.05818937715315,0.0370744990375805
7.08356945180971,0.0385551606616546
7.10894952646627,0.0399983631978842
7.13432960112283,0.0414005125208464
7.15970967577939,0.042758075908976
7.18508975043595,0.0440675929125476
7.21046982509251,0.0453256858277938
7.23584989974907,0.0465290697563104
7.26122997440562,0.0476745622323266
7.28661004906218,0.0487590924036863
7.31199012371874,0.0497797097554678
7.3373701983753,0.0507335923680448
7.36275027303186,0.0516180547040427
7.38813034768842,0.0524305549210517
7.41351042234498,0.0531687017091283
7.43889049700154,0.0538302606540168
7.4642705716581,0.0544131601286774
7.48965064631466,0.0549154967170975
7.51503072097122,0.0553355401755009
7.54041079562778,0.0556717379369648
7.56579087028434,0.0559227191661091
7.59117094494089,0.0560872983709619
7.61655101959745,0.0561644785793268
7.64193109425401,0.0561534540870251
7.66731116891057,0.0560536127852511
7.69269124356713,0.0558645380740043
7.71807131822369,0.0555860103681584
7.74345139288025,0.0552180082022262
7.76883146753681,0.0547607089392934
7.79421154219337,0.0542144890889636
7.81959161684993,0.0535799242384872
7.84497169150649,0.0528577886005769
7.87035176616305,0.0520490541807563
7.8957318408196,0.051154889566467
7.92111191547616,0.0501766583396015
7.94649199013272,0.0491159171136359
7.97187206478928,0.0479744131961505
7.99725213944584,0.0467540818772284
8.0226322141024,0.0454570433440575
8.04801228875896,0.0440855992220163
8.07339236341552,0.0426422287426165
8.09877243807208,0.0411295845389051
8.12415251272864,0.0395504880693088
8.1495325873852,0.0379079246714134
8.17491266204176,0.0362050382478306
8.20029273669831,0.0344451255870967
8.22567281135487,0.0326316303234611
8.25105288601143,0.0307681365404645
8.27643296066799,0.0288583620243488
8.30181303532455,0.0269061511745789
8.32719310998111,0.0249154675800808
8.35257318463767,0.022890386271182
8.37795325929423,0.0208350856586787
8.40333333395079,0.018753839172923
8.42871340860735,0.0166510066173029
8.45409348326391,0.0145310252519775
8.47947355792047,0.0123984006251835
8.50485363257702,0.0102576971708645
8.53023370723358,0.00811352859274293
8.55561378189014,0.00597054805626556
8.5809938565467,0.00383343821107731
8.60637393120326,0.00170690106780771
8.63175400585982,-0.000404352246020118
8.65713408051638,-0.00249561182524244
8.68251415517294,-0.00456217939497095
8.7078942298295,-0.00659937876002382
8.73327430448606,-0.00860256626820789
8.75865437914262,-0.0105671412594157
8.78403445379918,-0.0124885564722643
8.80941452845573,-0.0143623283799106
8.83479460311229,-0.0161840474267226
8.86017467776886,-0.0179493881376583
8.88555475242541,-0.0196541190725178
8.91093482708197,-0.0212941125976508
8.93631490173853,-0.0228653544482522
8.96169497639509,-0.024363953055016
8.98707505105165,-0.0257861486096613
9.01245512570821,-0.0271283218446654
9.03783520036477,-0.0283870025034382
9.06321527502133,-0.0295588774781291
9.08859534967789,-0.0306407985932702
9.11397542433444,-0.031629790014509
9.13935549899101,-0.0325230552627667
9.16473557364757,-0.033317983815258
9.19011564830412,-0.0340121572759247
9.21549572296068,-0.0346033550989467
9.24087579761724,-0.0350895598501156
9.2662558722738,-0.0354689619919503
9.29163594693036,-0.0357399641795351
9.31701602158692,-0.035901185055125
9.34239609624348,-0.0359514625306258
9.36777617090004,-0.0358898565480886
9.3931562455566,-0.0357156513093779
9.41853632021316,-0.0354283569671741
9.44391639486972,-0.0350277107704632
9.46929646952627,-0.0345136776586426
9.49467654418283,-0.0338864502993592
9.52005661883939,-0.0331464485661692
9.54543669349595,-0.0322943184531085
9.57081676815251,-0.0313309304242707
9.59619684280907,-0.0302573771975248
9.62157691746563,-0.0290749709625764
9.64695699212219,-0.0277852400346845
9.67233706677875,-0.0263899249465027
9.69771714143531,-0.0248909739817315
9.72309721609187,-0.0232905381555345
9.74847729074843,-0.021590965648018
9.77385736540498,-0.0197947956984778
9.79923744006154,-0.017904751969601
9.8246175147181,-0.0159237353923656
9.84999758937466,-0.0138548165040121
9.87537766403122,-0.011701227293159
9.90075773868778,-0.00946635256791136
9.92613781334434,-0.0071537208646363
9.9515178880009,-0.00476699491698033
9.97689796265746,-0.00230996170663387
10.002278037314,0.000213477880667992
10.0276581119706,0.00279931976841878
10.0530381866271,0.00544346774438035
10.0784182612837,0.00814174482786297
10.1037983359403,0.010889904917723
10.1291784105968,0.0136836446875865
10.1545584852534,0.0165186156928928
10.1799385599099,0.0193904366525063
10.2053186345665,0.0222947058658829
10.2306987092231,0.0252270137251291
10.2560787838796,0.028182955279758
10.2814588585362,0.0311581428105683
10.3068389331927,0.0341482183678404
10.3322190078493,0.037148866228005
10.3575990825058,0.0401558252220821
10.3829791571624,0.0431649008885461
10.408359231819,0.0461719774028529
10.4337393064755,0.0491730292356748
10.4591193811321,0.0521641324919486
10.4844994557886,0.0551414758831495
10.5098795304452,0.0581013712857726
10.5352596051018,0.0610402638398361
10.5606396797583,0.0639547415423151
10.5860197544149,0.0668415442917773
10.6113998290714,0.0696975723421174
10.636779903728,0.0725198941251702
10.6621599783846,0.0753057534041166
10.6875400530411,0.0780525757219789
10.7129201276977,0.0807579741121107
10.7383002023542,0.0834197540404248
10.7636802770108,0.086035917552139
10.7890603516674,0.0886046665990534
10.8144404263239,0.0911244055267812
10.8398205009805,0.0935937427049124
10.865200575637,0.0960114912867964
10.8905806502936,0.0983766690894393
10.9159607249501,0.100688497587928
10.9413407996067,0.102946400022782
10.9667208742633,0.10514999862266
10.9921009489198,0.107299110948952
11.0174810235764,0.10939374537282
11.0428610982329,0.111434095699367
11.0682411728895,0.113420534957614
11.0936212475461,0.115353608378971
11.1190013222026,0.117234025590772
11.1443813968592,0.119062652055274
11.1697614715157,0.12084049978822
11.1951415461723,0.12256871739462
11.2205216208289,0.124248579462858
11.2459016954854,0.125881475361467
11.271281770142,0.127468897486012
11.2966618447985,0.129012429006415
11.3220419194551,0.130513731167749
11.3474219941117,0.131974530199987
11.3728020687682,0.133396603894467
11.3981821434248,0.134781767906817
11.4235622180813,0.136131861847887
11.4489422927379,0.137448735225716
11.4743223673944,0.138734233302861
11.499702442051,0.139990182934358
11.5250825167076,0.141218378452371
11.5504625913641,0.142420567663973
11.5758426660207,0.143598438028713
11.6012227406772,0.144753603082516
11.6266028153338,0.145887589174033
11.6519828899904,0.147001822578933
11.6773629646469,0.148097617056632
11.7027430393035,0.149176161912721
11.72812311396,0.150238510628836
11.7535031886166,0.151285570119888
11.7788832632732,0.152318090676495
11.8042633379297,0.153336656648082
11.8296434125863,0.15434167791951
11.8550234872428,0.155333382231143
11.8804035618994,0.156311808389163
11.905783636556,0.1572768004095
11.9311637112125,0.158228002635094
11.9565437858691,0.159164855862344
11.9819238605256,0.160086594508478
12.0073039351822,0.160992244847285
12.0326840098388,0.161880624336137
12.0580640844953,0.162750342052555
12.0834441591519,0.16359980025375
12.1088242338084,0.164427197067554
12.134204308465,0.165230530318107
12.1595843831215,0.166007602484418
12.1849644577781,0.166756026784667
12.2103445324347,0.167473234373786
12.2357246070912,0.168156482636474
12.2611046817478,0.168802864552475
12.2864847564043,0.169409319105573
12.3118648310609,0.169972642702501
12.3372449057175,0.170489501562749
12.362624980374,0.170956445035153
12.3880050550306,0.171369919792207
12.4133851296871,0.171726284848229
12.4387652043437,0.172021827342951
12.4641452790003,0.172252779027685
12.4895253536568,0.172415333387162
12.5149054283134,0.172505663326234
12.5402855029699,0.172519939347149
12.5656655776265,0.172454348139866
12.5910456522831,0.172305111505029
12.6164257269396,0.172068505526733
12.6418058015962,0.171740879910104
12.6671858762527,0.171318677397036
12.6925659509093,0.170798453172142
12.7179460255659,0.170176894170129
12.7433261002224,0.169450838195408
12.768706174879,0.168617292764783
12.7940862495355,0.167673453584562
12.8194663241921,0.166616722574348
12.8448463988486,0.165444725351176
12.8702264735052,0.164155328089458
12.8956065481618,0.162746653674476
12.9209866228183,0.161217097069831
12.9463666974749,0.159565339822325
12.9717467721314,0.157790363631259
12.997126846788,0.155891462912944
13.0225069214446,0.153868256295444
13.0478869961011,0.151720696983088
13.0732670707577,0.14944908193513
13.0986471454142,0.147054059808023
13.1240272200708,0.144536637616157
13.1494072947274,0.141898186071486
13.1747873693839,0.139140443568222
13.2001674440405,0.136265518784724
13.225547518697,0.133275891880771
13.2509275933536,0.130174414274551
13.2763076680102,0.126964306989933
13.3016877426667,0.123649157570859
13.3270678173233,0.120232915565932
13.3524478919798,0.116719886592545
13.3778279666364,0.113114724996073
13.403208041293,0.10942242512574
13.4285881159495,0.105648311254784
13.4539681906061,0.101798026178402
13.4793482652626,0.0978775185286342
13.5047283399192,0.0938930288508808
13.5301084145757,0.0898510744920399
13.5554884892323,0.0857584333553309
13.5808685638889,0.081622126581707
13.6062486385454,0.0774494002223172
13.631628713202,0.07324770597077
13.6570087878585,0.0690246810279324
13.6823888625151,0.064788127175676
13.7077689371717,0.0605459891393336
13.7331490118282,0.0563063323216438
13.7585290864848,0.0520773199936329
13.7839091611413,0.0478671900301962
13.8092892357979,0.0436842312800903
13.8346693104545,0.0395367596616278
13.860049385111,0.0354330940765637
13.8854294597676,0.031381532235484
13.9108095344241,0.0273903264884286
13.9361896090807,0.0234676597545263
13.9615696837373,0.0196216216440518
13.9869497583938,0.015860184865569
14.0123298330504,0.0121911820096636
14.0377099077069,0.00862228279922751
14.0630899823635,0.00516097189430328
14.08847005702,0.00181452733716484
14.1138501316766,-0.00141000027942278
14.1392302063332,-0.00450580784093073
14.1646102809897,-0.00746635886043951
14.1899903556463,-0.0102854016761717
14.2153704303028,-0.0129569866289183
14.2407505049594,-0.0154754821556489
14.266130579616,-0.0178355897404966
14.2915106542725,-0.0200323576695076
14.3168907289291,-0.0220611935410574
14.3422708035856,-0.0239178754896067
14.3676508782422,-0.0255985620865051
14.3930309528988,-0.0270998008878006
14.4184110275553,-0.0284185356054672
14.4437911022119,-0.029552111885078
14.4691711768684,-0.0304982816797037
14.494551251525,-0.0312552062166616
14.5199313261816,-0.0318214575606495
14.5453114008381,-0.0321960187837282
14.5706914754947,-0.0323782827595254
14.5960715501512,-0.0323680496058772
14.6214516248078,-0.0321655228068688
14.6468316994643,-0.0317713040518183
14.6722117741209,-0.0311863868351478
14.6975918487775,-0.0304121488672315
14.722971923434,-0.0294503433521824
14.7483519980906,-0.0283030891940683
14.7737320727471,-0.0269728601982168
14.7991121474037,-0.0254624733390089
14.8244922220603,-0.0237750761698586
14.8498722967168,-0.0219141334548726
14.8752523713734,-0.0198834131049602
14.9006324460299,-0.0176869715038824
14.9260125206865,-0.015329138311862
14.9513925953431,-0.0128145008359085
14.9767726699996,-0.0101478880569134
15.0021527446562,-0.00733435440384071
15.0275328193127,-0.00437916336496139
15.0529128939693,-0.00128777102505209
15.0782929686259,0.0019341903841885
15.1036730432824,0.00528092883555798
15.129053117939,0.00874650867758555
15.1544331925955,0.0123248665470897
15.1798132672521,0.0160098269486717
15.2051933419087,0.0197951174313991
15.2305734165652,0.0236743832980913
15.2559534912218,0.0276412017882296
15.2813335658783,0.0316890956815523
15.3067136405349,0.035811546275793
15.3320937151914,0.0400020056987283
15.357473789848,0.044253908521664
15.3828538645046,0.0485606826486424
15.4082339391611,0.0529157594629233
15.4336140138177,0.0573125832196408
15.4589940884742,0.0617446196808575
15.4843741631308,0.0662053639965051
15.5097542377874,0.0706883478418146
15.5351343124439,0.0751871458287537
15.5605143871005,0.0796953812156301
15.585894461757,0.0842067309453348
15.6112745364136,0.0887149300486179
15.6366546110702,0.0932137754542691
15.6620346857267,0.0976971292530567
15.6874147603833,0.102158921466719
15.7127948350398,0.106593152377159
15.7381749096964,0.110993894474246
15.763554984353,0.115355294083199
15.7889350590095,0.119671572734496
15.8143151336661,0.123937028340446
15.8396952083226,0.128146036243171
15.8650752829792,0.132293050198547
15.8904553576358,0.136372603359863
15.9158354322923,0.140379309323414
15.9412155069489,0.144307863296109
15.9665955816054,0.148153043442315
15.991975656262,0.151909712463812
16.0173557309185,0.155572819462682
16.0427358055751,0.159137402132527
16.0681158802317,0.162598589318349
16.0934959548882,0.165951603980076
16.1188760295448,0.169191766588897
16.1442561042013,0.172314498979486
16.1696361788579,0.175315328674839
16.1950162535145,0.17818989369392
16.220396328171,0.180933947845629
16.2457764028276,0.183543366505902
16.2711564774841,0.186014152868026
16.2965365521407,0.188342444649599
16.3219166267973,0.190524521233064
16.3472967014538,0.192556811210414
16.3726767761104,0.194435900296611
16.3980568507669,0.196158539570487
16.4234369254235,0.197721653996518
16.44881700008,0.199122351175869
16.4741970747366,0.200357930270567
16.4995771493932,0.201425891040626
16.5249572240497,0.202323942930443
16.5503372987063,0.203050014137811
16.5757173733628,0.20360226059652
16.6010974480194,0.203979074801753
16.626477522676,0.204179094406291
16.6518575973325,0.204201210515001
16.6772376719891,0.204044575605138
16.7026177466456,0.203708611000683
16.7279978213022,0.203193013830211
16.7533778959588,0.202497763399655
16.7787579706153,0.201623126913807
16.8041380452719,0.200569664483361
16.8295181199284,0.199338233357833
16.854898194585,0.197929991328727
16.8802782692416,0.196346399251733
16.9056583438981,0.194589222641671
16.9310384185547,0.19266053229913
16.9563477788876,0.190524319213635
16.9817003998041,0.188144608329563
17.007053205337,0.185524357074274
17.0324059614379,0.182666809271271
17.0577584337727,0.179575490380049
17.0831103875778,0.176254201749719
17.1084615875163,0.172707013778992
17.1338117975331,0.168938257991721
17.1591607807082,0.16495251804379
17.1845082991096,0.160754619683687
17.2098541136437,0.156349619695449
17.2351979839041,0.151742793858931
17.2605396680185,0.146939623968321
17.2858789224928,0.141945783955636
17.3112155020532,0.136767125171364
17.3365491594851,0.131409660879624
17.3618796454685,0.125879550030021
17.3872067084111,0.120183080372777
17.4125300942763,0.114326650987815
17.4378495464087,0.108316754302035
17.4631648053544,0.102159957672195
17.4884756086768,0.0958628846135262
17.5137816907679,0.0894321957564111
17.5390827826542,0.0828745696152007
17.5643786117965,0.0761966832544788
17.5896689018847,0.0694051929388081
17.6149533726253,0.062506714852226
17.6402317395225,0.0555078059734753
17.6655037136521,0.0484149451921754
17.6907690014276,0.0412345147498595
17.7160273043581,0.0339727820880428
17.7412783187977,0.0266358821832411
17.7665217356855,0.0192298004461604
17.7917572402757,0.0117603562591267
17.8169845118577,0.0042331872222523
17.8422032234646,-0.00334626582514215
17.8674130415707,-0.0109727729456974
17.8926136257756,-0.0186413283503289
17.9178046284761,-0.0263471626972893
17.9429856945236,-0.0340857543969173
17.9681564608663,-0.0418528398806178
17.9933165561765,-0.0496444227984526
18.0184656004603,-0.0574567821157616
18.0436032046497,-0.0652864790854242
18.0687289701764,-0.0731303630786951
18.0938424885241,-0.0809855762639579
18.1189433407616,-0.0888495571291915
18.1440310970504,-0.0967200428504154
18.169105316131,-0.104595070514814
18.1941655447811,-0.112472977213607
18.2192113172478,-0.120352399026001
18.2442421546504,-0.128232268921661
18.2692575643516,-0.136111813615092
18.2942570392962,-0.143990549411027
18.3192400573139,-0.151868277085379
18.3442060803852,-0.159745075851519
18.3691545538658,-0.167621296466474
18.3940849056693,-0.175497553536183
18.4189965454031,-0.183374717083099
18.4438888634555,-0.191253903443165
18.4687612300298,-0.199136465562563
18.4936129941225,-0.207023982767514
18.518443482441,-0.214918250082896
18.5432519982565,-0.222821267177451
18.5680378201875,-0.230735227014882
18.5928002009088,-0.238662504291239
18.6175383657802,-0.246605643739563
18.6422515113895,-0.254567348382953
18.6669388040027,-0.262550467816832
18.6915993779141,-0.270557986600495
18.7162323336893,-0.278593012836752
18.7408367362926,-0.286658767016922
18.7654116130885,-0.29475857120637
18.7899559517087,-0.302895838643427
18.8144686977731,-0.311074063821768
18.8389487524526,-0.319296813123301
18.8633949698605,-0.327567716065243
18.8878061542597,-0.335890457221499
18.9121810570671,-0.34426876887462
18.9365183736414,-0.352706424450627
18.9608167398323,-0.361207232784825
18.9850747282723,-0.369775033262505
19.0092908443875,-0.378413691874046
19.0334635221023,-0.387127098219593
19.0575911192096,-0.395919163494092
19.0816719123773,-0.404793819479098
19.1057040917552,-0.413755018563485
19.1296857551464,-0.422806734810953
19.1536149017014,-0.431952966088141
19.1774894250874,-0.441197737263117
19.2013071060846,-0.450545104480192
19.2250656045495,-0.459999160513245
19.2487624506854,-0.469564041196148
19.272395035547,-0.479243932925379
19.2959606007038,-0.489043081226477
19.3194562269734,-0.4989658003726
19.3428788221283,-0.509016484039997
19.3662251074682,-0.519199616981615
19.389491603136,-0.529519787696282
19.4126746120432,-0.539981702066581
19.4357702022525,-0.550590197933773
19.4587741876483,-0.561350260572329
19.4816821067067,-0.572267039019826
19.5044891991504,-0.58334586320942
19.5271903802536,-0.594592261841659
19.5497802125282,-0.606011980919127
19.5722528744965,-0.617611002850789
19.5946021262149,-0.629395566011862
19.6168212711803,-0.641372184618407
19.6389031142029,-0.653547668742216
19.6608399147887,-0.66592914424919
19.682623335521,-0.678524072390918
19.7042443848803,-0.691340268712168
19.7256933538888,-0.704385920852902
19.7469597459095,-0.717669604718504
19.7680321988822,-0.731200298361265
19.7888983992302,-0.744987392754137
19.8095449866432,-0.759040698437715
19.8299574489304,-0.773370446775636
19.8501200061573,-0.787987284253459
19.8700154833531,-0.802902257892332
19.8896251712151,-0.818126789411991
19.9089286744792,-0.833672635259284
19.9279037480048,-0.849551829012732
19.9465261211949,-0.865776601980171
19.9647693121965,-0.882359277034714
19.9826044344825,-0.899312129909603
20,-0.916647211345716
