-20,-2.68429566958793
-19.9721510638427,-2.67309482284488
-19.9442932941549,-2.66173997273472
-19.9164267241729,-2.65022971411809
-19.8885513869816,-2.63856287757277
-19.8606673155162,-2.62673853123184
-19.8327745425625,-2.61475598242055
-19.804873100758,-2.60261477911152
-19.7769630225926,-2.59031471121591
-19.7490443404099,-2.57785581172582
-19.7211170864077,-2.565238357721
-19.6931812926387,-2.5524628712497
-19.6652369910121,-2.53953012009105
-19.6372842132936,-2.52644111840281
-19.6093229911067,-2.5131971272551
-19.5813533559334,-2.49979965504706
-19.5533753391152,-2.48625045779982
-19.5253889718538,-2.47255153931515
-19.4973942852118,-2.45870515118542
-19.4693913101137,-2.44471379263631
-19.4413800773468,-2.43058021018003
-19.4133606175616,-2.41630739705266
-19.3853329612732,-2.40189859240551
-19.3572971388615,-2.38735728021667
-19.3292531805722,-2.37268718788574
-19.3012011165179,-2.35789228447121
-19.2731409766785,-2.3429767785275
-19.2450727909019,-2.32794511549622
-19.2169965889052,-2.31280197460421
-19.1889124002751,-2.29755226521981
-19.1608202544689,-2.28220112261814
-19.1327201808149,-2.26675390310577
-19.1046122085135,-2.25121617845657
-19.076496366638,-2.23559372961132
-19.0483726841348,-2.2198925395967
-19.0202411898248,-2.20411878562181
-18.9921019124036,-2.18827883031507
-18.9639548804426,-2.17237921206888
-18.9358001223895,-2.15642663446537
-18.9076376665691,-2.14042795476365
-18.8794675411839,-2.12439017143575
-18.8512897743149,-2.10832041074767
-18.8231043939226,-2.09222591239029
-18.7949114278469,-2.07611401417502
-18.7667109038085,-2.05999213581912
-18.7385028494095,-2.04386776185648
-18.7102872921337,-2.02774842372047
-18.6820642593477,-2.0116416810569
-18.6538337783014,-1.99555510233638
-18.6255958761284,-1.97949624484635
-18.5973505798471,-1.96347263415435
-18.5690979163614,-1.94749174314419
-18.5408379124608,-1.93156097073705
-18.5125705948216,-1.91568762041829
-18.4842959900071,-1.89987887869938
-18.4560141244688,-1.88414179365129
-18.4277250245465,-1.86848325365185
-18.3994287164692,-1.8529099664941
-18.3711252263557,-1.83742843900569
-18.3428145802152,-1.82204495733123
-18.3144968039478,-1.806765568029
-18.2861719233456,-1.79159606013159
-18.2578399640926,-1.77654194831657
-18.2295009517658,-1.76160845732732
-18.2011549118356,-1.74680050777705
-18.1728018696667,-1.73212270345978
-18.1444418505182,-1.71757932028091
-18.1160748795447,-1.70317429690768
-18.0877009817964,-1.68891122722529
-18.0593201822202,-1.67479335466903
-18.0309325056598,-1.66082356848574
-18.0025379768568,-1.64700440195984
-17.9741366204507,-1.63333803262045
-17.9457284609798,-1.61982628442616
-17.9173135228818,-1.60647063190432
-17.8888918304943,-1.59327220620125
-17.8604634080553,-1.58023180297949
-17.8320282797037,-1.56734989207876
-17.8035864694801,-1.55462662883748
-17.7751380013272,-1.54206186695379
-17.7466828990903,-1.52965517274745
-17.7182211865178,-1.51740584066819
-17.689752887262,-1.50531290988184
-17.6612780248794,-1.49337518175303
-17.6327966228312,-1.48159123803303
-17.6043087044841,-1.46995945955295
-17.5758142931104,-1.45847804521681
-17.5473134118892,-1.44714503108577
-17.518806083906,-1.43595830934393
-17.490292332154,-1.42491564693824
-17.4617721795344,-1.41401470368961
-17.4332456488565,-1.40325304967964
-17.4047127628389,-1.39262818172714
-17.3761735441093,-1.38213753878134
-17.3476280152056,-1.37177851607327
-17.319076198576,-1.36154847788403
-17.2905181165798,-1.35144476880784
-17.2619537914874,-1.34146472340872
-17.2333832454814,-1.33160567419243
-17.2048065006567,-1.32186495783902
-17.1762235790209,-1.31223991966669
-17.1476345024953,-1.30272791632301
-17.1190392929147,-1.29332631672603
-17.0904379720283,-1.28403250130372
-17.0618305615001,-1.2748438596063
-17.0332170829093,-1.26575778639118
-17.0045975577508,-1.25677167630445
-16.9759720074357,-1.24788291730627
-16.9473404532917,-1.23908888300827
-16.9187029165634,-1.23038692411097
-16.890059418413,-1.22177435914634
-16.8614099799209,-1.21324846474517
-16.8327546220855,-1.20480646566113
-16.8040933658245,-1.19644552479236
-16.7754262319745,-1.1881627334474
-16.746753241292,-1.1799551021051
-16.7180744144538,-1.17181955191746
-16.689389772057,-1.16375290720055
-16.66069933462,-1.15575188915104
-16.6320031225826,-1.14781311101551
-16.6033011563063,-1.13993307492534
-16.5745934560751,-1.13210817059314
-16.5458800420957,-1.12433467604608
-16.5171609344979,-1.11660876054873
-16.4884361533349,-1.10892648984216
-16.4597057185843,-1.10128383379815
-16.4309696501476,-1.09367667655718
-16.4022279678513,-1.08610082918707
-16.3734806914471,-1.07855204486625
-16.3447278406123,-1.07102603656095
-16.31596943495,-1.06351849713144
-16.2872054939899,-1.05602512176705
-16.2584360371885,-1.04854163261507
-16.2296610839292,-1.04106380543465
-16.2008806535232,-1.03358749807361
-16.1720947652095,-1.02610868053453
-16.1433034381557,-1.01862346636682
-16.1145066914577,-1.01112814509402
-16.0857045441408,-1.00361921536073
-16.0568970151597,-0.996093418461845
-16.0280841233989,-0.988547771898267
-15.9992658876731,-0.980979602588295
-15.9704423267278,-0.973386579353004
-15.9416134592392,-0.965766744286801
-15.912779303815,-0.958118542621833
-15.8839398789945,-0.95044085069641
-15.855095203249,-0.942733001643875
-15.8262452949823,-0.934994808428941
-15.7973901725311,-0.927226583873585
-15.7685298541651,-0.919429157334216
-15.7396643580873,-0.911603887715582
-15.7107937024349,-0.903752672534882
-15.681917905279,-0.895877952781433
-15.6530369846253,-0.887982713352736
-15.6241509584145,-0.880070478886681
-15.5952598445225,-0.8721453048515
-15.5663636607604,-0.864211763799407
-15.5374624248758,-0.856274926736615
-15.5085561545521,-0.848340339610502
-15.4796448674093,-0.84041399496431
-15.4507285810046,-0.832502298859758
-15.4218073128321,-0.824612033218358
-15.3928810803237,-0.816750313781867
-15.363949900849,-0.808924543941348
-15.335013791716,-0.801142364731538
-15.3060727701712,-0.793411601332553
-15.2771268533999,-0.785740206463485
-15.2481760585267,-0.778136201092105
-15.2192204026154,-0.770607612920568
-15.1902599026701,-0.763162413138987
-15.1612945756346,-0.75580845196591
-15.1323244383935,-0.748553393517129
-15.1033495077717,-0.741404650561524
-15.0743698005357,-0.73436931973419
-15.0453853333931,-0.727454117783235
-15.016396122993,-0.720665319426661
-14.9874021859269,-0.714008697389994
-14.9584035387282,-0.707489465183501
-14.9294001978732,-0.701112223160198
-14.9003921797807,-0.694880908372316
-14.8713795008131,-0.688798748714806
-14.842362177276,-0.682868221810004
-14.8133402254188,-0.677091019048063
-14.7843136614351,-0.671468015153645
-14.7552825014626,-0.665999243600924
-14.7262467615838,-0.660683878146981
-14.6972064578262,-0.655520220698277
-14.6681616061623,-0.65050569566719
-14.6391122225102,-0.645636850915716
-14.6100583227338,-0.640909365322331
-14.5809999226429,-0.636318062946328
-14.5519370379939,-0.631856933702153
-14.5228696844895,-0.627519160395385
-14.4937978777795,-0.623297151912343
-14.4647216334607,-0.619182582297954
-14.4356409670774,-0.615166435401649
-14.4065558941217,-0.611239054719746
-14.3774664300334,-0.607390198015173
-14.3483725902008,-0.603609096252464
-14.3192743899605,-0.599884516347663
-14.2901718445981,-0.596204827200113
-14.2610649693479,-0.592558068445854
-14.2319537793938,-0.588932021351264
-14.202838289869,-0.585314281250502
-14.1737185158566,-0.581692330921619
-14.1445944723899,-0.578053614293806
-14.1154661744523,-0.57438560988219
-14.0863336369778,-0.570675903356715
-14.0571968748514,-0.566912258667813
-14.028055902909,-0.563082687173523
-13.998910735938,-0.559175514240058
-13.9697613886771,-0.555179442820357
-13.940607875817,-0.551083613552105
-13.9114502120006,-0.546877660958026
-13.8822884118228,-0.54255176537583
-13.8531224898313,-0.538096700293138
-13.8239524605265,-0.533503874812659
-13.7947783383618,-0.528765371024839
-13.7656001377439,-0.523873976118226
-13.7364178730332,-0.518823209111096
-13.7072315585435,-0.513607342141327
-13.6780412085428,-0.508221416303826
-13.6488468372534,-0.502661252075963
-13.6196484588519,-0.496923454420546
-13.5904460874695,-0.49100541270246
-13.5612397371925,-0.484905295598779
-13.5320294220624,-0.47862204122224
-13.5028151560757,-0.472155342714561
-13.473596953185,-0.465505629598235
-13.4443748272982,-0.458674045203427
-13.4151487922797,-0.451662420510043
-13.3859188619498,-0.444473244763667
-13.3566850500856,-0.437109633238059
-13.3274473704206,-0.4295752925262
-13.2982058366455,-0.421874483746416
-13.268960462408,-0.414011984050187
-13.2397112613131,-0.40599304681403
-13.2104582469236,-0.397823360889452
-13.1812014327598,-0.389509009272821
-13.1519408323003,-0.381056427541349
-13.1226764589817,-0.372472362382704
-13.0934083261991,-0.363763830524205
-13.0641364473062,-0.35493807834383
-13.0348608356155,-0.346002542419644
-13.0055815043988,-0.336964811247075
-12.9762984668869,-0.327832588325453
-12.9470117362701,-0.318613656786464
-12.9177213256984,-0.309315845708387
-12.8884272482817,-0.299946998231386
-12.85912951709,-0.290514941561073
-12.8298281451535,-0.281027458920637
-12.8005231454629,-0.271492263486016
-12.7712145309695,-0.261916974314477
-12.7419023145855,-0.252309094254512
-12.7125865091844,-0.242675989804667
-12.6832671276005,-0.233024872870626
-12.65394418263,-0.223362784354029
-12.6246176870305,-0.213696579492769
-12.5952876535215,-0.2040329148615
-12.5659540947845,-0.194378236932128
-12.5366170234633,-0.184738772087583
-12.5072764521641,-0.175120517978137
-12.4779323934556,-0.165529236107181
-12.4485848598694,-0.155970445533644
-12.4192338639001,-0.146449417579847
-12.3898794180053,-0.136971171437255
-12.360521534606,-0.127540470567508
-12.3311602260869,-0.118161819802506
-12.3017955047963,-0.108839463054643
-12.2724273830462,-0.0995773815566565
-12.243055873113,-0.0903792925593088
-12.2136809872372,-0.0812486484247401
-12.1843027376236,-0.0721886360626982
-12.154921136442,-0.0632021766667954
-12.1255361958265,-0.0542919257173278
-12.0961479278765,-0.0454602732266789
-12.0667563446565,-0.0367093442122126
-12.0373614581961,-0.028040999389864
-12.0079632804907,-0.0194568360896152
-11.9785618235011,-0.0109581894009025
-11.9491570991542,-0.00254613356248967
-11.9197491193425,0.00577851638333549
-11.8903378959251,0.014015202647597
-11.8609234407271,0.0221636224341388
-11.8315057655404,0.0302237253304192
-11.8020848821235,0.0381957103161081
-11.7726608022015,0.0460800223545945
-11.7432335374667,0.053877348531886
-11.7138030995787,0.0615886137074995
-11.6843695001643,0.06921497564257
-11.6549327508178,0.0767578195717
-11.6254928631011,0.0842187521869366
-11.596049848544,0.0915995950043396
-11.5666037186444,0.0989023770864232
-11.5371544848681,0.10612932709661
-11.5077021586495,0.113282864665115
-11.4782467513912,0.120365591049243
-11.4487882744645,0.127380279074758
-11.4193267392096,0.134329862348824
-11.3898621569355,0.141217423739201
-11.3603945389204,0.148046183118369
-11.3309238964115,0.154819484375713
-11.3014502406257,0.161540781705186
-11.2719735827493,0.168213625180478
-11.2424939339384,0.17484164563429
-11.2130113053187,0.181428538863157
-11.1835257079863,0.187978049184091
-11.1540371530071,0.194493952374364
-11.1245456514175,0.200980038030984
-11.0950512142244,0.207440091391712
-11.065553852405,0.213877874664922
-11.0360535769076,0.220297107921295
-11.0065503986512,0.226701449606065
-10.9770443285258,0.233094476736383
-10.9475353773929,0.23947966485443
-10.9180235560849,0.245860367812766
-10.8885088754059,0.252239797474589
-10.8589913461317,0.258621003417474
-10.8294709790096,0.265006852735056
-10.7999477847591,0.271400010036851
-10.7704217740714,0.277802917751849
-10.7408929576103,0.284217776846658
-10.7113613460114,0.29064652807366
-10.6818269498833,0.297090833868856
-10.6522897798069,0.303552061022621
-10.6227498463357,0.310031264249515
-10.5932071599964,0.316529170785266
-10.5636617312885,0.323046166140339
-10.5341135706848,0.32958228113954
-10.5045626886311,0.336137180376344
-10.4750090955469,0.342710152208443
-10.445452801825,0.349300100417931
-10.4158938178322,0.355905537654865
-10.3863321539088,0.362524580777201
-10.3567678203691,0.369154948192902
-10.3272008275017,0.375793959301525
-10.297631185569,0.382438536122729
-10.2680589048082,0.389085207187945
-10.2384839954307,0.395730113759109
-10.2089064676223,0.40236901842454
-10.179326331544,0.408997316107317
-10.1497435973313,0.415610047505684
-10.1201582750947,0.422201914968046
-10.09057037492,0.428767300787682
-10.0609799068679,0.435300287883832
-10.0313868809748,0.441794682817072
-10.0017913072523,0.448244041067667
-9.97219319568781,0.454641694486233
-9.94259255624431,0.460980780806617
-9.91298939886068,0.467254275091792
-9.8833837334518,0.473455022964679
-9.85377556990858,0.479575775457645
-9.82416491809818,0.485609225296946
-9.79455178786409,0.491548044421934
-9.76493618902623,0.497384922523519
-9.73531813138111,0.503112606372421
-9.70569762470193,0.508723939695289
-9.67607467873868,0.514211903345974
-9.64644930321829,0.519569655510422
-9.61682150784474,0.524790571676508
-9.58719130229916,0.529868284095457
-9.55755869623996,0.534796720458676
-9.52792369930294,0.539570141513552
-9.49828632110142,0.544183177343625
-9.46864657122632,0.548630862042936
-9.43900445924632,0.552908666521144
-9.40935999470794,0.557012529185066
-9.37971318713566,0.560938884253963
-9.35006404603206,0.564684687479732
-9.32041258087787,0.568247439059299
-9.29075880113216,0.571625203544968
-9.26110271623239,0.574816626578777
-9.23144433559455,0.577820948299301
-9.20178366861327,0.580638013293518
-9.1721207246619,0.583268276991939
-9.14245551309267,0.585712808432397
-9.11278804323675,0.587973289346174
-9.08311832440441,0.590052009549256
-9.05344636588506,0.591951858651601
-9.02377217694741,0.593676314127505
-8.99409576683959,0.595229425820751
-8.96441714478918,0.596615796988649
-8.93473632000341,0.597840562019005
-8.90505330166918,0.598909360983443
-8.87536809895324,0.599828311218774
-8.84568072100225,0.600603976155156
-8.81599117694289,0.601243331635283
-8.78629947588196,0.601753729992447
-8.75660562690652,0.602142862176846
-8.72690963908393,0.602418718238647
-8.69721152146203,0.602589546492846
-8.66751128306916,0.602663811704693
-8.63780893291432,0.602650152645086
-8.60810447998726,0.602557339372872
-8.57839793325856,0.602394230605087
-8.54868930167974,0.60216973153689
-8.51897859418338,0.601892752470091
-8.48926581968321,0.601572168602752
-8.45955098707416,0.601216781322309
-8.42983410523256,0.600835281331234
-8.40011518301613,0.60043621391698
-8.37039422926417,0.600027946657855
-8.34067125279757,0.599618639832549
-8.31094626241899,0.599216219774597
-8.28121926691291,0.598828355383427
-8.25149027504573,0.598462437971786
-8.22175929556587,0.598125564594916
-8.19202633720387,0.59782452497082
-8.16229140867249,0.597565792063182
-8.13255451866679,0.597355516359579
-8.10281567586423,0.597199523838048
-8.07307488892477,0.597103317575082
-8.04333216649096,0.59707208290815
-8.01358751718802,0.597110696026702
-7.98384094962397,0.597223735827118
-7.95409247238968,0.597415498830291
-7.92434209405898,0.597690016925519
-7.89458982318877,0.598051077671643
-7.86483566831907,0.59850224685648
-7.83507963797315,0.599046892988632
-7.80532174065759,0.599688213372255
-7.77556198486241,0.600429261395815
-7.74580037906111,0.601272974649902
-7.71603693171082,0.602222203477938
-7.68627165125232,0.60327973955639
-7.65650454611017,0.604448344098708
-7.62673562469281,0.605730775279239
-7.59696489539262,0.607129814480169
-7.56719236658602,0.608648290975889
-7.53741804663355,0.610289104685018
-7.50764194387998,0.612055246640569
-7.47786406665436,0.613949816853111
-7.44808442327015,0.615976039270036
-7.41830302202526,0.618137273565948
-7.38851987120218,0.620437023534278
-7.35873497906802,0.622878941888214
-7.32894835387466,0.625466831319399
-7.29916000385876,0.62820464170523
-7.26936993724189,0.631096463399368
-7.23957816223062,0.634146516584863
-7.20978468701657,0.637359136714556
-7.17998951977651,0.640738756108497
-7.15019266867246,0.644289881822706
-7.12039414185177,0.648017069946972
-7.09059394744715,0.651924896531222
-7.06079209357684,0.656017925379512
-7.03098858834461,0.660300672987969
-7.00118343983991,0.664777570936911
-6.97137665613789,0.669452926078225
-6.94156824529955,0.674330878885922
-6.91175821537173,0.679415360360851
-6.8819465743873,0.684710047899125
-6.85213333036514,0.690218320548141
-6.82231849131029,0.695943214083515
-6.79250206521399,0.701887376345379
-6.76268406005377,0.708053023272566
-6.73286448379354,0.714441896068786
-6.70304334438368,0.721055219925933
-6.67322064976107,0.727893664716147
-6.64339640784921,0.73495730804655
-6.61357062655829,0.742245601048914
-6.58374331378527,0.749757337251072
-6.55391447741394,0.757490624848172
-6.52408412531501,0.765442862660001
-6.49425226534621,0.773610720026266
-6.46441890535231,0.781990120855093
-6.43458405316526,0.790576232001609
-6.40474771660423,0.799363456113889
-6.37490990347568,0.808345429042937
-6.34507062157347,0.817515021872508
-6.31522987867889,0.826864347583772
-6.28538768256078,0.836384772329421
-6.25554404097558,0.846066931252485
-6.22569896166739,0.855900748747077
-6.19585245236811,0.865875463021959
-6.16600452079743,0.875979654793628
-6.13615517466294,0.886201279903803
-6.10630442166024,0.896527705627069
-6.07645226947295,0.906945750408257
-6.04659872577283,0.917441726746148
-6.01674379821982,0.928001486920298
-5.98688749446215,0.938610471241555
-5.95702982213638,0.949253758494002
-5.92717078886748,0.95991611822693
-5.89731040226891,0.970582064549559
-5.86744866994271,0.98123591107921
-5.83758559947952,0.991861826694688
-5.8077211984587,1.00244389175115
-5.77785547444837,1.01296615442028
-5.7479884350055,1.02341268683017
-5.71812008767597,1.03376764069242
-5.68825043999468,1.04401530211971
-5.65837949948553,1.05414014535503
-5.62850727366159,1.06412688515333
-5.5986337700251,1.07396052757817
-5.56875899606757,1.08362641899808
-5.53888295926985,1.09311029309175
-5.50900566710221,1.10239831569498
-5.47912712702438,1.1114771273474
-5.4492473464856,1.12033388342182
-5.41936633292478,1.12895629174348
-5.38948409377048,1.13733264763059
-5.35960063644099,1.14545186631097
-5.32971596834445,1.15330351269143
-5.29983009687887,1.16087782847785
-5.2699430294322,1.16816575666283
-5.24005477338242,1.17515896341584
-5.21016533609761,1.18184985742635
-5.18027472493597,1.18823160676432
-5.15038294724595,1.19429815333413
-5.12049001036627,1.20004422500741
-5.09059592162601,1.20546534552782
-5.06070068834467,1.21055784228552
-5.03080431783223,1.21531885206212
-5.00090681738923,1.21974632484757
-4.97100819430682,1.22383902582892
-4.94110845586683,1.22759653564746
-4.91120760934185,1.23101924901559
-4.88130566199528,1.23410837177761
-4.85140262108139,1.23686591649027
-4.82149849384541,1.23929469658908
-4.79159328752355,1.24139831919534
-4.76168700934312,1.24318117660712
-4.73177966652257,1.24464843650533
-4.70187126627151,1.24580603089257
-4.67196181579087,1.24666064377037
-4.64205132227286,1.24721969754723
-4.61213979290111,1.24749133815771
-4.58222723485071,1.24748441886138
-4.55231365528825,1.2472084826797
-4.52239906137192,1.24667374341935
-4.49248346025155,1.24589106522262
-4.46256685906866,1.24487194057891
-4.43264926495657,1.24362846672662
-4.40273068504041,1.24217332037218
-4.37281112643722,1.24051973065195
-4.342890596256,1.2386814502645
-4.31296910159775,1.23667272470441
-4.28304664955558,1.23450825953454
-4.25312324721471,1.23220318564228
-4.2231989016526,1.22977302243569
-4.19327361993896,1.22723363894807
-4.16334740913582,1.22460121283436
-4.13342027629761,1.22189218725967
-4.1034922284712,1.21912322569851
-4.07356327269599,1.21631116468363
-4.04363341600394,1.2134729645649
-4.01370266541963,1.21062565836113
-3.98377102796035,1.2077862988115
-3.95383851063614,1.20497190375717
-3.92390512044985,1.20219940000805
-3.8939708643972,1.19948556587409
-3.86403574946684,1.19684697256425
-3.83409978264042,1.19429992467976
-3.80416297089265,1.19186040005041
-3.77422532119133,1.18954398918352
-3.74428684049744,1.18736583461453
-3.7143475357652,1.18534057046562
-3.68440741394211,1.1834822625336
-3.65446648196901,1.18180434924137
-3.62452474678018,1.1803195837968
-3.59458221530331,1.17903997791036
-3.56463889445967,1.17797674742648
-3.53469479116408,1.17714026022473
-3.50474991232501,1.17653998674419
-3.47480426484463,1.1761844534786
-3.44485785561887,1.17608119978081
-3.41491069153746,1.17623673830213
-3.38496277948403,1.17665651937646
-3.35501412633611,1.17734489964003
-3.32506473896524,1.178305115155
-3.29511462423701,1.17953925928044
-3.26516378901109,1.18104826550603
-3.23521224014132,1.18283189543364
-3.20525998447577,1.1848887320593
-3.17530702885677,1.18721617847373
-3.145353380121,1.18981046206338
-3.1153990450995,1.19266664425665
-3.08544403061778,1.19577863582185
-3.05548834349585,1.19913921768446
-3.02553199054825,1.20274006719257
-2.99557497858418,1.20657178972038
-2.96561731440749,1.21062395546197
-2.93565900481674,1.21488514122983
-2.9057000566053,1.21934297703751
-2.87574047656138,1.2239841972111
-2.84578027146805,1.22879469574261
-2.81581944810337,1.23375958556846
-2.7858580132404,1.2388632614292
-2.75589597364725,1.24408946594271
-2.72593333608716,1.24942135850183
-2.69597010731854,1.25484158659012
-2.66600629409503,1.26033235909495
-2.63604190316554,1.26587552118705
-2.60607694127434,1.27145263032864
-2.5761114151611,1.27704503296949
-2.54614533156092,1.28263394149097
-2.51617869720441,1.28820051096291
-2.48621151881774,1.293725915286
-2.4562438031227,1.29919142230488
-2.42627555683676,1.30457846749149
-2.39630678667309,1.30986872581748
-2.36633749934064,1.31504418145516
-2.33636770154422,1.32008719497116
-2.3063973999845,1.32498056770304
-2.27642660135809,1.32970760303812
-2.24645531235762,1.33425216434389
-2.21648353967176,1.33859872933129
-2.18651128998527,1.34273244066524
-2.15653856997907,1.34663915266981
-2.12656538633032,1.35030547400972
-2.09659174571242,1.35371880626322
-2.06661765479509,1.35686737833479
-2.03664312024444,1.35974027668818
-2.00666814872298,1.3623274714118
-1.97669274688972,1.36461983815767
-1.94671692140021,1.3666091760232
-1.91674067890657,1.36828822147042
-1.88676402605757,1.36965065840066
-1.85678696949867,1.37069112452324
-1.82680951587209,1.37140521417457
-1.79683167181683,1.37178947775906
-1.76685344396876,1.37184141799525
-1.73687483896065,1.37155948315923
-1.70689586342225,1.37094305752376
-1.67691652398028,1.36999244919394
-1.64693682725856,1.36870887554042
-1.61695677987803,1.36709444642841
-1.58697638845677,1.36515214543511
-1.55699565961013,1.36288580924043
-1.52701459995071,1.36030010536589
-1.49703321608843,1.35740050842435
-1.46705151463061,1.35419327503018
-1.437069502182,1.35068541750403
-1.40708718534484,1.34688467649116
-1.37710457071891,1.34279949259532
-1.34712166490158,1.33843897711409
-1.31713847448786,1.33381288194454
-1.28715500607047,1.32893156871234
-1.25717126623987,1.32380597716195
-1.22718726158431,1.31844759283136
-1.19720299868993,1.31286841402229
-1.16721848414074,1.30708091806527
-1.13723372451872,1.30109802687033
-1.10724872640386,1.2949330717467
-1.07726349637421,1.28859975747039
-1.04727804100596,1.28211212557623
-1.01729236687343,1.2754845168513
-0.987306480549167,1.26873153300941
-0.957320388604003,1.26186799753181
-0.92733409760708,1.25490891566726
-0.897347614125918,1.2478694335948
-0.867360944726464,1.24076479676526
-0.837374095973135,1.23361030745223
-0.807387074428887,1.2264212815597
-0.777399886655252,1.21921300475173
-0.747412539212402,1.21200068798882
-0.717425038659175,1.20479942257622
-0.687437391553169,1.19762413485015
-0.657449604450753,1.19048954064924
-0.62746168390714,1.18341009973958
-0.597473636476434,1.17639997038221
-0.567485468711684,1.16947296425147
-0.537497187164933,1.16264250193097
-0.507508798387268,1.15592156923052
-0.47752030892887,1.14932267458156
-0.447531725339073,1.14285780778125
-0.417543054166415,1.1365384003642
-0.387554301958674,1.13037528788747
-0.357565475262944,1.12437867441768
-0.327576580625669,1.11855809950831
-0.297587624592694,1.11292240795185
-0.267598613709321,1.10747972258336
-0.237609554520375,1.10223742040076
-0.207620453570224,1.09720211225197
-0.177631317402858,1.09237962631984
-0.147642152561924,1.08777499561332
-0.117652965590794,1.08339244964742
-0.0876637630325935,1.0792354104645
-0.0576745514302734,1.07530649311783
-0.0276853373266407,1.0716075107025
0.00230387273556149,1.06813948398166
0.0322930722136253,1.0649026556164
0.0622822545648215,1.06189650896648
0.092271413246349,1.05911979138712
0.122260541715278,1.05657054190392
0.152249633428502,1.05424612310538
0.182238681842683,1.05214325704975
0.212227680414215,1.0502580649413
0.242216622599146,1.04858611029099
0.272205501853157,1.04712244523819
0.302194311631484,1.04586165967446
0.332183045388877,1.04479793277715
0.36217169657956,1.04392508653168
0.392160258657164,1.04323664079533
0.422148725074683,1.0427258694339
0.452137089284413,1.04238585704613
0.482125344737922,1.04220955577821
0.512113484885968,1.04218984172411
0.54210150317847,1.04231957040563
0.572089393064451,1.04259163082973
0.602077147991992,1.04299899762969
0.632064761408171,1.04353478081158
0.662052226759011,1.0441922726467
0.692039537489431,1.04496499127648
0.722026687043199,1.04584672062568
0.75201366886288,1.04683154625503
0.78200047638978,1.04791388682324
0.8119871030639,1.04908852087163
0.841973542323867,1.05035060869115
0.87195978760691,1.05169570908142
0.901945832348781,1.05311979086342
0.931931669983731,1.05461923906187
0.961917293944427,1.05619085572831
0.991902697661937,1.05783185543261
1.02188787456564,1.05953985550619
1.05187281808319,1.0613128611762
1.08185752164048,1.06314924578395
1.11184197866157,1.06504772633329
1.14182618256864,1.06700733466452
1.17181012678194,1.06902738459588
1.20179380471974,1.07110743541805
1.23177720979827,1.07324725216543
1.26176033543167,1.07544676312237
1.29174317503196,1.07770601505136
1.32172572200893,1.08002512665375
1.35170796977018,1.08240424079141
1.38168991172096,1.08484347600939
1.41167154126422,1.08734287790555
1.44165285180047,1.08990237089249
1.47163383672779,1.09252171089067
1.50161448944175,1.09520043947854
1.53159480333535,1.09793784000742
1.56157477179901,1.100732896164
1.59155438822045,1.10358425343407
1.6215336459847,1.10649018388622
1.65151253847402,1.1094485546553
1.68149105906783,1.11245680046182
1.71146920114271,1.11551190045717
1.74144695807227,1.11861035963457
1.77142432322718,1.12174819499404
1.80140128997507,1.12492092659581
1.83137785168046,1.12812357358247
1.86135400170476,1.13135065519505
1.89132973340617,1.13459619675417
1.92130504013966,1.13785374052374
1.9512799152569,1.14111636132341
1.98125435210619,1.1443766867064
2.01122834403246,1.14762692147324
2.04120188437714,1.15085887624872
2.0711749664782,1.15406399981064
2.10114758367,1.15723341482388
2.13111972928331,1.16035795660391
2.16109139664521,1.16342821450826
2.19106257907906,1.16643457553539
2.22103326990445,1.16936726969553
2.25100346243712,1.17221641670961
2.28097314998894,1.17497207358865
2.31094232586784,1.17762428264817
2.34091098337773,1.18016311951929
2.3708791158185,1.18257874073046
2.40084671648591,1.18486143045068
2.43081377867158,1.1870016460065
2.46078029566292,1.18899006181055
2.49074626074306,1.19081761136821
2.52071166719083,1.19247552706122
2.55067650828065,1.19395537744161
2.58064077728253,1.19524910180617
2.61060446746201,1.19634904185977
2.64056757208006,1.19724797031509
2.67053008439307,1.19793911631589
2.70049199765278,1.19841618761029
2.73045330510622,1.19867338943927
2.76041399999568,1.19870544014316
2.79037407555859,1.19850758352457
2.82033352502756,1.19807559804023
2.85029234163024,1.19740580292517
2.88025051858931,1.19649506138125
2.9102080491224,1.19534078098739
2.94016492644207,1.19394091151052
2.9701211437557,1.19229394031499
3.0000766942655,1.1903988855827
3.03003157116839,1.18825528756728
3.05998576765599,1.18586319811303
3.08993927691453,1.1832231686729
3.11989209212483,1.18033623705995
3.1498442064622,1.17720391316342
3.17979561309643,1.17382816385419
3.2097463051917,1.1702113972947
3.23969627590654,1.16635644685683
3.26964551839374,1.16226655483632
3.29959402580037,1.15794535613639
3.32954179126762,1.15339686207478
3.35948880793084,1.14862544444942
3.3894350689194,1.14363581997742
3.41938056735669,1.13843303520157
3.44932529636006,1.13302245193737
3.47926924904072,1.12740973331277
3.50921241850372,1.12160083043291
3.53915479784786,1.11560196968198
3.56909638016569,1.10941964065665
3.59903715854339,1.10306058470783
3.62897712606073,1.09653178405236
3.65891627579104,1.08984045140229
3.68885460080111,1.0829940200474
3.71879209415117,1.07600013431673
3.74872874889479,1.06886664033686
3.77866455807886,1.06160157699877
3.80859951474351,1.05421316704117
3.83853361192205,1.04670980815636
3.86846684264091,1.03910006402472
3.89839919991961,1.03139265518552
3.92833067677066,1.02359644965558
3.95826126619952,1.01572045321187
3.98819096120455,1.0077737992609
4.01811975477692,0.999765738224808
4.04804763990057,0.991705626382906
4.07797460955217,0.983602914116256
4.10790065670101,0.975467133512934
4.13782577430899,0.96730788530153
4.16774995533052,0.959134825090834
4.19767319271248,0.950957648903913
4.22759547939417,0.942786078004911
4.25751680830721,0.934629843026649
4.28743717237552,0.926498667416475
4.31735656451525,0.918402250226608
4.34727497763468,0.910350248283251
4.37719240463423,0.90235225777624
4.40710883840631,0.894417795317604
4.43702427183535,0.886556278523173
4.46693869779767,0.878777006176547
4.49685210916143,0.87108913803892
4.52676449878662,0.863501674371769
4.55667585952492,0.856023435242278
4.58658618421969,0.84866303968357
4.61649546570587,0.841428884783339
4.64640369680997,0.834329124775696
4.67631087034996,0.82737165021179
4.7062169791352,0.820564067285007
4.73612201596645,0.813913677386905
4.76602597363569,0.807427456969954
4.79592884492618,0.801112037793043
4.8258306226123,0.794973687625705
4.85573129945954,0.789018291486842
4.8856308682244,0.78325133349383
4.91552932165438,0.777677879397816
4.94542665248783,0.772302559881515
4.97532285345397,0.767129554695694
5.00521791727278,0.762162577711381
5.03511183665494,0.757404862964862
5.06500460430178,0.752859151773263
5.09489621290519,0.748527680998677
5.12478665514757,0.744412172539123
5.15467592370177,0.740513824124612
5.18456401123102,0.736833301496208
5.21445091038883,0.733370732045332
5.24433661381898,0.730125699989234
5.27422111415543,0.727097243156722
5.30410440402223,0.724283851455674
5.33398647603348,0.721683467090427
5.36386732279325,0.719293486592948
5.39374693689554,0.71711076472638
5.42362531092416,0.715131620313429
5.45350243745272,0.713351844034648
5.4833783090445,0.711766708233398
5.51325291825245,0.710370978754762
5.54312625761906,0.709158928835203
5.57299831967635,0.708124355048165
5.60286909694574,0.707260595298381
5.63273858193803,0.706560548844154
5.66260676715329,0.706016698312787
5.69247364508084,0.705621133659511
5.72233920819914,0.705365578004812
5.75220344897572,0.705241415269553
5.78206635986715,0.705239719511225
5.81192793331892,0.705351285849044
5.84178816176539,0.705566662849769
5.87164703762974,0.70587618623113
5.90150455332387,0.706270013725099
5.93136070124832,0.706738160929502
5.96121547379225,0.707270537963973
5.99106886333331,0.707856986734722
6.0209208622376,0.708487318602739
6.05077146285961,0.709151352241726
6.0806206575421,0.709838951465549
6.11046843861608,0.710540062800396
6.1403147984007,0.711244752574286
6.17015972920319,0.711943243296204
6.20000322331879,0.712625949098872
6.22984527303069,0.713283510023297
6.25968587060991,0.713906824929406
6.28952500831527,0.714487082825775
6.31936267839332,0.715015792421871
6.34919887307821,0.715484809719323
6.37903358459169,0.715886363473214
6.40886680514296,0.716213078371052
6.43869852692867,0.716457995795379
6.46852874213278,0.716614592055542
6.49835744292652,0.716676793995184
6.52818462146829,0.716638991903926
6.55801026990363,0.716496049684489
6.58783438036509,0.716243312249626
6.61765694497218,0.715876610146806
6.64747795583128,0.715392261431882
6.67729740503558,0.71478707083614
6.70711528466499,0.714058326293532
6.73693158678606,0.713203792916524
6.76674630345193,0.712221704529513
6.79655942670218,0.711110752887826
6.82637094856286,0.709870074727881
6.85618086104631,0.708499236809805
6.88598915615113,0.706998219127636
6.9157958258621,0.705367396473813
6.94560086215008,0.703607518554151
6.97540425697196,0.70171968885654
7.00520600227053,0.69970534248133
7.03500608997448,0.697566223143685
7.06480451199822,0.695304359558005
7.09460126024188,0.692922041412098
7.12439632659119,0.690421795133984
7.15418970291738,0.687806359647237
7.18398138107717,0.685078662301764
7.21377135291261,0.68224179515599
7.24355961025104,0.679298991773756
7.27334614490497,0.676253604685096
7.30313094867206,0.67310908364464
7.33291401333496,0.669868954804818
7.3626953306613,0.666536800903836
7.39247489240355,0.663116242550529
7.42225269029894,0.659610920670007
7.45202871606942,0.656024480156008
7.48180296142152,0.652360554757868
7.51157541804631,0.648622753212607
7.54134607761928,0.64481464661602
7.57111493180027,0.640939757010822
7.60088197223337,0.637001547155347
7.63064719054687,0.633003411423026
7.66041057835312,0.628948667771066
7.69017212724848,0.624840550706635
7.71993182881323,0.620682205170366
7.74968967461144,0.616476681250433
7.77944565619095,0.612226929635545
7.80919976508323,0.607935797712441
7.8389519928033,0.603606026212242
7.86870233084966,0.599240246310769
7.89845077070418,0.594840977090506
7.928197303832,0.590410623275757
7.95794192168149,0.585951473158319
7.9876846156841,0.581465696637874
8.01742537725429,0.576955343309406
8.04716419778947,0.572422340539175
8.07690106866983,0.567868491480725
8.10663598125834,0.563295472992962
8.1363689269006,0.558704833433401
8.16609989692475,0.554097990310742
8.1958288826414,0.549476227792216
8.22555587534353,0.544840694071944
8.25528086630637,0.54019239861713
8.28500384678732,0.535532209318699
8.31472480802589,0.530860849582163
8.34444374124355,0.526178895402564
8.37416063764365,0.521486772474448
8.40387548841136,0.51678475339374
8.43358828471351,0.512072955012927
8.46329901769856,0.507351336014356
8.49300767849646,0.502619694768294
8.52271425821854,0.497877667543014
8.55241874795747,0.493124727133393
8.58212113878709,0.488360181972416
8.61182142176238,0.483583175786684
8.64151958791931,0.478792687852598
8.67121562827474,0.473987533904435
8.70090953382637,0.469166367739225
8.73060129555259,0.464327683556224
8.76029090441239,0.459469819061251
8.78997835134527,0.454590959357999
8.81966362727114,0.449689141640313
8.84934672309018,0.444762260691096
8.87902762968281,0.439808075185338
8.90870633790949,0.434824214786984
8.93838283861071,0.429808188021996
8.96805712260684,0.424757390903183
8.997729180698,0.419669116276486
9.02739900366402,0.414540563853224
9.05706658226429,0.409368850888782
9.08673190723764,0.404151023464994
9.1163949693023,0.398884068331617
9.14605575915571,0.393564925261311
9.17571426747448,0.388190499872724
9.20537048491423,0.382757676877569
9.23502440210954,0.377263333709802
9.26467600967378,0.371704354498153
9.29432529819904,0.366077644347202
9.32397225825602,0.360380143896784
9.35361688039388,0.354608844134574
9.38325915514018,0.348760801442138
9.41289907300075,0.342833152860234
9.44253662445955,0.336823131564667
9.47217179997861,0.330728082549212
9.5018045899979,0.324545478516795
9.53143498493517,0.318272935984337
9.56106297518589,0.311908231609697
9.59068855112314,0.305449318751467
9.62031170309745,0.298894344273197
9.64993242143673,0.29224166560331
9.6795506964461,0.285489868059999
9.70916651840786,0.278637782446941
9.73877987758127,0.271684502920547
9.76839076420253,0.264629405122678
9.79799916848457,0.257472164564245
9.82760508061703,0.250212775235093
9.85720849076605,0.242851568403786
9.88680938907421,0.23538923155791
9.91640776566037,0.227826827421076
9.94600361061959,0.220165812967281
9.97559691402298,0.212408058336878
10.0051876659176,0.204555865541424
10.0347758563263,0.196611986827152
10.0643614752476,0.188579642549437
10.0939445126558,0.180462538393318
10.1235249585002,0.172264881758512
10.1531028027059,0.163991397111612
10.1826780351729,0.155647340093681
10.2122506457764,0.147238510158614
10.2418206243666,0.13877126150671
10.2713879607682,0.130252512069186
10.3009526447809,0.121689750293369
10.330514666179,0.113091039474931
10.3600740147109,0.104465019383413
10.3896306800998,0.0958209049303935
10.4191846520425,0.0871684816362084
10.4487359202103,0.0785180976612647
10.4782844742482,0.0698806521819169
10.5078303037751,0.0612675799082449
10.5373733983835,0.0526908315623356
10.5669137476393,0.044162850160502
10.5964513410819,0.0356965429709923
10.625986168224,0.0273052490503467
10.6555182185513,0.0190027022961399
10.6850474815227,0.0108029899911344
10.7145739465696,0.00272050685368086
10.7440976030963,-0.00523009534899899
10.7736184404798,-0.0130339625244691
10.8031364480693,-0.0206760971709308
10.8326516151865,-0.0281414212949755
10.862163931125,-0.0354148430954524
10.8916733851506,-0.042481327132192
10.921179966501,-0.0493259676539193
10.9506836643855,-0.0559340647163769
10.9801844679852,-0.062291202680461
11.0096823664524,-0.0683833306411508
11.0391773489109,-0.0741968443020209
11.0686694044555,-0.0797186687773284
11.0981585221522,-0.0849363417748528
11.1276446910377,-0.0898380965878616
11.1571279001196,-0.0944129443045014
11.1866081383759,-0.0986507546276254
11.2160853947551,-0.102542334688033
11.2455596581761,-0.106079505229321
11.2750309175277,-0.109255173543456
11.304499161669,-0.112063402542603
11.3339643794286,-0.11449947536493
11.3634265596051,-0.116559954929905
11.3928856909663,-0.118242737882051
11.4223417622496,-0.119547102390914
11.4517947621616,-0.120473749309131
11.481244679378,-0.121024836229552
11.5106915025434,-0.121204004026147
11.540135220271,-0.12101639551152
11.5695758211428,-0.120468665895892
11.5990132937091,-0.119568984787922
11.6284476264887,-0.11832702953631
11.6578788079684,-0.11675396977216
11.6873068266028,-0.114862443075079
11.7167316708147,-0.112666521750599
11.7461533289942,-0.110181670771679
11.7755717894991,-0.107424697002926
11.8049870406543,-0.104413689891429
11.8343990707522,-0.101167953872826
11.8638078680518,-0.0977079328044237
11.8932134207793,-0.0940551267986098
11.9226157171273,-0.0902320018886567
11.952014745255,-0.0862618930151857
11.981410493288,-0.0821689008741782
12.0108029493179,-0.0779777832163937
12.0401921014025,-0.0737138412327329
12.0695779375651,-0.0694028017004378
12.098960445795,-0.0650706956002178
12.1283396140468,-0.0607437339448982
12.1577154302403,-0.0564481815849707
12.1870878822608,-0.0522102297759712
12.2164569579581,-0.0480558683064416
12.2458226451471,-0.0440107579932523
12.2751849316071,-0.0401001043534919
12.3045438050821,-0.0363485332585896
12.33389925328,-0.0327799693671853
12.3632512638731,-0.0294175181185103
12.3925998244972,-0.0262833520475692
12.4219449227522,-0.0233986021578385
12.4512865462013,-0.0207832550562248
12.4806246823711,-0.0184560565192804
12.5099593187514,-0.0164344221191488
12.5392904427949,-0.0147343554928714
12.568618041917,-0.0133703747897087
12.5979421034959,-0.0123554477784769
12.6272626148721,-0.0117009360408531
12.6565795633484,-0.0114165486175359
12.6858929361895,-0.0115103054125729
12.715202720622,-0.0119885105972681
12.7445089038341,-0.0128557361896142
12.7738114729757,-0.0141148159182301
12.8031104151576,-0.0157668494120369
12.8324057174518,-0.0178112166887061
12.8616973668914,-0.0202456028467157
12.8909853504698,-0.0230660327981731
12.9202696551412,-0.0262669158126929
12.9495502678198,-0.0298410995772933
12.9788271753801,-0.0337799334135944
13.0081003646563,-0.0380733402322733
13.0373698224424,-0.0427098967460218
13.0666355354918,-0.0476769214066604
13.0958974905172,-0.0529605694799162
13.1251556741903,-0.0585459346230834
13.1544100731417,-0.0644171562867619
13.1836606739606,-0.0705575322222796
13.2129074631947,-0.0769496353417853
13.2421504273499,-0.0835754341484165
13.2713895528901,-0.090416415929802
13.3006248262369,-0.0974537118895782
13.3298562337696,-0.104668223378736
13.359083761825,-0.112040748381759
13.3883073966968,-0.119552107411533
13.4175271246357,-0.127183267972161
13.4467429318493,-0.134915466760006
13.4759548045014,-0.142730328790423
13.5051627287124,-0.150609982660804
13.5343666905585,-0.158537171189527
13.5635666760719,-0.16649535670477
13.5927626712403,-0.174468820297308
13.6219546620069,-0.182442754396162
13.65114263427,-0.190403348076012
13.6803265738827,-0.198337864559354
13.709506466653,-0.206234710434703
13.7386822983433,-0.214083496173874
13.7678540546702,-0.22187508759629
13.7970217213043,-0.229601647995748
13.8261852838702,-0.237256670714405
13.8553447279457,-0.244835002019897
13.884500039062,-0.25233285421308
13.9136512027035,-0.25974780896621
13.9427982043072,-0.267078810963021
13.971941029263,-0.274326151983159
14.0010796629128,-0.281491445642793
14.0302140905507,-0.288577593070551
14.0593442974229,-0.295588739862678
14.0884702687267,-0.302530224722702
14.1175919896113,-0.309408520248946
14.1467094451766,-0.316231166386693
14.1758226204735,-0.323006697111069
14.2049315005035,-0.32974456095079
14.2340360702186,-0.336455036001746
14.2631363145207,-0.343149140112661
14.2922322182615,-0.349838536952477
14.3213237662424,-0.356535438690546
14.3504109432141,-0.363252506036027
14.3794937338765,-0.37000274639213
14.408572122878,-0.376799410883802
14.4376460948157,-0.383655891014461
14.4667156342351,-0.390585615698411
14.4957807256295,-0.397601949400798
14.5248413534399,-0.404718092096642
14.5538975020551,-0.41194698173509
14.5829491558107,-0.419301199864375
14.6119962989895,-0.426792881038214
14.6410389158208,-0.434433626584994
14.6700769904803,-0.442234423278471
14.6991105070899,-0.450205567402419
14.7281394497173,-0.458356594652971
14.7571638023755,-0.466696216271073
14.786183549023,-0.475232261744695
14.8151986735633,-0.48397162836609
14.8442091598444,-0.492920237874477
14.8732149916588,-0.502083000359061
14.9022161527431,-0.511463785542235
14.9312126267778,-0.521065401508075
14.9602043973868,-0.530889580887735
14.9891914481372,-0.540936974461069
15.0181737625394,-0.551207152083412
15.0471513240459,-0.561698610798038
15.0761241160519,-0.57240878994881
15.1050921218945,-0.583334093064213
15.1340553248528,-0.594469916243371
15.163013708147,-0.605810682737074
15.1919672549385,-0.617349883382584
15.2209159483298,-0.629080122519822
15.2498597713635,-0.640993168988681
15.2787987070227,-0.653080011783018
15.3077327382303,-0.665330919915634
15.3366618478487,-0.677735506031176
15.3655860186798,-0.690282793289402
15.3945052334642,-0.702961285030394
15.4234194748811,-0.715759036725567
15.4523287255482,-0.728663729713507
15.481232968021,-0.741662746218363
15.5101321847928,-0.754743245149607
15.539026358294,-0.767892238186326
15.5679154708922,-0.781096665656092
15.5967995048916,-0.794343471727908
15.6256784425327,-0.807619678450854
15.6545522659919,-0.820912458184413
15.6834209573814,-0.834209203983212
15.7122844987486,-0.84749759751778
15.7411428720759,-0.860765674133939
15.7699960592805,-0.874001884676399
15.7988440422135,-0.887195153727003
15.8276868026603,-0.900334933934673
15.8565243223396,-0.913411256142464
15.8853565829035,-0.926414775047007
15.9141835659369,-0.939336810156956
15.9430052529572,-0.952169381849723
15.9718216254142,-0.964905242359713
16.000632664689,-0.977537901566084
16.0294383520946,-0.990061647483985
16.0582386688749,-1.00247156139961
16.0870335962043,-1.01476352762658
16.115823115188,-1.02693423789834
16.1446072068607,-1.03898119044892
16.1733858521869,-1.05090268387132
16.2021590320604,-1.06269780588003
16.2309267273035,-1.07436641713999
16.2596889186673,-1.08590913035969
16.2884455868308,-1.0973272848799
16.3171967124007,-1.10862291702187
16.345942275911,-1.11979872648938
16.3746822578226,-1.13085803914711
16.4034166385229,-1.14180476652388
16.4321453983255,-1.15264336241212
16.4608685174696,-1.16337877695516
16.4895859761198,-1.17401640863057
16.5182977543655,-1.18456205455119
16.5470038322208,-1.195021859515
16.5757041896237,-1.20540226424067
16.6043988064361,-1.21570995322764
16.633087662443,-1.22595180267695
16.6617707373523,-1.23613482890311
16.6904480107945,-1.24626613765648
16.719119462322,-1.25635287476138
16.7477850714088,-1.26640217845684
16.7764448174501,-1.27642113380471
16.8050986797619,-1.28641672950423
16.8337466375804,-1.2963958174233
16.862388670062,-1.30636507512478
16.8910247562821,-1.31633097163168
16.9196548752356,-1.32629973663818
16.9482790058355,-1.33627733333507
16.9768971269132,-1.34626943497781
17.0055092172179,-1.3562814052849
17.0341152554158,-1.36631828271244
17.0627152200899,-1.3763847686097
17.0913090897397,-1.38648521921933
17.1198968427805,-1.39662364144636
17.1484784575428,-1.40680369228137
17.1770539122724,-1.41702868172695
17.2056231851293,-1.42730157904235
17.2341862541877,-1.43762502208984
17.2627430974352,-1.44800132953786
17.2912936927725,-1.45843251565133
17.3198380180129,-1.46892030737788
17.3483760508819,-1.47946616342169
17.3769077690164,-1.49007129498294
17.4054331499645,-1.50073668783178
17.4339521711852,-1.51146312538049
17.4624648100472,-1.52225121241662
17.4909710438293,-1.53310139916298
17.5194708497191,-1.54401400533739
17.547964204813,-1.55498924389597
17.5764510861155,-1.56602724415816
17.6049314705387,-1.5771280740294
17.6334053349021,-1.58829176105791
17.6618726559313,-1.59951831208551
17.6903334102584,-1.61080773127785
17.7187875744208,-1.62216003634702
17.7472351248611,-1.63357527280831
17.7756760379264,-1.64505352614293
17.8041102898676,-1.65659493176916
17.8325378568393,-1.6681996827552
17.8609587148987,-1.67986803523765
17.8893728400055,-1.69160031153968
17.9177802080214,-1.703396901012
17.9461807947089,-1.71525825864781
17.9745745757316,-1.72718490154882
18.0029615266531,-1.73917740334414
18.0313416229365,-1.75123638668582
18.0597148399441,-1.76336251396491
18.0880811529366,-1.77555647640916
18.1164405370724,-1.78781898173826
18.1447929674074,-1.8001507405648
18.1731384188942,-1.81255245173791
18.2014768663815,-1.82502478683383
18.2298082846136,-1.83756837400065
18.2581326482297,-1.85018378136625
18.2864499317633,-1.86287150021676
18.314760109642,-1.87563192814908
18.3430631561861,-1.88846535239496
18.3713590456089,-1.90137193350594
18.3996477520154,-1.91435168957849
18.427929249402,-1.92740448118679
18.4562035116558,-1.94052999717769
18.484470512554,-1.953727741468
18.5127302257635,-1.96699702096865
18.5409826248396,-1.9803369347449
18.5692276832262,-1.99374636450453
18.5974653742546,-2.00722396648971
18.6256956711431,-2.02076816483131
18.6539185469962,-2.03437714640756
18.6821339748041,-2.04804885723303
18.7103419274419,-2.06178100038792
18.7385423776691,-2.07557103548267
18.7667352981289,-2.08941617963869
18.7949206613472,-2.10331340995269
18.8230984397326,-2.11725946739996
18.8512686055751,-2.13125086212069
18.8794311310456,-2.14528388002369
18.9075859881956,-2.15935459063312
18.9357331489557,-2.17345885609634
18.9638725851357,-2.18759234126494
18.9920042684234,-2.20175052475608
19.0201281703844,-2.21592871089741
19.0482442624607,-2.23012204245655
19.0763525159704,-2.2443255140545
19.1044529021072,-2.25853398616226
19.132545391939,-2.27274219958026
19.160629956408,-2.28694479030216
19.1887065663293,-2.30113630466682
19.2167751923904,-2.3153112147054
19.2448358051506,-2.32946393359441
19.27288837504,-2.34358883113004
19.3009328723588,-2.35768024914387
19.3289692672769,-2.37173251678537
19.3569975298325,-2.38573996560233
19.3850176299318,-2.39969694435596
19.4130295373482,-2.41359783351373
19.4410332217213,-2.42743705936857
19.4690286525563,-2.44120910773976
19.497015799223,-2.45490853721631
19.5249946309554,-2.46852999190989
19.5529651168505,-2.48206821369001
19.5809272258676,-2.49551805387973
19.6088809268276,-2.50887448439561
19.6368261884122,-2.52213260832051
19.6647629791628,-2.53528766990292
19.69269126748,-2.54833506398063
19.7206110216227,-2.56127034483102
19.7485222097071,-2.57408923445398
19.7764247997058,-2.5867876302968
19.8043187594474,-2.59936161243372
19.8322040566152,-2.61180745021562
19.8600806587465,-2.62412160840754
19.8879485332316,-2.63630075283424
19.9158076473132,-2.64834175555532
19.9436579680853,-2.66024169959342
19.9714994624924,-2.67199788323961
19.9993320973286,-2.68360782396143
