-20,-2.07032308660478
-19.9712031946988,-2.06188193034091
-19.9424019132999,-2.05311465074979
-19.9135961692012,-2.04401982592773
-19.8847859757565,-2.03459692253703
-19.8559713462759,-2.02484628543114
-19.8271522940259,-2.0147691242636
-19.7983288322295,-2.0043674972687
-19.7695009740666,-1.99364429240872
-19.7406687326741,-1.98260320608685
-19.7118321211461,-1.97124871962681
-19.6829911525341,-1.95958607371911
-19.6541458398473,-1.94762124103134
-19.6252961960524,-1.93536089717491
-19.5964422340745,-1.92281239021403
-19.5675839667965,-1.90998370889445
-19.53872140706,-1.89688344976053
-19.509854567665,-1.88352078331846
-19.4809834613702,-1.86990541939284
-19.4521081008935,-1.85604757181244
-19.4232284989118,-1.8419579225496
-19.3943446680611,-1.82764758542659
-19.3654566209374,-1.81312806949155
-19.3365643700959,-1.79841124215662
-19.3076679280521,-1.78350929218171
-19.2787673072812,-1.76843469257956
-19.2498625202191,-1.7532001635107
-19.2209535792616,-1.73781863523165
-19.1920404967655,-1.72230321115583
-19.1631232850484,-1.70666713108403
-19.1342019563886,-1.69092373466031
-19.1052765230258,-1.67508642510985
-19.0763469971609,-1.65916863331685
-19.0474133909563,-1.64318378230406
-19.0184757165362,-1.62714525217959
-18.9895339859866,-1.61106634562197
-18.9605882113555,-1.59496025398063
-18.9316384046531,-1.57884002407536
-18.902684577852,-1.56271852578558
-18.8737267428873,-1.54660842052708
-18.8447649116569,-1.53052213072074
-18.8157990960215,-1.51447181036435
-18.7868293078048,-1.49846931682432
-18.757855558794,-1.48252618396864
-18.7288778607394,-1.46665359676653
-18.6998962253549,-1.45086236748179
-18.6709106643181,-1.43516291358815
-18.6419211892707,-1.41956523753299
-18.6129278118183,-1.40407890847341
-18.5839305435305,-1.38871304610291
-18.5549293959415,-1.37347630668023
-18.5259243805502,-1.35837687136191
-18.4969155088197,-1.34342243692952
-18.4679027921783,-1.32862020898803
-18.4388862420193,-1.31397689769708
-18.409865869701,-1.29949871607894
-18.3808416865472,-1.2851913809282
-18.3518137038469,-1.27106011632767
-18.3227819328551,-1.25710965975297
-18.2937463847923,-1.2433442707257
-18.2647070708451,-1.22976774195145
-18.235664002166,-1.2163834128551
-18.2066171898739,-1.20319418540186
-18.1775666450541,-1.19020254206888
-18.1485123787584,-1.17741056580908
-18.1194544020053,-1.1648199618268
-18.09039272578,-1.15243208096408
-18.061327361035,-1.14024794447705
-18.0322583186896,-1.12826826996466
-18.0031856096306,-1.11649349819704
-17.9741092447122,-1.10492382057788
-17.9450292347562,-1.09355920696555
-17.9159455905519,-1.08239943357079
-17.8868583228567,-1.07144411064446
-17.857767442396,-1.0606927096687
-17.8286729598632,-1.05014458976691
-17.7995748859201,-1.03979902305423
-17.7704732311969,-1.02965521865927
-17.7413680062923,-1.01971234516023
-17.7122592217739,-1.00996955119453
-17.6831468881779,-1.00042598401938
-17.6540310160097,-0.991080805822872
-17.6249116157437,-0.981933207608883
-17.5957886978236,-0.972982420506192
-17.5666622726626,-0.964227724380887
-17.5375323506431,-0.955668453661808
-17.5083989421176,-0.947304000320909
-17.479262057408,-0.939133813983762
-17.4501217068065,-0.931157399179394
-17.4209779005751,-0.923374309773038
-17.3918306489462,-0.915784140659813
-17.3626799621222,-0.908386516831168
-17.3335258502764,-0.901181079959031
-17.3043683235524,-0.894167472674486
-17.2752073920645,-0.887345320748011
-17.246043065898,-0.88071421340641
-17.2168753551092,-0.874273682047637
-17.1877042697253,-0.868023177637788
-17.1585298197449,-0.861962047094703
-17.1293520151379,-0.856089508979721
-17.1001708658457,-0.850404628832461
-17.0709863817813,-0.844906294493217
-17.0417985728294,-0.839593191763576
-17.0126074488466,-0.834463780757638
-16.9834130196616,-0.829516273293937
-16.9542152950749,-0.824748611672032
-16.9250142848594,-0.820158449167025
-16.8958099987605,-0.81574313256106
-16.8666024464958,-0.81149968701202
-16.8373916377556,-0.807424803537597
-16.8081775822029,-0.803514829366904
-16.7789602894736,-0.799765761382311
-16.7497397691764,-0.796173242841839
-16.7205160308931,-0.792732563537072
-16.6912890841789,-0.789438663503816
-16.6620589385619,-0.786286140362787
-16.632825603544,-0.783269260326158
-16.6035890886004,-0.780381972863093
-16.57434940318,-0.777617928973722
-16.5451065567055,-0.774970502977506
-16.5158605585733,-0.772432817678251
-16.4866114181541,-0.769997772725279
-16.4573591447924,-0.767658075948898
-16.4281037478071,-0.765406277408339
-16.3988452364913,-0.76323480585318
-16.3695836201127,-0.761136007264238
-16.3403189079133,-0.759102185108695
-16.31105110911,-0.757125641916346
-16.2817802328944,-0.755198721759971
-16.2525062884328,-0.753313853203768
-16.2232292848667,-0.751463592269026
-16.1939492313127,-0.749640664956786
-16.1646661368624,-0.747838008863042
-16.1353800105829,-0.746048813422995
-16.1060908615166,-0.744266558327805
-16.0767986986814,-0.742485049669174
-16.0475035310711,-0.740698453385164
-16.0182053676548,-0.738901325603535
-15.9889042173778,-0.737088639507405
-15.9596000891611,-0.735255808381464
-15.930292991902,-0.733398704534991
-15.9009829344736,-0.73151367384051
-15.8716699257256,-0.729597545673158
-15.8423539744838,-0.727647638085767
-15.8130350895506,-0.725661758107147
-15.7837132797049,-0.72363819710624
-15.7543885537023,-0.721575721221221
-15.725060920275,-0.719473556910383
-15.6957303881324,-0.717331371739547
-15.6663969659605,-0.715149250578222
-15.6370606624225,-0.712927667433203
-15.6077214861588,-0.710667453203008
-15.578379445787,-0.708369759688409
-15.5490345499021,-0.706036020243484
-15.5196868070764,-0.703667907496367
-15.4903362258599,-0.701267288609689
-15.4609828147802,-0.698836178585914
-15.4316265823427,-0.696376692153027
-15.4022675370305,-0.693890994789594
-15.3729056873046,-0.691381253466147
-15.3435410416043,-0.688849587690214
-15.3141736083468,-0.686298021446586
-15.2848033959274,-0.683728436620893
-15.25543041272,-0.681142528484404
-15.2260546670767,-0.678541763800379
-15.1966761673281,-0.675927342087981
-15.1672949217834,-0.67330016054833
-15.1379109387305,-0.670660783119903
-15.1085242264362,-0.668009414086313
-15.0791347931458,-0.665345876610392
-15.0497426470838,-0.662669596513926
-15.0203477964538,-0.659979591563243
-14.9909502494383,-0.65727446645834
-14.9615500141992,-0.654552413657179
-14.9321470988776,-0.651811220098622
-14.9027415115939,-0.649048279817851
-14.8733332604484,-0.646260612377645
-14.8439223535203,-0.643444886968769
-14.8145087988692,-0.640597451963377
-14.7850926045337,-0.637714369638097
-14.7556737785329,-0.634791455718656
-14.7262523288653,-0.631824323336687
-14.6968282635096,-0.628808430932402
-14.6674015904247,-0.62573913358456
-14.6379723175495,-0.62261173720276
-14.6085404528033,-0.619421554976689
-14.5791060040854,-0.616163965443157
-14.549668979276,-0.612834471505334
-14.5202293862355,-0.609428759719343
-14.490787232805,-0.605942759151979
-14.4613425268062,-0.602372699109836
-14.4318952760415,-0.598715165044602
-14.4024454882943,-0.594967151951565
-14.3729931713289,-0.591126114598776
-14.3435383328904,-0.587190013952085
-14.3140809807051,-0.583157359196541
-14.2846211224806,-0.579027244796769
-14.2551587659056,-0.574799382087836
-14.22569391865,-0.570474124942471
-14.1962265883653,-0.566052489120931
-14.1667567826845,-0.561536164974274
-14.1372845092218,-0.556927523240752
-14.1078097755735,-0.552229613747009
-14.0783325893174,-0.547446156900197
-14.048852958013,-0.542581527933393
-14.0193708892018,-0.537640733943437
-13.9898863904073,-0.532629383837396
-13.9603994691348,-0.527553651379847
-13.9309101328718,-0.522420231607583
-13.9014183890881,-0.517236290950223
-13.8719242452357,-0.512009411464071
-13.8424277087487,-0.506747529651058
-13.8129287870439,-0.501458870395012
-13.7834274875204,-0.496151876602163
-13.7539238175599,-0.490835135181932
-13.7244177845268,-0.485517300046869
-13.694909395768,-0.480207012846396
-13.6653986586134,-0.474912822178283
-13.6358855803755,-0.469643102042951
-13.60637016835,-0.464405970319962
-13.5768524298153,-0.459209208052187
-13.5473323720331,-0.454060180321797
-13.5178100022481,-0.44896575949295
-13.4882853276882,-0.44393225157949
-13.4587583555646,-0.438965326471688
-13.429229093072,-0.434069952724915
-13.3996975473882,-0.429250337575009
-13.3701637256749,-0.424509872800598
-13.3406276350768,-0.419851087002257
-13.3110892827229,-0.415275604812376
-13.2815486757253,-0.410784113488727
-13.2520058211802,-0.406376337279735
-13.2224607261676,-0.402051019880336
-13.1929133977513,-0.397805915225554
-13.1633638429791,-0.393637786794596
-13.133812068883,-0.389542415522239
-13.1042580824789,-0.385514616337524
-13.074701890767,-0.381548263272322
-13.0451435007317,-0.377636323005852
-13.0155829193417,-0.373770896635431
-12.98602015355,-0.369943269389939
-12.9564552102943,-0.366143967931293
-12.9268880964966,-0.362362824820661
-12.8973188190634,-0.358589049661926
-12.8677473848861,-0.35481130637428
-12.8381738008406,-0.351017795990455
-12.8085980737877,-0.347196344326601
-12.779020210573,-0.343334493825413
-12.7494402180269,-0.33941959883504
-12.7198581029648,-0.335438923554484
-12.6902738721874,-0.331379741850149
-12.66068753248,-0.327229438129404
-12.6310990906135,-0.322975608445297
-12.6015085533437,-0.318606161001327
-12.571915927412,-0.314109415227623
-12.5423212195449,-0.309474198608996
-12.5127244364543,-0.304689940461415
-12.4831255848378,-0.299746761876438
-12.4535246713783,-0.294635561082583
-12.4239217027443,-0.28934809350844
-12.3943166855902,-0.283877045874124
-12.3647096265559,-0.278216103685054
-12.335100532267,-0.272360011554817
-12.3054894093352,-0.266304625841148
-12.2758762643579,-0.260046959141057
-12.2462611039185,-0.253585216256319
-12.2166439345865,-0.24691882130962
-12.1870247629174,-0.240048435762887
-12.1574035954529,-0.232975967162709
-12.1277804387208,-0.225704568512999
-12.0981552992352,-0.218238628250401
-12.0685281834965,-0.210583750874321
-12.0388990979916,-0.202746728358694
-12.0092680491937,-0.194735502547484
-11.9796350435624,-0.186559118808503
-11.9500000875441,-0.178227671291154
-11.9203631875717,-0.169752240201408
-11.8907243500646,-0.161144821571998
-11.8610835814292,-0.152418250066425
-11.8314408880584,-0.143586115411868
-11.8017962763322,-0.134662673107531
-11.7721497526173,-0.125662750101228
-11.7425013232673,-0.116601646167915
-11.7128509946231,-0.107495031758521
-11.6831987730124,-0.0983588431160918
-11.65354466475,-0.0892091754783984
-11.623888676138,-0.0800621752017676
-11.5942308134658,-0.0709339316495772
-11.5645710830097,-0.0618403696909731
-11.5349094910339,-0.052797143650384
-11.5052460437894,-0.0438195335367588
-11.475580747515,-0.0349223443631459
-11.4459136084371,-0.0261198093420774
-11.4162446327692,-0.0174254977109953
-11.3865738267129,-0.00885222790438434
-11.3569011964572,-0.000411986745803006
-11.3272267481787,0.00788414471569965
-11.2975504880421,0.016026058154516
-11.2678724221996,0.0240046771911047
-11.2381925567915,0.0318120084395481
-11.2085108979459,0.0394411839981501
-11.1788274517789,0.0468864950707299
-11.1491422243946,0.0541434164790964
-11.1194552218853,0.0612086219012582
-11.0897664503313,0.0680799897461419
-11.0600759158011,0.0747565996520407
-11.0303836243515,0.0812387196729034
-11.0006895820276,0.0875277842926998
-10.9709937948627,0.0936263634833381
-10.9412962688786,0.0995381230947494
-10.9115970100855,0.105267776936707
-10.8818960244821,0.11082103097954
-10.8521933180558,0.116204520165216
-10.8224888967822,0.121425738379909
-10.7927827666259,0.126492962194483
-10.76307493354,0.131415169029072
-10.7333654034664,0.136201950442018
-10.7036541823359,0.140863421281658
-10.6739412760679,0.145410125470804
-10.6442266905708,0.149852939218675
-10.614510431742,0.154202972472891
-10.5847925054678,0.158471469434755
-10.5550729176235,0.162669708964536
-10.5253516740736,0.166808905699604
-10.4956287806717,0.170900112697151
-10.4659042432604,0.174954126395146
-10.4361780676718,0.178981394659957
-10.406450259727,0.182991928657266
-10.3767208252367,0.18699521924481
-10.3469897700006,0.191000158541211
-10.3172570998082,0.195014967275643
-10.2875228204382,0.199047128468226
-10.2577869376589,0.203103327931998
-10.2280494572282,0.20718940202422
-10.1983103848935,0.211310293008488
-10.1685697263918,0.215470012320342
-10.13882748745,0.219671611958372
-10.1090836737845,0.223917164150901
-10.0793382911017,0.228207749376125
-10.0495913450976,0.232543452741581
-10.0198428414583,0.236923368657653
-9.99009278585959,0.241345613670781
-9.96034118396746,0.245807347254615
-9.93058804143775,0.250304800293797
-9.90083336391639,0.254833310934163
-9.87107715703941,0.259387367417023
-9.84131942643299,0.263960657463269
-9.81156017771348,0.268546123726342
-9.78179941648749,0.273136024791469
-9.75203714835186,0.277722001163056
-9.72227337889379,0.282295145651943
-9.69250811369082,0.28684607755044
-9.66274135831089,0.291365019965308
-9.6329731183124,0.295841879666924
-9.60320339924425,0.300266328807307
-9.57343220664586,0.304627887859834
-9.54365954604724,0.308916009139132
-9.51388542296899,0.313120160271087
-9.48410984292242,0.317229906999
-9.45433281140951,0.321234994733047
-9.42455433392301,0.325125428275509
-9.39477441594643,0.328891549183261
-9.36499306295415,0.332524110261687
-9.3352102804114,0.336014346719406
-9.30542607377433,0.339354043551101
-9.27564044849006,0.34253559875523
-9.24585340999668,0.345552082034303
-9.21606496372336,0.348397288667442
-9.18627511509032,0.351065788286736
-9.15648386950891,0.353552968331357
-9.12669123238165,0.355855071994682
-9.09689720910227,0.357969230520641
-9.06710180505573,0.359893489744774
-9.03730502561828,0.361626830813595
-9.00750687615749,0.363169185051991
-8.97770736203233,0.364521442982646
-8.94790648859312,0.365685457533605
-8.91810426118169,0.366664041499916
-8.8883006851313,0.367460959353089
-8.85849576576677,0.368080913517165
-8.82868950840447,0.36852952525367
-8.79888191835238,0.368813310318266
-8.76907300091013,0.368939649571139
-8.73926276136902,0.368916754739853
-8.70945120501209,0.368753629548767
-8.67963833711414,0.368460026442641
-8.64982416294176,0.368046399144401
-8.62000868775337,0.367523851297932
-8.59019191679931,0.366904081457093
-8.56037385532178,0.366199324691227
-8.53055450855498,0.365422291086265
-8.50073388172508,0.364586101428795
-8.4709119800503,0.363704220368373
-8.44108880874091,0.362790387361237
-8.41126437299929,0.361858545706301
-8.38143867801998,0.360922769991969
-8.35161172898969,0.359997192280161
-8.32178353108736,0.359095927361469
-8.29195408948416,0.358232997423205
-8.2621234093436,0.357422256479559
-8.23229149582149,0.356677314920397
-8.202458354066,0.356011464542178
-8.17262398921775,0.355437604430783
-8.14278840640977,0.354968168071757
-8.11295161076756,0.354615052068098
-8.08311360740917,0.354389546849127
-8.05327440144519,0.354302269756225
-8.02343399797879,0.354363100891344
-7.99359240210577,0.354581122112979
-7.96374961891459,0.354964559560354
-7.9339056534864,0.355520730080812
-7.90406051089512,0.356255991926588
-7.8742141962074,0.35717570007607
-7.84436671448272,0.358284166520271
-7.81451807077338,0.359584625838234
-7.78466827012457,0.3610792063647
-7.7548173175744,0.362768907230155
-7.72496521815391,0.364653581526834
-7.69511197688714,0.366731925824919
-7.66525759879114,0.369001476230618
-7.63540208887599,0.371458611142824
-7.6055454521449,0.37409856082699
-7.57568769359418,0.376915423885141
-7.54582881821329,0.379902190658182
-7.5159688309849,0.383050773553286
-7.4861077368849,0.386352044243154
-7.45624554088244,0.389795877638051
-7.42638224793996,0.393371202484026
-7.39651786301323,0.397066058393779
-7.3666523910514,0.400867659069373
-7.336785836997,0.404762461429854
-7.306918205786,0.408736240311427
-7.27704950234782,0.41277416836428
-7.24717973160542,0.416860900728537
-7.21730889847524,0.420980664032452
-7.18743700786732,0.425117349219576
-7.15756406468529,0.429254607678491
-7.12769007382642,0.43337595011873
-7.09781504018164,0.437464847610748
-7.06793896863558,0.441504834185753
-7.0380618640666,0.445479610373766
-7.00818373134684,0.449373147044955
-6.97830457534222,0.453169788910781
-6.94842440091251,0.456854357037518
-6.91854321291133,0.460412249725415
-6.88866101618621,0.463829541112251
-6.85877781557859,0.46709307686989
-6.8288936159239,0.470190566377195
-6.79900842205154,0.47311067077117
-6.76912223878494,0.475843086301758
-6.73923507094161,0.478378622442264
-6.70934692333312,0.480709274238546
-6.67945780076519,0.482828288414186
-6.64956770803768,0.484730222786322
-6.61967664994465,0.486410998587186
-6.58978463127436,0.487867945329281
-6.55989165680934,0.489099837897186
-6.52999773132639,0.490106925596134
-6.50010285959663,0.490890952935935
-6.47020704638552,0.49145517197881
-6.44031029645289,0.491804346130319
-6.41041261455301,0.491944745303879
-6.38051400543456,0.491884132441026
-6.35061447384069,0.49163174142096
-6.32071402450907,0.491198246444274
-6.29081266217188,0.490595723026104
-6.26091039155588,0.48983760078384
-6.23100721738242,0.488938608252905
-6.20110314436746,0.487914710011292
-6.17119817722165,0.486783036438965
-6.14129232065031,0.485561806482021
-6.11138557935346,0.484270243832864
-6.08147795802588,0.482928486977102
-6.05156946135714,0.481557493594547
-6.02166009403159,0.480178939836026
-5.99174986072845,0.478815115028858
-5.96183876612179,0.477488812392259
-5.93192681488058,0.476223216369075
-5.90201401166872,0.475041787201942
-5.87210036114507,0.473968143400462
-5.84218586796348,0.473025942760373
-5.81227053677281,0.472238762606924
-5.78235437221699,0.471629979941454
-5.75243737893499,0.47122265217326
-5.72251956156093,0.471039399117835
-5.69260092472403,0.471102286937214
-5.66268147304871,0.471432714688792
-5.63276121115456,0.472051304135174
-5.6028401436564,0.472977793449687
-5.57291827516431,0.474230935429809
-5.54299561028365,0.475828400804492
-5.5130721536151,0.477786687190495
-5.48314790975468,0.48012103421858
-5.45322288329376,0.482845345311549
-5.42329707881914,0.485972116554414
-5.39337050091303,0.489512373051038
-5.36344315415311,0.493475613113127
-5.33351504311254,0.497869760575679
-5.30358617235999,0.50270112547911
-5.27365654645967,0.507974373301803
-5.24372616997138,0.513692502869155
-5.21379504745051,0.519856833005878
-5.18386318344807,0.526466997938471
-5.15393058251075,0.5335209513945
-5.1239972491809,0.541014979285482
-5.09406318799661,0.548943720800946
-5.0641284034917,0.557300197683514
-5.03419290019574,0.56607585139891
-5.00425668263414,0.575260587861276
-4.9743197553281,0.584842829323705
-4.94438212279469,0.594809572996841
-4.91444378954688,0.605146455915119
-4.88450476009351,0.615837825531663
-4.85456503893938,0.626866815488743
-4.82462463058527,0.638215425981947
-4.79468353952793,0.649864608112768
-4.76474177026015,0.661794351606826
-4.73479932727074,0.673983775262872
-4.70485621504463,0.686411219492211
-4.67491243806281,0.699054340308177
-4.64496800080242,0.711890204131798
-4.61502290773677,0.724895382791789
-4.58507716333534,0.738046048115073
-4.55513077206382,0.751318065527514
-4.52518373838416,0.764687086113085
-4.49523606675456,0.778128636613449
-4.46528776162952,0.791618206887591
-4.43533882745987,0.805131334393216
-4.40538926869277,0.818643685296603
-4.37543908977176,0.832131131865872
-4.34548829513681,0.84556982585255
-4.31553688922427,0.85893626761824
-4.28558487646699,0.872207370815691
-4.25563226129429,0.885360522486454
-4.22567904813199,0.898373638489588
-4.19572524140245,0.911225214227201
-4.1657708455246,0.923894370682145
-4.13581586491397,0.936360895830191
-4.10586030398266,0.94860528153346
-4.07590416713946,0.960608756062502
-4.04594745878981,0.972353312431419
-4.01599018333586,0.983821732762866
-3.98603234517645,0.994997608927815
-3.9560739487072,1.00586535972776
-3.92611499832049,1.01641024490495
-3.89615549840551,1.02661837627872
-3.86619545334825,1.0364767263133
-3.83623486753158,1.04597313442429
-3.80627374533524,1.05509631132803
-3.77631209113588,1.06383584172959
-3.74634990930708,1.07218218563241
-3.71638720421936,1.08012667853525
-3.68642398024024,1.08766153076087
-3.65646024173425,1.09477982613568
-3.62649599306294,1.10147552021203
-3.59653123858493,1.10774343819403
-3.56656598265593,1.11357927269548
-3.53660022962875,1.11897958142437
-3.50663398385335,1.12394178485418
-3.47666724967684,1.12846416390682
-3.44670003144352,1.13254585763823
-3.41673233349493,1.13618686088376
-3.3867641601698,1.13938802178894
-3.35679551580418,1.14215103912143
-3.32682640473138,1.1444784592329
-3.29685683128202,1.14637367251542
-3.26688679978408,1.14784090917656
-3.23691631456289,1.14888523414045
-3.20694537994119,1.1495125408693
-3.17697400023913,1.1497295438916
-3.14700217977429,1.14954376981888
-3.11702992286173,1.14896354663366
-3.08705723381401,1.14799799103572
-3.05708411694119,1.14665699364349
-3.02711057655089,1.14495120186049
-2.99713661694829,1.14289200023466
-2.96716224243616,1.14049148815941
-2.93718745731488,1.13776245479028
-2.90721226588252,1.13471835107864
-2.87723667243474,1.13137325885448
-2.84726068126497,1.12774185692295
-2.81728429666431,1.12383938417342
-2.78730752292161,1.11968159973545
-2.75733036432351,1.11528474025221
-2.72735282515441,1.1106654743777
-2.69737490969657,1.10584085464032
-2.66739662223005,1.10082826684978
-2.63741796703279,1.09564537725776
-2.60743894838062,1.09031007771401
-2.5774595705473,1.08484042908872
-2.54747983780451,1.07925460325782
-2.51749975442192,1.07357082397103
-2.48751932466716,1.06780730694203
-2.45753855280589,1.06198219951531
-2.42755744310181,1.05611352027678
-2.39757599981668,1.05021909898193
-2.36759422721035,1.04431651717943
-2.33761212954078,1.03842304990662
-2.30762971106407,1.03255560882869
-2.27764697603447,1.0267306871837
-2.24766392870442,1.02096430688268
-2.21768057332458,1.01527196809671
-2.18769691414383,1.00966860164264
-2.15771295540931,1.00416852445476
-2.12772870136646,0.998785398403452
-2.097744156259,0.993532192692044
-2.067759324329,0.988421150031776
-2.03777420981686,0.983463756761431
-2.0077888169614,0.978670717043368
-1.97780314999981,0.974051931232481
-1.94781721316772,0.96961647847824
-1.91783101069921,0.965372603584395
-1.88784454682683,0.961327708115032
-1.85785782578164,0.95748834570135
-1.82787085179321,0.953860221469817
-1.79788362908966,0.95044819548086
-1.76789616189771,0.947256290037245
-1.73790845444263,0.944287700694101
-1.70792051094835,0.941544810777298
-1.67793233563741,0.939029209195112
-1.64794393273105,0.936741711308748
-1.61795530644918,0.93468238261157
-1.58796646101042,0.932850564953874
-1.55797740063214,0.931244905040938
-1.52798812953048,0.929863384925635
-1.49799865192036,0.928703354214313
-1.46800897201552,0.927761563704824
-1.4380190940285,0.927034200178984
-1.40802902217074,0.92651692207815
-1.37803876065254,0.926204895799579
-1.34804831368311,0.926092832362738
-1.31805768547059,0.926175024208575
-1.28806688022208,0.926445381910412
-1.25807590214364,0.926897470592593
-1.22808475544035,0.92752454587179
-1.1980934443163,0.928319589155642
-1.16810197297465,0.929275342153947
-1.1381103456176,0.930384340478618
-1.10811856644646,0.931638946229537
-1.07812663966168,0.933031379484266
-1.04813456946282,0.934553748629877
-1.01814236004861,0.936198079494424
-0.988150015616998,0.9379563432542
-0.958157540365125,0.939820483109759
-0.92816493848936,0.941782439739416
-0.898172214185355,0.943834175552716
-0.868179371648032,0.945967697778446
-0.838186415071633,0.948175080431898
-0.808193348649719,0.950448485214103
-0.778200176575204,0.952780181401856
-0.748206903040392,0.955162564791308
-0.718213532236987,0.957588175759749
-0.688220068356106,0.960049716510241
-0.658226515588331,0.962540067561786
-0.628232878123718,0.965052303543914
-0.598239160151797,0.96757970834944
-0.568245365861643,0.970115789692183
-0.538251499441858,0.97265429310854
-0.508257565080616,0.975189215432799
-0.478263566965681,0.977714817766074
-0.44826950928443,0.980225637948561
-0.418275396223884,0.982716502533847
-0.388281231970715,0.985182538253433
-0.358287020711272,0.987619182948723
-0.328292766631633,0.990022195937673
-0.298298473917581,0.99238766777361
-0.268304146754675,0.994712029344822
-0.238309789328246,0.996992060255881
-0.208315405823416,0.999224896424916
-0.178321000425145,1.00140803682594
-0.148326577318229,1.00353934930123
-0.118332140687351,1.00561707536693
-0.0883376947170653,1.00763983393378
-0.0583432435918682,1.00960662386627
-0.0283487914961795,1.0115168253058
0.00164565738559618,1.01337019968763
0.0316400988690861,1.01516688838702
0.0616345287698973,1.01690740993691
0.0916289429036076,1.018592655768
0.121623337085722,1.02022388443143
0.151617707131673,1.02180271427464
0.181612048856792,1.02333111455257
0.211606358076269,1.02481139496772
0.241600630605149,1.02624619364522
0.271594862258301,1.02763846356116
0.301589048850395,1.02899145745493
0.33158318619588,1.03030871126825
0.361577270108957,1.03159402616531
0.39157129640355,1.03285144919906
0.421565260893308,1.03408525269923
0.451559159391546,1.03529991246623
0.481552987711247,1.03650008486343
0.511546741665025,1.03769058290666
0.541540417065119,1.03887635145558
0.571534009723347,1.04006244161502
0.601527515451097,1.04125398445758
0.631520930059301,1.04245616417964
0.661514249358411,1.04367419080291
0.691507469158373,1.04491327253257
0.721500585268597,1.04617858788033
0.751493593497958,1.04747525765733
0.781486489654748,1.04880831693755
0.811479269546667,1.05018268708751
0.841471928980784,1.05160314795217
0.871464463763524,1.05307431028181
0.901456869700647,1.05460058847826
0.931449142597228,1.05618617373347
0.961441278257611,1.05783500762826
0.991433272485411,1.05955075625392
1.02142512108347,1.06133678491543
1.05141681985386,1.06319613347232
1.08140836459782,1.06513149237024
1.11139975111579,1.06714517941629
1.14139097520732,1.06923911735061
1.17138203267109,1.07141481226873
1.20137291930488,1.07367333295175
1.23136363090553,1.07601529116559
1.26135416326895,1.07844082299546
1.29134451219004,1.08094957128833
1.32133467346274,1.08354066928307
1.35132464287994,1.08621272551592
1.3813144162335,1.08896381009721
1.41130398931419,1.09179144246426
1.4412933579117,1.09469258072355
1.47128251781461,1.0976636127041
1.50127146481034,1.10070034885131
1.53126019468515,1.10379801709774
1.56124870322412,1.10695125985281
1.5912369862111,1.11015413325721
1.62122503942872,1.11340010885064
1.65121285865836,1.11668207780133
1.68120043968007,1.11999235784339
1.71118777827263,1.12332270306418
1.74117487021349,1.12666431667522
1.77116171127871,1.13000786689116
1.80114829724302,1.13334350602682
1.83113462387969,1.13666089290702
1.8611206869606,1.13994921866425
1.89110648225617,1.14319723597696
1.92109200553534,1.14639329177693
1.95107725256554,1.14952536342627
1.9810622191127,1.15258109833503
2.01104690094119,1.15554785695875
2.04103129381381,1.15841275908162
2.07101539349175,1.16116273325647
2.1009991957346,1.16378456923691
2.13098269630028,1.16626497320137
2.16096589094506,1.16859062553267
2.19094877542352,1.17074824088138
2.22093134548852,1.17272463020756
2.25091359689116,1.17450676446233
2.28089552538081,1.17608183954087
2.31087712670501,1.17743734211048
2.34085839660951,1.17856111589246
2.37083933083822,1.17944142795607
2.40081992513319,1.18006703456498
2.43080017523457,1.18042724610416
2.4607800768806,1.18051199060661
2.49075962580759,1.18031187539617
2.52073881774989,1.17981824636342
2.55071764843986,1.1790232443993
2.58069611360786,1.1779198585217
2.6106742089822,1.17650197524795
2.64065193028914,1.17476442378745
2.67062927325287,1.17270301665556
2.70060623359543,1.17031458534094
2.73058280703679,1.16759701069432
2.76055898929471,1.16454924774571
2.79053477608479,1.16117134470048
2.82051016312043,1.15746445591033
2.85048514611277,1.1534308486639
2.88045972077073,1.14907390369226
2.91043388280093,1.14439810933631
2.94040762790768,1.13940904937605
2.97038095179298,1.13411338457443
3.00035385015644,1.12851882804129
3.03032631869533,1.12263411457435
3.06029835310447,1.11646896418448
3.0902699490763,1.11003404006017
3.12024110230076,1.10334090127173
3.15021180846533,1.09640195055779
3.18018206325499,1.08923037757541
3.21015186235218,1.08184009802964
3.24012120143677,1.07424568912887
3.27009007618608,1.06646232183801
3.3000584822748,1.05850569042244
3.330026415375,1.05039193979162
3.35999387115609,1.04213759116211
3.38996084528479,1.03375946656545
3.41992733342512,1.02527461272684
3.44989333123837,1.01670022483632
3.47985883438306,1.00805357072462
3.50982383851494,0.999351915941961
3.53978833928693,0.990612450219736
3.56975233234914,0.981852215772061
3.59971581334881,0.973088037868337
3.62967877793028,0.964336458077621
3.659641221735,0.955613670553216
3.68960314040146,0.946935461690121
3.71956452956521,0.938317153450694
3.74952538485878,0.929773550614453
3.77948570191172,0.921318892167619
3.80944547635052,0.912966807006772
3.83940470379859,0.904730274089456
3.86936337987628,0.89662158712347
3.8993215002008,0.888652323845704
3.9292790603862,0.880833319901878
3.9592360560434,0.873174647300207
3.98919248278009,0.86568559737572
4.01914833620075,0.858374668167492
4.04910361190661,0.851249556079171
4.07905830549561,0.844317151663944
4.10901241256241,0.837583539348721
4.13896592869833,0.831054000888894
4.16891884949133,0.824733022325002
4.198871170526,0.81862430419568
4.22882288738352,0.812730774747923
4.25877399564163,0.807054605875248
4.28872449087461,0.801597231507873
4.31867436865325,0.796359368175107
4.34862362454484,0.791341037459937
4.37857225411313,0.786541590068392
4.40852025291827,0.781959731241678
4.43846761651685,0.777593547247335
4.46841434046182,0.773440532696224
4.4983604203025,0.769497618445101
4.5283058515845,0.76576119985938
4.55825062984978,0.76222716522717
4.58819475063653,0.758890924133855
4.6181382094792,0.755747435625555
4.64808100190845,0.75279123600987
4.67802312345113,0.750016466163032
4.70796456963025,0.747416898233478
4.73790533596497,0.744985961652919
4.76784541797055,0.74271676838665
4.79778481115831,0.740602137375173
4.82772351103565,0.7386346181388
4.85766151310598,0.736806513535349
4.88759881286871,0.735109901678612
4.91753540581923,0.733536657041277
4.94747128744885,0.732078470780646
4.97740645324482,0.730726870338373
5.00734089869026,0.72947323837673
5.03727461926414,0.728308831123172
5.06720761044129,0.727224796202464
5.09713986769232,0.726212190041245
5.12707138648363,0.725261994933241
5.15700216227735,0.724365135855198
5.18693219053134,0.723512497123114
5.21686146669915,0.72269493897635
5.24678998622998,0.721903314173204
5.27671774456868,0.721128484675944
5.30664473715569,0.72036133849624
5.33657095942705,0.71959280676332
5.36649640681432,0.718813881067319
5.3964210747446,0.718015631119481
5.42634495864047,0.717189222758872
5.45626805391998,0.716325936322747
5.48619035599661,0.715417185384489
5.51611186027925,0.714454535849423
5.54603256217216,0.713429725385222
5.57595245707495,0.712334683149582
5.60587154038254,0.711161549764626
5.63578980748516,0.709902697474046
5.66570725376828,0.708550750406488
5.69562387461261,0.707098604856753
5.72553966539405,0.705539449485279
5.75545462148369,0.703866785326504
5.78536873824775,0.702074445487654
5.81528201104757,0.700156614412077
5.84519443523957,0.698107846574906
5.87510600617522,0.695923084474213
5.90501671920102,0.69359767577744
5.93492656965847,0.691127389481451
5.96483555288402,0.688508430944378
5.99474366420907,0.685737455649182
6.02465089895992,0.68281158156212
6.05455725245774,0.679728399954151
6.08446272001854,0.676485984559893
6.11436729695318,0.673082898956775
6.14427097856725,0.669518202056508
6.17417376016113,0.665791451611955
6.20407563702993,0.661902705654697
6.23397660446342,0.657852521792009
6.26387665774606,0.653641954306387
6.29377579215694,0.649272549016281
6.32367400296973,0.644746335872838
6.3535712854527,0.640065819284331
6.38346763486864,0.635233966177339
6.41336304647486,0.630254191821404
6.44325751552314,0.625130343461706
6.4731510372597,0.619866681822195
6.50304360692521,0.614467860559177
6.53293521975467,0.608938903762748
6.56282587097749,0.603285181620119
6.59271555581736,0.597512384371132
6.62260426949228,0.591626494701316
6.65249200721451,0.585633758732225
6.68237876419053,0.579540655781866
6.71226453562099,0.573353867079749
6.74214931670077,0.567080243631693
6.77203310261882,0.56072677343818
6.80191588855821,0.554300548277642
6.83179766969609,0.547808730271335
6.86167844120363,0.541258518450533
6.89155819824602,0.534657115548647
6.92143693598239,0.528011695241055
6.95131464956584,0.521329370053817
6.98119133414337,0.514617160158632
7.01106698485584,0.507881963266303
7.04094159683795,0.501130525823356
7.07081516521823,0.494369415707769
7.10068768511898,0.487604996608894
7.13055915165622,0.480843404264348
7.1604295599397,0.474090524713006
7.19029890507285,0.467351974707775
7.22016718215273,0.460633084415701
7.25003438627,0.453938882515125
7.27990051250893,0.447274083781188
7.30976555594732,0.440643079231766
7.33962951165645,0.434049928885731
7.36949237470112,0.427498357165206
7.39935414013954,0.420991750952656
7.42921480302334,0.414533160292827
7.45907435839754,0.408125301708857
7.48893280130047,0.401770564081207
7.51879012676378,0.395471017018142
7.54864632981241,0.389228421626598
7.5785014054645,0.38304424357386
7.60835534873144,0.376919668312141
7.63820815461773,0.370855618321364
7.66805981812107,0.364852772209733
7.69791033423221,0.358911585496926
7.72775969793499,0.353032312891703
7.75760790420625,0.347215031864039
7.78745494801588,0.341459667301507
7.81730082432667,0.335766017031347
7.84714552809437,0.330133777982432
7.87698905426761,0.324562572756403
7.90683139778786,0.319051976373554
7.93667255358944,0.313601542957411
7.96651251659941,0.308210832121951
7.99635128173762,0.302879434827148
8.02618884391659,0.297606998471988
8.05602519804156,0.292393250999428
8.08586033901036,0.287238023794405
8.11569426171346,0.282141273164754
8.14552696103389,0.277103100204709
8.17535843184719,0.272123768852396
8.2051886690214,0.267203721965632
8.23501766741705,0.262343595254794
8.26484542188703,0.257544228927067
8.29467192727666,0.252806676913302
8.3244971784236,0.248132213566702
8.35432117015781,0.243522337741286
8.38414389730152,0.238978774178104
8.4139653546692,0.234503472147633
8.44378553706751,0.230098601317927
8.47360443929528,0.225766544840074
8.50342205614346,0.22150988966419
8.53323838239508,0.217331414121947
8.56305341282522,0.213234072833643
8.59286714220097,0.209220979020394
8.62267956528137,0.205295384324028
8.65249067681744,0.20146065625886
8.68230047155204,0.197720253440856
8.71210894421991,0.194077698759806
8.74191608954763,0.190536550679823
8.7717219022535,0.187100372871665
8.80152637704761,0.183772702397711
8.83132950863174,0.180557016685917
8.86113129169931,0.177456699543342
8.89093172093538,0.174475006472196
8.92073079101659,0.171615029561746
8.95052849661112,0.168879662238144
8.98032483237866,0.166271564160201
9.01011979297035,0.163793126553699
9.03991337302878,0.161446438278066
9.06970556718788,0.159233252919091
9.09949637007297,0.157154957197822
9.12928577630065,0.155212540980507
9.15907378047878,0.153406569166172
9.18886037720646,0.151737155717974
9.21864556107396,0.150203940091515
9.24842932666267,0.148806066297908
9.27821166854513,0.147542164821942
9.3079925812849,0.146410337595956
9.33777205943657,0.14540814620835
9.36755009754571,0.14453260350226
9.39732669014882,0.143780168694825
9.42710183177329,0.143146746121001
9.45687551693737,0.142627687678253
9.48664774015012,0.142217799019907
9.51641849591136,0.14191134951578
9.54618777871165,0.141702085969072
9.57595558303221,0.14158325004891
9.60572190334493,0.141547599368302
9.63548673411228,0.141587432108427
9.66525006978729,0.141694615061702
9.69501190481349,0.141860614938938
9.72477223362489,0.142076532759802
9.75453105064595,0.142333141121465
9.78428835029148,0.14262092411748
9.81404412696663,0.142930119658331
9.84379837506687,0.143250763926449
9.87355108897792,0.143572737682323
9.90330226307567,0.143885814124562
9.93305189172622,0.144179707995598
9.96279996928577,0.144444125616204
9.9925464901006,0.144668815526199
10.022291448507,0.144843619405798
10.0520348388313,0.144958522951462
10.0817766553897,0.145003706382816
10.1115168924884,0.144969594261866
10.1412555444233,0.144846904313447
10.1709926054802,0.144626694945661
10.2007280699347,0.144300411181156
10.230461932052,0.143859928724378
10.2601941860871,0.143297595905903
10.2899248262845,0.142606273262835
10.3196538468785,0.141779370533378
10.3493812420925,0.140810880864091
10.3791070061398,0.139695412049825
10.408831133223,0.138428214648425
10.4385536175341,0.137005206834893
10.4682744532543,0.135422995882703
10.4979936345543,0.133678896182765
10.527711155594,0.131770943733368
10.5574270105224,0.129697907056741
10.5871411934777,0.127459294519543
10.6168536985873,0.125055358055647
10.6465645199676,0.122487093309648
10.6762736517239,0.119756236238345
10.7059810879506,0.116865256225477
10.7356868227311,0.113817345781364
10.7653908501373,0.110616406914499
10.7950931642303,0.107267034275857
10.8247937590598,0.103774495189295
10.8544926286643,0.100144706692515
10.8841897670708,0.0963842097227641
10.913885168295,0.0925001405901078
10.9435788263413,0.0885001998881982
10.9732707352024,0.0843926189986703
11.0029608888596,0.0801861243504014
11.0326492812827,0.0758898995988737
11.0623359064296,0.0715135458943159
11.0920207582468,0.0670670404098104
11.1217038306689,0.0625606933025473
11.1513851176188,0.0580051032829374
11.1810646130074,0.053411111967467
11.2107423107339,0.0487897571920257
11.2404182046856,0.0441522254632893
11.2700922887375,0.0395098037261725
11.2997645567529,0.0348738306262675
11.3294350025828,0.0302556474466975
11.3591036200661,0.025666548899526
11.3887704030296,0.0211177339528561
11.4184353452876,0.0166202568754414
11.4480984406425,0.0121849786817698
11.4777596828838,0.00782251916126953
11.507419065789,0.00354320967646871
11.537076583123,-0.000642953084611264
11.5667322286383,-0.00472635221594686
11.5963859960745,-0.00869779437489626
11.6260378791589,-0.0125485520518431
11.6556878716059,-0.0162704041434694
11.6853359671174,-0.0198556746467027
11.7149821593822,-0.0232972692929749
11.7446264420766,-0.0265887099460222
11.7742688088636,-0.0297241665911656
11.8039092533935,-0.0326984867499576
11.8335477693036,-0.0355072221614314
11.863184350218,-0.0381466525798899
11.8928189897478,-0.0406138065493877
11.9224516814907,-0.0429064790268576
11.9520824190314,-0.0450232457391451
11.9817111959412,-0.0469634741739426
12.011338005778,-0.0487273311211673
12.0409628420864,-0.0503157866988246
12.0705856983974,-0.0517306148166519
12.1002065682285,-0.0529743900510873
12.1298254450837,-0.0540504809261542
12.1594423224533,-0.0549630396173946
12.1890571938139,-0.0557169881182524
12.2186700526283,-0.0563180009317747
12.2482808923456,-0.056772484373603
12.2778897064008,-0.0570875525952985
12.3074964882152,-0.0572710004599273
12.3371012311959,-0.0573312734235571
12.3667039287362,-0.0572774345975269
12.396304574215,-0.057119129185967
12.4259031609971,-0.05686654651117
12.4554996824332,-0.0565303798559178
12.4850941318595,-0.0561217843659492
12.514686502598,-0.0556523332680037
12.5442767879561,-0.0551339726683331
12.573864981227,-0.0545789752035652
12.6034510756891,-0.0539998928201832
12.6330350646062,-0.0534095089602005
12.6626169412275,-0.0528207904293758
12.6921966987875,-0.0522468392201745
12.721774330506,-0.0517008445546523
12.7513498295875,-0.0511960354029881
12.7809231892222,-0.0507456337212524
12.8104944025848,-0.050362808637562
12.8400634628351,-0.0500606317993793
12.869630363118,-0.0498520340761388
12.8991950965629,-0.0497497637917519
12.9287576562841,-0.0497663466400695
12.9583180353808,-0.0499140474147097
12.9878762269363,-0.0502048336616809
13.017432224019,-0.0506503413407522
13.0469860196815,-0.0512618425588265
13.0765376069609,-0.0520502154164753
13.1060869788787,-0.053025915987746
13.1356341284405,-0.0541989524333424
13.1651790486365,-0.0555788612289838
13.1947217324407,-0.057174685473985
13.2242621728114,-0.0589949552307552
13.2538003626908,-0.0610476698335809
13.2833362950051,-0.0633402820949982
13.3128699626645,-0.065879684331108
13.3424013585629,-0.0686721961218986
13.371930475578,-0.0717235537209753
13.4014573065711,-0.0750389010290746
13.4309818443873,-0.078622782048722
13.4605040818549,-0.0824791347425275
13.4900240117861,-0.0866112862247981
13.5195416269763,-0.091021949225226
13.549056920204,-0.0957132197742645
13.5785698842315,-0.100686576071684
13.6080805118038,-0.105942878512888
13.6375887956492,-0.111482370861012
13.6670947284792,-0.117304682566829
13.6965983029879,-0.123408832251947
13.7260995118527,-0.129793232384042
13.7555983477336,-0.136455695184914
13.7850948032735,-0.143393439823331
13.8145888710977,-0.150603100953667
13.8440805438145,-0.158080738669018
13.8735698140145,-0.165821849942432
13.9030566742707,-0.173821381633022
13.9325411171387,-0.1820737451336
13.9620231351563,-0.190572832734137
13.9915027208436,-0.199312035769967
14.0209798667026,-0.208284264615322
14.0504545652178,-0.217481970571949
14.0799268088554,-0.226897169688595
14.1093965900636,-0.236521468530995
14.1388639012726,-0.246346091903135
14.1683287348941,-0.256361912499777
14.1977910833218,-0.266559482447509
14.2272509389309,-0.276929066667382
14.256708294078,-0.287460677966891
14.2861631411014,-0.298144113743046
14.3156154723206,-0.308968994151932
14.3450652800366,-0.319924801574007
14.3745125565315,-0.331000921178951
14.4039572940685,-0.342186682369324
14.4333994848919,-0.353471400859505
14.4628391212272,-0.364844421125326
14.4922761952804,-0.376295158941367
14.5217106992387,-0.387813143707049
14.5511426252699,-0.399388060249937
14.5805719655224,-0.411009789785542
14.6099987121252,-0.422668449707182
14.639422857188,-0.434354431877896
14.6688443928005,-0.446058439098682
14.6982633110331,-0.457771519433802
14.7276796039363,-0.469485098084554
14.7570932635407,-0.481191006517573
14.7865042818572,-0.492881508572637
14.8159126508764,-0.504549323297372
14.8453183625689,-0.51618764428277
14.8747214088854,-0.527790155303016
14.9041217817558,-0.539351042095841
14.9335194730902,-0.550865000155191
14.9629144747778,-0.5623272384457
14.9923067786876,-0.573733478988004
15.0216963766678,-0.585079952305026
15.0510832605459,-0.596363388761098
15.0804674221287,-0.607581005868077
15.1098488532021,-0.618730491674505
15.1392275455309,-0.629809984395429
15.1686034908591,-0.640818048480405
15.1979766809093,-0.651753647355719
15.2273471073829,-0.662616113113149
15.2567147619601,-0.67340511345094
15.2860796362995,-0.684120616203316
15.3154417220383,-0.694762851821736
15.3448010107922,-0.705332274194191
15.3741574941549,-0.715829520208043
15.4035111636984,-0.726255368476338
15.4328620109731,-0.736610697657749
15.462210027507,-0.746896444805746
15.4915552048064,-0.757113564182919
15.5208975343551,-0.767262986972572
15.5502370076148,-0.777345582310367
15.5795736160249,-0.787362120045454
15.6089073510022,-0.797313235622187
15.638238203941,-0.807199397451203
15.667566166213,-0.817020877112032
15.6968912291671,-0.826777722699259
15.7262133841293,-0.836469735590462
15.7555326224027,-0.846096450877667
15.7848489352674,-0.855657121664613
15.8141623139804,-0.865150707390931
15.8434727497752,-0.874575866301036
15.8727802338623,-0.883930952131568
15.9020847574285,-0.893214015046048
15.9313863116372,-0.902422806800619
15.960684887628,-0.91155479007972
15.989980476517,-0.920607151896995
16.0192730693961,-0.929576820913955
16.0485626573335,-0.938460488488357
16.0778492313734,-0.947254633225732
16.1071327825355,-0.9559555487719
16.1364133018157,-0.964559374551293
16.165690780185,-0.973062129127175
16.1949652085904,-0.98145974583381
16.2242365779541,-0.989748110309556
16.2535048791735,-0.99792309954233
16.2827701031213,-1.00598062202615
16.3120322406455,-1.01391665861908
16.3412912825688,-1.02172730368913
16.3705472196889,-1.02940880613537
16.3998000427783,-1.03695760987707
16.429049742584,-1.0443703934134
16.4582963098277,-1.05164410807021
16.4875397352055,-1.05877601456886
16.5167800093879,-1.06576371757397
16.5460171230194,-1.07260519790278
16.5752510667189,-1.07929884210751
16.6044818310791,-1.08584346917399
16.6337094066666,-1.09223835411422
16.6629337840217,-1.09848324826637
16.6921549536585,-1.1045783961542
16.7213729060646,-1.11052454879617
16.750587631701,-1.11632297339487
16.7797991210019,-1.12197545937657
16.8090073643748,-1.12748432079048
16.8382123522003,-1.13285239511577
16.8674140748318,-1.13808303856191
16.8966125225957,-1.14318011798321
16.9258076857911,-1.14814799956216
16.9549995546895,-1.15299153444687
16.9841881195351,-1.15771604155602
17.0133733705444,-1.16232728778914
17.0425552979061,-1.16683146590167
17.0717338917809,-1.17123517032118
17.1009091423017,-1.17554537119507
17.1300810395732,-1.17976938696916
17.1592495736718,-1.18391485580193
17.1884147346454,-1.18798970612047
17.2175765125137,-1.19200212662079
17.2467348972676,-1.19596053600859
17.2758898788691,-1.19987355276514
17.3050414472516,-1.2037499652087
17.3341895923192,-1.20759870210366
17.3633343039472,-1.21142880404839
17.3924755719813,-1.21524939584893
17.421613386238,-1.21906966005904
17.4507477365041,-1.22289881183894
17.4798786125371,-1.22674607525485
17.5090060040642,-1.23062066111052
17.5381299007832,-1.23453174637018
17.5672502923615,-1.23848845520016
17.5963671684364,-1.24249984162538
17.6254805186149,-1.24657487376557
17.6545903324737,-1.25072241958693
17.6836965995585,-1.25495123407695
17.7127993093848,-1.25926994772462
17.7418984514368,-1.26368705616472
17.7709940151681,-1.26821091082508
17.8000859900007,-1.27284971039796
17.8291743653258,-1.27761149294368
17.8582591305028,-1.2825041284239
17.8873402748599,-1.28753531145601
17.9164177876933,-1.29271255407783
17.9454916582675,-1.29804317831292
17.9745618758151,-1.30353430833277
18.0036284295365,-1.309192862021
18.0326913085999,-1.31502554175811
18.0617505021409,-1.32103882426143
18.0908059992628,-1.32723894933516
18.1198577890361,-1.33363190740786
18.1489058604985,-1.34022342576027
18.1779502026547,-1.34701895337421
18.2069908044761,-1.35402364436272
18.2360276549011,-1.36124233997278
18.2650607428345,-1.3686795491837
18.2940900571475,-1.37633942795712
18.3231155866778,-1.38422575722666
18.3521373202288,-1.39234191974744
18.3811552465703,-1.40069087595687
18.4101693544376,-1.40927513902735
18.4391796325318,-1.41809674931956
18.4681860695195,-1.42715724847023
18.4971886540326,-1.43645765337109
18.5261873746683,-1.44599843031518
18.5551822199886,-1.45577946960314
18.5841731785206,-1.46580006091442
18.6131602387561,-1.47605886975746
18.6421433891514,-1.48655391531711
18.6711226181271,-1.49728255001857
18.7000979140683,-1.50824144112316
18.7290692653239,-1.51942655466353
18.758036660207,-1.53083314201398
18.7870000869941,-1.54245572937546
18.8159595339255,-1.55428811043522
18.844914989205,-1.56632334243737
18.8738664409996,-1.57855374587421
18.9028138774392,-1.59097090797809
18.9317572866168,-1.60356569016134
18.9606966565882,-1.616328239517
18.9896319753716,-1.62924800445672
19.0185632309478,-1.6423137545239
19.0474904112597,-1.65551360438184
19.0764135042124,-1.66883504193682
19.1053324976727,-1.68226496051696
19.1342473794694,-1.69578969498918
19.1631581373926,-1.70939506165823
19.1920647591938,-1.7230664017559
19.2209672325859,-1.73678862829367
19.2498655452427,-1.75054627601997
19.2787596847987,-1.76432355419342
19.3076496388493,-1.77810440185715
19.3365353949501,-1.79187254527547
19.3654169406174,-1.80561155717469
19.3942942633272,-1.81930491741367
19.4231673505156,-1.83293607469735
19.4520361895786,-1.84648850893868
19.4809007678716,-1.85994579386963
19.5097610727093,-1.8732916595024
19.5386170913658,-1.88651005404544
19.567468811074,-1.89958520488672
19.5963162190259,-1.91250167826843
19.6251593023718,-1.92524443729185
19.6539980482205,-1.9377988979099
19.6828324436394,-1.95015098258596
19.7116624756533,-1.96228717132169
19.7404881312455,-1.97419454978302
19.7693093973566,-1.98586085428178
19.7981262608847,-1.99727451340068
19.8269387086852,-2.0084246860804
19.8557467275707,-2.01930129601958
19.8845503043103,-2.02989506227129
19.9133494256303,-2.04019752595164
19.9421440782129,-2.05020107300833
19.970934248697,-2.05989895302873
19.9997199236774,-2.06928529409636
