-20,-3.50065982076639
-19.9731407641997,-3.48713179459779
-19.9462734135693,-3.47335275758525
-19.9193979551615,-3.45932511044265
-19.8925143960442,-3.44505158346698
-19.8656227432999,-3.43053521368887
-19.8387230040265,-3.41577932239893
-19.8118151853367,-3.40078749319629
-19.784899294358,-3.38556355069689
-19.7579753382331,-3.37011154002911
-19.7310433241198,-3.35443570723274
-19.7041032591908,-3.33854048066698
-19.6771551506338,-3.32243045352038
-19.6501990056515,-3.30611036750405
-19.6232348314618,-3.28958509779652
-19.5962626352976,-3.27285963929614
-19.5692824244067,-3.25593909422392
-19.5422942060521,-3.23882866110696
-19.515297987512,-3.22153362515948
-19.4882937760794,-3.2040593500661
-19.4612815790626,-3.18641127115926
-19.4342614037849,-3.16859488997027
-19.4072332575847,-3.15061577012212
-19.3801971478156,-3.13247953451976
-19.3531530818463,-3.11419186378346
-19.3261010670604,-3.09575849585949
-19.2990411108569,-3.07718522673315
-19.27197322065,-3.0584779121593
-19.2448974038686,-3.03964247031729
-19.2178136679574,-3.02068488528911
-19.1907220203756,-3.00161121125286
-19.163622468598,-2.98242757727719
-19.1365150201145,-2.96314019259715
-19.1093996824301,-2.94375535224741
-19.082276463065,-2.92427944292602
-19.0551453695545,-2.90471894895867
-19.0280064094494,-2.88508045823292
-19.0008595903154,-2.86537066797115
-18.9737049197335,-2.84559639021232
-18.9465424053001,-2.82576455687415
-18.9193720546264,-2.80588222427097
-18.8921938753394,-2.78595657696636
-18.8650078750808,-2.76599493084541
-18.8378140615078,-2.7460047352976
-18.810612442293,-2.72599357440892
-18.7834030251239,-2.70596916707056
-18.7561858177035,-2.68593936592076
-18.72896082775,-2.66591215504675
-18.7017280629969,-2.64589564638534
-18.6744875311928,-2.62589807477183
-18.647239240102,-2.60592779160059
-18.6199831975036,-2.58599325707266
-18.5927194111923,-2.5661030310194
-18.565447888978,-2.54626576230574
-18.5381686386859,-2.52649017682916
-18.5108816681566,-2.50678506414503
-18.4835869852458,-2.48715926276276
-18.4562845978248,-2.4676216441695
-18.4289745137799,-2.44818109565249
-18.4016567410131,-2.42884650200145
-18.3743312874415,-2.40962672618568
-18.3469981609975,-2.39053058910956
-18.3196573696289,-2.37156684856046
-18.292308921299,-2.35274417747118
-18.2649528239862,-2.3340711416257
-18.2375890856845,-2.31555617694325
-18.210217714403,-2.29720756647963
-18.1828387181663,-2.27903341728749
-18.1554521050146,-2.26104163727862
-18.1280578830029,-2.24323991223082
-18.1006560602022,-2.22563568308065
-18.0732466446985,-2.20823612363914
-18.0458296445933,-2.19104811886362
-18.0184050680034,-2.17407824381232
-17.9909729230612,-2.15733274340103
-17.9635332179142,-2.14081751307261
-17.9360859607256,-2.12453808048036
-17.9086311596738,-2.10849958827625
-17.8811688229528,-2.0927067780829
-17.8536989587717,-2.07716397571772
-17.8262215753552,-2.06187507772411
-17.7987366809436,-2.0468435392533
-17.7712442837923,-2.0320723633277
-17.7437443921722,-2.01756409150431
-17.7162370143699,-2.00332079594553
-17.688722158687,-1.98934407289269
-17.6611998334408,-1.97563503752794
-17.633670046964,-1.96219432019976
-17.6061328076047,-1.94902206397926
-17.5785881237265,-1.93611792350646
-17.5510360037083,-1.92348106507976
-17.5234764559447,-1.91111016793629
-17.4959094888454,-1.89900342666783
-17.4683351108358,-1.88715855471376
-17.4407533303568,-1.87557278887212
-17.4131641558645,-1.86424289476996
-17.3855675958307,-1.85316517323584
-17.3579636587425,-1.8423354675197
-17.3303523531025,-1.83174917130999
-17.3027336874289,-1.82140123750207
-17.275107670255,-1.81128618767788
-17.2474743101301,-1.80139812226363
-17.2198336156184,-1.79173073133832
-17.1921855953001,-1.78227730607398
-17.1645302577704,-1.7730307507954
-17.1368676116402,-1.76398359565465
-17.109197665536,-1.75512800992281
-17.0815204280995,-1.74645581590771
-17.053835907988,-1.73795850351317
-17.0261441138744,-1.72962724546008
-16.9984450544468,-1.721452913194
-16.970738738409,-1.71342609350783
-16.9430251744801,-1.70553710590973
-16.915304371395,-1.69777602076763
-16.8875763379037,-1.69013267826163
-16.8598410827718,-1.68259670817251
-16.8320986147806,-1.67515755053329
-16.8043489427266,-1.66780447716449
-16.7765920754218,-1.66052661410855
-16.7488280216939,-1.65331296497179
-16.7210567903859,-1.64615243517326
-16.6932783903563,-1.63903385709129
-16.6654928304792,-1.63194601608663
-16.6377001196439,-1.62487767737144
-16.6099002667555,-1.61781761368046
-16.5820932807345,-1.61075463368843
-16.5542791705167,-1.60367761110631
-16.5264579450536,-1.59657551437465
-16.498629613312,-1.5894374368618
-16.4707941842742,-1.5822526274614
-16.4429516669383,-1.57501052147316
-16.4151020703174,-1.56770077163959
-16.3872454034403,-1.56031327920257
-16.3593816753513,-1.55283822483456
-16.3315108951101,-1.54526609929272
-16.303633071792,-1.5375877336382
-16.2757482144876,-1.52979432885937
-16.2478563323031,-1.52187748473438
-16.2199574343601,-1.51382922776898
-16.1920515297956,-1.50564203804593
-16.1641386277623,-1.49730887482498
-16.136218737428,-1.48882320073763
-16.1082918679764,-1.48017900442669
-16.0803580286063,-1.47137082148879
-16.052417228532,-1.46239375358714
-16.0244694769835,-1.45324348561267
-15.9965147832061,-1.44391630078422
-15.9685531564604,-1.4344090935908
-15.9405846060227,-1.42471938049326
-15.9126091411845,-1.41484530831805
-15.8846267712531,-1.40478566028985
-15.8566375055509,-1.39453985966645
-15.8286413534158,-1.38410797095463
-15.8006383242012,-1.37349069870115
-15.7726284272761,-1.3626893838688
-15.7446116720245,-1.35170599782214
-15.7165880678463,-1.34054313396157
-15.6885576241565,-1.32920399705857
-15.6605203503856,-1.31769239035664
-15.6324762559796,-1.30601270051497
-15.6044253503998,-1.29416988048141
-15.5763676431229,-1.28216943039112
-15.5483031436412,-1.27001737659512
-15.5202318614622,-1.25772024892925
-15.4921538061089,-1.24528505634018
-15.4640689871196,-1.23271926098853
-15.4359774140481,-1.22003075095269
-15.4078790964635,-1.20722781165807
-15.3797740439503,-1.19431909615808
-15.3516622661085,-1.18131359439178
-15.3235437725532,-1.16822060154333
-15.2954185729152,-1.15504968562489
-15.2672866768403,-1.14181065440413
-15.2391480939901,-1.12851352179236
-15.2110028340411,-1.11516847380796
-15.1828509066855,-1.1017858342248
-15.1546923216306,-1.08837603001261
-15.1265270885993,-1.07494955667246
-15.0983552173295,-1.06151694356672
-15.0701767175747,-1.0480887193401
-15.0419915991037,-1.03467537752545
-15.0137998717004,-1.02128734242508
-14.9856015451643,-1.0079349353568
-14.95739662931,-0.994628341351813
-14.9291851339674,-0.981377576390528
-14.900967068982,-0.968192455261843
-14.8727424442142,-0.955082560130734
-14.8445112695398,-0.942057209899275
-14.81627355485,-0.929125430446462
-14.7880293100513,-0.916295925832699
-14.7597785450651,-0.903577050555754
-14.7315212698285,-0.89097678294516
-14.7032574942937,-0.878502699783255
-14.674987228428,-0.866161952241029
-14.6467104822141,-0.853961243217327
-14.6184272656499,-0.841906806169263
-14.5901375887485,-0.83000438552115
-14.5618414615382,-0.818259218737623
-14.5335388940626,-0.806676020144039
-14.5052298963805,-0.795258966574409
-14.4769144785657,-0.784011684923115
-14.4485926507074,-0.772937241671059
-14.42026442291,-0.762038134451714
-14.3919298052928,-0.751316285714751
-14.3635888079907,-0.740773038537256
-14.3352414411533,-0.73040915462353
-14.3068877149457,-0.720224814524059
-14.278527639548,-0.710219620093852
-14.2501612251553,-0.70039259919848
-14.2217884819782,-0.690742212663451
-14.1934094202421,-0.681266363450376
-14.1650240501875,-0.671962408029088
-14.1366323820702,-0.662827169902002
-14.108234426161,-0.653856955222722
-14.0798301927458,-0.645047570437455
-14.0514196921256,-0.636394341863948
-14.0230029346163,-0.627892137109882
-13.994579930549,-0.619535388219873
-13.9661506902699,-0.611318116428151
-13.9377152241402,-0.603233958383584
-13.9092735425361,-0.595276193703242
-13.8808256558487,-0.587437773702078
-13.8523715744843,-0.579711351139039
-13.8239113088642,-0.572089310813524
-13.7954448694246,-0.564563800841924
-13.7669722666167,-0.557126764440369
-13.7384935109067,-0.549769972039172
-13.7100086127757,-0.542485053553619
-13.6815175827198,-0.535263530638574
-13.6530204312502,-0.528096848757087
-13.6245171688927,-0.52097640889798
-13.5960078061883,-0.513893598784506
-13.5674923536928,-0.506839823422794
-13.5389708219769,-0.499806534848901
-13.5104432216261,-0.492785260942469
-13.4819095632411,-0.485767633186754
-13.453369857437,-0.478745413266239
-13.4248241148442,-0.471710518405885
-13.3962723461077,-0.464655045369284
-13.3677145618873,-0.457571293046016
-13.3391507728579,-0.450451783572291
-13.3105809897088,-0.443289281942555
-13.2820052231445,-0.436076814082782
-13.253423483884,-0.428807683369357
-13.2248357826612,-0.421475485589525
-13.1962421302248,-0.414074122351465
-13.1676425373383,-0.406597812962744
-13.1390370147797,-0.399041104805576
-13.1104255733419,-0.391398882247188
-13.0818082238325,-0.383666374130144
-13.0531849770739,-0.375839159895378
-13.024555843903,-0.367913174395326
-12.9959208351715,-0.35988471145923
-12.9672799617458,-0.351750426275643
-12.9386332345068,-0.343507336658732
-12.9099806643502,-0.335152823266199
-12.8813222621862,-0.32668462883538
-12.8526580389397,-0.318100856503435
-12.8239880055503,-0.309399967274601
-12.7953121729719,-0.300580776694119
-12.7666305521733,-0.291642450784863
-12.7379431541376,-0.282584501297748
-12.7092499898626,-0.273406780321835
-12.6805510703605,-0.264109474294685
-12.6518464066583,-0.254693097448026
-12.6231360097972,-0.245158484717564
-12.5944198908329,-0.23550678414037
-12.565698060836,-0.225739448757793
-12.5369705308909,-0.215858228036311
-12.5082373120971,-0.205865158814206
-12.479498415568,-0.19576255577762
-12.4507538524319,-0.185553001465564
-12.4220036338311,-0.175239335801024
-12.3932477709224,-0.164824645142588
-12.3644862748772,-0.154312250849983
-12.335719156881,-0.143705697356111
-12.3069464281338,-0.133008739738585
-12.2781680998498,-0.122225330785326
-12.2493841832577,-0.111359607549957
-12.2205946896003,-0.10041587739687
-12.1917996301347,-0.0893986035385126
-12.1629990161325,-0.0783123900724547
-12.1341928588794,-0.0671619665308896
-12.1053811696752,-0.0559521719606408
-12.0765639598341,-0.0446879385587096
-12.0477412406845,-0.0333742748942427
-12.0189130235689,-0.0220162487552926
-11.9900793198442,-0.0106189696660834
-11.961240140881,0.00081242887287658
-11.9323954980645,0.0122728073615264
-11.9035454027939,0.0237570384268082
-11.8746898664823,0.0352600250252948
-11.8458289005571,0.0467767186411834
-11.8169625164597,0.0583021373935679
-11.7880907256456,0.069831383961187
-11.7592135395843,0.081359663228028
-11.7303309697594,0.092882299549899
-11.7014430276684,0.104394753538116
-11.6725497248227,0.115892638255119
-11.6436510727479,0.12737173471524
-11.6147470829835,0.13882800658422
-11.5858377670828,0.150257613971249
-11.5569231366132,0.161656926210384
-11.5280032031557,0.173022533530471
-11.4990779783055,0.184351257517861
-11.4701474736716,0.195640160280618
-11.4412117008766,0.206886552230216
-11.4122706715573,0.218087998403689
-11.383324397364,0.229242323257793
-11.3543728899609,0.240347613876011
-11.325416161026,0.251402221539436
-11.2964542222511,0.262404761623642
-11.2674870853414,0.273354111794845
-11.2385147620164,0.284249408491419
-11.2095372640086,0.295090041688752
-11.1805546030649,0.305875647959141
-11.1515667909452,0.316606101850937
-11.1225738394234,0.327281505625038
-11.093575760287,0.337902177399783
-11.0645725653369,0.348468637768619
-11.0355642663879,0.358981594967958
-11.006550875268,0.369441928685006
-10.977532403819,0.379850672607503
-10.9485088638961,0.390208995828843
-10.9194802673679,0.400518183232734
-10.8904466261167,0.410779614991242
-10.8614079520381,0.420994745319618
-10.8323642570412,0.431165080638337
-10.8033155530485,0.441292157300609
-10.7742618519958,0.451377519048435
-10.7452031658325,0.461422694365169
-10.716139506521,0.471429173895231
-10.6870708860374,0.481398388103614
-10.6579973163709,0.491331685348115
-10.628918809524,0.50123031053549
-10.5998353775126,0.51109538453133
-10.5707470323656,0.52092788448833
-10.5416537861253,0.530728625252792
-10.5125556508472,0.540498242002627
-10.4834526385999,0.550237174261596
-10.4543447614652,0.559945651425224
-10.4252320315381,0.569623679923666
-10.3961144609266,0.579271032134699
-10.3669920617518,0.588887237147205
-10.337864846148,0.598471573462405
-10.3087328262624,0.608023063704977
-10.2795960142553,0.617540471401355
-10.2504544222999,0.627022299866979
-10.2213080625826,0.636466793227498
-10.1921569473024,0.645871939583259
-10.1630010886716,0.655235476309301
-10.1338404989153,0.664554897466758
-10.1046751902712,0.673827463285164
-10.0755051749903,0.683050211659335
-10.0463304653361,0.6922199715885
-10.0171510735852,0.701333378470778
-9.98796701202673,0.710386891151856
-9.95877829296271,0.719376810613198
-9.92958492870791,0.72829930017302
-9.90038693158978,0.737150407062103
-9.87118431394853,0.745926085226444
-9.84197708813695,0.754622219200058
-9.81276526652055,0.763234648884136
-9.78354886147742,0.771759195062998
-9.75432788539829,0.780191685482421
-9.72510235068643,0.788527981313791
-9.69587226975766,0.7967640038257
-9.66663765504034,0.804895761084722
-9.63739851897533,0.812919374509121
-9.60815487401594,0.820831105101945
-9.57890673262794,0.828627379194387
-9.54965410728954,0.836304813536202
-9.52039701049134,0.843860239576486
-9.49113545473631,0.851290726786772
-9.46186945253974,0.858593604886053
-9.4325990164293,0.865766484838772
-9.40332415894491,0.872807278505888
-9.37404489263878,0.879714216840952
-9.34476123007535,0.886485866534258
-9.31547318383129,0.893121145019904
-9.28618076649545,0.899619333772606
-9.25688399066887,0.905980089832639
-9.2275828689647,0.912203455509072
-9.19827741400822,0.91828986622285
-9.16896763843679,0.924240156462005
-9.13965355489984,0.930055563831885
-9.1103351760588,0.935737731192646
-9.08101251458715,0.941288706885857
-9.05168558317032,0.946710943059486
-9.0223543945057,0.952007292108661
-8.9930189613026,0.95718100125552
-8.96367929628223,0.962235705297516
-8.93433541217768,0.967175417557598
-8.90498732173385,0.972004519074602
-8.8756350377075,0.976727746073905
-8.84627857286713,0.981350175761875
-8.81691793999303,0.985877210488383
-8.78755315187721,0.990314560323455
-8.75818422132339,0.994668224093658
-8.72881116114696,0.998944468925487
-8.69943398417495,1.00314980834132
-8.67005270324601,1.00729097895517
-8.6406673312104,1.01137491581386
-8.6112778809299,1.01540872643082
-8.58188436527787,1.01939966355923
-8.55248679713914,1.02335509675289
-8.52308518941003,1.02728248276463
-8.49367955499831,1.03118933483466
-8.46426990682313,1.0350831909243
-8.43485625781509,1.03897158095492
-8.4054386209161,1.04286199311721
-8.37601700907942,1.04676183932212
-8.34659143526959,1.05067841987191
-8.31716191246243,1.05461888743908
-8.28772845364503,1.05859021044934
-8.25829107181565,1.06259913597661
-8.22884977998374,1.0666521522684
-8.19940459116992,1.07075545103325
-8.16995551840592,1.07491488963424
-8.14050257473455,1.07913595334652
-8.11104577320969,1.08342371785079
-8.08158512689625,1.08778281214833
-8.05212064887015,1.09221738209764
-8.02265235221825,1.09673105478589
-7.99318025003837,1.10132690396178
-7.96370435543926,1.10600741676789
-7.93422468154048,1.11077446202269
-7.90474124147251,1.11562926031007
-7.8752540483766,1.12057235614392
-7.84576311540482,1.12560359247929
-7.81626845571994,1.13072208784627
-7.7867700824955,1.13592621638276
-7.7572680089157,1.14121359104105
-7.72776224817542,1.14658105023774
-7.69825281348015,1.1520246482085
-7.66873971804599,1.15753964931866
-7.63922297509959,1.16312052656467
-7.60970259787815,1.16876096448452
-7.58017859962933,1.17445386667286
-7.55065099361132,1.18019136807203
-7.52111979309268,1.18596485218143
-7.49158501135241,1.19176497329697
-7.46204666167988,1.1975816838567
-7.43250475737479,1.20340426693235
-7.40295931174714,1.2092213738661
-7.37341033811722,1.21502106701033
-7.34385784981556,1.22079086748383
-7.31430186018287,1.22651780781325
-7.28474238257007,1.23218848928211
-7.25517943033819,1.23778914376308
-7.22561301685838,1.24330569976287
-7.19604315551189,1.24872385236309
-7.16646985968997,1.25402913669514
-7.13689314279392,1.25920700454461
-7.10731301823496,1.26424290363893
-7.07772949943433,1.2691223591345
-7.04814259982309,1.27383105678361
-7.01855233284225,1.27835492723105
-6.98895871194261,1.28268023086281
-6.9593617505848,1.28679364260697
-6.92976146223922,1.29068233606972
-6.900157860386,1.29433406637767
-6.87055095851499,1.29773725109126
-6.84094077012568,1.30088104855415
-6.81132730872723,1.30375543304886
-6.78171058783839,1.30635126614197
-6.75209062098745,1.30866036361924
-6.72246742171226,1.3106755574367
-6.69284100356018,1.31239075214359
-6.66321138008799,1.31380097526961
-6.63357856486192,1.31490242121117
-6.6039425714576,1.31569248819828
-6.57430341346001,1.31616980797611
-6.54466110446344,1.3163342678918
-6.51501565807148,1.31618702513731
-6.48536708789697,1.31573051296283
-6.45571540756198,1.3149684387419
-6.42606063069772,1.31390577383758
-6.39640277094458,1.31254873528857
-6.36674184195206,1.31090475940462
-6.33707785737871,1.30898246743101
-6.30741083089214,1.30679162351024
-6.27774077616893,1.30434308523824
-6.24806770689467,1.30164874717583
-6.21839163676384,1.29872147774037
-6.18871257947984,1.29557504995955
-6.1590305487549,1.29222406662457
-6.12934555831012,1.28868388042856
-6.09965762187532,1.28497050972041
-6.06996675318911,1.28110055054125
-6.0402729659988,1.27709108564325
-6.01057627406037,1.27295959121439
-5.98087669113843,1.26872384205043
-5.95117423100622,1.26440181592675
-5.92146890744553,1.26001159792459
-5.89176073424665,1.2555712854633
-5.86204972520839,1.25109889477767
-5.83233589413801,1.24661226956138
-5.80261925485117,1.242128992472
-5.77289982117193,1.23766630015997
-5.74317760693267,1.23324100244608
-5.71345262597408,1.22886940622692
-5.68372489214511,1.22456724463805
-5.65399441930295,1.22034961194929
-5.62426122131297,1.21623090460814
-5.59452531204869,1.21222476878368
-5.56478670539175,1.20834405469837
-5.53504541523188,1.20460077796668
-5.50530145546682,1.20100608809017
-5.47555484000232,1.19757024418861
-5.44580558275211,1.19430259797637
-5.41605369763781,1.19121158392348
-5.38629919858895,1.18830471647364
-5.35654209954291,1.18558859412477
-5.32678241444486,1.18306891011528
-5.29702015724775,1.18075046939944
-5.26725534191226,1.1786372115405
-5.23748798240676,1.17673223909904
-5.20771809270728,1.17503785104887
-5.17794568679746,1.17355558071333
-5.14817077866851,1.17228623768013
-5.11839338231918,1.1712299531268
-5.08861351175574,1.17038622796633
-5.05883118099187,1.16975398320976
-5.02904640404872,1.16933161193391
-4.99925919495479,1.16911703224264
-4.96946956774591,1.16910774061536
-4.93967753646525,1.16930086504982
-4.90988311516322,1.16969321742476
-4.88008631789744,1.17028134453317
-4.85028715873273,1.17106157726785
-4.82048565174105,1.17203007747709
-4.79068181100145,1.17318288204898
-4.76087565060007,1.17451594382837
-4.73106718463003,1.17602516901962
-4.70125642719148,1.17770645078025
-4.67144339239149,1.17955569876528
-4.64162809434402,1.18156886443889
-4.61181054716992,1.18374196202747
-4.58199076499684,1.18607108504646
-4.55216876195923,1.18855241839167
-4.52234455219826,1.19118224604216
-4.49251814986182,1.19395695447882
-4.46268956910444,1.19687303197466
-4.4328588240873,1.19992706396494
-4.40302592897813,1.20311572475183
-4.37319089795122,1.20643576584243
-4.34335374518734,1.20988400125768
-4.31351448487372,1.21345729018468
-4.28367313120402,1.21715251737425
-4.25382969837826,1.22096657170918
-4.22398420060281,1.2248963233877
-4.19413665209032,1.22893860017867
-4.16428706705968,1.23309016321217
-4.13443545973602,1.23734768277009
-4.10458184435061,1.24170771453568
-4.07472623514086,1.24616667675157
-4.04486864635029,1.25072082871854
-4.01500909222841,1.25536625104625
-3.98514758703078,1.26009882804144
-3.95528414501892,1.26491423258676
-3.92541878046023,1.26980791383019
-3.89555150762802,1.27477508796451
-3.86568234080144,1.27981073233573
-3.83581129426543,1.28490958307404
-3.80593838231066,1.29006613639486
-3.77606361923354,1.29527465366881
-3.74618701933615,1.30052917031134
-3.71630859692617,1.30582350849257
-3.68642836631688,1.31115129361984
-3.65654634182712,1.31650597449648
-3.62666253778119,1.32188084701431
-3.59677696850888,1.32726908119244
-3.56688964834537,1.33266375133235
-3.53700059163125,1.33805786902064
-3.50710981271243,1.34344441867376
-3.47721732594007,1.34881639528773
-3.44732314567062,1.35416684402693
-3.41742728626572,1.35948890126232
-3.38752976209217,1.36477583664976
-3.35763058752188,1.37002109582457
-3.32772977693183,1.37521834327816
-3.29782734470407,1.3803615049774
-3.26792330522559,1.38544481028697
-3.23801767288836,1.39046283275904
-3.20811046208927,1.39541052936373
-3.17820168723,1.40028327774665
-3.14829136271712,1.40507691111792
-3.11837950296193,1.40978775039791
-3.08846612238051,1.41441263327025
-3.05855123539357,1.41894893982135
-3.02863485642649,1.42339461447651
-2.99871699990927,1.42774818397726
-2.96879768027644,1.43200877118045
-2.93887691196706,1.43617610449775
-2.90895470942466,1.44025052283322
-2.8790310870972,1.44423297591808
-2.84910605943701,1.44812501998108
-2.8191796409008,1.45192880873562
-2.78925184594954,1.45564707970453
-2.75932268904844,1.45928313594426
-2.72939218466698,1.46284082326926
-2.69946034727875,1.46632450311554
-2.6695271913615,1.46973902121883
-2.63959273139702,1.47308967231692
-2.60965698187118,1.47638216111891
-2.5797199572738,1.47962255981324
-2.54978167209869,1.48281726241439
-2.51984214084354,1.48597293627287
-2.48990137800988,1.48909647109436
-2.45995939810309,1.49219492583357
-2.43001621563229,1.49527547384338
-2.40007184511036,1.4983453466731
-2.37012630105384,1.50141177691872
-2.34017959798293,1.50448194053467
-2.3102317504214,1.50756289901986
-2.28028277289659,1.51066154189081
-2.25033267993931,1.5137845298519
-2.22038148608388,1.51693823906693
-2.19042920586801,1.52012870692791
-2.1604758538328,1.52336157970488
-2.13052144452266,1.52664206244789
-2.10056599248529,1.52997487149459
-2.07060951227163,1.53336418991924
-2.04065201843582,1.53681362623777
-2.01069352553515,1.54032617666086
-1.98073404813001,1.54390419116254
-1.95077360078385,1.54754934360565
-1.92081219806314,1.5512626061382
-1.89084985453733,1.55504422804569
-1.86088658477878,1.55889371921484
-1.83092240336275,1.56280983833381
-1.80095732486732,1.56679058592233
-1.77099136387338,1.57083320225401
-1.74102453496456,1.57493417020099
-1.71105685272719,1.57908922299941
-1.68108833175027,1.58329335690225
-1.65111898662539,1.58754084865474
-1.62114883194674,1.59182527769728
-1.59117788231101,1.59613955296986
-1.56120615231737,1.60047594416358
-1.53123365656744,1.60482611723664
-1.50126040966519,1.60918117398521
-1.47128642621699,1.61353169543435
-1.44131172083147,1.61786778879073
-1.41133630811951,1.6221791376763
-1.38136020269423,1.6264550553424
-1.35138341917089,1.63068454054549
-1.32140597216684,1.63485633574921
-1.29142787630157,1.63895898730442
-1.26144914619654,1.64298090724647
-1.23146979647521,1.64691043633978
-1.20148984176298,1.65073590799368
-1.17150929668715,1.65444571266768
-1.14152817587684,1.65802836238355
-1.11154649396299,1.66147255496143
-1.0815642655783,1.66476723759989
-1.05158150535717,1.66790166942538
-1.02159822793565,1.67086548264459
-0.99161444795143,1.67364874194182
-0.961630180043783,1.67624200177718
-0.931645438853496,1.67863636125443
-0.901660239022829,1.68082351624432
-0.871674595195493,1.68279580846696
-0.841688522016589,1.68454627125699
-0.811702034132554,1.6860686717564
-0.781715146191146,1.6873575493036
-0.751727872841371,1.68840824981054
-0.72174022873344,1.68921695594595
-0.691752228518718,1.68978071296864
-0.661763886849711,1.69009745008194
-0.631775218379991,1.69016599720784
-0.601786237764163,1.68998609710789
-0.571796959657796,1.68955841280508
-0.5418073987174,1.68888453029032
-0.511817569600398,1.68796695652398
-0.481827486965038,1.68680911277124
-0.45183716547036,1.68541532333661
-0.421846619776181,1.68379079978935
-0.391855864543017,1.68194162079692
-0.361864914432044,1.67987470770764
-0.331873784105061,1.67759779604714
-0.301882488224433,1.67511940311456
-0.271891041453044,1.67244879188468
-0.241899458454282,1.66959593144107
-0.211907753891949,1.66657145418192
-0.181915942430231,1.66338661005534
-0.151924038733678,1.66005321809453
-0.121932057467134,1.65658361553383
-0.0919400132956747,1.65299060479693
-0.061947920884606,1.64928739865474
-0.0319557948993753,1.64548756385682
-0.00196365000555372,1.64160496354276
0.0280284991312224,1.63765369874143
0.0580206378452848,1.63364804926564
0.0880127514709909,1.62960241430649
0.11800482534277,1.62553125302793
0.147996844795169,1.62144902545514
0.177988795162885,1.61737013394269
0.207980661780821,1.61330886549915
0.237972429984137,1.60927933523273
0.267964085108291,1.60529543117157
0.297955612489072,1.60137076069726
0.327946997462663,1.59751859881636
0.35793822536569,1.59375183847835
0.387929281535242,1.5900829431326
0.417920151308929,1.58652390169905
0.447910820024963,1.58308618611053
0.477901273022133,1.57978071156607
0.507891495639921,1.57661779961681
0.537881473218502,1.57360714418823
0.567871191098807,1.57075778062402
0.597860634622567,1.56807805781992
0.627849789132346,1.56557561349834
0.657838639971613,1.56325735265804
0.687827172484774,1.56112942921737
0.717815372017201,1.55919723085444
0.747803223915299,1.55746536703326
0.777790713526555,1.55593766019183
0.807777826199551,1.5546171400556
0.837764547284059,1.55350604102884
0.867750862131048,1.55260580260624
0.897736756092754,1.55191707273774
0.927722214522689,1.55143971407217
0.957707222775724,1.55117281299808
0.987691766208122,1.55111469139392
1.01767583017757,1.55126292099578
1.04765940004326,1.55161434028562
1.07764246116589,1.55216507380085
1.10762499890775,1.55291055376247
1.13760699863274,1.55384554391829
1.1675884457064,1.55496416549494
1.19756932549603,1.55625992515245
1.22754962337065,1.55772574483382
1.25752932470108,1.55935399340129
1.28750841485998,1.56113651995072
1.31748687922191,1.56306468869423
1.34746470316339,1.565129415301
1.37744187206288,1.56732120458422
1.40741837130088,1.56963018942099
1.43739418625998,1.57204617079002
1.46736930232486,1.57455865880914
1.49734370488238,1.57715691465181
1.52731737932159,1.57982999321844
1.55729031103383,1.58256678643383
1.58726248541267,1.58535606703761
1.6172338878541,1.58818653272996
1.64720450375644,1.59104685052837
1.67717431852046,1.59392570118678
1.70714331754943,1.59681182352101
1.7371114862491,1.59969405847988
1.76707881002782,1.60256139279377
1.79704527429654,1.60540300202796
1.82701086446888,1.60820829286149
1.85697556596114,1.61096694440836
1.88693936419239,1.61366894839234
1.91690224458448,1.61630464798469
1.94686419256209,1.61886477511041
1.97682519355279,1.6213404860283
2.00678523298709,1.62372339499017
2.03674429629845,1.62600560578554
2.06670236892335,1.62817974098274
2.09665943630133,1.63023896868124
2.12661548387504,1.6321770265975
2.15657049709029,1.63398824331557
2.18652446139607,1.63566755654411
2.21647736224459,1.6372105282346
2.24642918509139,1.63861335643003
2.27637991539531,1.63987288373004
2.30632953861856,1.64098660227695
2.33627804022677,1.64195265518759
2.36622540568904,1.64276983437698
2.39617162047795,1.64343757474397
2.42611667006967,1.64395594471296
2.45606053994392,1.64432563315124
2.4860032155841,1.64454793270804
2.51594468247726,1.64462471964819
2.54588492611419,1.64455843027999
2.57582393198945,1.64435203410439
2.60576168560141,1.64400900383882
2.63569817245231,1.64353328249527
2.66563337804828,1.64292924771718
2.69556728789941,1.64220167360349
2.72549988751976,1.64135569027067
2.75543116242745,1.64039674142367
2.78536109814466,1.63933054022537
2.81528968019771,1.63816302376991
2.84521689411705,1.63690030647908
2.87514272543738,1.63554863275145
2.90506715969763,1.63411432920167
2.93499018244105,1.63260375683284
2.96491177921519,1.63102326348574
2.99483193557202,1.62937913690821
3.02475063706794,1.62767755878248
3.05466786926379,1.62592456004148
3.08458361772495,1.62412597779367
3.11449786802135,1.62228741416234
3.14441060572752,1.62041419732907
3.17432181642264,1.6185113450513
3.20423148569056,1.61658353090255
3.2341395991199,1.61463505345948
3.26404614230402,1.61266980863479
3.2939511008411,1.61069126532648
3.32385446033418,1.60870244452533
3.35375620639123,1.60670590199283
3.38365632462513,1.6047037145899
3.41355480065376,1.60269747030704
3.44345162010006,1.60068826201319
3.47334676859202,1.59867668491189
3.50324023176273,1.59666283766053
3.53313199525048,1.59464632708065
3.56302204469873,1.59262627635783
3.59291036575621,1.59060133660276
3.62279694407692,1.58856970162049
3.6526817653202,1.58652912571041
3.68256481515076,1.58447694429944
3.71244607923871,1.58241009719093
3.74232554325966,1.580325154196
3.77220319289467,1.57821834289976
3.80207901383039,1.57608557830342
3.83195299175901,1.57392249407491
3.86182511237837,1.57172447513427
3.89169536139199,1.56948669129666
3.92156372450908,1.56720413169523
3.9514301874446,1.5648716397075
3.98129473591933,1.56248394811286
4.01115735565985,1.56003571421537
4.04101803239864,1.55752155467405
4.07087675187411,1.55493607979322
4.1007334998306,1.55227392703767
4.1305882620185,1.54952979355072
4.16044102419419,1.54669846746818
4.19029177212019,1.54377485783765
4.2201404915651,1.54075402296861
4.24998716830371,1.53763119705789
4.27983178811702,1.53440181495165
4.3096743367923,1.53106153492513
4.33951480012307,1.52760625937873
4.36935316390921,1.52403215336915
4.39918941395698,1.52033566091099
4.42902353607904,1.51651351900431
4.45885551609453,1.51256276936029
4.48868533982906,1.50848076781428
4.5185129931148,1.50426519143292
4.54833846179048,1.49991404333734
4.57816173170147,1.49542565527945
4.6079827886998,1.49079868802332
4.63780161864416,1.48603212959634
4.66761820740005,1.48112529148845
4.69743254083969,1.47607780288826
4.72724460484216,1.47088960305739
4.75705438529338,1.46556093195302
4.78686186808619,1.46009231921904
4.81666703912037,1.45448457167389
4.84646988430267,1.44873875943144
4.87627038954687,1.44285620079789
4.90606854077383,1.4368384460939
4.93586432391149,1.43068726055661
4.96565772489495,1.42440460648119
4.99544872966646,1.41799262476474
5.02523732417554,1.41145361601956
5.05502349437894,1.40479002142456
5.08480722624071,1.3980044034855
5.11458850573227,1.39109942687534
5.14436731883239,1.3840778395265
5.17414365152726,1.37694245414518
5.20391748981055,1.36969613031653
5.2336888196834,1.36234175736622
5.26345762715453,1.35488223814038
5.29322389824019,1.34732047386021
5.32298761896427,1.33965935020196
5.3527487753583,1.33190172474498
5.38250735346153,1.32405041592216
5.4122633393209,1.31610819359678
5.44201671899116,1.30807777137863
5.47176747853486,1.29996180077988
5.50151560402235,1.29176286729646
5.53126108153195,1.28348348848625
5.56100389714983,1.27512611409908
5.59074403697017,1.26669312829461
5.62048148709512,1.25818685396746
5.65021623363487,1.24960955917766
5.67994826270771,1.24096346566476
5.70967756044003,1.23225075940309
5.73940411296638,1.22347360313312
5.76912790642949,1.2146341507829
5.79884892698032,1.20573456367076
5.82856716077811,1.19677702835902
5.85828259399039,1.18776377600642
5.88799521279303,1.17869710304662
5.91770500337028,1.16957939299925
5.94741195191481,1.16041313920192
5.97711604462775,1.1512009682329
6.00681726771871,1.1419456637795
6.03651560740582,1.13265019069179
6.06621104991579,1.12331771895047
6.09590358148393,1.11395164726726
6.12559318835418,1.10455562602947
6.15527985677916,1.09513357929622
6.1849635730202,1.08568972555157
6.21464432334738,1.07622859692231
6.24432209403955,1.06675505657186
6.27399687138442,1.05727431398992
6.30366864167852,1.04779193790816
6.33333739122728,1.03831386658666
6.36300310634508,1.02884641523214
6.39266577335525,1.01939628032972
6.42232537859014,1.00997054069298
6.45198190839111,1.00057665506186
6.48163534910861,0.991222456107224
6.51128568710221,0.981916140729709
6.54093290874062,0.972666256574513
6.57057700040171,0.963481684716029
6.60021794847261,0.954371618502336
6.62985573934965,0.945345538585372
6.65949035943849,0.936413184199765
6.6891217951541,0.927584520789409
6.71875003292079,0.918869704118379
6.7483750591723,0.910279041038507
6.77799686035178,0.901822947121076
6.80761542291182,0.893511901393794
6.83723073331455,0.885356398456324
6.86684277803159,0.877366898277131
6.89645154354417,0.869553774001858
6.9260570163431,0.861927258128034
6.95565918292884,0.854497387422029
6.98525802981149,0.847273946972294
7.01485354351089,0.840266413787532
7.0444457105566,0.833483900358587
7.07403451748797,0.826935098610122
7.10361995085413,0.820628224670628
7.13320199721408,0.814570964887807
7.16278064313667,0.808770423511206
7.1923558752007,0.803233072454489
7.22192767999486,0.797964703536294
7.25149604411786,0.79297038358132
7.28106095417841,0.788254412742774
7.31062239679525,0.783820286382664
7.3401803585972,0.779670660819363
7.36973482622319,0.775807323221187
7.39928578632231,0.772231165892165
7.4288332255538,0.768942165161121
7.45837713058713,0.765939365047757
7.48791748810201,0.763220865841859
7.51745428478841,0.760783817691703
7.54698750734663,0.758624419257856
7.57651714248727,0.756737921448476
7.60604317693136,0.755118636211975
7.63556559741029,0.753759950323669
7.66508439066591,0.752654344064197
7.6945995434505,0.751793414651132
7.72411104252691,0.751167904249371
7.75361887466846,0.750767732352784
7.78312302665909,0.750582032299448
7.81262348529329,0.750599191653762
7.84212023737618,0.750806896164548
7.87161326972358,0.751192176985555
7.90110256916197,0.75174146082648
7.93058812252855,0.752440622687303
7.96006991667132,0.753275040816689
7.98954793844901,0.754229653527602
8.01902217473119,0.75528901749783
8.04849261239829,0.756437367182713
8.07795923834159,0.757658674969122
8.10742203946332,0.758936711705402
8.13688100267661,0.76025510725087
8.16633611490558,0.761597410699892
8.19578736308536,0.76294714994971
8.2252347341621,0.76428789029859
8.25467821509301,0.765603291779044
8.28411779284641,0.766877164952433
8.31355345440172,0.768093524913255
8.34298518674955,0.76923664327559
8.37241297689163,0.770291097938241
8.40183681184097,0.771241820451039
8.43125667862179,0.772074140829915
8.46067256426957,0.772773829694131
8.49008445583113,0.773327137624349
8.51949234036459,0.773720831664463
8.54889620493945,0.773942228914692
8.57829603663658,0.77397922718518
8.60769182254828,0.773820332701419
8.6370835497783,0.77345468487222
8.66647120544187,0.772872078149234
8.69585477666572,0.772062981023367
8.72523425058811,0.771018552217754
8.75460961435888,0.769730654149768
8.78398085513945,0.768191863744292
8.81334796010286,0.766395480689823
8.84271091643381,0.764335533234998
8.87206971132866,0.762006781627605
8.90142433199549,0.759404719301642
8.9307747656541,0.756525571918274
8.96012099953608,0.753366294366771
8.98946302088477,0.749924565829573
9.01880081695534,0.746198783012261
9.04813437501482,0.74218805163558
9.07746368234212,0.737892176281846
9.106788726228,0.733311648681877
9.1361094939752,0.728447634523576
9.16542597289839,0.72330195885641
9.19473815032422,0.717877090160215
9.22404601359134,0.712176123140452
9.25334955005047,0.706202760306468
9.28264874706436,0.699961292384074
9.31194359200786,0.693456577608885
9.34123407226793,0.686694019943189
9.37052017524369,0.679679546256125
9.39980188834639,0.672419582504276
9.42907919899952,0.664921028949536
9.45835209463877,0.657191234449783
9.48762056271206,0.649237969859826
9.51688459067962,0.641069400580903
9.54614416601395,0.632694058300785
9.57539927619988,0.624120811968865
9.60464990873459,0.615358838056636
9.63389605112765,0.606417590157449
9.66313769090102,0.597306767986467
9.69237481558908,0.588036285847167
9.72160741273867,0.57861624063726
9.75083546990912,0.569056879474289
9.78005897467224,0.559368567026453
9.80927791461236,0.549561752642475
9.8384922773264,0.53964693737926
9.86770205042383,0.529634641032601
9.89690722152672,0.519535369281584
9.92610777826977,0.509359581061489
9.95530370830034,0.499117656284525
9.98449499927845,0.488819864030233
10.0136816388768,0.478476331329219
10.0428636147809,0.468097012665524
10.0720409146889,0.457691660321984
10.1012135263118,0.447269795692023
10.1303814373733,0.436840681678831
10.1595446356101,0.426413296299359
10.1887031087715,0.415996307605312
10.2178568446198,0.40559805002853
10.2470058309302,0.395226502250281
10.2761500554907,0.384889266687111
10.3052895061025,0.374593550676579
10.3344241705795,0.364346149437424
10.3635540367486,0.354153430868493
10.3926790924498,0.344021322239996
10.4217993255362,0.333955298820356
10.4509147238736,0.323960374469934
10.4800252753414,0.314041094222318
10.5091309678316,0.304201528861995
10.5382317892495,0.294445271496144
10.5673277275137,0.284775436107353
10.5964187705558,0.275194658063029
10.6255049063206,0.265705096547634
10.654586122766,0.256308438873177
10.6836624078633,0.247005906615286
10.7127337495971,0.237798263513
10.7418001359649,0.228685825062911
10.770861554978,0.219668469731374
10.7999179946606,0.210745651702453
10.8289694430505,0.201916415073271
10.8580158881987,0.193179409405033
10.8870573181695,0.184532906532965
10.9160937210409,0.175974818536488
10.945125084904,0.167502716768212
10.9741513978636,0.159113851838782
11.0031726480377,0.150805174454234
11.0321888235579,0.142573357001737
11.0611999125695,0.134414815780374
11.0902059032309,0.126325733774067
11.1192067837144,0.118302083865032
11.1482025422057,0.110339652388205
11.1771931669042,0.102434062927912
11.2061786460226,0.0945808002614825
11.2351589677875,0.0867752343554997
11.2641341204392,0.0790126443240098
11.2931040922314,0.0712882422593992
11.3220688714316,0.0635971968501252
11.3510284463211,0.0559346567014529
11.3799828051947,0.0482957732782694
11.4089319363612,0.0406757233916437
11.4378758281428,0.0330697311527643
11.4668144688758,0.0254730893214941
11.4957478469102,0.0178811799779339
11.5246759506097,0.0102894944492959
11.5535987683519,0.00269365242554898
11.5825162885284,-0.00491057979905918
11.6114284995444,-0.0125272720194829
11.6403353898192,-0.0201603138065565
11.6692369477858,-0.0278133992417366
11.6981331618913,-0.0354900127526037
11.7270240205967,-0.0431934160978926
11.7559095123768,-0.0509266365479988
11.7847896257207,-0.058692456303163
11.8136643491311,-0.066493403187792
11.842533671125,-0.0743317426550334
11.8713975802333,-0.0822094711320602
11.900256065001,-0.0901283107307904
11.9291091139871,-0.0980897053453873
11.9579567157647,-0.10609481815105
11.9867988589211,-0.114144530514679
12.0156355320575,-0.122239442321515
12.0444667237893,-0.130379873715995
12.0732924227462,-0.138565868249785
12.102112617572,-0.146797197422799
12.1309272969245,-0.155073366597406
12.1597364494758,-0.163393622259548
12.1885400639123,-0.171756960593868
12.2173381289346,-0.180162137333966
12.2461306332574,-0.188607678842359
12.2749175656099,-0.197091894368484
12.3036989147352,-0.205612889427584
12.3324746693911,-0.214168580236489
12.3612448183495,-0.222756709138068
12.3900093503966,-0.231374860939198
12.4187682543331,-0.240020480083629
12.4475215189737,-0.248690888575211
12.4762691331479,-0.257383304563319
12.5050110856993,-0.266094861497919
12.533747365486,-0.274822627758383
12.5624779613804,-0.283563626656772
12.5912028622695,-0.292314856713688
12.6199220570547,-0.301073312102289
12.6486355346517,-0.309836003153961
12.6773432839908,-0.318599976818177
12.7060452940168,-0.327362336967099
12.734741553689,-0.33612026443555
12.763432051981,-0.344871036686087
12.7921167778812,-0.353612046989554
12.8207957203924,-0.362340823011664
12.8494688685321,-0.371055044697272
12.878136211332,-0.379752561345427
12.9067977378389,-0.388431407770184
12.9354534371138,-0.397089819444346
12.9641032982325,-0.405726246526314
12.9927473102852,-0.414339366673062
13.021385462377,-0.42292809654684
13.0500177436275,-0.431491601926609
13.0786441431711,-0.44002930634089
13.1072646501566,-0.448540898143833
13.1358792537477,-0.457026335962468
13.1644879431227,-0.465485852450101
13.1930907074748,-0.473919956287986
13.2216875360117,-0.482329432385669
13.2502784179558,-0.490715340239433
13.2788633425445,-0.499079010417404
13.3074422990298,-0.507422039150669
13.3360152766784,-0.515746281020142
13.364582264772,-0.524053839741413
13.3931432526069,-0.532347057061003
13.4216982294942,-0.540628499791495
13.4502471847599,-0.548900945025707
13.4787901077449,-0.557167363584441
13.5073269878048,-0.565430901766177
13.5358578143101,-0.573694861482764
13.5643825766462,-0.581962678878568
13.5929012642133,-0.590237901546402
13.6214138664266,-0.598524164468444
13.649920372716,-0.606825164823746
13.6784207725266,-0.615144635819775
13.7069150553181,-0.623486319717514
13.7354032105653,-0.63185394023327
13.7638852277579,-0.640251174512471
13.7923610964005,-0.648681624880723
13.8208308060129,-0.657148790588067
13.8492943461296,-0.665656039769488
13.8777517063,-0.674206581851962
13.9062028760889,-0.682803440642829
13.9346478450757,-0.691449428336838
13.9630866028549,-0.700147120680569
13.9915191390362,-0.708898833530938
14.0199454432442,-0.717706601041201
14.0483655051184,-0.726572155701845
14.0767793143136,-0.735496910455353
14.1051868604995,-0.744481943093021
14.1335881333608,-0.753527983129089
14.1619831225975,-0.762635401331906
14.1903718179246,-0.771804202073596
14.2187542090719,-0.781034018640923
14.2471302857847,-0.790324111626518
14.2755000378233,-0.799673370497032
14.3038634549629,-0.809080318408036
14.3322205269941,-0.818543120309386
14.3605712437225,-0.828059594355025
14.3889155949688,-0.837627226602734
14.417253570569,-0.847243188958274
14.4455851603742,-0.856904360288141
14.4739103542504,-0.866607350593341
14.5022291420793,-0.876348528106732
14.5305415137572,-0.886124049145195
14.5588474591961,-0.895929890518616
14.5871469683228,-0.905761884269097
14.6154400310796,-0.915615754486595
14.6437266374237,-0.925487155921658
14.6720067773279,-0.935371714092909
14.7002804407799,-0.945265066565071
14.7285476177828,-0.955162905055815
14.7568082983548,-0.965061018013046
14.7850624725295,-0.974955333292328
14.8133101303557,-0.98484196055405
14.8415512618974,-0.994717232994574
14.8697858572339,-1.00457774802238
14.8980139064598,-1.01442040649195
14.926235399685,-1.02424245011234
14.9544503270346,-1.03404149665622
14.9826586786489,-1.04381557260727
15.0108604446838,-1.05356314289935
15.0390556153103,-1.06328313742036
15.0672441807146,-1.0729749739765
15.0954261310985,-1.08263857743866
15.1236014566789,-1.09227439482127
15.1517701476881,-1.10188340607668
15.1799321943737,-1.11146713042163
15.2080875869987,-1.12102762805009
15.2362363158412,-1.13056749712452
15.2643783711951,-1.14008986597879
15.2925137433692,-1.1495983805071
15.320642422688,-1.15909718675586
15.3487643994911,-1.16859090877887
15.3768796641335,-1.17808462185864
15.4049882069858,-1.18758382124045
15.4330900184338,-1.19709438656686
15.4611850888785,-1.20662254224266
15.4892734087367,-1.21617481399871
15.5173549684402,-1.22575798196164
15.5454297584365,-1.23537903057148
15.5734977691882,-1.24504509572202
15.6015589911736,-1.25476340952918
15.6296134148861,-1.26454124315839
15.6576610308347,-1.27438584816609
15.6857018295439,-1.28430439682874
15.7137358015533,-1.29430392194911
15.7417629374182,-1.30439125663948
15.7697832277093,-1.31457297458945
15.7977966630125,-1.32485533132697
15.8258032339294,-1.33524420698029
15.8538029310769,-1.34574505104054
15.8817957450873,-1.35636282961443
15.9097816666084,-1.36710197564013
15.9377606863034,-1.37796634251946
15.965732794851,-1.38895916159551
15.9936979829453,-1.40008300387602
16.0216562412959,-1.41133974637145
16.0496075606278,-1.42273054338048
16.0775519316814,-1.43425580301734
16.1054893452128,-1.44591516923356
16.1334197919932,-1.45770750954286
16.1613432628096,-1.46963090861124
16.1892597484641,-1.48168266782703
16.2171692397747,-1.49385931091619
16.2450717275746,-1.50615659561824
16.2729672027124,-1.51856953138805
16.3008556560523,-1.53109240303884
16.3287370784741,-1.54371880019144
16.3566114608727,-1.55644165234754
16.3844787941589,-1.56925326935662
16.4123390692586,-1.58214538700179
16.4401922771135,-1.59510921738729
16.4680384086806,-1.60813550376967
16.4958774549324,-1.62121457943874
16.5237094068568,-1.63433643022063
16.5515342554575,-1.64749076014535
16.5793519917532,-1.66066705979641
16.6071626067786,-1.67385467683796
16.6349660915834,-1.68704288819814
16.6627624372331,-1.70022097337478
16.6905516348086,-1.71337828832239
16.7183336754064,-1.72650433937469
16.7461085501382,-1.73958885666001
16.7738762501314,-1.75262186647178
16.8016367665289,-1.76559376206728
16.8293900904889,-1.77849537238234
16.8571362131854,-1.7913180281691
16.8848751258076,-1.80405362508618
16.9126068195603,-1.81669468329777
16.9403312856638,-1.82923440316729
16.9680485153538,-1.84166671666503
16.9957584998817,-1.8539863341439
17.023461230514,-1.86618878617591
17.0511566985331,-1.87827046018143
17.0788448952367,-1.89022863162457
17.1065258119379,-1.90206148959105
17.1341994399654,-1.91376815660688
17.1618657706633,-1.92534870260089
17.1895247953913,-1.93680415295648
17.2171765055246,-1.94813649064145
17.2448208924535,-1.95934865244637
17.2724579475843,-1.97044451940313
17.3000876623385,-1.9814289014943
17.3277100281531,-1.99230751680156
17.3553250364805,-2.00308696527709
17.3829326787887,-2.01377469735442
17.4105329465612,-2.02437897764632
17.4381258312969,-2.03490884400478
17.46571132451,-2.04537406224355
17.4932894177305,-2.05578507684537
17.5208601025035,-2.06615295799563
17.5484233703899,-2.07648934529986
17.5759792129659,-2.08680638855559
17.6035276218231,-2.09711668595925
17.6310685885685,-2.10743322013576
17.6586021048249,-2.11776929238233
17.6861281622301,-2.1281384555202
17.7136467524377,-2.13855444574557
17.7411578671166,-2.14903111386863
17.768661497951,-2.15958235632232
17.7961576366408,-2.170222046315
17.8236462749011,-2.18096396549046
17.8511274044627,-2.1918217364471
17.8786010170715,-2.20280875645422
17.9060671044891,-2.21393813268814
17.9335256584925,-2.22522261929512
17.9609766708739,-2.23667455657004
17.988420133441,-2.24830581252208
18.0158560380172,-2.26012772707955
18.0432843764409,-2.2721510591666
18.0707051405662,-2.28438593686415
18.0981183222624,-2.29684181084863
18.1255239134143,-2.30952741127989
18.1529219059221,-2.32245070829099
18.1803122917014,-2.33561887621154
18.2076950626831,-2.34903826163624
18.2350702108136,-2.3627143554302
18.2624377280546,-2.37665176874367
18.2897976063831,-2.39085421308863
18.3171498377918,-2.40532448451135
18.3444944142883,-2.42006445187636
18.371831327896,-2.43507504925896
18.3991605706532,-2.45035627242611
18.4264821346141,-2.46590717936797
18.4537960118477,-2.48172589482596
18.4811021944388,-2.49780961874667
18.5084006744872,-2.51415463857556
18.5356914441082,-2.53075634528891
18.5629744954325,-2.54760925304799
18.5902498206059,-2.56470702234533
18.6175174117898,-2.58204248649913
18.6447772611606,-2.59960768133959
18.6720293609102,-2.61739387791783
18.6992737032459,-2.63539161805731
18.7265102803901,-2.653590752556
18.7537390845805,-2.67198048183819
18.7809601080703,-2.69054939884495
18.8081733431277,-2.70928553394407
18.8353787820365,-2.72817640163288
18.8625764170954,-2.74720904880061
18.8897662406186,-2.76637010431151
18.9169482449356,-2.7856458296658
18.944122422391,-2.80502217049174
18.9712887653447,-2.82448480862035
18.9984472661719,-2.84401921449366
19.0255979172631,-2.86361069965693
19.0527407110237,-2.88324446908821
19.0798756398748,-2.90290567312049
19.1070026962523,-2.92257945871661
19.1341218726075,-2.94225101986308
19.1612331614069,-2.96190564685512
19.1883365551322,-2.98152877425444
19.2154320462804,-3.0011060273105
19.2425196273633,-3.02062326664662
19.2695992909084,-3.04006663102524
19.296671029458,-3.05942257801831
19.3237348355696,-3.07867792242487
19.3507907018161,-3.09781987229101
19.3778386207853,-3.11683606240496
19.4048785850802,-3.13571458515615
19.4319105873191,-3.15444401866402
19.4589346201352,-3.17301345210107
19.485950676177,-3.19141250815193
19.5129587481079,-3.2096313625689
19.5399588286068,-3.22766076080354
19.5669509103672,-3.24549203171075
19.5939349860981,-3.26311709834154
19.6209110485235,-3.28052848585757
19.6478790903822,-3.29771932661809
19.6748391044285,-3.31468336250663
19.7017910834314,-3.33141494458101
19.7287350201753,-3.34790903014471
19.7556709074592,-3.3641611773525
19.7825987380976,-3.38016753747584
19.8095185049197,-3.39592484496553
19.8364302007699,-3.41143040545981
19.8633338185077,-3.42668208189538
19.8902293510073,-3.4416782788871
19.9171167911582,-3.45641792554835
19.9439961318646,-3.4709004569293
19.9708673660461,-3.48512579425463
19.9977304866369,-3.49909432414391
