-20,-3.11739866958264
-19.9727873030917,-3.10470110559659
-19.9455654293096,-3.09180414585434
-19.9183343988171,-3.07870791557973
-19.8910942317435,-3.06541276103157
-19.8638449481841,-3.05191927052718
-19.8365865682003,-3.03822829601304
-19.8093191118198,-3.02434097493832
-19.7820425990364,-3.01025875218195
-19.7547570498102,-2.99598340178143
-19.7274624840678,-2.98151704821073
-19.7001589217024,-2.9668621869567
-19.6728463825735,-2.95202170414669
-19.6455248865075,-2.93699889498667
-19.6181944532974,-2.92179748077616
-19.5908551027031,-2.90642162427678
-19.5635068544513,-2.89087594322191
-19.5361497282357,-2.87516552176858
-19.5087837437171,-2.85929591970694
-19.4814089205234,-2.84327317925883
-19.4540252782497,-2.82710382931374
-19.4266328364583,-2.81079488696934
-19.3992316146791,-2.79435385626239
-19.3718216324092,-2.77778872399638
-19.3444029091133,-2.7611079525928
-19.3169754642238,-2.74432046991451
-19.2895393171407,-2.72743565603122
-19.2620944872318,-2.71046332691962
-19.2346409938326,-2.69341371511258
-19.2071788562467,-2.67629744733457
-19.1797080937455,-2.65912551918245
-19.1522287255688,-2.6419092669332
-19.1247407709241,-2.62466033658149
-19.0972442489874,-2.60739065023172
-19.0697391789031,-2.59011236998967
-19.0422255797838,-2.57283785951894
-19.0147034707104,-2.55557964344654
-18.9871728707328,-2.53835036482028
-18.9596337988691,-2.5211627408377
-18.9320862741062,-2.50402951708222
-18.9045303153999,-2.48696342051676
-18.8769659416747,-2.46997711149835
-18.8493931718241,-2.45308313508864
-18.8218120247105,-2.4362938719453
-18.7942225191654,-2.4196214890873
-18.7666246739896,-2.40307789083342
-18.7390185079529,-2.38667467021745
-18.7114040397945,-2.37042306118583
-18.6837812882231,-2.35433389188359
-18.6561502719165,-2.33841753933229
-18.6285110095225,-2.32268388579923
-18.6008635196581,-2.30714227715095
-18.5732078209102,-2.29180148347462
-18.5455439318354,-2.27666966224044
-18.5178718709601,-2.2617543242642
-18.4901916567805,-2.24706230271409
-18.4625033077631,-2.23259972538767
-18.4348068423442,-2.21837199046568
-18.4071022789302,-2.20438374592714
-18.3793896358978,-2.19063887278714
-18.3516689315941,-2.17714047229313
-18.3239401843362,-2.16389085718904
-18.2962034124119,-2.1508915471285
-18.2684586340796,-2.13814326828908
-18.2407058675679,-2.12564595720963
-18.2129451310763,-2.11339876884184
-18.1851764427751,-2.10140008877606
-18.1573998208051,-2.08964754956992
-18.1296152832782,-2.07813805107725
-18.1018228482773,-2.06686778464364
-18.074022533856,-2.05583226100475
-18.0462143580393,-2.0450263416944
-18.0183983388233,-2.03444427374084
-17.9905744941751,-2.02407972740345
-17.9627428420335,-2.0139258366768
-17.9349034003082,-2.00397524226614
-17.9070561868808,-1.99422013671794
-17.8792012196043,-1.98465231137044
-17.851338516303,-1.97526320477403
-17.8234680947733,-1.96604395221831
-17.795589972783,-1.95698543599313
-17.767704168072,-1.94807833600451
-17.7398106983519,-1.93931318036293
-17.7119095813062,-1.93068039556195
-17.6840008345907,-1.92217035586831
-17.6560844758329,-1.91377343155211
-17.6281605226329,-1.90548003559573
-17.6002289925627,-1.89728066853422
-17.5722899031668,-1.8891659610968
-17.5443432719621,-1.8811267143393
-17.5163891164378,-1.87315393698086
-17.4884274540557,-1.86523887968397
-17.4604583022503,-1.85737306604564
-17.4324816784285,-1.84954832009854
-17.4044975999704,-1.84175679015394
-17.3765060842283,-1.83399096885282
-17.348507148528,-1.82624370932811
-17.3205008101677,-1.8185082374178
-17.2924870864191,-1.81077815990697
-17.2644659945265,-1.80304746881469
-17.2364375517078,-1.79531054178008
-17.2084017751538,-1.78756213863945
-17.1803586820289,-1.7797973943231
-17.1523082894706,-1.77201180823608
-17.1242506145899,-1.7642012303207
-17.0961856744714,-1.75636184403092
-17.0681134861731,-1.74849014647759
-17.040034066727,-1.74058292603073
-17.0119474331383,-1.73263723768846
-16.9838536023864,-1.72465037654273
-16.9557525914243,-1.71661984968887
-16.9276444171791,-1.70854334693924
-16.8995290965518,-1.70041871071041
-16.8714066464173,-1.69224390545874
-16.8432770836249,-1.6840169870405
-16.8151404249979,-1.67573607236969
-16.786996687334,-1.66739930973992
-16.758845887405,-1.65900485016594
-16.7306880419573,-1.65055082008548
-16.7025231677117,-1.64203529574369
-16.6743512813636,-1.63345627956071
-16.6461723995827,-1.62481167875763
-16.6179865390138,-1.61609928648791
-16.589793716276,-1.60731676569113
-16.5615939479636,-1.59846163585239
-16.5333872506453,-1.58953126281656
-16.5051736408653,-1.58052285176992
-16.4769531351422,-1.57143344346481
-16.4487257499702,-1.56225991372503
-16.4204915018181,-1.55299897623183
-16.3922504071304,-1.54364718855279
-16.3640024823266,-1.5342009613391
-16.3357477438014,-1.52465657058107
-16.3074862079252,-1.51501017277758
-16.2792178910437,-1.50525782284345
-16.250942809478,-1.49539549454858
-16.222660979525,-1.48541910325601
-16.1943724174573,-1.47532453070184
-16.1660771395229,-1.46510765153911
-16.1377751619459,-1.45476436135037
-16.1094665009261,-1.44429060581977
-16.0811511726392,-1.43368241074537
-16.052829193237,-1.42293591256607
-16.0245005788472,-1.41204738907491
-15.9961653455738,-1.40101328999181
-15.9678235094968,-1.38983026707351
-15.9394750866724,-1.37849520344714
-15.9111200931333,-1.36700524186552
-15.8827585448885,-1.35535781159765
-15.8543904579233,-1.34355065368537
-15.8260158481997,-1.33158184431851
-15.797634731656,-1.31944981610355
-15.7692471242074,-1.30715337702608
-15.7408530417457,-1.29469172693434
-15.7124525001392,-1.28206447139944
-15.6840455152335,-1.26927163283705
-15.6556321028505,-1.2563136588052
-15.6272122787896,-1.24319142742346
-15.5987860588269,-1.22990624988831
-15.5703534587154,-1.21645987008978
-15.5419144941857,-1.20285446136282
-15.5134691809452,-1.18909262043538
-15.4850175346787,-1.17517735866094
-15.4565595710483,-1.16111209064879
-15.4280953056934,-1.14690062042786
-15.3996247542311,-1.13254712530125
-15.3711479322557,-1.11805613756701
-15.3426648553392,-1.10343252429741
-15.3141755390312,-1.08868146538268
-15.2856799988591,-1.07380843005639
-15.2571782503278,-1.05881915212914
-15.2286703089203,-1.04371960416251
-15.2001561900973,-1.02851597081987
-15.1716359092975,-1.01321462163133
-15.1431094819375,-0.997822083409222
-15.1145769234121,-0.982345012547071
-15.0860382490941,-0.966790167429384
-15.0574934743346,-0.951164381172212
-15.0289426144628,-0.935474534904952
-15.0003856847864,-0.919727531792805
-14.9718227005911,-0.903930271987051
-14.9432536771415,-0.888089628676163
-14.9146786296804,-0.872212425396405
-14.8860975734291,-0.856305414744398
-14.8575105235876,-0.840375258618007
-14.8289174953345,-0.824428510094897
-14.8003185038274,-0.808471597040619
-14.7717135642023,-0.792510807521055
-14.7431026915742,-0.776552277076167
-14.714485901037,-0.760601977894957
-14.6858632076637,-0.744665709914401
-14.657234626506,-0.728749093848378
-14.6286001725951,-0.712857566136627
-14.5999598609409,-0.696996375787979
-14.5713137065329,-0.681170583077368
-14.5426617243396,-0.665385060041825
-14.5140039293089,-0.649644492707395
-14.485340336368,-0.633953384966304
-14.4566709604237,-0.618316064012166
-14.4279958163623,-0.602736687230227
-14.3993149190493,-0.587219250429918
-14.3706282833303,-0.571767597298258
-14.3419359240302,-0.556385429944843
-14.3132378559539,-0.541076320402265
-14.2845340938858,-0.525843722940362
-14.2558246525904,-0.510690987047646
-14.2271095468119,-0.495621370929946
-14.1983887912747,-0.480638055373564
-14.169662400683,-0.465744157818872
-14.1409303897212,-0.45094274648994
-14.1121927730537,-0.436236854426578
-14.0834495653253,-0.421629493267144
-14.0547007811608,-0.407123666633591
-14.0259464351654,-0.392722382974561
-13.9971865419249,-0.37842866772775
-13.9684211160051,-0.364245574669592
-13.9396501719526,-0.35017619632815
-13.9108737242943,-0.33622367334408
-13.882091787538,-0.322391202674954
-13.8533043761718,-0.308682044549474
-13.8245115046647,-0.295099528090539
-13.7957131874665,-0.281647055539707
-13.7669094390075,-0.268328105029898
-13.7381002736994,-0.255146231868473
-13.7092857059343,-0.24210506830887
-13.6804657500855,-0.229208321805469
-13.6516404205076,-0.216459771763564
-13.6228097315358,-0.203863264813485
-13.5939736974868,-0.191422708655573
-13.5651323326584,-0.179142064539892
-13.5362856513297,-0.167025338461787
-13.507433667761,-0.15507657117092
-13.4785763961941,-0.143299827107107
-13.4497138508522,-0.131699182391305
-13.4208460459399,-0.120278712013601
-13.3919729956435,-0.109042476372181
-13.3630947141308,-0.0979945073278579
-13.3342112155511,-0.0871387939471866
-13.3053225140358,-0.0764792681138005
-13.2764286236975,-0.0660197901917066
-13.2475295586312,-0.0557641349260756
-13.2186253329133,-0.0457159777661964
-13.1897159606024,-0.035878881791799
-13.160801455739,-0.0262562854176132
-13.1318818323455,-0.0168514910419901
-13.1029571044266,-0.00766765479362874
-13.0740272859689,0.00129222248420646
-13.0450923909415,0.0100253028895843
-13.0161524332955,0.018528917655491
-12.9872074269643,0.026800571800333
-12.9582573858637,0.0348379471787297
-12.929302323892,0.0426389039019064
-12.9003422549299,0.0502014801240982
-12.8713771928406,0.0575238902199224
-12.8424071514697,0.0646045214067961
-12.8134321446458,0.0714419288960286
-12.7844521861797,0.0780348296854712
-12.7554672898654,0.0843820951355987
-12.7264774694794,0.0904827424985797
-12.697482738781,0.0963359255961151
-12.6684831115126,0.10194092486638
-12.6394786013992,0.107297137022009
-12.6104692221492,0.112404064580357
-12.5814549874537,0.117261305542847
-12.552435910987,0.121868543512452
-12.5234120064067,0.126225538546397
-12.4943832873534,0.130332119045093
-12.4653497674509,0.134188174977549
-12.4363114603066,0.137793652738178
-12.407268379511,0.141148551919784
-12.3782205386381,0.144252924272326
-12.3491679512452,0.147106875097364
-12.3201106308734,0.14971056730327
-12.2910485910471,0.152064228317244
-12.2619818452744,0.154168160016638
-12.2329104070471,0.1560227518044
-12.2038342898407,0.157628496912533
-12.1747535071145,0.158986011972814
-12.1456680723114,0.160096059847248
-12.1165779988585,0.160959575661398
-12.0874833001666,0.161577695933115
-12.0583839896304,0.16195179063774
-12.0292800806289,0.162083497999095
-12.0001715865249,0.161974761744396
-11.9710585206655,0.161627870511353
-11.9419408963819,0.161045499047816
-11.9128187269895,0.160230750798846
-11.8836920257879,0.159187201434403
-11.8545608060612,0.15791894283279
-11.8254250810778,0.156430627001829
-11.7962848640905,0.154727509391705
-11.7671401683365,0.152815491031173
-11.7379910070377,0.150701158902766
-11.7088373934004,0.148391823963205
-11.6796793406156,0.145895556212668
-11.650516861859,0.143221216221029
-11.6213499702909,0.140378482531105
-11.5921786790566,0.137377874377972
-11.563003001286,0.134230769189717
-11.5338229500939,0.130949414368452
-11.5046385385801,0.127546932890503
-11.4754497798293,0.1240373223117
-11.4462566869112,0.120435446816302
-11.4170592728807,0.116757022006585
-11.3878575507777,0.11301859219374
-11.3586515336273,0.109237500018278
-11.3294412344397,0.105431848299908
-11.3002266662105,0.101620454090977
-11.2710078419205,0.0978227949843102
-11.2417847745361,0.0940589478038163
-11.2125574770087,0.0903495198845192
-11.1833259622755,0.0867155732262894
-11.1540902432591,0.0831785418819813
-11.1248503328676,0.0797601430147203
-11.0956062439947,0.0764822821302822
-11.0663579895197,0.0733669530578105
-11.0371055823079,0.0704361333146899
-11.0078490352098,0.0677116755487468
-10.9785883610622,0.0652151958024625
-10.9493235726875,0.0629679593883772
-10.920054682894,0.0609907652028774
-10.8907817044759,0.0593038293355228
-10.8615046502135,0.0579266688535007
-10.8322235328731,0.0568779866548574
-10.8029383652069,0.0561755582901817
-10.7736491599534,0.0558361216497048
-10.7443559298373,0.055875270402062
-10.7150586875694,0.0563073520515971
-10.6857574458467,0.0571453714539238
-10.6564522173527,0.0584009005944175
-10.6271430147571,0.0600839953915084
-10.5978298507162,0.0622031202373066
-10.5685127378725,0.0647650809318812
-10.5391916888551,0.0677749666052172
-10.5098667162798,0.0712361011537723
-10.4805378327487,0.0751500046459945
-10.4512050508507,0.0795163650753814
-10.4218683831615,0.0843330207599706
-10.3925278422432,0.0895959536055848
-10.363183440645,0.0952992933662919
-10.3338351909027,0.101435332951247
-10.3044831055392,0.107994554742426
-10.275127197064,0.114965667803531
-10.2457674779738,0.12233565577807
-10.2164039607523,0.130089835193658
-10.18703665787,0.138211923812261
-10.1576655817849,0.146684118591434
-10.1282907449417,0.155487182751632
-10.0989121597727,0.164600541379016
-10.0695298386971,0.174002384932582
-10.0401437941215,0.183669779969772
-10.01075403844,0.193578786355655
-9.98136058403369,0.203704580178275
-9.95196344327143,0.214021581556718
-9.92256262850935,0.224503586499228
-9.89315815209114,0.235123901946373
-9.86375002634802,0.245855483119033
-9.83433826359882,0.256671072282479
-9.80492287614999,0.267543338036667
-9.77550387629567,0.278445014248099
-9.74608127631772,0.289349037751023
-9.7166550884858,0.30022868396404
-9.68722532505736,0.311057699593185
-9.6577919982777,0.321810431623003
-9.62835512038007,0.332461951833462
-9.59891470358562,0.34298817612148
-9.56947076010352,0.353365977952034
-9.54002330213097,0.363573295313628
-9.51057234185327,0.373589230606925
-9.48111789144383,0.383394142952053
-9.45165996306422,0.392969732460113
-9.42219856886425,0.402299116075859
-9.39273372098196,0.411366894662233
-9.36326543154373,0.420159211061726
-9.33379371266423,0.428663798934618
-9.30431857644659,0.43687002223918
-9.2748400349823,0.444768905283293
-9.24535810035138,0.452353153340542
-9.21587278462235,0.459617163885749
-9.18638409985229,0.466557028564942
-9.15689205808688,0.473170526072426
-9.12739667136047,0.479457106162485
-9.09789795169609,0.485417865075082
-9.06839591110552,0.491055512703102
-9.0388905615893,0.49637433187338
-9.0093819151368,0.501380130154171
-8.97986998372626,0.506080184638368
-8.95035477932482,0.510483180183471
-8.92083631388858,0.514599141617143
-8.89131459936263,0.518439360440127
-8.86178964768109,0.522016316576639
-8.83226147076717,0.525343595736434
-8.80273008053318,0.528435802961855
-8.77319548888064,0.531308472938345
-8.74365770770023,0.533977977647382
-8.71411674887189,0.536461431937429
-8.68457262426487,0.53877659758103
-8.65502534573774,0.540941786375122
-8.62547492513844,0.542975762827076
-8.59592137430435,0.54489764695132
-8.56636470506228,0.546726817680838
-8.53680492922856,0.548482817374726
-8.50724205860908,0.550185257877718
-8.47767610499928,0.551853728560385
-8.44810708018426,0.553507706739989
-8.41853499593876,0.555166470852054
-8.38895986402726,0.556849016711801
-8.35938169620398,0.558573977173403
-8.32980050421294,0.560359545463228
-8.30021629978798,0.562223402431744
-8.27062909465284,0.564182647937489
-8.24103890052118,0.566253736545864
-8.21144572909659,0.568452417695507
-8.18184959207269,0.57079368045628
-8.15225050113314,0.573291702974934
-8.12264846795169,0.575959806678338
-8.09304350419219,0.57881041527892
-8.06343562150869,0.581855018603505
-8.03382483154542,0.585104141244852
-8.00421114593687,0.588567316014554
-7.97459457630783,0.592253062157212
-7.94497513427341,0.596168868268567
-7.91535283143911,0.60032117984403
-7.8857276794008,0.604715391370036
-7.85609968974484,0.60935584285702
-7.82646887404808,0.614245820701182
-7.79683524387789,0.619387562751093
-7.76719881079223,0.624782267445337
-7.73755958633966,0.630430106878219
-7.70791758205943,0.636330243642256
-7.67827280948144,0.642480851288234
-7.64862528012635,0.64887913823631
-7.61897500550561,0.655521374964735
-7.58932199712147,0.662402924295872
-7.55966626646703,0.66951827459296
-7.5300078250263,0.676861075674495
-7.50034668427425,0.684424177247021
-7.47068285567679,0.692199669650961
-7.44101635069086,0.70017892670819
-7.41134718076446,0.708352650454096
-7.38167535733671,0.716710917531437
-7.35200089183782,0.725243227017707
-7.32232379568922,0.733938549453057
-7.29264408030354,0.742785376830991
-7.26296175708467,0.751771773310519
-7.23327683742778,0.760885426405068
-7.20358933271942,0.770113698401349
-7.17389925433746,0.779443677760195
-7.14420661365123,0.788862230251329
-7.11451142202149,0.798356049575396
-7.0848136908005,0.807911707229419
-7.05511343133206,0.817515701376259
-7.02541065495152,0.827154504484767
-6.99570537298588,0.83681460951529
-6.96599759675376,0.846482574434937
-6.93628733756548,0.856145064858797
-6.90657460672309,0.865788894626867
-6.87685941552041,0.875401064142075
-6.84714177524307,0.884968796312059
-6.81742169716853,0.894479569956552
-6.78769919256615,0.903921150563153
-6.75797427269722,0.913281618296281
-6.72824694881498,0.922549393187939
-6.69851723216467,0.931713257463475
-6.66878513398359,0.940762374981023
-6.63905066550109,0.94968630778946
-6.60931383793867,0.958475029835931
-6.57957466250997,0.967118937880493
-6.54983315042081,0.975608859701143
-6.52008931286926,0.983936059697939
-6.49034316104568,0.99209224202901
-6.46059470613271,1.00006955143411
-6.43084395930535,1.0078605719226
-6.40109093173099,1.01545832352172
-6.37133563456944,1.02285625729808
-6.34157807897299,1.03004824887936
-6.31181827608641,1.03702859071485
-6.28205623704701,1.04379198332185
-6.25229197298471,1.05033352577035
-6.22252549502199,1.0566487056602
-6.19275681427405,1.06273338884403
-6.16298594184873,1.06858380914399
-6.13321288884664,1.07419655830241
-6.10343766636112,1.07956857639523
-6.07366028547833,1.08469714292198
-6.0438807572773,1.08957986876872
-6.01409909282991,1.09421468921968
-5.98431530320096,1.09859985817024
-5.95452939944822,1.10273394366848
-5.92474139262247,1.10661582488541
-5.89495129376748,1.11024469058455
-5.86515911392014,1.11362003913209
-5.83536486411039,1.11674168005738
-5.80556855536136,1.11960973714247
-5.77577019868937,1.12222465298822
-5.7459698051039,1.12458719497376
-5.71616738560776,1.12669846249632
-5.68636295119699,1.12855989535013
-5.65655651286102,1.13017328307653
-5.6267480815826,1.13154077509287
-5.59693766833793,1.132664891386
-5.56712528409661,1.13354853353717
-5.53731093982176,1.13419499582901
-5.50749464646998,1.13460797617314
-5.47767641499147,1.13479158658753
-5.44785625632998,1.13475036294804
-5.41803418142292,1.13448927373698
-5.38821020120134,1.13401372751392
-5.35838432659002,1.1333295788409
-5.32855656850745,1.13244313240393
-5.29872693786592,1.13136114508697
-5.26889544557153,1.1300908257722
-5.23906210252422,1.12863983266109
-5.20922691961783,1.12701626793503
-5.1793899077401,1.12522866960115
-5.14955107777277,1.12328600039828
-5.11971044059154,1.12119763366961
-5.08986800706617,1.11897333614184
-5.06002378806046,1.11662324758545
-5.03017779443236,1.11415785736584
-5.00033003703393,1.11158797793176
-4.97048052671142,1.10892471532297
-4.94062927430528,1.10617943681507
-4.91077629065025,1.10336373585419
-4.88092158657533,1.10048939446778
-4.85106517290386,1.09756834336964
-4.82120706045352,1.09461262000717
-4.79134726003642,1.09163432482601
-4.76148578245908,1.08864557605231
-4.7316226385225,1.08565846331361
-4.70175783902218,1.08268500043848
-4.67189139474817,1.07973707778885
-4.64202331648509,1.07682641449033
-4.6121536150122,1.07396451093292
-4.58228230110339,1.07116260191713
-4.55240938552723,1.06843161082011
-4.52253487904702,1.06578210515121
-4.49265879242084,1.06322425385742
-4.46278113640154,1.06076778672666
-4.43290192173681,1.05842195622017
-4.4030211591692,1.05619550204542
-4.37313885943618,1.05409661875752
-4.34325503327014,1.0521329266508
-4.31336969139846,1.050311446173
-4.28348284454351,1.04863857606291
-4.25359450342273,1.04712007537857
-4.22370467874863,1.0457610495477
-4.19381338122883,1.04456594053512
-4.16392062156612,1.04353852118426
-4.13402641045846,1.04268189375146
-4.10413075859904,1.04199849261338
-4.07423367667632,1.04149009108966
-4.04433517537405,1.04115781228557
-4.0144352653713,1.04100214382309
-3.98453395734253,1.04102295629383
-3.95463126195758,1.04121952523456
-3.92472718988172,1.04159055639501
-3.89482175177573,1.04213421403961
-3.86491495829585,1.04284815199934
-3.83500682009392,1.0437295471676
-3.8050973478173,1.04477513511495
-3.775186552109,1.04598124748211
-3.74527444360767,1.04734385079888
-3.71536103294764,1.04885858636823
-3.68544633075897,1.05052081085093
-3.65553034766746,1.05232563718532
-3.62561309429472,1.05426797548041
-3.59569458125816,1.05634257352738
-3.56577481917108,1.05854405658549
-3.53585381864266,1.06086696611241
-3.50593159027799,1.06330579712675
-3.47600814467817,1.06585503391064
-3.44608349244027,1.06850918378408
-3.4161576441574,1.07126280870816
-3.38623061041874,1.07411055450249
-3.35630240180958,1.07704717749182
-3.32637302891135,1.0800675684284
-3.29644250230166,1.08316677356848
-3.26651083255432,1.08634001281504
-3.23657803023939,1.08958269487161
-3.20664410592321,1.09289042938571
-3.17670907016845,1.09625903609285
-3.14677293353409,1.09968455100432
-3.11683570657554,1.10316322971222
-3.08689739984461,1.10669154791467
-3.05695802388955,1.11026619929098
-3.02701758925511,1.11388409088181
-2.99707610648258,1.11754233615163
-2.96713358610978,1.12123824593078
-2.93719003867115,1.12496931745135
-2.90724547469774,1.12873322170492
-2.87729990471725,1.13252778936101
-2.84735333925412,1.13635099549278
-2.81740578882948,1.14020094336051
-2.78745726396124,1.14407584750489
-2.75750777516411,1.14797401639981
-2.72755733294964,1.15189383490933
-2.69760594782625,1.15583374678556
-2.66765363029925,1.15979223743329
-2.6377003908709,1.16376781715417
-2.60774624004044,1.16775900506755
-2.5777911883041,1.17176431388753
-2.54783524615516,1.1757822357169
-2.51787842408399,1.17981122899753
-2.48792073257803,1.18384970673549
-2.45796218212192,1.18789602609666
-2.42800278319743,1.19194847944575
-2.39804254628359,1.19600528687896
-2.36808148185662,1.20006459027772
-2.33811960039008,1.2041244488892
-2.30815691235482,1.20818283641819
-2.27819342821904,1.21223763959496
-2.24822915844833,1.21628665816541
-2.2182641135057,1.22032760623294
-2.18829830385161,1.22435811486682
-2.15833173994401,1.22837573587866
-2.12836443223837,1.23237794665826
-2.09839639118773,1.23636215595159
-2.06842762724269,1.24032571045745
-2.0384581508515,1.24426590211599
-2.00848797246008,1.24817997596045
-1.978517102512,1.25206513840471
-1.94854555144861,1.25591856584216
-1.91857332970896,1.25973741343643
-1.88860044772996,1.26351882399164
-1.8586269159463,1.26725993679854
-1.82865274479056,1.27095789636308
-1.7986779446932,1.27460986093536
-1.76870252608264,1.27821301076975
-1.73872649938523,1.28176455605983
-1.70874987502534,1.28526174450597
-1.67877266342538,1.28870186848709
-1.64879487500581,1.29208227182239
-1.61881652018519,1.2954003561223
-1.58883760938025,1.29865358674103
-1.55885815300584,1.30183949835564
-1.52887816147505,1.30495570020734
-1.49889764519919,1.30799988105127
-1.46891661458786,1.31096981386916
-1.43893508004894,1.31386336040653
-1.40895305198866,1.31667847560135
-1.37897054081164,1.31941321197434
-1.34898755692087,1.32206572405305
-1.31900411071781,1.32463427290124
-1.28902021260241,1.32711723082297
-1.25903587297308,1.3295130863067
-1.22905110222681,1.33182044926884
-1.19906591075916,1.33403805664831
-1.16908030896428,1.33616477839469
-1.13909430723499,1.33819962388165
-1.10910791596278,1.34014174876541
-1.07912114553785,1.34199046229488
-1.04913400634913,1.34374523506632
-1.01914650878437,1.34540570720056
-0.989158663230085,1.34697169690616
-0.95917048007167,1.34844320937646
-0.929181969693388,1.34982044595378
-0.899193142478426,1.35110381347929
-0.869204008808903,1.35229393373307
-0.839214579065936,1.3533916528559
-0.809224863629648,1.35439805063223
-0.779234872879218,1.35531444950322
-0.749244617192905,1.35614242316966
-0.719254106948076,1.35688380463717
-0.689263352521267,1.35754069355074
-0.659272364288188,1.35811546266212
-0.629281152623768,1.35861076327246
-0.599289727902192,1.35902952949364
-0.569298100496925,1.35937498117466
-0.53930628078076,1.35965062534566
-0.509314279125826,1.35986025603939
-0.479322105903656,1.36000795236063
-0.449329771485204,1.36009807468617
-0.419337286240858,1.36013525889247
-0.389344660540519,1.36012440852448
-0.359351904753598,1.3600706848374
-0.329359029249056,1.35997949466297
-0.299366044395459,1.35985647607274
-0.269372960560979,1.35970748183387
-0.23937978811345,1.35953856067529
-0.209386537420398,1.35935593640688
-0.179393218849074,1.35916598495787
-0.149399842766487,1.3589752094255
-0.119406419539431,1.35879021324865
-0.0894129595345301,1.35861767164487
-0.0594194731182605,1.35846430147202
-0.0294259706570032,1.35833682969715
0.000567537482943191,1.35824196067542
0.0305610409353257,1.35818634246035
0.0605545293338911,1.35817653238346
0.0905479923123574,1.35821896215507
0.120541419504393,1.35831990275085
0.150534800543554,1.35848542935722
0.180528125063283,1.35872138665607
0.21052138269686,1.35903335473246
0.240514563077365,1.35942661589014
0.270507655837655,1.35990612265721
0.300500650610319,1.36047646725931
0.330493537027646,1.36114185282879
0.360486304721605,1.36190606660772
0.390478943323793,1.36277245538772
0.420471442465422,1.36374390341279
0.450463791777253,1.36482281295163
0.480455980889602,1.36601108772369
0.510447999432274,1.36731011933881
0.540439837034549,1.368720776884
0.57043148332514,1.37024339976251
0.600422927932155,1.37187779386142
0.630414160483073,1.37362323109257
0.66040517060471,1.37547845232094
0.690395947923169,1.37744167366268
0.720386482063833,1.37951059610263
0.750376762651314,1.38168241835072
0.780366779309421,1.38395385282465
0.810356521661116,1.38632114461733
0.840345979328504,1.38878009327872
0.870335141932792,1.39132607721507
0.900323999094236,1.39395408048399
0.930312540432132,1.39665872174139
0.960300755564772,1.39943428507646
0.990288634109398,1.40227475245407
1.02027616568219,1.40517383747003
1.05026333989824,1.40812502011388
1.08025014637145,1.41112158222657
1.1102365747146,1.41415664333628
1.14022261453925,1.41722319655541
1.1702082554557,1.42031414422437
1.20019348707299,1.4234223329945
1.23017829899886,1.42654058805202
1.26016268083969,1.42966174619801
1.2901466222005,1.43277868751543
1.32013011268489,1.43588436537307
1.35011314189502,1.43897183453815
1.38009569943157,1.44203427719303
1.41007777489371,1.44506502667762
1.44005935787907,1.44805758880712
1.47004043798369,1.45100566064378
1.50002100480202,1.4539031466319
1.53000104792682,1.45674417203645
1.55998055694922,1.45952309365692
1.5899595214586,1.46223450781988
1.6199379310426,1.46487325568435
1.64991577528709,1.46743442592467
1.67989304377611,1.46991335488483
1.70986972609185,1.47230562432576
1.73984581181463,1.47460705691331
1.76982129052284,1.4768137096188
1.7997961517929,1.47892186522541
1.82977038519927,1.48092802215322
1.85974398031439,1.48282888283213
1.88971692670863,1.48462134086557
1.91968921395029,1.48630246723848
1.94966083160552,1.48786949583073
1.97963176923835,1.48931980850175
2.00960201641058,1.49065092001313
2.03957156268182,1.49186046305462
2.0695403976094,1.49294617363388
2.09950851074835,1.49390587708272
2.12947589165141,1.49473747492206
2.15944252986893,1.49543893281449
2.18940841494885,1.49600826981793
2.21937353643673,1.49644354913574
2.24933788387561,1.49674287053872
2.27930144680608,1.49690436461288
2.30926421476617,1.49692618896337
2.33922617729134,1.49680652648072
2.36918732391447,1.49654358574978
2.39914764416579,1.49613560365573
2.42910712757288,1.49558085021489
2.45906576366059,1.49487763563127
2.48902354195106,1.49402431955306
2.51898045196363,1.49301932247701
2.54893648321486,1.49186113922316
2.57889162521845,1.49054835437709
2.60884586748523,1.48907965957357
2.63879919952313,1.48745387247266
2.66875161083712,1.48566995725836
2.69870309092922,1.48372704647042
2.7286536292984,1.48162446396228
2.75860321544062,1.47936174876213
2.78855183884872,1.47693867960039
2.81849948901247,1.47435529985514
2.84844615541844,1.47161194265725
2.87839182755006,1.4687092558898
2.9083364948875,1.46564822681099
2.93828014690771,1.46243020602683
2.96822277308434,1.4590569305395
2.99816436288771,1.45553054559851
3.02810490578479,1.45185362508587
3.05804439123915,1.44802919017252
3.08798280871094,1.44406072599124
3.11792014765685,1.43995219608203
3.14785639753006,1.43570805437777
3.17779154778025,1.43133325451265
3.20772558785348,1.4268332562521
3.23765850719227,1.42221402886058
3.26759029523547,1.41748205124387
3.29752094141827,1.41264430872313
3.32745043517214,1.40770828632142
3.35737876592482,1.40268195846695
3.3873059231003,1.39757377504289
3.41723189611872,1.39239264373979
3.44715667439641,1.38714790869427
3.47708024734578,1.38184932542505
3.50700260437538,1.37650703210655
3.53692373488976,1.37113151724895
3.56684362828952,1.36573358388286
3.59676227397122,1.36032431037579
3.62667966132738,1.35491500803687
3.65659577974642,1.34951717569423
3.68651061861264,1.34414245145812
3.71642416730619,1.33880256190894
3.74633641520301,1.3335092689761
3.77624735167482,1.32827431479763
3.80615696608906,1.3231093648736
3.8360652478089,1.31802594984804
3.86597218619314,1.3130354062725
3.89587777059624,1.30814881672219
3.92578199036824,1.30337694964967
3.95568483485473,1.29873019937317
3.98558629339684,1.29421852660595
4.01548635533117,1.28985139993902
4.0453850099898,1.2856377386928
4.0752822467002,1.28158585755323
4.10517805478524,1.27770341340441
4.13507242356312,1.273997354763
4.16496534234737,1.2704738742096
4.19485680044679,1.26713836419873
4.22474678716541,1.26399537661204
4.25463529180247,1.2610485863994
4.28452230365239,1.25830075962885
4.31440781200471,1.25575372624013
4.34429180614407,1.25340835776698
4.37417427535016,1.25126455026158
4.40405520889772,1.24932121261969
4.43393459605647,1.24757626046847
4.46381242609109,1.24602661574034
4.49368868826116,1.24466821201591
4.52356337182117,1.24349600567754
4.55343646602044,1.24250399287268
4.58330796010311,1.24168523224326
4.61317784330808,1.24103187333415
4.64304610486901,1.24053519055112
4.67291273401424,1.24018562249631
4.70277771996682,1.23997281646827
4.73264105194438,1.23988567787377
4.76250271915917,1.23991242426073
4.79236271081801,1.24004064364584
4.82222101612223,1.24025735677742
4.85207762426765,1.24054908294325
4.88193252444453,1.24090190890646
4.91178570583756,1.24130156052809
4.94163715762581,1.24173347661533
4.97148686898269,1.24218288451743
5.00133482907589,1.24263487697953
5.03118102706741,1.24307448975565
5.06102545211346,1.24348677947853
5.09086809336446,1.24385690128353
5.12070893996497,1.24417018568847
5.15054798105369,1.24441221423906
5.18038520576341,1.24456889344241
5.21022060322096,1.24462652652696
5.24005416254718,1.24457188258711
5.26988587285691,1.24439226269405
5.29971572325891,1.24407556258116
5.32954370285586,1.24361033154115
5.3593698007443,1.24298582720468
5.38919400601459,1.24219206590413
5.4190163077509,1.24121986836251
5.44883669503116,1.24006090048499
5.47865515692699,1.23870770906943
5.50847168250374,1.23715375229195
5.53828626082037,1.23539342486288
5.56809888092946,1.23342207778908
5.59790953187718,1.23123603271708
5.62771820270321,1.22883259087082
5.65752488244075,1.22621003663442
5.68732956011644,1.22336763586704
5.71713222475034,1.22030562907024
5.74693286535595,1.2170252195608
5.77673147094004,1.21352855683113
5.80652803050277,1.20981871530694
5.83632253303753,1.20589966873569
5.86611496753094,1.20177626046111
5.89590532296286,1.19745416985746
5.92569358830628,1.19293987521244
5.95547975252734,1.18824061336014
5.98526380458524,1.18336433637445
6.01504573343226,1.17831966563975
6.04482552801367,1.17311584361863
6.07460317726773,1.16776268363693
6.10437867012563,1.16227051800423
6.13415199551146,1.1566501447826
6.16392314234219,1.1509127735099
6.19369209952759,1.14506997017423
6.22345885597022,1.13913360172517
6.2532234005654,1.13311578039497
6.28298572220117,1.12702880808845
6.31274580975822,1.12088512108582
6.34250365210988,1.11469723528636
6.37225923812209,1.10847769220478
6.40201255665334,1.10223900591548
6.43176359655465,1.09599361112336
6.4615123466695,1.08975381252337
6.49125879583384,1.08353173559531
6.52100293287601,1.07733927896519
6.55074474661673,1.07118806844986
6.58048422586905,1.06508941288879
6.61022135943829,1.05905426185405
6.63995613612205,1.05309316531906
6.66968854471013,1.04721623535666
6.69941857398451,1.04143310992862
6.72914621271931,1.03575291882188
6.75887144968073,1.03018425178051
6.78859427362706,1.02473512887823
6.8183146733086,1.01941297317257
6.84803263746762,1.01422458567937
6.87774815483835,1.00917612270469
6.90746121414691,1.00427307557063
6.93717180411131,0.999520252770882
6.96687991344137,0.99492176459232
6.9965855308387,0.990481010239147
7.02628864499665,0.986200667496309
7.05598924460031,0.982082684969303
7.08568731832641,0.978128276936825
7.11538285484334,0.974337920852342
7.14507584281105,0.970711357528579
7.17476627088107,0.967247594036813
7.20445412769644,0.963944909348946
7.23413940189167,0.960800862745799
7.26382208209271,0.957812305008826
7.2935021569169,0.954975392405284
7.32317961497294,0.952285603467793
7.35285444486086,0.949737758559262
7.38252663517195,0.947326042202459
7.41219617448874,0.945044028140519
7.44186305138496,0.942884707080562
7.47152725442551,0.940840517057104
7.5011887721664,0.938903376335713
7.53084759315472,0.937064718759899
7.5605037059286,0.93531553142655
7.59015709901716,0.933646394556597
7.6198077609405,0.932047523409196
7.64945568020961,0.93050881206895
7.67910084532639,0.929019878917405
7.70874324478356,0.927570113582245
7.73838286706465,0.92614872514055
7.76801970064393,0.924744791336469
7.7976537339864,0.923347308558963
7.82728495554776,0.921945242312155
7.85691335377431,0.92052757789941
7.88653891710297,0.91908337103288
7.91616163396121,0.917601798073054
7.94578149276701,0.916072205597999
7.97539848192885,0.914484158999592
8.0050125898456,0.912827489804272
8.03462380490658,0.911092341418811
8.06423211549141,0.909269213007086
8.09383750997006,0.90734900121241
8.12343997670276,0.905323039450909
8.15303950403996,0.90318313451516
8.18263608032231,0.900921600243805
8.21222969388062,0.898531288031339
8.24182033303579,0.896005613973536
8.27140798609878,0.893338582466992
8.30099264137059,0.890524806106388
8.33057428714221,0.887559521749818
8.36015291169456,0.88443860265053
8.38972850329845,0.881158566582982
8.41930105021458,0.877716579921
8.44887054069345,0.874110457656727
8.47843696297534,0.870338659380106
8.50800030529025,0.86640028126947
8.53756055585791,0.862295044174651
8.56711770288766,0.858023277904032
8.59667173457847,0.853585901856082
8.62622263911888,0.848984402163989
8.65577040468697,0.844220805548478
8.68531501945026,0.839297650098821
8.71485647156575,0.834217953225021
8.74439474917984,0.828985177044945
8.77392984042826,0.823603191488864
8.80346173343608,0.818076235419891
8.83299041631764,0.812408876082451
8.8625158771765,0.806605967201705
8.89203810410542,0.80067260606512
8.9215570851863,0.794614089922604
8.95107280849014,0.78843587204414
8.98058526207702,0.78214351777364
9.01009443399602,0.775742660914478
9.0396003122852,0.76923896077648
9.06910288497155,0.762638060205521
9.09860214007097,0.75594554490581
9.12809806558818,0.749166904351505
9.15759064951672,0.74230749456834
9.18707987983889,0.735372503048104
9.2165657445257,0.728366916038599
9.24604823153684,0.721295488430318
9.27552732882064,0.714162716437233
9.30500302431402,0.70697281324475
9.33447530594244,0.699729687771725
9.36394416161984,0.69243692666651
9.39340957924866,0.68509777962964
9.42287154671972,0.677715148127366
9.45233005191223,0.670291577532119
9.48178508269372,0.662829252697577
9.51123662692002,0.655329996947781
9.54068467243518,0.647795274432156
9.57012920707145,0.640226195771177
9.59957021864926,0.632623526891422
9.6290076949771,0.624987700923505
9.65844162385157,0.617318833012952
9.68787199305727,0.609616737871523
9.71729879036677,0.601880949876275
9.74672200354058,0.594110745504626
9.77614162032711,0.586305167877207
9.80555762846259,0.578463053165475
9.83497001567107,0.570583058608829
9.86437876966434,0.562663691875795
9.89378387814191,0.554703341496278
9.92318532879095,0.546700308086567
9.95258310928625,0.538652836086122
9.98197720729018,0.530559145724876
10.0113676104526,0.522417464942098
10.040754306411,0.514226060982299
10.0701372827901,0.505983271401018
10.0995165272022,0.497687534222298
10.1288920272467,0.489337417001426
10.1582637705107,0.480931644559881
10.1876317445683,0.472469125174925
10.2169959369807,0.463948975023492
10.2463563352966,0.455370540698681
10.2757129270515,0.446733419637251
10.3050656997683,0.438037478317693
10.3344146409566,0.4292828681107
10.3637597381132,0.420470038686275
10.3931009787218,0.411599748905338
10.422438350253,0.402673075146822
10.4517718401642,0.393691417044526
10.4811014358996,0.384656500631266
10.5104271248903,0.375570378910105
10.5397488945539,0.366435429894217
10.5690667322948,0.357254352177858
10.5983806255041,0.348030158120128
10.6276905615592,0.338766164741791
10.6569965278243,0.329465982451726
10.6862985116499,0.320133501734805
10.7155965003731,0.310772877945997
10.7448904813172,0.301388514366909
10.774180441792,0.291985043690183
10.8034663690934,0.282567308104426
10.8327482505038,0.273140338157781
10.8620260732916,0.26370933058119
10.8912998247114,0.254279625253865
10.920569492004,0.244856681492607
10.9498350623961,0.235446053844132
10.9790965231006,0.226053367555174
11.0083538613162,0.21668429388918
11.0376070642275,0.207344525451084
11.0668561190051,0.198039751672759
11.0961010128055,0.1887756346019
11.1253417327706,0.179557785126264
11.1545782660283,0.170391739753573
11.1838105996923,0.161282938055017
11.2130387208617,0.152236700868016
11.2422626166212,0.143258209340853
11.2714822740411,0.134352484889181
11.3006976801771,0.125524370121919
11.3299088220705,0.116778510781728
11.3591156867479,0.108119338733776
11.3883182612213,0.099551056025394
11.4175165324877,0.0910776200292709
11.4467104875298,0.0827027296733647
11.4759001133151,0.0744298127528218
11.5050853967966,0.0662620143117181
11.534266324912,0.0582021860767732
11.5634428845844,0.0502528769202648
11.5926150627218,0.0424163243255933
11.621782846217,0.0346944468267374
11.6509462219478,0.0270888373913252
11.680105176777,0.0196007577167805
11.7092596975519,0.0122311334098733
11.7384097711049,0.00498055002151432
11.7675553842528,-0.00215075008874521
11.7966965237972,-0.00916287008091388
11.8258331765244,-0.0160562601740644
11.854965329205,-0.0228317184113749
11.8840929685944,-0.0294903906604986
11.9132160814321,-0.0360337698541002
11.9423346544425,-0.0424636944706229
11.9714486743338,-0.0487823462504693
12.0005581277989,-0.054992247138216
12.0296630015149,-0.061096255437203
12.0587632821429,-0.0670975611589419
12.0878589563284,-0.0729996805464133
12.1169500107009,-0.0788064497477556
12.1460364318739,-0.0845220176147166
12.175118206445,-0.0901508375991185
12.2041953209957,-0.0956976587200806
12.2332677620914,-0.101167515575323
12.2623355162814,-0.106565717371126
12.2913985700987,-0.111897835947861
12.3204569100603,-0.117169692780958
12.3495105226665,-0.122387344941359
12.3785593944016,-0.127557070004155
12.4076035117333,-0.132685349899759
12.4366428611129,-0.137778853708244
12.4656774289753,-0.142844419404469
12.4947072017386,-0.147889034569062
12.5237321658046,-0.152919816088374
12.5527523075581,-0.157943988875004
12.5817676133675,-0.162968863648985
12.6107780695841,-0.168001813828859
12.6397836625428,-0.173050251590702
12.6687843785613,-0.17812160316219
12.6977802039405,-0.183223283427694
12.7267711249643,-0.188362669929123
12.7557571278996,-0.193547076355539
12.7847381989961,-0.198783725622611
12.8137143244867,-0.204079722650608
12.8426854905867,-0.209442026956427
12.8716516834944,-0.214877425181832
12.9006128893908,-0.220392503685439
12.9295690944394,-0.225993621331259
12.9585202847866,-0.231686882610617
12.9874664465611,-0.23747811123771
13.0164075658742,-0.243372824361508
13.0453436288196,-0.249376207538408
13.0742746214734,-0.255493090610699
13.1032005298941,-0.261727924635725
13.1321213401223,-0.268084760009522
13.1610370381812,-0.274567225926617
13.1899476100757,-0.281178511314764
13.2188530417933,-0.287921347379459
13.2477533193032,-0.294797991888348
13.2766484285568,-0.301810215319861
13.3055383554873,-0.308959288994018
13.3344230860101,-0.316245975295818
13.3633026060222,-0.323670520093572
13.3921769014025,-0.331232647445251
13.4210459580116,-0.338931556676581
13.4499097616917,-0.346765921903529
13.4787682982669,-0.35473389406117
13.5076215535427,-0.362833105488505
13.5364695133061,-0.371060677106613
13.5653121633256,-0.379413228214105
13.5941494893512,-0.38788688891033
13.6229814771141,-0.396477315142398
13.651808112327,-0.405179706357433
13.6806293806838,-0.413988825726449
13.7094452678593,-0.422899022890576
13.7382557595099,-0.431904259164906
13.7670608412727,-0.440998135118978
13.7958604987662,-0.450173920437024
13.8246547175894,-0.459424585944962
13.8534434833227,-0.468742837674881
13.882226781527,-0.47812115282202
13.9110045977442,-0.487551817433388
13.9397769174968,-0.497026965652026
13.9685437262881,-0.50653862032587
13.9973050096021,-0.516078734776261
14.0260607529032,-0.525639235507381
14.0548109416364,-0.535212065625707
14.0835555612272,-0.544789228726675
14.1122945970815,-0.554362832995775
14.1410280345855,-0.563925135262011
14.1697558591056,-0.573468584734282
14.1984780559887,-0.582985866145286
14.2271946105617,-0.592469942023182
14.2559055081316,-0.601914093809242
14.2846107339855,-0.611311961539005
14.3133102733907,-0.620657581806498
14.3420041115941,-0.629945423734739
14.3706922338226,-0.639170422682227
14.3993746252832,-0.6483280114232
14.4280512711624,-0.657414148550721
14.4567221566264,-0.666425343864404
14.4853872668211,-0.675358680520489
14.5140465868723,-0.684211833739564
14.5427001018848,-0.692983085887509
14.5713477969433,-0.701671337767291
14.5999896571119,-0.710276115983778
14.6286256674337,-0.718797576269719
14.6572558129316,-0.727236502689056
14.6858800786074,-0.735594302663223
14.7144984494423,-0.743872997796675
14.7431109103964,-0.752075210509879
14.7717174464091,-0.760204146520469
14.8003180423988,-0.768263573246383
14.8289126832625,-0.776257794238077
14.8575013538766,-0.784191619780113
14.8860840390961,-0.792070333835039
14.9146607237546,-0.799899657534471
14.9432313926648,-0.807685709453096
14.9717960306177,-0.815434962930578
15.000354622383,-0.82315420073407
15.028907152709,-0.830850467379395
15.0574536063225,-0.838531019452155
15.0859939679287,-0.846203274290382
15.1145282222109,-0.853874757407908
15.1430563538311,-0.861553049051984
15.1715783474292,-0.869245730299603
15.2000941876234,-0.876960329104548
15.2286038590101,-0.884704266711083
15.2571073461636,-0.892484804850064
15.2856046336363,-0.900308994129929
15.3140957059583,-0.908183624027274
15.3425805476379,-0.916115174870725
15.371059143161,-0.924109772196879
15.3995314769912,-0.932173143838682
15.4279975335699,-0.940310580084901
15.4564572973162,-0.948526897224326
15.4849107526264,-0.956826404760598
15.5133578838747,-0.965212876552901
15.5417986754125,-0.973689526105069
15.5702331115686,-0.98225898619058
15.5986611766492,-0.990923292964688
15.6270828549377,-0.999683874676933
15.6554981306945,-1.00854154505877
15.6839069881575,-1.01749650142183
15.7123094115413,-1.02654832746331
15.7407053850377,-1.03569600073592
15.7690948928153,-1.04493790470179
15.7974779190197,-1.05427184525285
15.8258544477732,-1.06369507154445
15.8542244631748,-1.0732043009553
15.8825879493005,-1.08279574795545
15.9109448902024,-1.09246515663476
15.9392952699097,-1.10220783661779
15.9676390724276,-1.11201870206762
15.995976281738,-1.12189231346093
16.024306881799,-1.13182292179885
16.0526308565453,-1.14180451490497
16.0809481898875,-1.15183086545101
16.1092588657125,-1.16189558034371
16.1375628678833,-1.17199215110296
16.1658601802389,-1.18211400486079
16.1941507865943,-1.19225455561381
16.2224346707405,-1.20240725536766
16.2507118164441,-1.2125656448208
16.2789822074477,-1.22272340324708
16.3072458274697,-1.23287439725001
16.3355026602037,-1.24301272807837
16.3637526893194,-1.2531327772112
16.3919958984618,-1.26322924993997
16.4202322712512,-1.27329721669734
16.4484617912835,-1.28333215190441
16.4766844421299,-1.29332997013172
16.5049002073367,-1.30328705939326
16.5331090704256,-1.31320031141676
16.5613110148933,-1.32306714875798
16.5895060242115,-1.33288554865019
16.617694081827,-1.34265406350416
16.6458751711615,-1.35237183799595
16.6740492756116,-1.3620386227026
16.7022163785485,-1.37165478426575
16.7303764633183,-1.38122131208385
16.7585295132417,-1.39073982155168
16.7866755116141,-1.40021255388302
16.8148144417053,-1.4096423725686
16.8429462867594,-1.41903275653545
16.8710710299952,-1.4283877900873
16.8991886546057,-1.43771214971712
16.9272991437581,-1.44701108789379
16.9554024805939,-1.45629041393379
16.9834986482284,-1.46555647207753
17.0115876297514,-1.47481611689651
17.0396694082264,-1.48407668616461
17.0677439666908,-1.49334597133152
17.0958112881561,-1.50263218574204
17.1238713556072,-1.51194393074867
17.1519241520029,-1.52129015986932
17.1799696602758,-1.5306801411455
17.2080078633318,-1.54012341785978
17.2360387440505,-1.54962976777481
17.2640622852846,-1.55920916105936
17.2920784698607,-1.56887171707038
17.3200872805782,-1.57862766016343
17.3480887002099,-1.5884872747075
17.3760827115019,-1.59846085948345
17.4040692971731,-1.60855868164969
17.4320484399158,-1.61879093046181
17.4600201223947,-1.62916767093689
17.4879843272479,-1.63969879765681
17.5159410370861,-1.6503939889084
17.5438902344926,-1.66126266136097
17.5718319020236,-1.67231392548527
17.5997660222077,-1.68355654191913
17.6276925775461,-1.69499887898752
17.6556115505126,-1.70664887158458
17.6835229235531,-1.71851398162561
17.7114266790859,-1.7306011602751
17.7393227995018,-1.7429168121547
17.7672112671634,-1.75546676173089
17.7950920644055,-1.76825622207658
17.8229651735352,-1.7812897661944
17.8508305768311,-1.79457130108027
17.8786882565441,-1.80810404469603
17.9065381948967,-1.82189050600757
17.934380374083,-1.83593246823157
17.9622147762691,-1.85023097541792
17.9900413835926,-1.86478632247842
18.0178601781623,-1.87959804875304
18.0456711420589,-1.89466493518506
18.0734742573342,-1.90998500515469
18.1012695060115,-1.92555552899773
18.1290568700851,-1.94137303221202
18.1568363315206,-1.95743330732945
18.1846078722547,-1.97373142940578
18.2123714741951,-1.99026177505475
18.2401271192203,-2.00701804492645
18.26787478918,-2.02399328950463
18.2956144658943,-2.04117993807115
18.3233461311543,-2.05856983066156
18.3510697667216,-2.07615425281142
18.3787853543285,-2.09392397287009
18.4064928756777,-2.11186928163794
18.4341923124423,-2.12998003406268
18.4618836462658,-2.14824569271386
18.4895668587621,-2.16665537273862
18.5172419315151,-2.1851978879895
18.5449088460789,-2.20386179800481
18.5725675839777,-2.2226354555149
18.6002181267057,-2.24150705414321
18.6278604557269,-2.26046467596977
18.6554945524751,-2.27949633862692
18.6831203983541,-2.29859004160146
18.7107379747371,-2.31773381142608
18.738347262967,-2.33691574545392
18.7659482443564,-2.35612405392433
18.7935409001871,-2.37534710004488
18.8211252117103,-2.3945734378348
18.8487011601468,-2.41379184749708
18.8762687266863,-2.43299136811116
18.9038278924877,-2.45216132746499
18.9313786386791,-2.4712913688737
18.9589209463575,-2.49037147486175
18.9864547965889,-2.50939198761718
19.0139801704081,-2.52834362615772
19.0414970488187,-2.54721750018158
19.0690054127929,-2.56600512060771
19.0965052432716,-2.58469840684294
19.1239965211642,-2.60328969084462
19.1514792273486,-2.62177171807846
19.1789533426712,-2.64013764550032
19.2064188479463,-2.65838103671847
19.2338757239569,-2.67649585451893
19.2613239514539,-2.69447645095975
19.2887635111563,-2.7123175552615
19.3161943837512,-2.73001425973979
19.3436165498936,-2.74756200404103
19.3710299902061,-2.76495655795557
19.3984346852794,-2.78219400309172
19.4258306156716,-2.79927071370064
19.4532177619088,-2.81618333694476
19.4805961044841,-2.83292877290293
19.5079656238585,-2.84950415460143
19.5353263004602,-2.86590682835403
19.5626781146846,-2.88213433468457
19.5900210468944,-2.89818439009308
19.6173550774196,-2.91405486991182
19.6446801865569,-2.92974379247968
19.6719963545703,-2.94524930484387
19.6993035616905,-2.9605696701759
19.7266017881152,-2.97570325706565
19.7538910140087,-2.99064853083189
19.7811712195019,-3.00540404696217
19.8084423846924,-3.01996844676745
19.8357044896444,-3.03434045530977
19.8629575143883,-3.04851888163338
19.8902014389209,-3.0625026213022
19.9174362432053,-3.07629066121898
19.9446619071709,-3.08988208667497
19.9718784107129,-3.10327609055317
19.9990857336929,-3.11647198458326
