0.393896299451349
0.394406385963739
0.394897908440394
0.395371311385468
0.395827077014801
0.396265716670956
0.396687762400899
0.397093758751071
0.397484254831894
0.397859796700639
0.398220920108253
0.398568143652108
0.398901962372777
0.399222841828934
0.399531212680293
0.399827465804225
0.400111947967362
0.400384958069132
0.400646743969816
0.400897499911421
0.401137364535446
0.401366419497535
0.401584688675005
0.401792137959529
0.401988675623582
0.402174153245939
0.402348367178338
0.402511060532499
0.402661925664066
0.402800607127597
0.4029267050746
0.403039779064711
0.40313935225846
0.403224915958701
0.403295934466578
0.40335185021699
0.403392089157787
0.403416066336387
0.403423191657177
0.403412875772879
0.403384536073032
0.403337602732892
0.403271524786268
0.40318577618621
0.403079861817912
0.402953323428783
0.402805745441289
0.40263676061492
0.402446055524455
0.402233375822624
0.401998531256244
0.401741400405998
0.40146193512117
0.401160164621957
0.400836199243303
0.400490233795717
0.400122550520109
0.399733521615442
0.399323611319837
0.3988933775278
0.398443472928397
0.397974645651534
0.397487739411968
0.396983693143314
0.396463540117134
0.395928406545106
0.395379509665377
0.394818155317435
0.394245735013152
0.393663722515075
0.393073669936563
0.392477203381884
0.391876018147967
0.391271873513021
0.390666587140737
0.390062029132168
0.38946011576064
0.388862802928126
0.388272079384398
0.387689959752862
0.387118477409289
0.38655967726163
0.386015608480689
0.385488317232582
0.384979839464671
0.38449219379687
0.384027374570002
0.38358734510212
0.383174031202391
0.382789314990336
0.382435029065855
0.382112951072562
0.381824798693582
0.38157222511505
0.381356814988227
0.381180080916351
0.381043460487208
0.38094831386693
0.38089592196473
0.380887485172369
0.380924122675965
0.381006872331607
0.381136691089987
0.381314455949155
0.381540965408479
0.381816941391155
0.382143031597104
0.382519812243021
0.382947791141659
0.383427411068315
0.383959053358888
0.384543041680948
0.385179645917011
0.385869086097656
0.386611536321359
0.387407128597922
0.388255956553187
0.389158078934316
0.390113522857349
0.391122286741945
0.392184342882164
0.393299639606832
0.394468102988407
0.395689638065252
0.396964129548764
0.398291441993882
0.399671419418937
0.401103884368593
0.40258863642166
0.404125450153718
0.405714072572669
0.407354220053511
0.409045574806545
0.410787780920987
0.412580440033244
0.414423106676014
0.416315283370675
0.418256415531076
0.420245886251815
0.422283011058192
0.424367032698302
0.426497116060109
0.428672343297672
0.430891709251125
0.433154117244338
0.435458375342522
0.437803193149334
0.44018717921932
0.442608839156794
0.445066574466624
0.447558682215787
0.450083355557161
0.452638685158852
0.455222661573468
0.457833178572286
0.460468037459318
0.463124952369893
0.465801556547758
0.468495409583871
0.471204005589215
0.47392478226317
0.47665513080839
0.479392406632819
0.482133940769665
0.484877051936778
0.487619059148259
0.490357294783151
0.493089118009033
0.49581192845216
0.498523180000669
0.50122039462328
0.503901176083025
0.50656322342372
0.509204344106374
0.511822466673355
0.514415652820037
0.516982108756747
0.519520195748131
0.522028439722537
0.524505539850593
0.526950375999828
0.529362014980817
0.531739715509931
0.534082931824137
0.53639131589446
0.538664718196447
0.540903187008291
0.543106966219886
0.545276491649113
0.547412385874685
0.549515451608078
0.551586663640057
0.553627159410151
0.555638228259867
0.557621299442436
0.559577928973279
0.561509785416112
0.563418634709493
0.565306324147672
0.567174765637605
0.569025918361022
0.570861770976265
0.572684323499314
0.574495569006882
0.576297475306638
0.578091966720593
0.579880906127269
0.581666077406678
0.583449168429209
0.585231754725399
0.587015283968197
0.58880106139288
0.590590236272168
0.59238378955553
0.59418252277211
0.595987048286365
0.597797780984337
0.599614931456745
0.601438500732713
0.603268276605224
0.605103831576304
0.60694452243665
0.608789491481068
0.610637669347737
0.612487779456158
0.614338344005691
0.616187691484063
0.618033965623152
0.619875135727847
0.621709008292979
0.623533239813265
0.625345350681959
0.627142740065646
0.628922701635219
0.630682440026842
0.632419087901407
0.634129723466893
0.635811388325038
0.637461105501831
0.639075897520671
0.640652804377412
0.642188901278073
0.64368131600264
0.645127245762077
0.646523973420388
0.647868882959253
0.649159474069398
0.650393375760265
0.651568358887802
0.65268234750913
0.653733428982382
0.654719862740098
0.655640087675143
0.656492728088985
0.657276598163397
0.657990704928018
0.658634249707692
0.659206628045
0.659707428104835
0.660136427579126
0.660493589120872
0.660779054347354
0.660993136462752
0.661136311560279
0.66120920867332
0.661212598653893
0.661147381964923
0.661014575480343
0.660815298393873
0.660550757343372
0.660222230862995
0.659831053279881
0.659378598175818
0.658866261537206
0.658295444718725
0.657667537347332
0.656983900293655
0.656245848837447
0.655454636152599
0.654611437235256
0.653717333395846
0.652773297432429
0.651780179598627
0.650738694474588
0.649649408844027
0.648512730674347
0.647328899290281
0.646097976824401
0.644819841020272
0.643494179456053
0.642120485247966
0.640698054284343
0.639225984031953
0.637703173947076
0.636128327514303
0.634499955926476
0.632816383409419
0.631075754185363
0.62927604105914
0.627415055601472
0.62549045989396
0.623499779790801
0.621440419642825
0.619309678420253
0.617104767161545
0.614822827667083
0.612460952348035
0.610016205132767
0.607485643325616
0.604866340305686
0.602155408946709
0.599350025632913
0.596447454740263
0.593445073447538
0.590340396737347
0.587131102443562
0.583815056198696
0.580390336132484
0.576855257171492
0.573208394788818
0.569448608053081
0.565575061826771
0.561587247965758
0.557485005374367
0.553268538773803
0.548938436046057
0.544495684020489
0.539941682576355
0.53527825694132
0.530507668073718
0.525632621024766
0.52065627118624
0.515582228339129
0.510414558429566
0.505157783009722
0.499816876293493
0.494397259789385
0.488904794486252
0.48334577058112
0.4777268947524
0.472055274996104
0.466338403057267
0.460584134503493
0.454800666502318
0.448996513378842
0.443180480044682
0.437361633403693
0.431549271853949
0.425752893019111
0.419982159855377
0.414246865292672
0.408556895580432
0.402922192519233
0.397352714769408
0.391858398436768
0.386449117143295
0.381134641797314
0.375924600282986
0.37082843729297
0.365855374530719
0.361014371510074
0.356314087179483
0.351762842596406
0.34736858487409
0.343138852618083
0.339080743063438
0.335200881115681
0.331505390489258
0.327999867126389
0.324689355067085
0.321578324927637
0.318670655130164
0.315969616010034
0.313477856911067
0.311197396360697
0.309129615398686
0.307275254113744
0.305634411422649
0.304206548106314
0.302990493096812
0.301984452988931
0.301186024729357
0.300592211416393
0.300199441123261
0.300003588638714
0.3
0.300183519675375
0.300548520236446
0.301088934344759
0.301798288862413
0.302669740883125
0.303696115468199
0.304869944861418
0.306183508947958
0.307628876715161
0.309197948467397
0.310882498543379
0.312674218282109
0.314564758983234
0.3165457746089
0.318608963977182
0.320746112201886
0.322949131139791
0.325210098614283
0.327521296193673
0.329875245313254
0.33226474154217
0.334682886809485
0.337123119418136
0.339579241690799
0.342045445107856
0.344516332814553
0.346986939391872
0.349452747803617
0.351909703450426
0.354354225279857
0.35678321392019
0.359194056824005
0.361584630425766
0.36395329933559
0.366298912608773
0.368620797147603
0.370918748308215
0.373193017800804
0.375444298986194
0.377673709685573
0.379882772633059
0.38207339371256
0.384247838131143
0.386408704690787
0.388558898328848
0.390701601104935
0.392840241818038
0.394978464442728
0.397120095577061
0.399269111097459
0.401429602217336
0.403605741146617
0.405801746548585
0.408021848988726
0.410270256567452
0.412551120924865
0.414868503801012
0.417226344329587
0.419628427236666
0.422078352108946
0.424579503888152
0.427135024739829
0.429747787435666
0.43242037037896
0.435155034392748
0.43795370137974
0.440817934952305
0.443748923119755
0.446747463108734
0.449813948381066
0.452948357901714
0.45615024769777
0.459418744737618
0.462752543147665
0.466149902772341
0.469608650071493
0.473126181337873
0.476699468206244
0.480325065414611
0.483999120767443
0.487717387240405
0.491475237156115
0.495267678350904
0.499089372243417
0.502934653707246
0.506797552641683
0.510671817127097
0.514550938044431
0.518428175031981
0.522296583646834
0.52614904359332
0.529978287876416
0.533776932734422
0.537537508202267
0.541252489154646
0.544914326676765
0.548515479609835
0.552048446118591
0.555505795129006
0.558880197486114
0.562164456684252
0.565351539025317
0.568434603064574
0.571407028208242
0.574262442332501
0.57699474829962
0.5795981492536
0.582067172585036
0.58439669246276
0.586581950838177
0.588618576837027
0.590502604462526
0.592230488543381
0.593799118870022
0.595205832472441
0.596448424003202
0.597525154199501
0.598434756408401
0.599176441169616
0.599749898860316
0.600155300416316
0.600393296153661
0.600465012723928
0.600372048245467
0.600116465661317
0.599700784382442
0.599127970282396
0.5984014241163
0.597524968443227
0.596502833136537
0.595339639571567
0.594040383584112
0.592610417296497
0.591055429910636
0.589381427569341
0.587594712388236
0.585701860761088
0.583709701040995
0.581625290698959
0.579455893059726
0.577208953712557
0.574892076691848
0.572513000519209
0.570079574194903
0.567599733222416
0.565081475745464
0.562532838872011
0.559961875254932
0.55737662999388
0.554785117917724
0.552195301301772
0.549615068068842
0.547052210518212
0.544514404621605
0.542009189920731
0.539543950056471
0.537125893955727
0.534762037698185
0.532459187081889
0.530223920903476
0.52806257496644
0.52598122682856
0.523985681297976
0.522081456686097
0.520273771824648
0.518567533853718
0.516967326787601
0.515477400865493
0.514101662694705
0.512843666194953
0.511706604353393
0.5106933018014
0.509806208225545
0.509047392626774
0.508418538443368
0.507920939554871
0.507555497185595
0.507322717727732
0.507222711505241
0.507255192500631
0.507419479067394
0.507714495651169
0.508138775542671
0.508690464684926
0.50936732655646
0.510166748150708
0.511085747070038
0.512120979750406
0.513268750829799
0.514525023670211
0.515885432039028
0.517345292951288
0.518899620669483
0.520543141852227
0.522270311837474
0.524075332039861
0.525952168435415
0.527894571100186
0.529896094762501
0.531950120321528
0.534049877277721
0.536188467013583
0.538358886856069
0.540554054845009
0.542766835125089
0.544990063872418
0.547216575660457
0.549439230164282
0.551650939096759
0.553844693265366
0.55601358963413
0.558150858271482
0.560249889061929
0.562304258057168
0.564307753340859
0.566254400280593
0.568138486040798
0.569954583231353
0.571697572568538
0.573362664427768
0.574945419171107
0.5764417661371
0.577848021185714
0.579160902697327
0.580377545931601
0.581495515659705
0.582512816991668
0.583427904329652
0.584239688387443
0.584947541226574
0.585551299269983
0.586051264265035
0.586448202178947
0.586743340021069
0.586938360598062
0.587035395219641
0.587037014384156
0.586946216484771
0.586766414588315
0.586501421349877
0.586155432136905
0.585733006446734
0.585239047711238
0.584678781591344
0.584057732872653
0.58338170108111
0.582656734944644
0.581889105832817
0.581085280311765
0.580251891956069
0.579395712562571
0.578523622913594
0.577642583238446
0.57675960352256
0.575881713813068
0.575015934668078
0.574169247894443
0.573348567715352
0.572560712504743
0.571812377220282
0.571110106660626
0.57046026966583
0.56986903437223
0.569342344624905
0.568885897642074
0.568505123016466
0.568205163128988
0.567990855039976
0.567866713912954
0.567836918015375
0.567905295330205
0.568075311801658
0.568350061227898
0.568732256803231
0.569224224302264
0.569827896888831
0.570544811523201
0.571376106932345
0.572322523099797
0.573384402224122
0.574561691088084
0.57585394477448
0.577260331659214
0.578779639607659
0.580410283296597
0.582150312581174
0.58399742182429
0.585948960104715
0.588001942219879
0.590153060399851
0.592398696650342
0.594734935644654
0.597157578087326
0.599662154475727
0.602243939189922
0.604897964845795
0.607619036851553
0.610401748113202
0.613240493840485
0.616129486410772
0.619062770254676
0.622034236733398
0.625037638984067
0.628066606715508
0.631114660942759
0.63417522865437
0.637241657411773
0.640307229884916
0.643365178332689
0.6464086990405
0.649430966730513
0.65242514896261
0.655384420545931
0.658301977981949
0.661171053960344
0.663984931928524
0.666736960754447
0.669420569500437
0.672029282322993
0.674556733510241
0.676996682664562
0.679343030033315
0.681589831985284
0.683731316624786
0.68576189952919
0.687676199589081
0.689469054923563
0.691135538836211
0.692670975770151
0.694070957213747
0.695331357501411
0.696448349447379
0.697418419743839
0.698238384048779
0.698905401683373
0.699416989853739
0.699771037307554
0.699965817332415
0.7
0.699872663558108
0.699583304871606
0.699131848813155
0.698518656505468
0.6977445323187
0.6968107295294
0.695718954551401
0.694471369653816
0.693070594087251
0.691519703546109
0.689822227902596
0.687982147156644
0.686003885555315
0.683892303845388
0.681652689633583
0.679290745840216
0.676812577243858
0.674224675126792
0.671533900043479
0.66874746274691
0.66587290332038
0.662918068574875
0.659891087784772
0.656800346846712
0.653654460958428
0.6504622459256
0.647232688215657
0.643974913887513
0.640698156535577
0.637411724394883
0.634124966761719
0.630847239890721
0.627587872534875
0.624356131299305
0.621161185982918
0.618012075084074
0.614917671647266
0.611886649627461
0.608927450947124
0.606048253418171
0.603256939697087
0.600561067436274
0.597967840788405
0.595484083413175
0.593116213127427
0.590870218330255
0.588751636324408
0.586765533644234
0.584916488488537
0.583208575344285
0.581645351874015
0.580229848126288
0.578964558114712
0.577851433796843
0.57689188147005
0.576086760587029
0.575436384979337
0.57494052646317
0.57459842078763
0.574408775872181
0.574369782266761
0.574479125755439
0.574734002012376
0.575131133207544
0.575666786448995
0.576336793938711
0.577136574710119
0.57806115780741
0.579105206759792
0.580263045197851
0.581528683454277
0.582895845987413
0.584357999463327
0.585908381330546
0.587540028721055
0.589245807511832
0.59101844138286
0.592850540710413
0.594734631138225
0.596663181674063
0.598628632165075
0.600623420012087
0.602640005990704
0.604670899055607
0.606708680013685
0.608746023961642
0.610775721394331
0.612790697901183
0.614784032379757
0.616748973707428
0.618678955824535
0.620567611194829
0.622408782621695
0.624196533411298
0.625925155886393
0.627589178266991
0.62918336994628
0.630702745202063
0.632142565395395
0.633498339719067
0.634765824568874
0.635941021620288
0.637020174702051
0.637999765566302
0.638876508662018
0.639647345024846
0.640309435401627
0.64086015273213
0.641297074113652
0.64161797237616
0.64182080739653
0.641903717280191
0.641865009537078
0.641703152376256
0.641416766239902
0.64100461569259
0.640465601775967
0.639798754932077
0.639003228590801
0.638078293508125
0.637023332932471
0.635837838665994
0.63452140807686
0.63307374210697
0.631494644307686
0.629784020923785
0.627941882033306
0.625968343738334
0.623863631389032
0.621628083810751
0.619262158491666
0.616766437676482
0.614141635300255
0.611388604685483
0.608508346915461
0.605502019787489
0.602370947241083
0.599116629148832
0.595740751351178
0.592245195811112
0.58863205076076
0.584903620709019
0.581062436177941
0.577111263035326
0.573053111292177
0.568891243236097
0.56462918077548
0.560270711874376
0.555819895964184
0.551281068225725
0.546658842643789
0.541958113745795
0.537184056946636
0.53234212743307
0.527438057533018
0.52247785252764
0.51746778487714
0.51241438684455
0.507324441515289
0.50220497222388
0.497063230412688
0.491906681960819
0.486742992034219
0.481580008520429
0.476425744123268
0.471288357203756
0.46617613146385
0.461097454578842
0.456060795892511
0.451074683296341
0.446147679420041
0.441288357265453
0.436505275419425
0.431806952983529
0.427201844359479
0.422698314028843
0.418304611464146
0.414028846305728
0.409878963934882
0.405862721568834
0.401987664997156
0.398261106072337
0.394690101059481
0.391281429941689
0.388041576768571
0.384976711125814
0.382092670793734
0.379394945652565
0.37688866288186
0.37457857349102
0.372469040207716
0.370564026740874
0.368867088425197
0.367381364244893
0.366109570225452
0.365053994174187
0.364216491742692
0.363598483777658
0.36320095492045
0.363024453410785
0.363069092045475
0.363334550239875
0.363820077137073
0.364524495708224
0.365446207786573
0.366583199977714
0.367933050389353
0.369492936125284
0.371259641490406
0.373229566856253
0.375398738139685
0.377762816850948
0.380317110671247
0.383056584524061
0.385975872108763
0.389069287869405
0.392330839375819
0.395754240098382
0.399332922561706
0.403060051866202
0.406928539569754
0.4109310579246
0.415060054466917
0.419307766958397
0.423666238680417
0.428127334081992
0.432682754782767
0.437324055931629
0.442042662920297
0.446829888449308
0.45167694994133
0.456574987293649
0.461515080958028
0.466488270332037
0.471485572441398
0.476498000887958
0.481516585032707
0.486532389377797
0.491536533105946
0.496520209729985
0.501474706799675
0.506391425607457
0.511261900829489
0.516077820033354
0.520831042979185
0.525513620636814
0.5301178138379
0.534636111479012
0.539061248189245
0.543386221374364
0.547604307548622
0.551709077865368
0.555694412758405
0.559554515607777
0.563283925346248
0.566877527926246
0.570330566571428
0.573638650742256
0.576797763751091
0.57980426896918
0.582654914575571
0.585346836806344
0.587877561671514
0.590245005116495
0.592447471615054
0.594483651191047
0.596352614876968
0.598053808628208
0.599587045722926
0.600952497688403
0.602150683805633
0.603182459254511
0.604049001972322
0.604751798308077
0.605292627564603
0.605673545528975
0.605896867099874
0.605965148127589
0.605881166588683
0.605647903222617
0.605268521761918
0.604746348890683
0.604084854068276
0.60328762935601
0.602358369384346
0.601300851596737
0.600118916903613
0.598816450876242
0.597397365605297
0.595865582342955
0.594225015040301
0.592479554883758
0.590633055925337
0.588689321891665
0.586652094246257
0.584525041568269
0.582311750299259
0.58001571689731
0.577640341425365
0.575188922587945
0.572664654217648
0.570070623200069
0.567409808813234
0.564685083445316
0.56189921464253
0.559054868427666
0.556154613818998
0.553200928469184
0.550196205334571
0.547142760276915
0.544042840492146
0.54089863365446
0.537712277658718
0.534485870840004
0.531221482546183
0.527921163937535
0.524586958886852
0.521220914854009
0.517825093610687
0.51440158169381
0.510952500470188
0.507480015699865
0.503986346491631
0.500473773551048
0.496944646629078
0.493401391087856
0.489846513509287
0.486282606281864
0.48271235111123
0.479138521410551
0.475563983537511
0.471991696855692
0.468424712609016
0.464866171608875
0.461319300744271
0.457787408335794
0.454273878364392
0.450782163615566
0.447315777788841
0.443878286630903
0.440473298158786
0.437104452046686
0.433775408256471
0.430489834997627
0.427251396107234
0.42406373794456
0.420930475898016
0.417855180604472
0.414841363982367
0.411892465180592
0.409011836544879
0.40620272970236
0.403468281863101
0.400811502434889
0.398235260044267
0.395742270052926
0.3933350826541
0.391016071628577
0.388787423834461
0.386651129498942
0.384608973374022
0.382662526811631
0.380813140806753
0.379061940050194
0.377409818025539
0.375857433177662
0.37440520617294
0.373053318264217
0.371801710766407
0.370650085641714
0.369597907186636
0.368644404806289
0.367788576855257
0.367029195518014
0.366364812696193
0.365793766864415
0.365314190851251
0.364924020497043
0.364621004135843
0.364402712844668
0.364266551399537
0.364209769874494
0.364229475816891
0.364322646929746
0.364486144189886
0.364716725328948
0.365011058603039
0.365365736776031
0.36577729124103
0.366242206204559
0.366756932858363
0.367317903464547
0.367921545280923
0.368564294255039
0.36924260841729
0.369952980905835
0.370691952558727
0.371456124011693
0.372242167243332
0.373046836513213
0.373866978642289
0.374699542589317
0.375541588281474
0.376390294662106
0.37724296692349
0.37809704289764
0.37895009858344
0.379799852793823
0.380644170912177
0.381481067752722
0.38230870952514
0.383125414909292
0.383929655251322
0.384720053897846
0.385495384690145
0.386254569645381
0.386996675856696
0.387720911648696
0.38842662202912
0.389113283481565
0.389780498147765
0.390427987451263
0.391055585217206
0.391663230345476
0.392250959096439
0.392818897050176
