0.363761511499478
0.361403403493112
0.359073093607892
0.356770951871937
0.354497410288031
0.352252967793522
0.350038194639338
0.347853736135297
0.345700315714677
0.343578737277206
0.341489886776192
0.339434733022395
0.337414327684306
0.335429804471769
0.333482377497237
0.331573338816293
0.329704055156429
0.327875963850295
0.326090567996683
0.324349430879374
0.322654169680539
0.321006448531591
0.319407970950307
0.31786047171842
0.31636570825892
0.314925451576762
0.313541476830657
0.312215553607065
0.310949435970326
0.309744852365143
0.308603495449309
0.307527011935562
0.306516992521963
0.305574961989926
0.304702369548298
0.303900579500424
0.303170862309179
0.302514386132319
0.301932208897377
0.301425270981626
0.300994388558413
0.300640247666466
0.30036339905359
0.300164253840595
0.300043080045284
0.3
0.300034988689589
0.300147873029693
0.300338332098193
0.300605898325273
0.300949959640202
0.301369762565419
0.301864416241013
0.302432897355255
0.303074055949483
0.303786622058449
0.304569213140279
0.305420342243468
0.306338426851998
0.307321798343641
0.308368711990983
0.309477357429609
0.310645869513391
0.311872339472845
0.313154826289197
0.31449136819414
0.315879994203268
0.317318735589946
0.318805637205818
0.320338768554451
0.321916234525586
0.323536185699303
0.325196828131937
0.326896432538935
0.328633342793926
0.330405983668075
0.332212867739304
0.334052601407116
0.335923889955571
0.337825541614285
0.339756470575209
0.341715698931262
0.343702357511598
0.345715685597324
0.347755029510732
0.34981984008056
0.351909668995303
0.354024164066113
0.356163063430247
0.3583261887353
0.360513437353467
0.36272477368373
0.364960219608151
0.367219844176188
0.369503752598159
0.371812074635505
0.374144952481378
0.376502528230115
0.378884931038465
0.381292264084797
0.383724591435032
0.386181924925617
0.388664211174449
0.391171318830339
0.393703026170288
0.396259009151568
0.398838830022409
0.401441926590964
0.404067602247199
0.406715016826543
0.409383178397462
0.41207093604781
0.414776973736754
0.41749980527049
0.420237770450888
0.422989032436634
0.42575157634666
0.42852320912553
0.431301560680271
0.434084086287894
0.436868070262662
0.439650630862157
0.442428726401454
0.445199162535276
0.447958600659093
0.450703567371668
0.453430464933747
0.456135582650469
0.458815109098676
0.461465145114721
0.464081717453668
0.466660793026927
0.469198293622462
0.471690111009736
0.474132122330541
0.476520205676735
0.478850255756801
0.481118199554831
0.483320011888168
0.485451730773354
0.487509472514205
0.489489446430733
0.49138796915313
0.49320147841109
0.494926546255268
0.496559891654562
0.498098392420074
0.499539096413977
0.500879232008932
0.502116217771152
0.503247671347515
0.504271417544276
0.505185495591735
0.505988165595711
0.506677914182652
0.507253459350743
0.507713754544252
0.508057991972646
0.508285605199612
0.508396271029989
0.50838991072482
0.508266690576103
0.508027021873547
0.507671560295587
0.507201204756172
0.50661709573745
0.505920613136454
0.505113373651319
0.504197227729496
0.503174256096922
0.502046765883292
0.500817286354463
0.499488564258795
0.498063558789871
0.496545436163771
0.494937563804852
0.493243504130055
0.491467007918058
0.489612007246355
0.487682607976537
0.485683081765814
0.483617857581214
0.481491512691962
0.479308763115349
0.477074453491986
0.474793546367699
0.472471110861565
0.470112310702545
0.467722391621055
0.465306668086417
0.462870509386494
0.460419325051925
0.457958549634094
0.455493626853303
0.453029993141409
0.450573060611466
0.448128199495415
0.445700720099666
0.443295854337244
0.440918736904067
0.438574386175594
0.436267684908591
0.434003360840856
0.431785967289352
0.429619863854223
0.427509197342495
0.425457883030728
0.423469586390497
0.421547705404172
0.419695353600968
0.41791534394463
0.416210173704272
0.414582010438861
0.413032679223463
0.411563651241795
0.410176033864668
0.408870562327777
0.407647593114813
0.406507099143254
0.40544866684037
0.404471495186093
0.403574396787468
0.402755801036587
0.402013759390235
0.401345952795086
0.400749701267341
0.400221975620233
0.399759411317057
0.39935832441139
0.399014729520125
0.398724359758982
0.398482688554405
0.39828495323038
0.398126180253841
0.398001212008074
0.397904734950078
0.397831308995261
0.39777539796127
0.397731400892351
0.397693684076363
0.39765661355869
0.397614587950772
0.397562071325873
0.397493625991203
0.397403944923443
0.397287883654351
0.397140491394273
0.396957041184179
0.396733058871197
0.396464350708575
0.39614702938846
0.395777538324855
0.395352674014491
0.394869606315081
0.39432589649347
0.393719512910334
0.393048844223408
0.392312710007423
0.391510368706053
0.390641522848971
0.389706321485573
0.388705359805761
0.387639675937458
0.386510744929851
0.385320469950885
0.384071170746802
0.382765569430682
0.38140677368564
0.37999825748654
0.378543839461651
0.377047659032438
0.375514150485519
0.373948015145683
0.372354191832529
0.370737825795765
0.369104236335283
0.367458883321853
0.365807332842459
0.364155222200908
0.362508224509396
0.360872013110032
0.359252226067005
0.357654430970018
0.356084090287869
0.354546527507574
0.353046894289291
0.351590138860457
0.350180975864162
0.348823857866762
0.34752294871828
0.346282098946255
0.345104823349464
0.343994280942564
0.342953257386121
0.341984150018974
0.3410889555915
0.340269260779217
0.339526235536435
0.338860629329531
0.338272770268955
0.337762567138489
0.3373295142997
0.336972699429112
0.336690814025537
0.336482166605374
0.336344698484714
0.336276002028827
0.336273341232324
0.336333674476954
0.33645367929893
0.336629778983765
0.336858170794183
0.337134855625648
0.33745566887461
0.337816312296781
0.338212386626563
0.338639424724406
0.339092925016126
0.339568384987387
0.340061334497339
0.340567368678049
0.341082180190655
0.341601590615172
0.34212158075844
0.342638319673895
0.343148192197385
0.34364782481523
0.344134109693938
0.344604226715318
0.345055663376109
0.345486232427494
0.345894087146834
0.346277734151593
0.346636043683438
0.346968257308893
0.347273993001429
0.347553247588432
0.347806396564881
0.348034191293717
0.348237753630609
0.348418568028011
0.348578471189929
0.348719639364558
0.348844573376835
0.348956081516796
0.349057260412492
0.349151474027853
0.349242330936399
0.349333660030909
0.3494294848371
0.349533996605992
0.349651526364924
0.349786516111178
0.349943489334762
0.350127021058315
0.350341707582117
0.350592136121081
0.350882854518243
0.351218341215848
0.351602975660608
0.352041009314211
0.352536537433793
0.353093471779806
0.353715514400773
0.354406132635751
0.355168535466094
0.356005651338403
0.356920107570383
0.357914211440874
0.35898993305459
0.360148890061216
0.361392334297461
0.362721140409669
0.36413579650352
0.365636396856417
0.367222636717338
0.368893809208266
0.370648804330904
0.372486110072166
0.374403815592042
0.376399616467837
0.378470821959497
0.380614364251776
0.382826809620426
0.385104371461363
0.387442925113864
0.389838024401387
0.392284919806481
0.394778578189487
0.397313703954404
0.39988476155928
0.402485999262917
0.405111473994459
0.407755077227635
0.41041056173703
0.413071569109741
0.41573165788226
0.418384332169273
0.421023070648416
0.423641355762859
0.426232703001887
0.428790690118517
0.431308986142541
0.43378138004738
0.43620180892965
0.438564385561551
0.440863425177954
0.443093471362607
0.445249320900984
0.447326047471209
0.449319024049061
0.45122394390837
0.45303684010415
0.454754103332601
0.456372498069562
0.457889176897235
0.459301692937834
0.460608010322384
0.461806512633039
0.462896009268018
0.463875739689559
0.464745375526977
0.465505020519112
0.466155208292883
0.466696897987422
0.467131467746151
0.46746070611214
0.467686801375049
0.467812328930808
0.467840236727803
0.467773828885667
0.467616747584642
0.467372953334848
0.467046703745522
0.466642530924287
0.466165217645687
0.465619772436484
0.465011403732467
0.464345493267708
0.46362756886223
0.462863276777878
0.462058353814738
0.461218599321748
0.460349847295056
0.459457938736293
0.458548694440213
0.457627888377019
0.456701221829366
0.455774298437306
0.454852600296578
0.453941465246555
0.453046065473981
0.452171387547465
0.451322213985566
0.450503106448376
0.449718390628897
0.448972142906248
0.448268178808078
0.447610043314579
0.447001003021235
0.446444040162269
0.445941848481542
0.445496830922756
0.44511109909625
0.444786474465628
0.44452449118405
0.444326400497347
0.44419317661936
0.444125523974122
0.4441238856898
0.444188453220805
0.444319176967223
0.444515777754804
0.444777759034168
0.44510441965479
0.445494867067594
0.445948030809789
0.446462676126758
0.447037417588487
0.447670732562032
0.44836097440696
0.449106385267349
0.449905108341891
0.450755199522659
0.451654638303204
0.452601337867688
0.453593154284571
0.454627894740962
0.455703324766785
0.456817174411509
0.457967143349967
0.459150904907776
0.460366109010834
0.461610384077181
0.462881337883068
0.464176557448171
0.465493607997422
0.466830031068824
0.468183341847607
0.469551025817229
0.470930534826789
0.472319282682374
0.473714640376581
0.47511393107595
0.476514424990114
0.477913334249242
0.479307807917637
0.480694927271279
0.482071701465515
0.483435063716168
0.484781868112975
0.486108887178562
0.487412810279176
0.488690242985161
0.489937707469817
0.491151644024858
0.492328413759332
0.493464302536644
0.494555526191457
0.495598237054707
0.496588531801066
0.497522460618909
0.498396037688448
0.499205252939247
0.499946085044039
0.500614515591706
0.501206544368679
0.501718205664918
0.502145585508248
0.502484839719218
0.502732212668011
0.502884056605263
0.502936851430178
0.502887224752002
0.50273197209496
0.502468077092065
0.502092731510008
0.501603354945483
0.500997614032971
0.50027344100508
0.499429051449102
0.498462961107399
0.497374001574613
0.496161334751376
0.494824465922163
0.493363255334112
0.491777928163899
0.490069082771065
0.488237697148357
0.486285133492677
0.484213140833839
0.482023855672596
0.479719800593939
0.477303880836636
0.474779378814932
0.472149946603445
0.469419596411141
0.466592689084959
0.463673920697914
0.460668307290258
0.457581167845438
0.454418105594957
0.451184987757869
0.447887923831258
0.444533242557725
0.441127467704496
0.437677292796221
0.434189554949836
0.430671207964925
0.427129294826885
0.423570919782817
0.420003220151409
0.416433338028275
0.412868392047088
0.4093154493547
0.405781497955006
0.402273419571956
0.398797963176636
0.395361719316984
0.391971095381445
0.388632291919863
0.385351280136161
0.382133780658021
0.378985243678941
0.375910830557751
0.37291539695008
0.370003477535433
0.367179272392557
0.364446635064767
0.361809062345925
0.359269685806928
0.35683126507191
0.354496182843026
0.352266441662693
0.350143662392583
0.348129084379582
0.346223567270351
0.34442759442816
0.342741277898282
0.341164364861512
0.339696245509314
0.338335962268724
0.337082220300464
0.335933399189726
0.3348875657458
0.33394248782411
0.333095649082285
0.33234426458058
0.33168529713632
0.331115474341925
0.330631306156565
0.330229102982488
0.329904994138518
0.329654946645161
0.32947478423802
0.329360206528881
0.329306808236803
0.32931009841469
0.329365519600289
0.329468466824075
0.32961430641023
0.329798394510616
0.330016095315509
0.330262798888616
0.33053393857768
0.330825007955656
0.331131577251049
0.331449309229476
0.33177397449184
0.332101466157685
0.332427813905276
0.332749197342786
0.333061958687559
0.333362614732876
0.333647868083859
0.333914617646199
0.334159968353265
0.334381240118839
0.334575976004242
0.334741949590058
0.334877171543853
0.33497989537655
0.335048622381104
0.33508210574821
0.335079353854708
0.335039632721332
0.334962467637371
0.334847643950834
0.334695207023684
0.334505461352811
0.334278968858568
0.334016546343935
0.333719262128704
0.333388431864593
0.333025613538705
0.332632601674501
0.332211420741258
0.331764317784932
0.331293754295399
0.330802397327226
0.330293109893386
0.329768940653666
0.32923311292195
0.328689013019015
0.328140177999965
0.327590282787937
0.327043126748211
0.326502619739265
0.325972767679758
0.325457657672668
0.324961442730044
0.324488326143879
0.324042545550498
0.323628356737621
0.32325001724479
0.32291176980917
0.322617825709902
0.322372348065024
0.322179435135668
0.322043103692655
0.321967272500771
0.321955745975964
0.322012198070405
0.322140156439829
0.322342986946846
0.322623878552997
0.322985828651185
0.323431628888846
0.323963851530812
0.324584836409219
0.325296678506199
0.326101216213319
0.327000020309925
0.327994383700707
0.329085311950906
0.330273514655709
0.331559397678505
0.332943056290804
0.334424269244801
0.336002493807791
0.337676861785873
0.339446176562683
0.341308911177232
0.343263207463276
0.345306876271024
0.347437398790371
0.349651928993219
0.35194729721077
0.354320014859955
0.356766280331352
0.359281986049015
0.361862726710597
0.364503808713871
0.367200260773376
0.369946845728186
0.372738073538953
0.375568215469094
0.378431319441567
0.381321226558776
0.384231588769037
0.387155887658475
0.390087454342382
0.393019490424808
0.395945089989616
0.398857262580293
0.401748957119613
0.404613086713724
0.407442554278471
0.410230278918819
0.412969222985068
0.415652419722351
0.418273001422596
0.420824227980872
0.423299515750883
0.425692466587348
0.427996896956278
0.430206866987737
0.432316709339689
0.434321057736039
0.436214875037095
0.437993480696477
0.439652577455028
0.441188277119729
0.442597125273888
0.443876124764232
0.445022757810853
0.446035006587477
0.446911372122099
0.447650891371894
0.448253152331323
0.448718307038621
0.449047082353375
0.449240788386616
0.449301324474774
0.449231182599975
0.44903344817135
0.448711798095321
0.448270496077087
0.447714385110704
0.447048877131106
0.446279939818064
0.445414080559326
0.444458327597812
0.443420208405752
0.442307725346747
0.441129328704927
0.439893887178343
0.43861065595148
0.437289242479008
0.435939570129575
0.434571839854299
0.433196490059624
0.431824154878133
0.430465621043624
0.429131783588206
0.427833600589135
0.426582047201569
0.425388069220231
0.424262536418089
0.423216195913481
0.422259625818664
0.421403189422402
0.420656990157082
0.420030827596756
0.419534154726704
0.419176036717417
0.418965111426572
0.418909551841497
0.419017030662084
0.419294687210016
0.419749096834839
0.420386242970808
0.421211491980796
0.422229570905051
0.423444548213276
0.424859817638698
0.42647808515253
0.428301359116811
0.430330943633088
0.432567435084071
0.435010721845355
0.437659987124715
0.440513714867609
0.443569698649361
0.446825053457322
0.450276230250223
0.453919033166973
0.457748639243565
0.461759620484486
0.465945968124275
0.470301118905588
0.474817983192444
0.479488974731209
0.484306041867345
0.489260700023015
0.494344065239261
0.499546888586596
0.504859591249471
0.510272300093073
0.515774883525213
0.521356987471631
0.527008071289681
0.532717443453073
0.538474296848888
0.544267743537488
0.550086848835914
0.555920664595942
0.561758261558898
0.567588760680575
0.573401363330969
0.579185380285018
0.584930259431851
0.590625612141307
0.596261238237368
0.601827149538771
0.607313591937184
0.612711065993031
0.618010346038104
0.623202497782647
0.628278894432448
0.633231231328696
0.638051539129899
0.642732195561018
0.647265935760169
0.651645861257773
0.655865447626929
0.659918550847059
0.663799412425598
0.66750266332466
0.671023326741283
0.674356819791095
0.677498954146065
0.68044593567746
0.683194363155327
0.685741226055699
0.68808390152643
0.690220150562101
0.692148113437808
0.69386630445095
0.695373606019358
0.696669262183294
0.697752871557995
0.69862437978261
0.699284071510526
0.699732561985254
0.699970788245219
0.7
0.699821750219735
0.699437885478612
0.698850536092502
0.698062106089922
0.697075263054592
0.69589292787683
0.694518264449961
0.6929546693467
0.691205761509181
0.689275371984844
0.687167533738804
0.684886471571592
0.682436592169265
0.679822474310815
0.677048859255611
0.674120641331236
0.671042858739601
0.667820684596574
0.664459418217667
0.66096447665947
0.657341386523694
0.653595776027747
0.649733367342885
0.645759969198091
0.641681469745034
0.637503829676735
0.633233075589977
0.628875293579092
0.624436623046503
0.619923250713393
0.615341404812144
0.610697349440652
0.605997379057482
0.601247813095897
0.596454990674264
0.591625265380078
0.586765000104944
0.581880561908265
0.576978316888113
0.572064625038807
0.567145835076004
0.562228279211733
0.557318267863588
0.552422084284329
0.547545979100345
0.542696164749741
0.537878809813288
0.533100033233924
0.528365898423051
0.523682407254336
0.519055493948211
0.514491018852574
0.50999476212745
0.505572417343415
0.501229585005468
0.496971766015697
0.492804355089507
0.488732634141361
0.484761765656886
0.480896786068862
0.477142599154964
0.473503969475253
0.469985515867265
0.466591705016155
0.463326845116743
0.460195079643485
0.457200381243421
0.454346545765999
0.451637186442422
0.449075728225854
0.446665402302415
0.444409240781546
0.442310071572935
0.440370513455916
0.438592971346079
0.43697963176271
0.435532458499826
0.434253188502827
0.433143327952248
0.432204148555866
0.431436684050301
0.430841726913513
0.430419825290009
0.430171280131322
0.43009614255523
0.430194211428434
0.430465031178763
0.430907889844622
0.431521817371137
0.4323055841644
0.433257699917196
0.434376412721719
0.435659708486868
0.437105310679827
0.438710680413673
0.440473016904694
0.442389258324878
0.444456083076652
0.446669911518289
0.449026908169502
0.451522984427511
0.454153801824271
0.456914775855616
0.459801080412664
0.462807652845042
0.465929199684208
0.46916020305344
0.472494927788844
0.475927429293055
0.479451562140197
0.483060989447008
0.486749193021063
0.490509484292493
0.494335016030819
0.498218794843261
0.502153694445372
0.506132469689065
0.510147771327065
0.514192161486618
0.518258129819004
0.522338110285012
0.526424498530191
0.530509669797375
0.534585997317852
0.538645871116539
0.542681717160863
0.546686016777622
0.550651326257142
0.554570296559466
0.55843569303329
0.562240415054845
0.565977515491042
0.569640219888991
0.573221945292407
0.576716318584653
0.580117194258057
0.583418671509891
0.586615110566859
0.589701148142281
0.592671711933239
0.59552203406885
0.598247663425518
0.600844476730442
0.603308688380842
0.60563685891323
0.607825902064561
0.609873090375236
0.611776059292616
0.613532809742837
0.615141709148316
0.616601490878254
0.617911252129639
0.61907045024661
0.620078897496543
0.620936754331678
0.621644521175549
0.62220302878368
0.622613427238048
0.622877173644376
0.62299601861059
0.62297199159339
0.622807385207981
0.622504738603388
0.622066820012392
0.621496608590933
0.620797275666737
0.619972165520891
0.619024775829081
0.617958737891163
0.61677779677867
0.615485791529686
0.614086635519293
0.61258429713152
0.610982780855319
0.609286108922733
0.607498303602005
0.605623370252021
0.603665281237207
0.601627960793911
0.599515270930414
0.597330998433153
0.595078843041589
0.592762406843458
0.590385184931118
0.587950557348299
0.58546178234502
0.582921990946839
0.580334182832963
0.577701223506365
0.575025842727843
0.5723106341752
0.569558056278422
0.56677043417198
0.563949962696411
0.561098710373049
0.558218624268373
0.555311535658022
0.552379166395007
0.549423135882263
0.54644496854633
0.54344610170674
0.540427893734589
0.537391632393839
0.534338543260037
0.531269798113464
0.528186523207051
0.525089807313787
0.521980709463717
0.518860266286873
0.515729498885561
0.51258941916727
0.509441035577922
0.506285358184193
0.503123403063093
0.499956195966744
0.496784775240283
0.493610193980866
0.490433521435812
0.487255843647787
0.484078263364593
0.480901899240382
0.477727884363916
0.474557364157727
0.471391493699589
0.468231434524557
0.465078350971816
0.461933406145733
0.458797757564706
0.455672552574642
0.452558923606131
0.449457983355637
0.446370819971224
0.443298492322556
0.440242025433172
0.437202406150265
0.434180579123642
0.431177443160991
0.428193848021394
0.425230591702978
0.422288418274028
0.419368016289682
0.416470017828734
0.413594998177038
0.410743476175789
0.407915915244515
0.405112725080112
0.402334264024829
0.399580842087775
0.396852724596412
0.39415013644675
0.391473266913556
0.388822274974997
0.386197295099811
0.383598443439357
0.381025824361829
0.378479537261603
0.375959683573099
0.373466373915744
0.37099973529463
0.368559918280315
